boundary 0: [[ 27.979416, 90.82882, 0.0 ], [ 28.165133, 89.720795, 0.0 ], [ 27.422127, 87.36754, 0.0 ], [ 25.823128, 83.9994, 0.0 ], [ 23.524658, 79.94598, 0.0 ], [ 20.751701, 75.604256, 0.0 ], [ 17.775663, 71.39906, 0.0 ], [ 14.887867, 67.74203, 0.0 ], [ 12.3710575, 64.991234, 0.0 ], [ 10.471501, 63.41593, 0.0 ], [ 9.375215, 63.17024, 0.0 ], [ 9.189494, 64.27822, 0.0 ], [ 9.932405, 66.63162, 0.0 ], [ 11.531415, 69.99974, 0.0 ], [ 13.829918, 74.05307, 0.0 ], [ 16.602903, 78.39489, 0.0 ], [ 19.57891, 82.600105, 0.0 ], [ 22.46673, 86.25704, 0.0 ], [ 24.983522, 89.00781, 0.0 ], [ 26.883108, 90.58314, 0.0 ]] 
boundary 1: [[ 27.979424, 37.17118, 0.0 ], [ 26.88307, 37.416843, 0.0 ], [ 24.983534, 38.992188, 0.0 ], [ 22.46674, 41.742966, 0.0 ], [ 19.578947, 45.399956, 0.0 ], [ 16.602913, 49.605156, 0.0 ], [ 13.829937, 53.946926, 0.0 ], [ 11.531441, 58.000286, 0.0 ], [ 9.932464, 61.368465, 0.0 ], [ 9.189466, 63.721737, 0.0 ], [ 9.375229, 64.82977, 0.0 ], [ 10.471519, 64.58411, 0.0 ], [ 12.37104, 63.008736, 0.0 ], [ 14.887905, 60.257965, 0.0 ], [ 17.775667, 56.600967, 0.0 ], [ 20.75171, 52.395782, 0.0 ], [ 23.524654, 48.054016, 0.0 ], [ 25.82314, 44.00068, 0.0 ], [ 27.422146, 40.63249, 0.0 ], [ 28.165133, 38.27919, 0.0 ]] 
boundary 0: [[ 30.149702, 89.2338, 0.0 ], [ 30.242556, 88.11417, 0.0 ], [ 29.306276, 85.83093, 0.0 ], [ 27.432499, 82.60754, 0.0 ], [ 24.804653, 78.75949, 0.0 ], [ 21.679955, 74.663605, 0.0 ], [ 18.364258, 70.720695, 0.0 ], [ 15.182118, 67.31668, 0.0 ], [ 12.445098, 64.78491, 0.0 ], [ 10.421023, 63.373165, 0.0 ], [ 9.308094, 63.219566, 0.0 ], [ 9.215232, 64.339165, 0.0 ], [ 10.151432, 66.62257, 0.0 ], [ 12.025215, 69.84592, 0.0 ], [ 14.653091, 73.69389, 0.0 ], [ 17.777815, 77.789856, 0.0 ], [ 21.093487, 81.732796, 0.0 ], [ 24.275646, 85.136696, 0.0 ], [ 27.012648, 87.66845, 0.0 ], [ 29.036749, 89.08022, 0.0 ]] 
boundary 1: [[ 30.14971, 38.766197, 0.0 ], [ 29.036713, 38.91976, 0.0 ], [ 27.01266, 40.33155, 0.0 ], [ 24.275654, 42.863304, 0.0 ], [ 21.093521, 46.267265, 0.0 ], [ 17.77782, 50.210197, 0.0 ], [ 14.6531105, 54.30611, 0.0 ], [ 12.025238, 58.154106, 0.0 ], [ 10.151484, 61.37752, 0.0 ], [ 9.215206, 63.660797, 0.0 ], [ 9.3081045, 64.78044, 0.0 ], [ 10.421039, 64.62688, 0.0 ], [ 12.445084, 63.215057, 0.0 ], [ 15.1821575, 60.683304, 0.0 ], [ 18.364262, 57.27934, 0.0 ], [ 21.679966, 53.33643, 0.0 ], [ 24.80465, 49.2405, 0.0 ], [ 27.432507, 45.39254, 0.0 ], [ 29.306293, 42.169113, 0.0 ], [ 30.242556, 39.885815, 0.0 ]] 
boundary 0: [[ 32.606064, 87.05197, 0.0 ], [ 32.584816, 85.92869, 0.0 ], [ 31.421665, 83.752266, 0.0 ], [ 29.230457, 80.73566, 0.0 ], [ 26.22568, 77.174164, 0.0 ], [ 22.701456, 73.416504, 0.0 ], [ 19.00275, 69.83043, 0.0 ], [ 15.491599, 66.7669, 0.0 ], [ 12.511785, 64.52596, 0.0 ], [ 10.354895, 63.32691, 0.0 ], [ 9.232122, 63.28705, 0.0 ], [ 9.253358, 64.410286, 0.0 ], [ 10.416443, 66.58688, 0.0 ], [ 12.607658, 69.60344, 0.0 ], [ 15.612463, 73.164894, 0.0 ], [ 19.136715, 76.922615, 0.0 ], [ 22.835396, 80.50871, 0.0 ], [ 26.346554, 83.57213, 0.0 ], [ 29.32635, 85.81305, 0.0 ], [ 31.48327, 87.01214, 0.0 ]] 
boundary 1: [[ 32.60607, 40.948017, 0.0 ], [ 31.483236, 40.987843, 0.0 ], [ 29.32636, 42.18695, 0.0 ], [ 26.34656, 44.42788, 0.0 ], [ 22.835428, 47.49134, 0.0 ], [ 19.136711, 51.077446, 0.0 ], [ 15.61248, 54.835114, 0.0 ], [ 12.607681, 58.396572, 0.0 ], [ 10.416487, 61.413193, 0.0 ], [ 9.253337, 63.589672, 0.0 ], [ 9.232133, 64.71295, 0.0 ], [ 10.354905, 64.67314, 0.0 ], [ 12.511772, 63.474, 0.0 ], [ 15.491639, 61.233078, 0.0 ], [ 19.00275, 58.1696, 0.0 ], [ 22.701466, 54.58353, 0.0 ], [ 26.225676, 50.825836, 0.0 ], [ 29.23045, 47.26442, 0.0 ], [ 31.42168, 44.24778, 0.0 ], [ 32.584816, 42.071285, 0.0 ]] 
boundary 0: [[ 35.742123, 83.476974, 0.0 ], [ 35.556335, 82.368965, 0.0 ], [ 34.086517, 80.38669, 0.0 ], [ 31.476536, 77.72412, 0.0 ], [ 27.981852, 74.6419, 0.0 ], [ 23.944572, 71.44181, 0.0 ], [ 19.759865, 68.437065, 0.0 ], [ 15.83733, 65.921684, 0.0 ], [ 12.561045, 64.14207, 0.0 ], [ 10.251605, 63.27235, 0.0 ], [ 9.135131, 63.397617, 0.0 ], [ 9.320892, 64.50557, 0.0 ], [ 10.790664, 66.488045, 0.0 ], [ 13.40065, 69.15055, 0.0 ], [ 16.895351, 72.23276, 0.0 ], [ 20.932667, 75.43288, 0.0 ], [ 25.117352, 78.43767, 0.0 ], [ 29.039875, 80.95293, 0.0 ], [ 32.316143, 82.73253, 0.0 ], [ 34.625618, 83.602264, 0.0 ]] 
boundary 1: [[ 35.74213, 44.52301, 0.0 ], [ 34.62558, 44.397705, 0.0 ], [ 32.31616, 45.267475, 0.0 ], [ 29.03988, 47.047085, 0.0 ], [ 25.117378, 49.562386, 0.0 ], [ 20.932657, 52.567173, 0.0 ], [ 16.895369, 55.767265, 0.0 ], [ 13.400671, 58.849457, 0.0 ], [ 10.790697, 61.51204, 0.0 ], [ 9.320881, 63.494366, 0.0 ], [ 9.135141, 64.60238, 0.0 ], [ 10.251607, 64.72771, 0.0 ], [ 12.561036, 63.8579, 0.0 ], [ 15.837372, 62.0783, 0.0 ], [ 19.759861, 59.562973, 0.0 ], [ 23.94458, 56.558224, 0.0 ], [ 27.981848, 53.358105, 0.0 ], [ 31.476517, 50.27596, 0.0 ], [ 34.086525, 47.613358, 0.0 ], [ 35.556335, 45.631004, 0.0 ]] 
boundary 0: [[ 38.42756, 79.28154, 0.0 ], [ 38.073776, 78.21522, 0.0 ], [ 36.316917, 76.48223, 0.0 ], [ 33.328934, 74.25216, 0.0 ], [ 29.402285, 71.7433, 0.0 ], [ 24.921371, 69.20134, 0.0 ], [ 20.324791, 66.87503, 0.0 ], [ 16.062443, 64.99202, 0.0 ], [ 12.551683, 63.73675, 0.0 ], [ 10.136059, 63.232094, 0.0 ], [ 9.052075, 63.527367, 0.0 ], [ 9.405816, 64.593636, 0.0 ], [ 11.162659, 66.32684, 0.0 ], [ 14.150641, 68.556854, 0.0 ], [ 18.077301, 71.06567, 0.0 ], [ 22.55825, 73.60766, 0.0 ], [ 27.154818, 75.93402, 0.0 ], [ 31.417141, 77.81693, 0.0 ], [ 34.92788, 79.07217, 0.0 ], [ 37.343536, 79.576836, 0.0 ]] 
boundary 1: [[ 38.427567, 48.718445, 0.0 ], [ 37.343513, 48.423115, 0.0 ], [ 34.927895, 48.927837, 0.0 ], [ 31.417147, 50.183083, 0.0 ], [ 27.15484, 52.066025, 0.0 ], [ 22.558231, 54.39237, 0.0 ], [ 18.07732, 56.934357, 0.0 ], [ 14.150661, 59.443172, 0.0 ], [ 11.162679, 61.67326, 0.0 ], [ 9.405816, 63.40629, 0.0 ], [ 9.052087, 64.47262, 0.0 ], [ 10.136052, 64.76795, 0.0 ], [ 12.55168, 64.263214, 0.0 ], [ 16.062485, 63.007984, 0.0 ], [ 20.324783, 61.125004, 0.0 ], [ 24.921375, 58.7987, 0.0 ], [ 29.40228, 56.25669, 0.0 ], [ 33.328896, 53.747913, 0.0 ], [ 36.316917, 51.517807, 0.0 ], [ 38.073776, 49.78475, 0.0 ]] 
boundary 0: [[ 40.386467, 74.865295, 0.0 ], [ 39.87774, 73.86359, 0.0 ], [ 37.88227, 72.41173, 0.0 ], [ 34.595352, 70.65173, 0.0 ], [ 30.338718, 68.755974, 0.0 ], [ 25.529072, 66.91004, 0.0 ], [ 20.637173, 65.29459, 0.0 ], [ 16.141838, 64.067696, 0.0 ], [ 12.483231, 63.34956, 0.0 ], [ 10.019376, 63.21046, 0.0 ], [ 8.9914875, 63.663948, 0.0 ], [ 9.500158, 64.66562, 0.0 ], [ 11.49564, 66.117714, 0.0 ], [ 14.782541, 67.87762, 0.0 ], [ 19.039185, 69.77334, 0.0 ], [ 23.848875, 71.619286, 0.0 ], [ 28.74076, 73.234795, 0.0 ], [ 33.23607, 74.46158, 0.0 ], [ 36.894646, 75.17972, 0.0 ], [ 39.358536, 75.31882, 0.0 ]] 
boundary 1: [[ 40.386475, 53.13471, 0.0 ], [ 39.35852, 52.681145, 0.0 ], [ 36.89466, 52.820305, 0.0 ], [ 33.23606, 53.53843, 0.0 ], [ 28.740774, 54.765263, 0.0 ], [ 23.848852, 56.38074, 0.0 ], [ 19.0392, 58.22669, 0.0 ], [ 14.782557, 60.12243, 0.0 ], [ 11.495644, 61.882404, 0.0 ], [ 9.500169, 63.33432, 0.0 ], [ 8.991503, 64.33603, 0.0 ], [ 10.019364, 64.78958, 0.0 ], [ 12.4832325, 64.65043, 0.0 ], [ 16.14188, 63.932316, 0.0 ], [ 20.637161, 62.705433, 0.0 ], [ 25.529068, 61.08999, 0.0 ], [ 30.338715, 59.24402, 0.0 ], [ 34.595314, 57.34832, 0.0 ], [ 37.88227, 55.58833, 0.0 ], [ 39.87774, 54.13639, 0.0 ]] 
boundary 0: [[ 41.364674, 71.584145, 0.0 ], [ 40.752876, 70.641846, 0.0 ], [ 38.615067, 69.40914, 0.0 ], [ 35.16047, 68.00658, 0.0 ], [ 30.727232, 66.57156, 0.0 ], [ 25.749353, 65.24457, 0.0 ], [ 20.714056, 64.15548, 0.0 ], [ 16.11419, 63.410797, 0.0 ], [ 12.400155, 63.083572, 0.0 ], [ 9.935404, 63.205788, 0.0 ], [ 8.961232, 63.765427, 0.0 ], [ 9.572971, 64.70768, 0.0 ], [ 11.710818, 65.94063, 0.0 ], [ 15.16539, 67.3431, 0.0 ], [ 19.598625, 68.778076, 0.0 ], [ 24.57655, 70.105095, 0.0 ], [ 29.611841, 71.19425, 0.0 ], [ 34.211666, 71.9388, 0.0 ], [ 37.925674, 72.26605, 0.0 ], [ 40.390465, 72.143814, 0.0 ]] 
boundary 1: [[ 41.36468, 56.415855, 0.0 ], [ 40.390453, 55.85614, 0.0 ], [ 37.925686, 55.733986, 0.0 ], [ 34.21166, 56.061203, 0.0 ], [ 29.61185, 56.80581, 0.0 ], [ 24.576523, 57.89494, 0.0 ], [ 19.59864, 59.221947, 0.0 ], [ 15.165399, 60.656944, 0.0 ], [ 11.710807, 62.05948, 0.0 ], [ 9.5729885, 63.292244, 0.0 ], [ 8.96125, 64.23454, 0.0 ], [ 9.935389, 64.79425, 0.0 ], [ 12.400157, 64.91642, 0.0 ], [ 16.114231, 64.5892, 0.0 ], [ 20.714045, 63.844555, 0.0 ], [ 25.749344, 62.755455, 0.0 ], [ 30.727228, 61.428425, 0.0 ], [ 35.160423, 59.993477, 0.0 ], [ 38.61505, 58.590916, 0.0 ], [ 40.752876, 57.358128, 0.0 ]] 
boundary 0: [[ 41.746788, 69.77516, 0.0 ], [ 41.082138, 68.86936, 0.0 ], [ 38.877346, 67.76088, 0.0 ], [ 35.34824, 66.55807, 0.0 ], [ 30.840223, 65.3788, 0.0 ], [ 25.794636, 64.33851, 0.0 ], [ 20.705315, 63.539017, 0.0 ], [ 16.070404, 63.05847, 0.0 ], [ 12.34374, 62.94407, 0.0 ], [ 9.890003, 63.20697, 0.0 ], [ 8.949413, 63.82137, 0.0 ], [ 9.614009, 64.72711, 0.0 ], [ 11.818837, 65.83588, 0.0 ], [ 15.347924, 67.038574, 0.0 ], [ 19.855934, 68.21782, 0.0 ], [ 24.901571, 69.25811, 0.0 ], [ 29.990883, 70.05769, 0.0 ], [ 34.625755, 70.5381, 0.0 ], [ 38.352394, 70.65252, 0.0 ], [ 40.806156, 70.3896, 0.0 ]] 
boundary 1: [[ 41.746796, 58.224834, 0.0 ], [ 40.806152, 57.610348, 0.0 ], [ 38.352398, 57.34752, 0.0 ], [ 34.625748, 57.461903, 0.0 ], [ 29.990889, 57.942375, 0.0 ], [ 24.901539, 58.74191, 0.0 ], [ 19.855946, 59.782215, 0.0 ], [ 15.347931, 60.961468, 0.0 ], [ 11.81882, 62.164253, 0.0 ], [ 9.614034, 63.272804, 0.0 ], [ 8.949433, 64.178604, 0.0 ], [ 9.889987, 64.79307, 0.0 ], [ 12.343744, 65.055916, 0.0 ], [ 16.070446, 64.94154, 0.0 ], [ 20.7053, 64.46103, 0.0 ], [ 25.79462, 63.66152, 0.0 ], [ 30.84022, 62.621178, 0.0 ], [ 35.348194, 61.44198, 0.0 ], [ 38.87733, 60.239174, 0.0 ], [ 41.082138, 59.130592, 0.0 ]] 
boundary 0: [[ 41.736095, 69.83381, 0.0 ], [ 41.07311, 68.92678, 0.0 ], [ 38.87036, 67.81425, 0.0 ], [ 35.34348, 66.60494, 0.0 ], [ 30.837648, 65.41734, 0.0 ], [ 25.793982, 64.36773, 0.0 ], [ 20.706148, 63.558872, 0.0 ], [ 16.072124, 63.0698, 0.0 ], [ 12.345686, 62.9485, 0.0 ], [ 9.891467, 63.2069, 0.0 ], [ 8.949743, 63.819557, 0.0 ], [ 9.612667, 64.726494, 0.0 ], [ 11.815452, 65.83937, 0.0 ], [ 15.342308, 67.04857, 0.0 ], [ 19.848137, 68.23614, 0.0 ], [ 24.891851, 69.28569, 0.0 ], [ 29.97968, 70.0947, 0.0 ], [ 34.613678, 70.5836, 0.0 ], [ 38.340076, 70.70492, 0.0 ], [ 40.79432, 70.4465, 0.0 ]] 
boundary 1: [[ 41.736103, 58.16619, 0.0 ], [ 40.79432, 57.55342, 0.0 ], [ 38.34008, 57.29512, 0.0 ], [ 34.61367, 57.416397, 0.0 ], [ 29.979685, 57.9054, 0.0 ], [ 24.89182, 58.71433, 0.0 ], [ 19.848148, 59.76393, 0.0 ], [ 15.342316, 60.951477, 0.0 ], [ 11.815435, 62.16079, 0.0 ], [ 9.612691, 63.273388, 0.0 ], [ 8.949763, 64.18045, 0.0 ], [ 9.891452, 64.79317, 0.0 ], [ 12.34569, 65.051445, 0.0 ], [ 16.072166, 64.93025, 0.0 ], [ 20.706133, 64.44117, 0.0 ], [ 25.793966, 63.632263, 0.0 ], [ 30.837645, 62.58263, 0.0 ], [ 35.343433, 61.395103, 0.0 ], [ 38.870346, 60.185806, 0.0 ], [ 41.07311, 59.073174, 0.0 ]] 
boundary 0: [[ 41.563583, 70.70642, 0.0 ], [ 40.925793, 69.781494, 0.0 ], [ 38.754498, 68.608795, 0.0 ], [ 35.262215, 67.30292, 0.0 ], [ 30.790745, 65.99183, 0.0 ], [ 25.777863, 64.80388, 0.0 ], [ 20.714201, 63.855373, 0.0 ], [ 16.095392, 63.239017, 0.0 ], [ 12.373698, 63.015263, 0.0 ], [ 9.913299, 63.20605, 0.0 ], [ 8.955079, 63.79257, 0.0 ], [ 9.592803, 64.7174, 0.0 ], [ 11.764141, 65.89045, 0.0 ], [ 15.256401, 67.196205, 0.0 ], [ 19.727858, 68.50727, 0.0 ], [ 24.740791, 69.69516, 0.0 ], [ 29.80445, 70.643814, 0.0 ], [ 34.42324, 71.26001, 0.0 ], [ 38.144875, 71.48379, 0.0 ], [ 40.605324, 71.292984, 0.0 ]] 
boundary 1: [[ 41.56359, 57.293587, 0.0 ], [ 40.605324, 56.706955, 0.0 ], [ 38.144875, 56.516254, 0.0 ], [ 34.423233, 56.739994, 0.0 ], [ 29.804459, 57.356277, 0.0 ], [ 24.74076, 58.304863, 0.0 ], [ 19.727869, 59.492805, 0.0 ], [ 15.256411, 60.803844, 0.0 ], [ 11.764132, 62.109715, 0.0 ], [ 9.592826, 63.282486, 0.0 ], [ 8.955099, 64.20744, 0.0 ], [ 9.913285, 64.79402, 0.0 ], [ 12.373701, 64.98468, 0.0 ], [ 16.095434, 64.76104, 0.0 ], [ 20.71419, 64.14466, 0.0 ], [ 25.777847, 63.196117, 0.0 ], [ 30.79074, 62.008144, 0.0 ], [ 35.26217, 60.69713, 0.0 ], [ 38.754482, 59.39127, 0.0 ], [ 40.925793, 58.218464, 0.0 ]] 
boundary 0: [[ 41.084442, 72.66359, 0.0 ], [ 40.5055, 71.700714, 0.0 ], [ 38.41147, 70.39504, 0.0 ], [ 35.00731, 68.87417, 0.0 ], [ 30.626183, 67.287125, 0.0 ], [ 25.697033, 65.789246, 0.0 ], [ 20.702282, 64.52718, 0.0 ], [ 16.130829, 63.624313, 0.0 ], [ 12.430298, 63.169178, 0.0 ], [ 9.96279, 63.20635, 0.0 ], [ 8.969899, 63.73204, 0.0 ], [ 9.548779, 64.6948, 0.0 ], [ 11.642834, 66.0008, 0.0 ], [ 15.046982, 67.52156, 0.0 ], [ 19.428093, 69.10858, 0.0 ], [ 24.357302, 70.60643, 0.0 ], [ 29.352037, 71.868645, 0.0 ], [ 33.923477, 72.77134, 0.0 ], [ 37.623947, 73.226494, 0.0 ], [ 40.091503, 73.18931, 0.0 ]] 
boundary 1: [[ 41.08445, 55.33643, 0.0 ], [ 40.09149, 54.810635, 0.0 ], [ 37.623947, 54.773552, 0.0 ], [ 33.92347, 55.22867, 0.0 ], [ 29.352057, 56.131447, 0.0 ], [ 24.357271, 57.3936, 0.0 ], [ 19.428108, 58.89148, 0.0 ], [ 15.046994, 60.478493, 0.0 ], [ 11.642834, 61.999344, 0.0 ], [ 9.548794, 63.30509, 0.0 ], [ 8.96992, 64.267975, 0.0 ], [ 9.962783, 64.79372, 0.0 ], [ 12.430297, 64.830765, 0.0 ], [ 16.130873, 64.37573, 0.0 ], [ 20.702274, 63.472866, 0.0 ], [ 25.697018, 62.210762, 0.0 ], [ 30.626175, 60.712852, 0.0 ], [ 35.007263, 59.125866, 0.0 ], [ 38.411453, 57.60501, 0.0 ], [ 40.505493, 56.29924, 0.0 ]] 
boundary 0: [[ 40.42859, 74.74658, 0.0 ], [ 39.915962, 73.746826, 0.0 ], [ 37.91484, 72.30278, 0.0 ], [ 34.6211, 70.55559, 0.0 ], [ 30.357098, 68.676445, 0.0 ], [ 25.540298, 66.849236, 0.0 ], [ 20.642136, 65.25289, 0.0 ], [ 16.142052, 64.04351, 0.0 ], [ 12.480684, 63.339622, 0.0 ], [ 10.016295, 63.210148, 0.0 ], [ 8.990185, 63.667614, 0.0 ], [ 9.502755, 64.66726, 0.0 ], [ 11.503877, 66.11163, 0.0 ], [ 14.797608, 67.858696, 0.0 ], [ 19.0616, 69.73784, 0.0 ], [ 23.878452, 71.56501, 0.0 ], [ 28.776598, 73.16149, 0.0 ], [ 33.276676, 74.3707, 0.0 ], [ 36.937992, 75.07461, 0.0 ], [ 39.402424, 75.20408, 0.0 ]] 
boundary 1: [[ 40.428596, 53.25344, 0.0 ], [ 39.40241, 52.79587, 0.0 ], [ 36.937996, 52.925434, 0.0 ], [ 33.27667, 53.6293, 0.0 ], [ 28.776627, 54.838604, 0.0 ], [ 23.878428, 56.435028, 0.0 ], [ 19.061615, 58.26222, 0.0 ], [ 14.797623, 60.141346, 0.0 ], [ 11.503887, 61.888508, 0.0 ], [ 9.502763, 63.332634, 0.0 ], [ 8.990207, 64.33239, 0.0 ], [ 10.016294, 64.789925, 0.0 ], [ 12.480679, 64.66033, 0.0 ], [ 16.1421, 63.956535, 0.0 ], [ 20.642128, 62.747143, 0.0 ], [ 25.540283, 61.15077, 0.0 ], [ 30.357088, 59.32355, 0.0 ], [ 34.621056, 57.444447, 0.0 ], [ 37.91483, 55.69728, 0.0 ], [ 39.915955, 54.253136, 0.0 ]] 
boundary 0: [[ 39.2063, 77.731094, 0.0 ], [ 38.795815, 76.685265, 0.0 ], [ 36.94851, 75.049034, 0.0 ], [ 33.84521, 72.98241, 0.0 ], [ 29.789623, 70.68783, 0.0 ], [ 25.178814, 68.38986, 0.0 ], [ 20.464048, 66.313484, 0.0 ], [ 16.10683, 64.66181, 0.0 ], [ 12.533801, 63.596672, 0.0 ], [ 10.09457, 63.22234, 0.0 ], [ 9.02799, 63.575314, 0.0 ], [ 9.438425, 64.62104, 0.0 ], [ 11.2857, 66.25759, 0.0 ], [ 14.389001, 68.3241, 0.0 ], [ 18.444574, 70.61866, 0.0 ], [ 23.055443, 72.916626, 0.0 ], [ 27.770176, 74.99312, 0.0 ], [ 32.127403, 76.64459, 0.0 ], [ 35.700386, 77.709755, 0.0 ], [ 38.139656, 78.08411, 0.0 ]] 
boundary 1: [[ 39.206306, 50.268925, 0.0 ], [ 38.13964, 49.91585, 0.0 ], [ 35.700394, 50.29028, 0.0 ], [ 32.127396, 51.355396, 0.0 ], [ 27.770214, 53.00698, 0.0 ], [ 23.055431, 55.083427, 0.0 ], [ 18.4446, 57.38139, 0.0 ], [ 14.389023, 59.67596, 0.0 ], [ 11.285725, 61.742546, 0.0 ], [ 9.438422, 63.378845, 0.0 ], [ 9.028013, 64.42469, 0.0 ], [ 10.094575, 64.77773, 0.0 ], [ 12.533789, 64.403275, 0.0 ], [ 16.10688, 63.338223, 0.0 ], [ 20.464048, 61.686546, 0.0 ], [ 25.178799, 59.610153, 0.0 ], [ 29.789616, 57.312176, 0.0 ], [ 33.84517, 55.01764, 0.0 ], [ 36.948494, 52.951027, 0.0 ], [ 38.795807, 51.314713, 0.0 ]] 
boundary 0: [[ 37.944794, 80.149536, 0.0 ], [ 37.623924, 79.072815, 0.0 ], [ 35.9211, 77.28672, 0.0 ], [ 33.003036, 74.96589, 0.0 ], [ 29.155275, 72.33765, 0.0 ], [ 24.75456, 69.65922, 0.0 ], [ 20.231583, 67.19284, 0.0 ], [ 16.029081, 65.179794, 0.0 ], [ 12.558542, 63.817287, 0.0 ], [ 10.159543, 63.238697, 0.0 ], [ 9.067008, 63.50052, 0.0 ], [ 9.387839, 64.57712, 0.0 ], [ 11.090605, 66.36355, 0.0 ], [ 14.008685, 68.684265, 0.0 ], [ 17.85643, 71.312485, 0.0 ], [ 22.257202, 73.990906, 0.0 ], [ 26.780144, 76.45739, 0.0 ], [ 30.982668, 78.47026, 0.0 ], [ 34.453167, 79.83278, 0.0 ], [ 36.852203, 80.41138, 0.0 ]] 
boundary 1: [[ 37.9448, 47.85048, 0.0 ], [ 36.852177, 47.588577, 0.0 ], [ 34.453175, 48.167263, 0.0 ], [ 30.98266, 49.529747, 0.0 ], [ 26.780188, 51.542698, 0.0 ], [ 22.257196, 54.009148, 0.0 ], [ 17.856459, 56.68756, 0.0 ], [ 14.008713, 59.315796, 0.0 ], [ 11.090641, 61.636593, 0.0 ], [ 9.387828, 63.422768, 0.0 ], [ 9.067031, 64.49949, 0.0 ], [ 10.159554, 64.761375, 0.0 ], [ 12.558526, 64.182655, 0.0 ], [ 16.029133, 62.82024, 0.0 ], [ 20.231583, 60.807186, 0.0 ], [ 24.754547, 58.3408, 0.0 ], [ 29.155268, 55.66237, 0.0 ], [ 33.003, 53.034172, 0.0 ], [ 35.921093, 50.713345, 0.0 ], [ 37.623917, 48.927162, 0.0 ]] 
boundary 0: [[ 36.07155, 83.0327, 0.0 ], [ 35.866825, 81.927986, 0.0 ], [ 34.36329, 79.971176, 0.0 ], [ 31.70816, 77.3536, 0.0 ], [ 28.161242, 74.331635, 0.0 ], [ 24.06983, 71.20104, 0.0 ], [ 19.834316, 68.26834, 0.0 ], [ 15.869339, 65.82041, 0.0 ], [ 12.563102, 64.097084, 0.0 ], [ 10.239104, 63.267025, 0.0 ], [ 9.124943, 63.411354, 0.0 ], [ 9.329641, 64.51594, 0.0 ], [ 10.833081, 66.473076, 0.0 ], [ 13.488234, 69.09054, 0.0 ], [ 17.035141, 72.11246, 0.0 ], [ 21.126617, 75.24305, 0.0 ], [ 25.36208, 78.17588, 0.0 ], [ 29.3271, 80.62363, 0.0 ], [ 32.633286, 82.34697, 0.0 ], [ 34.95732, 83.17703, 0.0 ]] 
boundary 1: [[ 36.071556, 44.96732, 0.0 ], [ 34.95729, 44.82292, 0.0 ], [ 32.63331, 45.653076, 0.0 ], [ 29.327093, 47.37639, 0.0 ], [ 25.36213, 49.8242, 0.0 ], [ 21.126617, 52.756996, 0.0 ], [ 17.035175, 55.88756, 0.0 ], [ 13.488267, 58.909527, 0.0 ], [ 10.833135, 61.52707, 0.0 ], [ 9.3296175, 63.483955, 0.0 ], [ 9.124969, 64.58866, 0.0 ], [ 10.239122, 64.73305, 0.0 ], [ 12.56308, 63.902855, 0.0 ], [ 15.869392, 62.179615, 0.0 ], [ 19.83432, 59.731693, 0.0 ], [ 24.069815, 56.798965, 0.0 ], [ 28.161236, 53.668385, 0.0 ], [ 31.708132, 50.64646, 0.0 ], [ 34.36329, 48.02889, 0.0 ], [ 35.866817, 46.07199, 0.0 ]] 
boundary 0: [[ 34.0772, 85.50636, 0.0 ], [ 33.98189, 84.38689, 0.0 ], [ 32.67769, 82.291954, 0.0 ], [ 30.292313, 79.4264, 0.0 ], [ 27.059134, 76.07089, 0.0 ], [ 23.294765, 72.55381, 0.0 ], [ 19.36756, 69.21955, 0.0 ], [ 15.661997, 66.39426, 0.0 ], [ 12.540873, 64.35473, 0.0 ], [ 10.309571, 63.300575, 0.0 ], [ 9.1866255, 63.334846, 0.0 ], [ 9.281916, 64.45418, 0.0 ], [ 10.585996, 66.54945, 0.0 ], [ 12.971412, 69.414894, 0.0 ], [ 16.204584, 72.77033, 0.0 ], [ 19.969017, 76.28744, 0.0 ], [ 23.896162, 79.62181, 0.0 ], [ 27.601784, 82.44693, 0.0 ], [ 30.722858, 84.486465, 0.0 ], [ 32.95419, 85.540634, 0.0 ]] 
boundary 1: [[ 34.07721, 42.493652, 0.0 ], [ 32.95416, 42.459328, 0.0 ], [ 30.722883, 43.513577, 0.0 ], [ 27.601778, 45.553085, 0.0 ], [ 23.896221, 48.378258, 0.0 ], [ 19.969025, 51.71262, 0.0 ], [ 16.204618, 55.229664, 0.0 ], [ 12.971454, 58.585182, 0.0 ], [ 10.5860615, 61.450703, 0.0 ], [ 9.281881, 63.545704, 0.0 ], [ 9.186652, 64.66517, 0.0 ], [ 10.309597, 64.6995, 0.0 ], [ 12.540847, 63.6452, 0.0 ], [ 15.662052, 61.605762, 0.0 ], [ 19.367563, 58.780483, 0.0 ], [ 23.29475, 55.44619, 0.0 ], [ 27.059132, 51.92913, 0.0 ], [ 30.29229, 48.57367, 0.0 ], [ 32.677704, 45.708122, 0.0 ], [ 33.981884, 43.61309, 0.0 ]] 
boundary 0: [[ 32.046814, 87.589066, 0.0 ], [ 32.052498, 86.46556, 0.0 ], [ 30.941833, 84.2619, 0.0 ], [ 28.82362, 81.19359, 0.0 ], [ 25.905075, 77.5611, 0.0 ], [ 22.472004, 73.719955, 0.0 ], [ 18.860325, 70.04626, 0.0 ], [ 15.423653, 66.89938, 0.0 ], [ 12.4984455, 64.587616, 0.0 ], [ 10.370905, 63.33722, 0.0 ], [ 9.249423, 63.27043, 0.0 ], [ 9.243736, 64.3938, 0.0 ], [ 10.354244, 66.59779, 0.0 ], [ 12.472502, 69.66601, 0.0 ], [ 15.39105, 73.298416, 0.0 ], [ 18.824177, 77.1396, 0.0 ], [ 22.435787, 80.81339, 0.0 ], [ 25.872532, 83.96009, 0.0 ], [ 28.797693, 86.271866, 0.0 ], [ 30.92526, 87.5223, 0.0 ]] 
boundary 1: [[ 32.04682, 40.410927, 0.0 ], [ 30.92523, 40.477676, 0.0 ], [ 28.797726, 41.72818, 0.0 ], [ 25.872532, 44.03992, 0.0 ], [ 22.435852, 47.18667, 0.0 ], [ 18.824194, 50.860462, 0.0 ], [ 15.391083, 54.701572, 0.0 ], [ 12.4725485, 58.334064, 0.0 ], [ 10.354323, 61.402367, 0.0 ], [ 9.2436905, 63.60609, 0.0 ], [ 9.24945, 64.72959, 0.0 ], [ 10.370937, 64.66286, 0.0 ], [ 12.498412, 63.41231, 0.0 ], [ 15.423714, 61.100628, 0.0 ], [ 18.860332, 57.953773, 0.0 ], [ 22.471989, 54.280052, 0.0 ], [ 25.905071, 50.43893, 0.0 ], [ 28.823605, 46.806484, 0.0 ], [ 30.941853, 43.73817, 0.0 ], [ 32.05249, 41.534424, 0.0 ]] 
boundary 0: [[ 30.386225, 89.04254, 0.0 ], [ 30.46853, 87.92204, 0.0 ], [ 29.510777, 85.647766, 0.0 ], [ 27.60679, 82.44211, 0.0 ], [ 24.94283, 78.61898, 0.0 ], [ 21.779774, 74.55261, 0.0 ], [ 18.427101, 70.64112, 0.0 ], [ 15.213089, 67.267136, 0.0 ], [ 12.452389, 64.761215, 0.0 ], [ 10.415096, 63.368614, 0.0 ], [ 9.300782, 63.225475, 0.0 ], [ 9.218481, 64.34584, 0.0 ], [ 10.176061, 66.62046, 0.0 ], [ 12.080091, 69.82601, 0.0 ], [ 14.744063, 73.649055, 0.0 ], [ 17.907177, 77.71546, 0.0 ], [ 21.259777, 81.62705, 0.0 ], [ 24.473866, 85.00086, 0.0 ], [ 27.234524, 87.50678, 0.0 ], [ 29.271841, 88.89944, 0.0 ]] 
boundary 1: [[ 30.38623, 38.957443, 0.0 ], [ 29.271807, 39.10054, 0.0 ], [ 27.23456, 40.493263, 0.0 ], [ 24.47387, 42.999153, 0.0 ], [ 21.259846, 46.373, 0.0 ], [ 17.907198, 50.28459, 0.0 ], [ 14.744096, 54.350945, 0.0 ], [ 12.080146, 58.174057, 0.0 ], [ 10.176149, 61.379704, 0.0 ], [ 9.218427, 63.65405, 0.0 ], [ 9.30081, 64.774536, 0.0 ], [ 10.415133, 64.631454, 0.0 ], [ 12.452349, 63.238712, 0.0 ], [ 15.21315, 60.73287, 0.0 ], [ 18.427109, 57.358925, 0.0 ], [ 21.779758, 53.447395, 0.0 ], [ 24.942827, 49.381035, 0.0 ], [ 27.606781, 45.557972, 0.0 ], [ 29.510796, 42.352314, 0.0 ], [ 30.46852, 40.077934, 0.0 ]] 
boundary 0: [[ 29.035625, 90.0874, 0.0 ], [ 29.17697, 88.97281, 0.0 ], [ 28.340622, 86.65114, 0.0 ], [ 26.608526, 83.349434, 0.0 ], [ 24.150116, 79.39099, 0.0 ], [ 21.206146, 75.163315, 0.0 ], [ 18.064648, 71.080284, 0.0 ], [ 15.033243, 67.541306, 0.0 ], [ 12.4086895, 64.89315, 0.0 ], [ 10.447758, 63.394928, 0.0 ], [ 9.342555, 63.19316, 0.0 ], [ 9.20122, 64.307625, 0.0 ], [ 10.037378, 66.629616, 0.0 ], [ 11.769523, 69.93122, 0.0 ], [ 14.227949, 73.88957, 0.0 ], [ 17.171972, 78.11732, 0.0 ], [ 20.313393, 82.20044, 0.0 ], [ 23.344887, 85.73922, 0.0 ], [ 25.969395, 88.3874, 0.0 ], [ 27.930353, 89.88565, 0.0 ]] 
boundary 1: [[ 29.035627, 37.91257, 0.0 ], [ 27.930313, 38.11431, 0.0 ], [ 25.969439, 39.612648, 0.0 ], [ 23.34489, 42.2608, 0.0 ], [ 20.313465, 45.79962, 0.0 ], [ 17.171997, 49.882748, 0.0 ], [ 14.227982, 54.11042, 0.0 ], [ 11.769583, 58.06884, 0.0 ], [ 10.037477, 61.370537, 0.0 ], [ 9.20116, 63.692272, 0.0 ], [ 9.342583, 64.80685, 0.0 ], [ 10.447799, 64.60514, 0.0 ], [ 12.408646, 63.10679, 0.0 ], [ 15.033304, 60.458683, 0.0 ], [ 18.06466, 56.91977, 0.0 ], [ 21.206131, 52.836693, 0.0 ], [ 24.150112, 48.609016, 0.0 ], [ 26.60852, 44.650642, 0.0 ], [ 28.340643, 41.348934, 0.0 ], [ 29.176956, 39.02717, 0.0 ]] 
boundary 0: [[ 27.75957, 90.97548, 0.0 ], [ 27.954323, 89.86895, 0.0 ], [ 27.230543, 87.509766, 0.0 ], [ 25.659153, 84.12864, 0.0 ], [ 23.393864, 80.05659, 0.0 ], [ 20.656513, 75.692276, 0.0 ], [ 17.714912, 71.46297, 0.0 ], [ 14.857125, 67.78236, 0.0 ], [ 12.362898, 65.0111, 0.0 ], [ 10.47625, 63.420357, 0.0 ], [ 9.382022, 63.1657, 0.0 ], [ 9.187277, 64.27207, 0.0 ], [ 9.910856, 66.63158, 0.0 ], [ 11.482297, 70.012634, 0.0 ], [ 13.747609, 74.08458, 0.0 ], [ 16.48501, 78.44895, 0.0 ], [ 19.426529, 82.67836, 0.0 ], [ 22.284412, 86.35877, 0.0 ], [ 24.778591, 89.130035, 0.0 ], [ 26.665276, 90.720825, 0.0 ]] 
boundary 1: [[ 27.759571, 37.024506, 0.0 ], [ 26.665234, 37.279144, 0.0 ], [ 24.778637, 38.87, 0.0 ], [ 22.284416, 41.64125, 0.0 ], [ 19.426601, 45.3217, 0.0 ], [ 16.485039, 49.551113, 0.0 ], [ 13.747642, 53.915413, 0.0 ], [ 11.482359, 57.987427, 0.0 ], [ 9.910963, 61.36857, 0.0 ], [ 9.187215, 63.727825, 0.0 ], [ 9.38205, 64.83431, 0.0 ], [ 10.476293, 64.57971, 0.0 ], [ 12.362848, 62.988834, 0.0 ], [ 14.857185, 60.21763, 0.0 ], [ 17.714926, 56.53709, 0.0 ], [ 20.656498, 52.307728, 0.0 ], [ 23.39386, 47.94342, 0.0 ], [ 25.659153, 43.871452, 0.0 ], [ 27.230566, 40.4903, 0.0 ], [ 27.95431, 38.131027, 0.0 ]] 
boundary 0: [[ 27.979736, 90.82869, 0.0 ], [ 28.16543, 89.720604, 0.0 ], [ 27.422365, 87.36742, 0.0 ], [ 25.823357, 83.99927, 0.0 ], [ 23.524818, 79.94589, 0.0 ], [ 20.751842, 75.604126, 0.0 ], [ 17.775728, 71.39903, 0.0 ], [ 14.887915, 67.741936, 0.0 ], [ 12.371092, 64.99118, 0.0 ], [ 10.471488, 63.41593, 0.0 ], [ 9.375213, 63.17024, 0.0 ], [ 9.189528, 64.27817, 0.0 ], [ 9.932394, 66.631676, 0.0 ], [ 11.531452, 69.999756, 0.0 ], [ 13.830012, 74.053024, 0.0 ], [ 16.603039, 78.39485, 0.0 ], [ 19.579073, 82.600044, 0.0 ], [ 22.46698, 86.25694, 0.0 ], [ 24.983757, 89.007706, 0.0 ], [ 26.883396, 90.583, 0.0 ]] 
boundary 1: [[ 27.979738, 37.171295, 0.0 ], [ 26.883354, 37.41697, 0.0 ], [ 24.983803, 38.992332, 0.0 ], [ 22.466984, 41.74308, 0.0 ], [ 19.579145, 45.400017, 0.0 ], [ 16.603067, 49.605217, 0.0 ], [ 13.830046, 53.946968, 0.0 ], [ 11.531513, 58.000305, 0.0 ], [ 9.932499, 61.368473, 0.0 ], [ 9.189467, 63.72173, 0.0 ], [ 9.37524, 64.82977, 0.0 ], [ 10.47153, 64.58414, 0.0 ], [ 12.371042, 63.00875, 0.0 ], [ 14.887975, 60.258053, 0.0 ], [ 17.775742, 56.601025, 0.0 ], [ 20.751827, 52.395878, 0.0 ], [ 23.524815, 48.05412, 0.0 ], [ 25.823357, 44.000824, 0.0 ], [ 27.422388, 40.632645, 0.0 ], [ 28.165417, 38.279373, 0.0 ]] 
boundary 0: [[ 30.150011, 89.23364, 0.0 ], [ 30.242834, 88.113945, 0.0 ], [ 29.306503, 85.83078, 0.0 ], [ 27.432716, 82.60739, 0.0 ], [ 24.8048, 78.7594, 0.0 ], [ 21.680092, 74.66347, 0.0 ], [ 18.364323, 70.72066, 0.0 ], [ 15.182157, 67.31658, 0.0 ], [ 12.445126, 64.78486, 0.0 ], [ 10.42101, 63.373165, 0.0 ], [ 9.308092, 63.219566, 0.0 ], [ 9.2152605, 64.33911, 0.0 ], [ 10.151425, 66.62262, 0.0 ], [ 12.025253, 69.845924, 0.0 ], [ 14.653181, 73.69383, 0.0 ], [ 17.777946, 77.78981, 0.0 ], [ 21.093647, 81.73273, 0.0 ], [ 24.275885, 85.13658, 0.0 ], [ 27.01287, 87.668335, 0.0 ], [ 29.037027, 89.080055, 0.0 ]] 
boundary 1: [[ 30.150019, 38.766342, 0.0 ], [ 29.036987, 38.919914, 0.0 ], [ 27.012913, 40.331707, 0.0 ], [ 24.275888, 42.86344, 0.0 ], [ 21.093714, 46.267345, 0.0 ], [ 17.77797, 50.21027, 0.0 ], [ 14.653215, 54.30616, 0.0 ], [ 12.025309, 58.154133, 0.0 ], [ 10.151516, 61.377533, 0.0 ], [ 9.215208, 63.66079, 0.0 ], [ 9.308116, 64.78045, 0.0 ], [ 10.421046, 64.62691, 0.0 ], [ 12.445083, 63.215073, 0.0 ], [ 15.182219, 60.683395, 0.0 ], [ 18.36433, 57.279404, 0.0 ], [ 21.680077, 53.33653, 0.0 ], [ 24.804794, 49.240635, 0.0 ], [ 27.432709, 45.392704, 0.0 ], [ 29.306519, 42.1693, 0.0 ], [ 30.242826, 39.886024, 0.0 ]] 
boundary 0: [[ 32.606354, 87.05179, 0.0 ], [ 32.585068, 85.92844, 0.0 ], [ 31.421871, 83.752075, 0.0 ], [ 29.230656, 80.73549, 0.0 ], [ 26.225813, 77.17405, 0.0 ], [ 22.701576, 73.41635, 0.0 ], [ 19.002808, 69.83038, 0.0 ], [ 15.491625, 66.7668, 0.0 ], [ 12.5118065, 64.52591, 0.0 ], [ 10.354881, 63.32691, 0.0 ], [ 9.2321205, 63.28705, 0.0 ], [ 9.253381, 64.41023, 0.0 ], [ 10.416443, 66.58694, 0.0 ], [ 12.607698, 69.60345, 0.0 ], [ 15.612547, 73.164825, 0.0 ], [ 19.136837, 76.92256, 0.0 ], [ 22.835554, 80.50864, 0.0 ], [ 26.346785, 83.57199, 0.0 ], [ 29.326565, 85.81292, 0.0 ], [ 31.48353, 87.011955, 0.0 ]] 
boundary 1: [[ 32.60636, 40.9482, 0.0 ], [ 31.483494, 40.98802, 0.0 ], [ 29.326601, 42.187122, 0.0 ], [ 26.34678, 44.428036, 0.0 ], [ 22.835617, 47.491444, 0.0 ], [ 19.136856, 51.07753, 0.0 ], [ 15.612581, 54.835175, 0.0 ], [ 12.607748, 58.3966, 0.0 ], [ 10.416515, 61.413208, 0.0 ], [ 9.253339, 63.589664, 0.0 ], [ 9.232144, 64.71296, 0.0 ], [ 10.354911, 64.67317, 0.0 ], [ 12.51177, 63.474014, 0.0 ], [ 15.49169, 61.233177, 0.0 ], [ 19.002811, 58.169674, 0.0 ], [ 22.701563, 54.583633, 0.0 ], [ 26.225801, 50.82599, 0.0 ], [ 29.230639, 47.264603, 0.0 ], [ 31.421885, 44.247993, 0.0 ], [ 32.58506, 42.07152, 0.0 ]] 
boundary 0: [[ 35.74237, 83.47675, 0.0 ], [ 35.55655, 82.36867, 0.0 ], [ 34.086685, 80.386475, 0.0 ], [ 31.476706, 77.72392, 0.0 ], [ 27.981968, 74.64177, 0.0 ], [ 23.944672, 71.44165, 0.0 ], [ 19.759914, 68.43701, 0.0 ], [ 15.837339, 65.92158, 0.0 ], [ 12.561056, 64.142006, 0.0 ], [ 10.251593, 63.272358, 0.0 ], [ 9.135129, 63.397617, 0.0 ], [ 9.320907, 64.505516, 0.0 ], [ 10.790672, 66.4881, 0.0 ], [ 13.400691, 69.15056, 0.0 ], [ 16.895424, 72.232666, 0.0 ], [ 20.932783, 75.432816, 0.0 ], [ 25.117498, 78.43757, 0.0 ], [ 29.040087, 80.95274, 0.0 ], [ 32.316338, 82.732376, 0.0 ], [ 34.62585, 83.60205, 0.0 ]] 
boundary 1: [[ 35.74238, 44.52324, 0.0 ], [ 34.625824, 44.397926, 0.0 ], [ 32.31637, 45.267677, 0.0 ], [ 29.04008, 47.047276, 0.0 ], [ 25.117546, 49.562527, 0.0 ], [ 20.932785, 52.567284, 0.0 ], [ 16.895458, 55.76733, 0.0 ], [ 13.400731, 58.849495, 0.0 ], [ 10.790722, 61.512062, 0.0 ], [ 9.320883, 63.494358, 0.0 ], [ 9.135151, 64.602394, 0.0 ], [ 10.25161, 64.72774, 0.0 ], [ 12.561032, 63.857914, 0.0 ], [ 15.837408, 62.078407, 0.0 ], [ 19.759907, 59.563057, 0.0 ], [ 23.944664, 56.558342, 0.0 ], [ 27.98195, 53.358276, 0.0 ], [ 31.476679, 50.276154, 0.0 ], [ 34.0867, 47.613598, 0.0 ], [ 35.55654, 45.63129, 0.0 ]] 
boundary 0: [[ 38.427765, 79.28129, 0.0 ], [ 38.073936, 78.21488, 0.0 ], [ 36.31706, 76.481995, 0.0 ], [ 33.32907, 74.25195, 0.0 ], [ 29.40238, 71.743164, 0.0 ], [ 24.921452, 69.20116, 0.0 ], [ 20.324837, 66.87497, 0.0 ], [ 16.062435, 64.99191, 0.0 ], [ 12.551683, 63.736687, 0.0 ], [ 10.136047, 63.232105, 0.0 ], [ 9.0520735, 63.527367, 0.0 ], [ 9.405823, 64.59358, 0.0 ], [ 11.162677, 66.3269, 0.0 ], [ 14.150683, 68.55686, 0.0 ], [ 18.077362, 71.065575, 0.0 ], [ 22.558355, 73.6076, 0.0 ], [ 27.154945, 75.933914, 0.0 ], [ 31.417324, 77.81672, 0.0 ], [ 34.928047, 79.07199, 0.0 ], [ 37.343742, 79.5766, 0.0 ]] 
boundary 1: [[ 38.427773, 48.718704, 0.0 ], [ 37.34372, 48.423378, 0.0 ], [ 34.92807, 48.928066, 0.0 ], [ 31.41731, 50.1833, 0.0 ], [ 27.15498, 52.066196, 0.0 ], [ 22.558338, 54.3925, 0.0 ], [ 18.077396, 56.934425, 0.0 ], [ 14.150712, 59.443222, 0.0 ], [ 11.162702, 61.673283, 0.0 ], [ 9.405818, 63.406284, 0.0 ], [ 9.0520935, 64.47265, 0.0 ], [ 10.136052, 64.76798, 0.0 ], [ 12.551673, 64.26323, 0.0 ], [ 16.062504, 63.008095, 0.0 ], [ 20.324821, 61.125095, 0.0 ], [ 24.921444, 58.798832, 0.0 ], [ 29.402353, 56.256878, 0.0 ], [ 33.32904, 53.748127, 0.0 ], [ 36.317062, 51.518074, 0.0 ], [ 38.073936, 49.785065, 0.0 ]] 
boundary 0: [[ 40.38662, 74.86499, 0.0 ], [ 39.877846, 73.86322, 0.0 ], [ 37.88238, 72.411446, 0.0 ], [ 34.595467, 70.65152, 0.0 ], [ 30.33879, 68.75582, 0.0 ], [ 25.529118, 66.90984, 0.0 ], [ 20.637209, 65.294525, 0.0 ], [ 16.141815, 64.06759, 0.0 ], [ 12.483221, 63.349495, 0.0 ], [ 10.019368, 63.210472, 0.0 ], [ 8.991486, 63.663948, 0.0 ], [ 9.500157, 64.665565, 0.0 ], [ 11.495665, 66.11776, 0.0 ], [ 14.782583, 67.8776, 0.0 ], [ 19.039236, 69.77323, 0.0 ], [ 23.848969, 71.61922, 0.0 ], [ 28.740868, 73.23465, 0.0 ], [ 33.2362, 74.46134, 0.0 ], [ 36.894775, 75.179504, 0.0 ], [ 39.358696, 75.31855, 0.0 ]] 
boundary 1: [[ 40.386627, 53.135, 0.0 ], [ 39.35868, 52.681427, 0.0 ], [ 36.89479, 52.820553, 0.0 ], [ 33.23619, 53.538666, 0.0 ], [ 28.740887, 54.765453, 0.0 ], [ 23.848938, 56.38089, 0.0 ], [ 19.03927, 58.22677, 0.0 ], [ 14.7825985, 60.122486, 0.0 ], [ 11.495663, 61.88243, 0.0 ], [ 9.500171, 63.334316, 0.0 ], [ 8.991506, 64.33606, 0.0 ], [ 10.01936, 64.78961, 0.0 ], [ 12.483223, 64.650444, 0.0 ], [ 16.141882, 63.932426, 0.0 ], [ 20.637192, 62.705524, 0.0 ], [ 25.529118, 61.090134, 0.0 ], [ 30.338757, 59.24422, 0.0 ], [ 34.595413, 57.34856, 0.0 ], [ 37.88237, 55.58861, 0.0 ], [ 39.877853, 54.136726, 0.0 ]] 
boundary 0: [[ 41.36479, 71.58383, 0.0 ], [ 40.752945, 70.64147, 0.0 ], [ 38.615143, 69.40886, 0.0 ], [ 35.160557, 68.006355, 0.0 ], [ 30.727285, 66.571396, 0.0 ], [ 25.749378, 65.244354, 0.0 ], [ 20.714087, 64.1554, 0.0 ], [ 16.114155, 63.410698, 0.0 ], [ 12.400137, 63.083508, 0.0 ], [ 9.935397, 63.2058, 0.0 ], [ 8.96123, 63.765427, 0.0 ], [ 9.572966, 64.70763, 0.0 ], [ 11.710845, 65.940674, 0.0 ], [ 15.165429, 67.34307, 0.0 ], [ 19.598671, 68.77797, 0.0 ], [ 24.576635, 70.104996, 0.0 ], [ 29.611929, 71.19409, 0.0 ], [ 34.21176, 71.93855, 0.0 ], [ 37.92579, 72.26583, 0.0 ], [ 40.390594, 72.14354, 0.0 ]] 
boundary 1: [[ 41.3648, 56.416164, 0.0 ], [ 40.39058, 55.856434, 0.0 ], [ 37.925793, 55.73424, 0.0 ], [ 34.211754, 56.06145, 0.0 ], [ 29.61194, 56.806007, 0.0 ], [ 24.576595, 57.8951, 0.0 ], [ 19.598705, 59.22203, 0.0 ], [ 15.165434, 60.657, 0.0 ], [ 11.710823, 62.05951, 0.0 ], [ 9.572991, 63.29224, 0.0 ], [ 8.961249, 64.23457, 0.0 ], [ 9.935381, 64.79428, 0.0 ], [ 12.400147, 64.91643, 0.0 ], [ 16.11422, 64.58931, 0.0 ], [ 20.714064, 63.84465, 0.0 ], [ 25.749378, 62.755604, 0.0 ], [ 30.727247, 61.42863, 0.0 ], [ 35.160492, 59.993717, 0.0 ], [ 38.615135, 58.59121, 0.0 ], [ 40.752956, 57.35847, 0.0 ]] 
boundary 0: [[ 41.746887, 69.77485, 0.0 ], [ 41.08218, 68.868996, 0.0 ], [ 38.87742, 67.76059, 0.0 ], [ 35.348324, 66.557846, 0.0 ], [ 30.840267, 65.378624, 0.0 ], [ 25.794643, 64.338295, 0.0 ], [ 20.705341, 63.538937, 0.0 ], [ 16.07037, 63.058372, 0.0 ], [ 12.3437195, 62.944004, 0.0 ], [ 9.889998, 63.20698, 0.0 ], [ 8.949411, 63.82137, 0.0 ], [ 9.614002, 64.72706, 0.0 ], [ 11.818867, 65.83592, 0.0 ], [ 15.347961, 67.03854, 0.0 ], [ 19.855976, 68.217705, 0.0 ], [ 24.901648, 69.25801, 0.0 ], [ 29.990967, 70.05754, 0.0 ], [ 34.62583, 70.53784, 0.0 ], [ 38.35248, 70.6523, 0.0 ], [ 40.806267, 70.38932, 0.0 ]] 
boundary 1: [[ 41.746895, 58.225147, 0.0 ], [ 40.806255, 57.610645, 0.0 ], [ 38.35249, 57.347775, 0.0 ], [ 34.625824, 57.46215, 0.0 ], [ 29.990967, 57.94258, 0.0 ], [ 24.901604, 58.742073, 0.0 ], [ 19.85601, 59.782307, 0.0 ], [ 15.347962, 60.96153, 0.0 ], [ 11.818833, 62.164284, 0.0 ], [ 9.614037, 63.2728, 0.0 ], [ 8.94943, 64.178635, 0.0 ], [ 9.889977, 64.7931, 0.0 ], [ 12.343733, 65.05592, 0.0 ], [ 16.070435, 64.94165, 0.0 ], [ 20.705317, 64.46112, 0.0 ], [ 25.794647, 63.66167, 0.0 ], [ 30.840225, 62.621384, 0.0 ], [ 35.348244, 61.44222, 0.0 ], [ 38.8774, 60.23947, 0.0 ], [ 41.08219, 59.13094, 0.0 ]] 
boundary 0: [[ 41.736195, 69.833496, 0.0 ], [ 41.07315, 68.926414, 0.0 ], [ 38.87043, 67.81396, 0.0 ], [ 35.343567, 66.60472, 0.0 ], [ 30.837692, 65.41717, 0.0 ], [ 25.79399, 64.367516, 0.0 ], [ 20.706175, 63.558792, 0.0 ], [ 16.07209, 63.069702, 0.0 ], [ 12.345665, 62.948437, 0.0 ], [ 9.891462, 63.206913, 0.0 ], [ 8.949741, 63.819557, 0.0 ], [ 9.61266, 64.72644, 0.0 ], [ 11.815481, 65.83942, 0.0 ], [ 15.342346, 67.04854, 0.0 ], [ 19.848179, 68.23602, 0.0 ], [ 24.89193, 69.28559, 0.0 ], [ 29.979763, 70.09455, 0.0 ], [ 34.613754, 70.58334, 0.0 ], [ 38.340164, 70.7047, 0.0 ], [ 40.794434, 70.44622, 0.0 ]] 
boundary 1: [[ 41.736202, 58.166504, 0.0 ], [ 40.79442, 57.55372, 0.0 ], [ 38.34017, 57.295376, 0.0 ], [ 34.613747, 57.41664, 0.0 ], [ 29.979763, 57.905605, 0.0 ], [ 24.891888, 58.714493, 0.0 ], [ 19.848213, 59.76402, 0.0 ], [ 15.342347, 60.951538, 0.0 ], [ 11.815449, 62.16082, 0.0 ], [ 9.612694, 63.273384, 0.0 ], [ 8.94976, 64.18048, 0.0 ], [ 9.891442, 64.7932, 0.0 ], [ 12.345678, 65.05145, 0.0 ], [ 16.072155, 64.93036, 0.0 ], [ 20.70615, 64.44126, 0.0 ], [ 25.793993, 63.632416, 0.0 ], [ 30.83765, 62.582836, 0.0 ], [ 35.34349, 61.395344, 0.0 ], [ 38.870415, 60.186104, 0.0 ], [ 41.073162, 59.073524, 0.0 ]] 
boundary 0: [[ 41.563694, 70.70611, 0.0 ], [ 40.92585, 69.78113, 0.0 ], [ 38.754578, 68.60851, 0.0 ], [ 35.2623, 67.302704, 0.0 ], [ 30.790794, 65.99166, 0.0 ], [ 25.77788, 64.803665, 0.0 ], [ 20.714231, 63.855293, 0.0 ], [ 16.09536, 63.238914, 0.0 ], [ 12.373678, 63.015198, 0.0 ], [ 9.913294, 63.206062, 0.0 ], [ 8.955077, 63.79257, 0.0 ], [ 9.592798, 64.71735, 0.0 ], [ 11.764171, 65.890495, 0.0 ], [ 15.256441, 67.196175, 0.0 ], [ 19.727905, 68.50716, 0.0 ], [ 24.740873, 69.69506, 0.0 ], [ 29.804537, 70.64367, 0.0 ], [ 34.42333, 71.259766, 0.0 ], [ 38.144978, 71.48357, 0.0 ], [ 40.60544, 71.292694, 0.0 ]] 
boundary 1: [[ 41.5637, 57.2939, 0.0 ], [ 40.605423, 56.707253, 0.0 ], [ 38.144985, 56.51651, 0.0 ], [ 34.42332, 56.74024, 0.0 ], [ 29.80454, 57.356483, 0.0 ], [ 24.740837, 58.305027, 0.0 ], [ 19.727943, 59.49289, 0.0 ], [ 15.256445, 60.8039, 0.0 ], [ 11.764148, 62.109745, 0.0 ], [ 9.592829, 63.282482, 0.0 ], [ 8.955097, 64.20747, 0.0 ], [ 9.913277, 64.79405, 0.0 ], [ 12.373691, 64.984695, 0.0 ], [ 16.095425, 64.76115, 0.0 ], [ 20.71421, 64.14475, 0.0 ], [ 25.777882, 63.196262, 0.0 ], [ 30.790752, 62.00835, 0.0 ], [ 35.262226, 60.697365, 0.0 ], [ 38.754562, 59.391556, 0.0 ], [ 40.925858, 58.21881, 0.0 ]] 
boundary 0: [[ 41.08457, 72.66328, 0.0 ], [ 40.505585, 71.700356, 0.0 ], [ 38.411564, 70.39478, 0.0 ], [ 35.0074, 68.87397, 0.0 ], [ 30.626238, 67.28696, 0.0 ], [ 25.697056, 65.78903, 0.0 ], [ 20.702316, 64.5271, 0.0 ], [ 16.130798, 63.624207, 0.0 ], [ 12.430279, 63.169113, 0.0 ], [ 9.962785, 63.206356, 0.0 ], [ 8.969897, 63.73204, 0.0 ], [ 9.548779, 64.69475, 0.0 ], [ 11.642862, 66.00085, 0.0 ], [ 15.047022, 67.52154, 0.0 ], [ 19.428146, 69.10848, 0.0 ], [ 24.357395, 70.60634, 0.0 ], [ 29.352137, 71.86851, 0.0 ], [ 33.923576, 72.771095, 0.0 ], [ 37.62406, 73.22627, 0.0 ], [ 40.091644, 73.18902, 0.0 ]] 
boundary 1: [[ 41.08458, 55.336735, 0.0 ], [ 40.09162, 54.81092, 0.0 ], [ 37.624073, 54.773792, 0.0 ], [ 33.92357, 55.22891, 0.0 ], [ 29.352148, 56.131653, 0.0 ], [ 24.35736, 57.39376, 0.0 ], [ 19.42819, 58.891552, 0.0 ], [ 15.047031, 60.478546, 0.0 ], [ 11.642854, 61.999374, 0.0 ], [ 9.548797, 63.305088, 0.0 ], [ 8.969919, 64.268005, 0.0 ], [ 9.962775, 64.79375, 0.0 ], [ 12.430287, 64.83078, 0.0 ], [ 16.130867, 64.37584, 0.0 ], [ 20.702301, 63.472958, 0.0 ], [ 25.697056, 62.210907, 0.0 ], [ 30.626196, 60.71306, 0.0 ], [ 35.007328, 59.1261, 0.0 ], [ 38.411552, 57.605297, 0.0 ], [ 40.505592, 56.299587, 0.0 ]] 
boundary 0: [[ 40.428734, 74.74628, 0.0 ], [ 39.91606, 73.746475, 0.0 ], [ 37.914948, 72.302536, 0.0 ], [ 34.621212, 70.55539, 0.0 ], [ 30.35716, 68.676285, 0.0 ], [ 25.540335, 66.84903, 0.0 ], [ 20.642176, 65.25281, 0.0 ], [ 16.14203, 64.0434, 0.0 ], [ 12.480671, 63.339554, 0.0 ], [ 10.016291, 63.210155, 0.0 ], [ 8.990183, 63.667614, 0.0 ], [ 9.502759, 64.667206, 0.0 ], [ 11.503903, 66.11169, 0.0 ], [ 14.797649, 67.85867, 0.0 ], [ 19.061657, 69.737755, 0.0 ], [ 23.87855, 71.56492, 0.0 ], [ 28.776712, 73.161354, 0.0 ], [ 33.276794, 74.37046, 0.0 ], [ 36.938126, 75.07439, 0.0 ], [ 39.402588, 75.20379, 0.0 ]] 
boundary 1: [[ 40.42874, 53.253742, 0.0 ], [ 39.402557, 52.79615, 0.0 ], [ 36.938133, 52.925667, 0.0 ], [ 33.276787, 53.62953, 0.0 ], [ 28.77673, 54.8388, 0.0 ], [ 23.878527, 56.435184, 0.0 ], [ 19.061707, 58.26229, 0.0 ], [ 14.797665, 60.141396, 0.0 ], [ 11.503909, 61.88854, 0.0 ], [ 9.502766, 63.33263, 0.0 ], [ 8.990208, 64.33242, 0.0 ], [ 10.016286, 64.789955, 0.0 ], [ 12.480673, 64.66035, 0.0 ], [ 16.142101, 63.956642, 0.0 ], [ 20.642162, 62.747234, 0.0 ], [ 25.540333, 61.15091, 0.0 ], [ 30.357122, 59.323757, 0.0 ], [ 34.62114, 57.444675, 0.0 ], [ 37.914948, 55.69755, 0.0 ], [ 39.916065, 54.253475, 0.0 ]] 
boundary 0: [[ 39.20646, 77.730804, 0.0 ], [ 38.79595, 76.68491, 0.0 ], [ 36.94863, 75.048805, 0.0 ], [ 33.845352, 72.98222, 0.0 ], [ 29.789703, 70.687675, 0.0 ], [ 25.178871, 68.389656, 0.0 ], [ 20.464096, 66.3134, 0.0 ], [ 16.106821, 64.661705, 0.0 ], [ 12.533794, 63.596603, 0.0 ], [ 10.094564, 63.222347, 0.0 ], [ 9.027988, 63.575314, 0.0 ], [ 9.438435, 64.62099, 0.0 ], [ 11.28572, 66.257645, 0.0 ], [ 14.389046, 68.32407, 0.0 ], [ 18.444641, 70.61858, 0.0 ], [ 23.055553, 72.916534, 0.0 ], [ 27.770304, 74.99299, 0.0 ], [ 32.12754, 76.64439, 0.0 ], [ 35.700542, 77.70956, 0.0 ], [ 38.139854, 78.083824, 0.0 ]] 
boundary 1: [[ 39.20648, 50.2692, 0.0 ], [ 38.13981, 49.916122, 0.0 ], [ 35.70055, 50.2905, 0.0 ], [ 32.127533, 51.355606, 0.0 ], [ 27.770336, 53.007164, 0.0 ], [ 23.055538, 55.083565, 0.0 ], [ 18.444702, 57.381447, 0.0 ], [ 14.389067, 59.676003, 0.0 ], [ 11.2857485, 61.742573, 0.0 ], [ 9.438424, 63.37884, 0.0 ], [ 9.028015, 64.42472, 0.0 ], [ 10.09457, 64.77776, 0.0 ], [ 12.533785, 64.40329, 0.0 ], [ 16.1069, 63.338326, 0.0 ], [ 20.464088, 61.686634, 0.0 ], [ 25.178864, 59.61029, 0.0 ], [ 29.78967, 57.31237, 0.0 ], [ 33.845276, 55.017857, 0.0 ], [ 36.948643, 52.95128, 0.0 ], [ 38.795944, 51.31504, 0.0 ]] 
boundary 0: [[ 37.944984, 80.14926, 0.0 ], [ 37.624092, 79.07248, 0.0 ], [ 35.921234, 77.2865, 0.0 ], [ 33.00319, 74.96571, 0.0 ], [ 29.155369, 72.337494, 0.0 ], [ 24.754635, 69.65901, 0.0 ], [ 20.231636, 67.19277, 0.0 ], [ 16.029081, 65.17969, 0.0 ], [ 12.558541, 63.81722, 0.0 ], [ 10.159537, 63.238705, 0.0 ], [ 9.067006, 63.50052, 0.0 ], [ 9.387856, 64.577065, 0.0 ], [ 11.090619, 66.3636, 0.0 ], [ 14.008734, 68.68424, 0.0 ], [ 17.856504, 71.31241, 0.0 ], [ 22.25732, 73.990814, 0.0 ], [ 26.78028, 76.45728, 0.0 ], [ 30.982826, 78.470055, 0.0 ], [ 34.45333, 79.83258, 0.0 ], [ 36.85242, 80.41111, 0.0 ]] 
boundary 1: [[ 37.945, 47.85075, 0.0 ], [ 36.852375, 47.588837, 0.0 ], [ 34.45334, 48.167465, 0.0 ], [ 30.982819, 49.52993, 0.0 ], [ 26.780323, 51.542866, 0.0 ], [ 22.257317, 54.009277, 0.0 ], [ 17.856567, 56.687607, 0.0 ], [ 14.00876, 59.315838, 0.0 ], [ 11.090667, 61.63662, 0.0 ], [ 9.38783, 63.422764, 0.0 ], [ 9.067034, 64.49952, 0.0 ], [ 10.159553, 64.761406, 0.0 ], [ 12.558525, 64.18267, 0.0 ], [ 16.029163, 62.82034, 0.0 ], [ 20.231632, 60.807274, 0.0 ], [ 24.754623, 58.34093, 0.0 ], [ 29.155338, 55.66256, 0.0 ], [ 33.00312, 53.034378, 0.0 ], [ 35.921257, 50.71359, 0.0 ], [ 37.624084, 48.927467, 0.0 ]] 
boundary 0: [[ 36.071762, 83.03245, 0.0 ], [ 35.867027, 81.92768, 0.0 ], [ 34.36345, 79.97098, 0.0 ], [ 31.708334, 77.35345, 0.0 ], [ 28.161352, 74.3315, 0.0 ], [ 24.069923, 71.20085, 0.0 ], [ 19.834377, 68.26827, 0.0 ], [ 15.869349, 65.820305, 0.0 ], [ 12.563108, 64.097015, 0.0 ], [ 10.239099, 63.267033, 0.0 ], [ 9.124941, 63.411354, 0.0 ], [ 9.32966, 64.515884, 0.0 ], [ 10.833093, 66.47312, 0.0 ], [ 13.488284, 69.090515, 0.0 ], [ 17.035223, 72.1124, 0.0 ], [ 21.126743, 75.24297, 0.0 ], [ 25.36222, 78.17578, 0.0 ], [ 29.32728, 80.62343, 0.0 ], [ 32.633476, 82.34677, 0.0 ], [ 34.95757, 83.17681, 0.0 ]] 
boundary 1: [[ 36.071777, 44.96756, 0.0 ], [ 34.957523, 44.82316, 0.0 ], [ 32.633488, 45.653263, 0.0 ], [ 29.327269, 47.37655, 0.0 ], [ 25.362284, 49.82436, 0.0 ], [ 21.12675, 52.757103, 0.0 ], [ 17.035286, 55.887604, 0.0 ], [ 13.488319, 58.90957, 0.0 ], [ 10.833162, 61.52709, 0.0 ], [ 9.329619, 63.48395, 0.0 ], [ 9.124976, 64.58869, 0.0 ], [ 10.239126, 64.73308, 0.0 ], [ 12.56308, 63.90287, 0.0 ], [ 15.869433, 62.17971, 0.0 ], [ 19.834381, 59.73177, 0.0 ], [ 24.069908, 56.799095, 0.0 ], [ 28.161327, 53.66856, 0.0 ], [ 31.708282, 50.646656, 0.0 ], [ 34.363472, 48.02912, 0.0 ], [ 35.86702, 46.07227, 0.0 ]] 
boundary 0: [[ 34.077435, 85.506134, 0.0 ], [ 33.982132, 84.3866, 0.0 ], [ 32.67787, 82.29176, 0.0 ], [ 30.292503, 79.42627, 0.0 ], [ 27.059254, 76.07076, 0.0 ], [ 23.294868, 72.55363, 0.0 ], [ 19.367624, 69.21949, 0.0 ], [ 15.662014, 66.39415, 0.0 ], [ 12.540887, 64.35466, 0.0 ], [ 10.309565, 63.300583, 0.0 ], [ 9.186624, 63.334846, 0.0 ], [ 9.28194, 64.454124, 0.0 ], [ 10.586, 66.54951, 0.0 ], [ 12.971466, 69.41487, 0.0 ], [ 16.20467, 72.770294, 0.0 ], [ 19.969154, 76.28736, 0.0 ], [ 23.896313, 79.62172, 0.0 ], [ 27.601982, 82.44674, 0.0 ], [ 30.723063, 84.48629, 0.0 ], [ 32.954468, 85.540436, 0.0 ]] 
boundary 1: [[ 34.077465, 42.493877, 0.0 ], [ 32.954422, 42.45955, 0.0 ], [ 30.723074, 43.51375, 0.0 ], [ 27.601969, 45.55323, 0.0 ], [ 23.896387, 48.378403, 0.0 ], [ 19.969166, 51.712715, 0.0 ], [ 16.204735, 55.229687, 0.0 ], [ 12.971507, 58.585213, 0.0 ], [ 10.586092, 61.450706, 0.0 ], [ 9.281881, 63.5457, 0.0 ], [ 9.18666, 64.6652, 0.0 ], [ 10.309603, 64.69953, 0.0 ], [ 12.540848, 63.645214, 0.0 ], [ 15.662103, 61.605858, 0.0 ], [ 19.36763, 58.780556, 0.0 ], [ 23.294851, 55.446316, 0.0 ], [ 27.059238, 51.929302, 0.0 ], [ 30.292458, 48.573845, 0.0 ], [ 32.67791, 45.708336, 0.0 ], [ 33.982117, 43.613365, 0.0 ]] 
boundary 0: [[ 32.04706, 87.588875, 0.0 ], [ 32.052757, 86.46529, 0.0 ], [ 30.942032, 84.261734, 0.0 ], [ 28.823822, 81.193474, 0.0 ], [ 25.905201, 77.560974, 0.0 ], [ 22.472122, 73.71977, 0.0 ], [ 18.860394, 70.046196, 0.0 ], [ 15.423683, 66.89928, 0.0 ], [ 12.498464, 64.587555, 0.0 ], [ 10.370897, 63.337227, 0.0 ], [ 9.249421, 63.27043, 0.0 ], [ 9.243766, 64.393745, 0.0 ], [ 10.354242, 66.59785, 0.0 ], [ 12.472557, 69.665985, 0.0 ], [ 15.391136, 73.29839, 0.0 ], [ 18.824324, 77.13953, 0.0 ], [ 22.435947, 80.813324, 0.0 ], [ 25.872746, 83.959915, 0.0 ], [ 28.797913, 86.27171, 0.0 ], [ 30.925558, 87.5221, 0.0 ]] 
boundary 1: [[ 32.04709, 40.411144, 0.0 ], [ 30.925512, 40.477882, 0.0 ], [ 28.797928, 41.72834, 0.0 ], [ 25.872732, 44.040047, 0.0 ], [ 22.436031, 47.186802, 0.0 ], [ 18.824345, 50.860542, 0.0 ], [ 15.391201, 54.701584, 0.0 ], [ 12.472605, 58.334087, 0.0 ], [ 10.354354, 61.402363, 0.0 ], [ 9.24369, 63.606087, 0.0 ], [ 9.249459, 64.72962, 0.0 ], [ 10.370946, 64.66289, 0.0 ], [ 12.498414, 63.412323, 0.0 ], [ 15.423771, 61.100716, 0.0 ], [ 18.860405, 57.953846, 0.0 ], [ 22.472103, 54.28017, 0.0 ], [ 25.905197, 50.4391, 0.0 ], [ 28.823788, 46.80665, 0.0 ], [ 30.942076, 43.738365, 0.0 ], [ 32.052734, 41.53467, 0.0 ]] 
boundary 0: [[ 30.38648, 89.042366, 0.0 ], [ 30.468807, 87.92178, 0.0 ], [ 29.510988, 85.6476, 0.0 ], [ 27.607004, 82.44199, 0.0 ], [ 24.94297, 78.618866, 0.0 ], [ 21.779898, 74.55244, 0.0 ], [ 18.427174, 70.64106, 0.0 ], [ 15.213127, 67.26703, 0.0 ], [ 12.45241, 64.761154, 0.0 ], [ 10.415088, 63.36862, 0.0 ], [ 9.30078, 63.225475, 0.0 ], [ 9.218513, 64.34579, 0.0 ], [ 10.176057, 66.620514, 0.0 ], [ 12.080149, 69.826, 0.0 ], [ 14.744152, 73.64903, 0.0 ], [ 17.907328, 77.7154, 0.0 ], [ 21.259941, 81.627, 0.0 ], [ 24.4741, 85.0007, 0.0 ], [ 27.234755, 87.506645, 0.0 ], [ 29.272154, 88.89926, 0.0 ]] 
boundary 1: [[ 30.386513, 38.95765, 0.0 ], [ 29.272104, 39.10073, 0.0 ], [ 27.234774, 40.4934, 0.0 ], [ 24.474075, 42.999268, 0.0 ], [ 21.260033, 46.37311, 0.0 ], [ 17.907354, 50.284664, 0.0 ], [ 14.744214, 54.35094, 0.0 ], [ 12.080203, 58.174072, 0.0 ], [ 10.17618, 61.379696, 0.0 ], [ 9.218426, 63.65405, 0.0 ], [ 9.300822, 64.77457, 0.0 ], [ 10.415145, 64.631485, 0.0 ], [ 12.452351, 63.238724, 0.0 ], [ 15.213213, 60.732952, 0.0 ], [ 18.427189, 57.35899, 0.0 ], [ 21.779877, 53.447502, 0.0 ], [ 24.942966, 49.381195, 0.0 ], [ 27.606977, 45.55813, 0.0 ], [ 29.511036, 42.352478, 0.0 ], [ 30.468782, 40.078163, 0.0 ]] 
boundary 0: [[ 29.03589, 90.08725, 0.0 ], [ 29.177256, 88.97258, 0.0 ], [ 28.340837, 86.651, 0.0 ], [ 26.608747, 83.349335, 0.0 ], [ 24.15026, 79.39089, 0.0 ], [ 21.206278, 75.16315, 0.0 ], [ 18.064728, 71.08022, 0.0 ], [ 15.033285, 67.541214, 0.0 ], [ 12.408714, 64.89309, 0.0 ], [ 10.447749, 63.394936, 0.0 ], [ 9.342553, 63.19316, 0.0 ], [ 9.201256, 64.30757, 0.0 ], [ 10.037374, 66.62967, 0.0 ], [ 11.769581, 69.931206, 0.0 ], [ 14.228039, 73.88956, 0.0 ], [ 17.172127, 78.117256, 0.0 ], [ 20.31356, 82.20039, 0.0 ], [ 23.345127, 85.739075, 0.0 ], [ 25.969637, 88.38726, 0.0 ], [ 27.930668, 89.88551, 0.0 ]] 
boundary 1: [[ 29.035923, 37.912773, 0.0 ], [ 27.930618, 38.11448, 0.0 ], [ 25.969658, 39.612778, 0.0 ], [ 23.3451, 42.260895, 0.0 ], [ 20.313652, 45.79971, 0.0 ], [ 17.172157, 49.882805, 0.0 ], [ 14.228098, 54.110413, 0.0 ], [ 11.76964, 58.06885, 0.0 ], [ 10.037507, 61.37053, 0.0 ], [ 9.2011595, 63.692272, 0.0 ], [ 9.342596, 64.80688, 0.0 ], [ 10.447812, 64.60517, 0.0 ], [ 12.408648, 63.1068, 0.0 ], [ 15.033371, 60.458763, 0.0 ], [ 18.064743, 56.91983, 0.0 ], [ 21.206257, 52.836792, 0.0 ], [ 24.15026, 48.60917, 0.0 ], [ 26.608723, 44.650795, 0.0 ], [ 28.340889, 41.349083, 0.0 ], [ 29.17723, 39.027386, 0.0 ]] 
boundary 0: [[ 27.75984, 90.97533, 0.0 ], [ 27.954613, 89.86874, 0.0 ], [ 27.230762, 87.50964, 0.0 ], [ 25.659382, 84.12854, 0.0 ], [ 23.394012, 80.0565, 0.0 ], [ 20.656656, 75.69213, 0.0 ], [ 17.714994, 71.462906, 0.0 ], [ 14.85717, 67.782265, 0.0 ], [ 12.362925, 65.01104, 0.0 ], [ 10.47624, 63.420364, 0.0 ], [ 9.38202, 63.1657, 0.0 ], [ 9.187319, 64.27202, 0.0 ], [ 9.91085, 66.63163, 0.0 ], [ 11.482355, 70.01262, 0.0 ], [ 13.747699, 74.084564, 0.0 ], [ 16.485167, 78.4489, 0.0 ], [ 19.426697, 82.67833, 0.0 ], [ 22.284668, 86.358635, 0.0 ], [ 24.778843, 89.12991, 0.0 ], [ 26.665594, 90.72071, 0.0 ]] 
boundary 1: [[ 27.759872, 37.02469, 0.0 ], [ 26.665545, 37.279297, 0.0 ], [ 24.778862, 38.870117, 0.0 ], [ 22.284637, 41.641335, 0.0 ], [ 19.426798, 45.32178, 0.0 ], [ 16.485199, 49.551163, 0.0 ], [ 13.747758, 53.915398, 0.0 ], [ 11.482416, 57.98744, 0.0 ], [ 9.910994, 61.36856, 0.0 ], [ 9.187214, 63.727825, 0.0 ], [ 9.382065, 64.83434, 0.0 ], [ 10.476306, 64.57974, 0.0 ], [ 12.362852, 62.988846, 0.0 ], [ 14.857256, 60.21771, 0.0 ], [ 17.715012, 56.537148, 0.0 ], [ 20.656631, 52.30782, 0.0 ], [ 23.394014, 47.943573, 0.0 ], [ 25.65936, 43.87159, 0.0 ], [ 27.230818, 40.490433, 0.0 ], [ 27.954586, 38.131226, 0.0 ]] 
