boundary 0: [[ 27.985056, 90.825, 0.0 ], [ 28.170513, 89.716934, 0.0 ], [ 27.42703, 87.36383, 0.0 ], [ 25.827322, 83.995995, 0.0 ], [ 23.528034, 79.94313, 0.0 ], [ 20.754124, 75.60197, 0.0 ], [ 17.77721, 71.39741, 0.0 ], [ 14.888649, 67.74103, 0.0 ], [ 12.37125, 64.99076, 0.0 ], [ 10.471397, 63.415783, 0.0 ], [ 9.3750305, 63.17036, 0.0 ], [ 9.189527, 64.27841, 0.0 ], [ 9.933005, 66.63155, 0.0 ], [ 11.5327015, 69.999374, 0.0 ], [ 13.832039, 74.052246, 0.0 ], [ 16.605953, 78.393456, 0.0 ], [ 19.58282, 82.59802, 0.0 ], [ 22.471395, 86.254364, 0.0 ], [ 24.988815, 89.004654, 0.0 ], [ 26.888704, 90.579605, 0.0 ]] 
boundary 1: [[ 27.985071, 37.17499, 0.0 ], [ 26.88872, 37.420403, 0.0 ], [ 24.988827, 38.995384, 0.0 ], [ 22.471388, 41.745617, 0.0 ], [ 19.582863, 45.402016, 0.0 ], [ 16.605951, 49.60657, 0.0 ], [ 13.832056, 53.947773, 0.0 ], [ 11.532713, 58.000618, 0.0 ], [ 9.933008, 61.368454, 0.0 ], [ 9.189534, 63.721573, 0.0 ], [ 9.375027, 64.82963, 0.0 ], [ 10.471389, 64.58418, 0.0 ], [ 12.371258, 63.00923, 0.0 ], [ 14.888664, 60.259, 0.0 ], [ 17.777237, 56.602642, 0.0 ], [ 20.754139, 52.398056, 0.0 ], [ 23.528023, 48.056854, 0.0 ], [ 25.827333, 44.00403, 0.0 ], [ 27.42704, 40.636166, 0.0 ], [ 28.170523, 38.283066, 0.0 ]] 
boundary 0: [[ 30.252491, 89.15107, 0.0 ], [ 30.340746, 88.031075, 0.0 ], [ 29.39517, 85.75165, 0.0 ], [ 27.508255, 82.53592, 0.0 ], [ 24.86477, 78.6987, 0.0 ], [ 21.723349, 74.61556, 0.0 ], [ 18.391605, 70.68623, 0.0 ], [ 15.195606, 67.29529, 0.0 ], [ 12.448268, 64.774704, 0.0 ], [ 10.41848, 63.371147, 0.0 ], [ 9.304903, 63.222126, 0.0 ], [ 9.216597, 64.34211, 0.0 ], [ 10.162172, 66.62158, 0.0 ], [ 12.04907, 69.837296, 0.0 ], [ 14.692611, 73.67454, 0.0 ], [ 17.834036, 77.75771, 0.0 ], [ 21.165741, 81.68705, 0.0 ], [ 24.361744, 85.07796, 0.0 ], [ 27.109112, 87.59858, 0.0 ], [ 29.13893, 89.0021, 0.0 ]] 
boundary 1: [[ 30.252506, 38.848923, 0.0 ], [ 29.138945, 38.99791, 0.0 ], [ 27.10912, 40.401466, 0.0 ], [ 24.36174, 42.922028, 0.0 ], [ 21.165777, 46.312996, 0.0 ], [ 17.834032, 50.242332, 0.0 ], [ 14.692627, 54.325474, 0.0 ], [ 12.049082, 58.16269, 0.0 ], [ 10.162174, 61.378426, 0.0 ], [ 9.216606, 63.657856, 0.0 ], [ 9.304901, 64.777855, 0.0 ], [ 10.418472, 64.62882, 0.0 ], [ 12.448276, 63.2253, 0.0 ], [ 15.195618, 60.704742, 0.0 ], [ 18.391624, 57.313816, 0.0 ], [ 21.723364, 53.384445, 0.0 ], [ 24.864763, 49.301304, 0.0 ], [ 27.508265, 45.464096, 0.0 ], [ 29.395182, 42.24834, 0.0 ], [ 30.340757, 39.968925, 0.0 ]] 
boundary 0: [[ 33.09479, 86.56084, 0.0 ], [ 33.04946, 85.43828, 0.0 ], [ 31.83995, 83.28723, 0.0 ], [ 29.584599, 80.31827, 0.0 ], [ 26.504244, 76.822044, 0.0 ], [ 22.900276, 73.14074, 0.0 ], [ 19.125597, 69.63475, 0.0 ], [ 15.549617, 66.64724, 0.0 ], [ 12.522453, 64.470634, 0.0 ], [ 10.340388, 63.31799, 0.0 ], [ 9.216995, 63.302235, 0.0 ], [ 9.262282, 64.42479, 0.0 ], [ 10.471796, 66.57587, 0.0 ], [ 12.727129, 69.54484, 0.0 ], [ 15.807541, 73.041084, 0.0 ], [ 19.411518, 76.72241, 0.0 ], [ 23.186161, 80.22841, 0.0 ], [ 26.762146, 83.2159, 0.0 ], [ 29.789331, 85.39251, 0.0 ], [ 31.971424, 86.54512, 0.0 ]] 
boundary 1: [[ 33.094807, 41.439156, 0.0 ], [ 31.971437, 41.454895, 0.0 ], [ 29.789335, 42.607536, 0.0 ], [ 26.762144, 44.784096, 0.0 ], [ 23.186192, 47.771637, 0.0 ], [ 19.411512, 51.277634, 0.0 ], [ 15.807557, 54.958946, 0.0 ], [ 12.727143, 58.455162, 0.0 ], [ 10.471798, 61.424133, 0.0 ], [ 9.262297, 63.575184, 0.0 ], [ 9.216996, 64.69774, 0.0 ], [ 10.3403845, 64.68198, 0.0 ], [ 12.522463, 63.529354, 0.0 ], [ 15.549622, 61.35281, 0.0 ], [ 19.125607, 58.365295, 0.0 ], [ 22.900291, 54.85927, 0.0 ], [ 26.504236, 51.17798, 0.0 ], [ 29.584604, 47.68175, 0.0 ], [ 31.839962, 44.71276, 0.0 ], [ 33.04947, 42.561726, 0.0 ]] 
boundary 0: [[ 36.233093, 82.80871, 0.0 ], [ 36.018932, 81.70583, 0.0 ], [ 34.49878, 79.76186, 0.0 ], [ 31.821363, 77.1671, 0.0 ], [ 28.248846, 74.17556, 0.0 ], [ 24.13079, 71.08006, 0.0 ], [ 19.870417, 68.18361, 0.0 ], [ 15.884689, 65.76972, 0.0 ], [ 12.56382, 64.07467, 0.0 ], [ 10.232847, 63.264393, 0.0 ], [ 9.119934, 63.418278, 0.0 ], [ 9.3340435, 64.52117, 0.0 ], [ 10.854208, 66.46516, 0.0 ], [ 13.531608, 69.05992, 0.0 ], [ 17.104183, 72.05148, 0.0 ], [ 21.222256, 75.14702, 0.0 ], [ 25.48259, 78.043495, 0.0 ], [ 29.468323, 80.45735, 0.0 ], [ 32.78921, 82.15239, 0.0 ], [ 35.12021, 82.96263, 0.0 ]] 
boundary 1: [[ 36.23311, 45.191284, 0.0 ], [ 35.120216, 45.037373, 0.0 ], [ 32.789207, 45.847656, 0.0 ], [ 29.46832, 47.54264, 0.0 ], [ 25.48261, 49.956566, 0.0 ], [ 21.222244, 52.85302, 0.0 ], [ 17.104198, 55.948547, 0.0 ], [ 13.531621, 58.940067, 0.0 ], [ 10.85421, 61.534836, 0.0 ], [ 9.33406, 63.478813, 0.0 ], [ 9.119938, 64.58169, 0.0 ], [ 10.23285, 64.73557, 0.0 ], [ 12.563831, 63.925312, 0.0 ], [ 15.8846855, 62.230335, 0.0 ], [ 19.870422, 59.816452, 0.0 ], [ 24.1308, 56.919956, 0.0 ], [ 28.248837, 53.824463, 0.0 ], [ 31.82137, 50.832928, 0.0 ], [ 34.498795, 48.23813, 0.0 ], [ 36.01894, 46.294174, 0.0 ]] 
boundary 0: [[ 38.849564, 78.46708, 0.0 ], [ 38.46566, 77.411224, 0.0 ], [ 36.66036, 75.72873, 0.0 ], [ 33.6103, 73.58433, 0.0 ], [ 29.614134, 71.1879, 0.0 ], [ 25.062881, 68.774086, 0.0 ], [ 20.402166, 66.579094, 0.0 ], [ 16.088146, 64.81782, 0.0 ], [ 12.543163, 63.662624, 0.0 ], [ 10.114196, 63.226624, 0.0 ], [ 9.039013, 63.55255, 0.0 ], [ 9.422865, 64.60844, 0.0 ], [ 11.22818, 66.29095, 0.0 ], [ 14.278218, 68.43533, 0.0 ], [ 18.274448, 70.831795, 0.0 ], [ 22.825733, 73.24564, 0.0 ], [ 27.48641, 75.44066, 0.0 ], [ 31.800425, 77.201904, 0.0 ], [ 35.34543, 78.35708, 0.0 ], [ 37.774418, 78.793045, 0.0 ]] 
boundary 1: [[ 38.84958, 49.53292, 0.0 ], [ 37.774426, 49.20696, 0.0 ], [ 35.345413, 49.64296, 0.0 ], [ 31.800423, 50.79809, 0.0 ], [ 27.486414, 52.5594, 0.0 ], [ 22.82571, 54.7544, 0.0 ], [ 18.274464, 57.16826, 0.0 ], [ 14.2782345, 59.564644, 0.0 ], [ 11.228183, 61.709057, 0.0 ], [ 9.422884, 63.391552, 0.0 ], [ 9.039019, 64.44741, 0.0 ], [ 10.114203, 64.773346, 0.0 ], [ 12.543177, 64.33735, 0.0 ], [ 16.088137, 63.18224, 0.0 ], [ 20.40216, 61.420963, 0.0 ], [ 25.06289, 59.22594, 0.0 ], [ 29.614122, 56.81211, 0.0 ], [ 33.610306, 54.4157, 0.0 ], [ 36.660374, 52.271255, 0.0 ], [ 38.465668, 50.58878, 0.0 ]] 
boundary 0: [[ 40.569714, 74.3372, 0.0 ], [ 40.04374, 73.34441, 0.0 ], [ 38.023483, 71.92722, 0.0 ], [ 34.706615, 70.22435, 0.0 ], [ 30.417915, 68.40248, 0.0 ], [ 25.577042, 66.63999, 0.0 ], [ 20.657959, 65.10935, 0.0 ], [ 16.142113, 63.96041, 0.0 ], [ 12.471611, 63.305607, 0.0 ], [ 10.005713, 63.20906, 0.0 ], [ 8.985812, 63.680286, 0.0 ], [ 9.511735, 64.673065, 0.0 ], [ 11.532013, 66.09028, 0.0 ], [ 14.848854, 67.79314, 0.0 ], [ 19.137623, 69.61504, 0.0 ], [ 23.978535, 71.37755, 0.0 ], [ 28.897585, 72.90822, 0.0 ], [ 33.413406, 74.05713, 0.0 ], [ 37.083942, 74.71192, 0.0 ], [ 39.54985, 74.808426, 0.0 ]] 
boundary 1: [[ 40.569725, 53.66283, 0.0 ], [ 39.54986, 53.191574, 0.0 ], [ 37.083923, 53.28812, 0.0 ], [ 33.413406, 53.94286, 0.0 ], [ 28.897583, 55.091835, 0.0 ], [ 23.97851, 56.622486, 0.0 ], [ 19.13763, 58.38501, 0.0 ], [ 14.848874, 60.206844, 0.0 ], [ 11.532016, 61.909718, 0.0 ], [ 9.511757, 63.326916, 0.0 ], [ 8.985821, 64.31968, 0.0 ], [ 10.005725, 64.79091, 0.0 ], [ 12.47163, 64.69437, 0.0 ], [ 16.142097, 64.03964, 0.0 ], [ 20.657942, 62.8907, 0.0 ], [ 25.57705, 61.360027, 0.0 ], [ 30.417904, 59.59753, 0.0 ], [ 34.706623, 57.775665, 0.0 ], [ 38.023506, 56.07276, 0.0 ], [ 40.043747, 54.655582, 0.0 ]] 
boundary 0: [[ 41.4837, 71.07248, 0.0 ], [ 40.856663, 70.140236, 0.0 ], [ 38.699116, 68.942375, 0.0 ], [ 35.222183, 67.59617, 0.0 ], [ 30.766287, 66.23337, 0.0 ], [ 25.767475, 64.98745, 0.0 ], [ 20.715168, 63.9803, 0.0 ], [ 16.103836, 63.31052, 0.0 ], [ 12.384949, 63.043648, 0.0 ], [ 9.922497, 63.205826, 0.0 ], [ 8.957543, 63.78126, 0.0 ], [ 9.584529, 64.713524, 0.0 ], [ 11.742095, 65.91139, 0.0 ], [ 15.219007, 67.25758, 0.0 ], [ 19.67497, 68.62041, 0.0 ], [ 24.673822, 69.86634, 0.0 ], [ 29.726103, 70.87353, 0.0 ], [ 34.33741, 71.54327, 0.0 ], [ 38.056324, 71.810135, 0.0 ], [ 40.518784, 71.6479, 0.0 ]] 
boundary 1: [[ 41.483707, 56.92755, 0.0 ], [ 40.51879, 56.352093, 0.0 ], [ 38.05631, 56.189903, 0.0 ], [ 34.33741, 56.45671, 0.0 ], [ 29.726097, 57.126526, 0.0 ], [ 24.673796, 58.1337, 0.0 ], [ 19.674973, 59.37965, 0.0 ], [ 15.219028, 60.742393, 0.0 ], [ 11.742099, 62.088608, 0.0 ], [ 9.584553, 63.286476, 0.0 ], [ 8.957556, 64.21871, 0.0 ], [ 9.922512, 64.794136, 0.0 ], [ 12.384972, 64.95633, 0.0 ], [ 16.103817, 64.68953, 0.0 ], [ 20.715141, 64.01976, 0.0 ], [ 25.767483, 63.012577, 0.0 ], [ 30.766275, 61.76664, 0.0 ], [ 35.222183, 60.403866, 0.0 ], [ 38.69914, 59.05762, 0.0 ], [ 40.85667, 57.859776, 0.0 ]] 
boundary 0: [[ 41.846222, 69.19749, 0.0 ], [ 41.165237, 68.30389, 0.0 ], [ 38.940727, 67.2355, 0.0 ], [ 35.390373, 66.0969, 0.0 ], [ 30.861803, 64.99954, 0.0 ], [ 25.798155, 64.05092, 0.0 ], [ 20.69521, 63.3438, 0.0 ], [ 16.05237, 62.94743, 0.0 ], [ 12.324211, 62.900578, 0.0 ], [ 9.875628, 63.207848, 0.0 ], [ 8.946334, 63.839252, 0.0 ], [ 9.627262, 64.73287, 0.0 ], [ 11.851785, 65.80128, 0.0 ], [ 15.402107, 66.93985, 0.0 ], [ 19.930758, 68.03722, 0.0 ], [ 24.994446, 68.98586, 0.0 ], [ 30.097382, 69.69302, 0.0 ], [ 34.74018, 70.08935, 0.0 ], [ 38.46837, 70.1362, 0.0 ], [ 40.91696, 69.82887, 0.0 ]] 
boundary 1: [[ 41.846222, 58.802544, 0.0 ], [ 40.91697, 58.171124, 0.0 ], [ 38.468353, 57.863842, 0.0 ], [ 34.74018, 57.91062, 0.0 ], [ 30.097368, 58.30703, 0.0 ], [ 24.99442, 59.01417, 0.0 ], [ 19.930758, 59.962826, 0.0 ], [ 15.402132, 61.060135, 0.0 ], [ 11.8517885, 62.19873, 0.0 ], [ 9.627286, 63.26713, 0.0 ], [ 8.946347, 64.160706, 0.0 ], [ 9.875646, 64.792114, 0.0 ], [ 12.324236, 65.0994, 0.0 ], [ 16.052345, 65.05262, 0.0 ], [ 20.695175, 64.656265, 0.0 ], [ 25.798162, 63.94911, 0.0 ], [ 30.861792, 63.000465, 0.0 ], [ 35.390373, 61.90313, 0.0 ], [ 38.940758, 60.76451, 0.0 ], [ 41.165245, 59.69612, 0.0 ]] 
boundary 0: [[ 41.908493, 68.79956, 0.0 ], [ 41.216415, 67.91451, 0.0 ], [ 38.97879, 66.87392, 0.0 ], [ 35.414513, 65.77963, 0.0 ], [ 30.872627, 64.73877, 0.0 ], [ 25.797558, 63.853306, 0.0 ], [ 20.686203, 63.209793, 0.0 ], [ 16.038784, 62.87129, 0.0 ], [ 12.310331, 62.87088, 0.0 ], [ 9.865766, 63.208622, 0.0 ], [ 8.944407, 63.85156, 0.0 ], [ 9.6364155, 64.736626, 0.0 ], [ 11.874074, 65.77724, 0.0 ], [ 15.438309, 66.87152, 0.0 ], [ 19.980274, 67.91237, 0.0 ], [ 25.055387, 68.79786, 0.0 ], [ 30.166739, 69.44141, 0.0 ], [ 34.814117, 69.77986, 0.0 ], [ 38.542587, 69.78027, 0.0 ], [ 40.987186, 69.44247, 0.0 ]] 
boundary 1: [[ 41.908493, 59.200474, 0.0 ], [ 40.987194, 58.557533, 0.0 ], [ 38.542572, 58.21977, 0.0 ], [ 34.814117, 58.2201, 0.0 ], [ 30.166725, 58.55865, 0.0 ], [ 25.05536, 59.202168, 0.0 ], [ 19.980274, 60.087677, 0.0 ], [ 15.4383335, 61.128487, 0.0 ], [ 11.874078, 62.222767, 0.0 ], [ 9.636438, 63.26338, 0.0 ], [ 8.944423, 64.148384, 0.0 ], [ 9.865783, 64.791336, 0.0 ], [ 12.310356, 65.129105, 0.0 ], [ 16.03876, 65.12876, 0.0 ], [ 20.686169, 64.79027, 0.0 ], [ 25.797565, 64.14673, 0.0 ], [ 30.872616, 63.261246, 0.0 ], [ 35.414513, 62.2204, 0.0 ], [ 38.97882, 61.12609, 0.0 ], [ 41.216423, 60.085503, 0.0 ]] 
boundary 0: [[ 41.799534, 69.476494, 0.0 ], [ 41.126366, 68.576965, 0.0 ], [ 38.911316, 67.48917, 0.0 ], [ 35.37104, 66.31955, 0.0 ], [ 30.85225, 65.18261, 0.0 ], [ 25.797098, 64.18972, 0.0 ], [ 20.700539, 63.437977, 0.0 ], [ 16.061342, 63.001015, 0.0 ], [ 12.333741, 62.921543, 0.0 ], [ 9.882562, 63.207367, 0.0 ], [ 8.947778, 63.83062, 0.0 ], [ 9.620863, 64.730156, 0.0 ], [ 11.835952, 65.817986, 0.0 ], [ 15.37618, 66.9876, 0.0 ], [ 19.895056, 68.12453, 0.0 ], [ 24.950253, 69.11743, 0.0 ], [ 30.046804, 69.86922, 0.0 ], [ 34.68595, 70.30614, 0.0 ], [ 38.413574, 70.38561, 0.0 ], [ 40.864796, 70.09972, 0.0 ]] 
boundary 1: [[ 41.799534, 58.523537, 0.0 ], [ 40.864803, 57.900276, 0.0 ], [ 38.41356, 57.614426, 0.0 ], [ 34.68595, 57.69382, 0.0 ], [ 30.046791, 58.130844, 0.0 ], [ 24.950226, 58.88259, 0.0 ], [ 19.895056, 59.87552, 0.0 ], [ 15.3762045, 61.0124, 0.0 ], [ 11.835956, 62.182014, 0.0 ], [ 9.620886, 63.26984, 0.0 ], [ 8.947792, 64.16933, 0.0 ], [ 9.882578, 64.79259, 0.0 ], [ 12.333766, 65.078445, 0.0 ], [ 16.06132, 64.999054, 0.0 ], [ 20.700504, 64.56209, 0.0 ], [ 25.797108, 63.810318, 0.0 ], [ 30.852238, 62.817406, 0.0 ], [ 35.37104, 61.680492, 0.0 ], [ 38.911346, 60.51084, 0.0 ], [ 41.126373, 59.423046, 0.0 ]] 
boundary 0: [[ 41.49874, 71.00514, 0.0 ], [ 40.869682, 70.074234, 0.0 ], [ 38.709606, 68.881, 0.0 ], [ 35.229782, 67.5422, 0.0 ], [ 30.771008, 66.18891, 0.0 ], [ 25.769548, 64.953674, 0.0 ], [ 20.715109, 63.95729, 0.0 ], [ 16.102352, 63.29736, 0.0 ], [ 12.382904, 63.038425, 0.0 ], [ 9.920802, 63.20584, 0.0 ], [ 8.957082, 63.783337, 0.0 ], [ 9.586054, 64.71425, 0.0 ], [ 11.746172, 65.907524, 0.0 ], [ 15.225947, 67.24632, 0.0 ], [ 19.68481, 68.5996, 0.0 ], [ 24.686314, 69.83486, 0.0 ], [ 29.740732, 70.83129, 0.0 ], [ 34.353447, 71.491165, 0.0 ], [ 38.072926, 71.75011, 0.0 ], [ 40.535065, 71.58262, 0.0 ]] 
boundary 1: [[ 41.49875, 56.99489, 0.0 ], [ 40.535072, 56.41738, 0.0 ], [ 38.07291, 56.249935, 0.0 ], [ 34.35344, 56.508797, 0.0 ], [ 29.740726, 57.168793, 0.0 ], [ 24.68629, 58.16516, 0.0 ], [ 19.684814, 59.400444, 0.0 ], [ 15.225973, 60.75369, 0.0 ], [ 11.746176, 62.092476, 0.0 ], [ 9.586077, 63.285748, 0.0 ], [ 8.957091, 64.216606, 0.0 ], [ 9.920817, 64.79411, 0.0 ], [ 12.382927, 64.96156, 0.0 ], [ 16.102331, 64.702705, 0.0 ], [ 20.715076, 64.04278, 0.0 ], [ 25.769562, 63.046375, 0.0 ], [ 30.770996, 61.8111, 0.0 ], [ 35.229782, 60.457836, 0.0 ], [ 38.70964, 59.11901, 0.0 ], [ 40.86969, 57.925777, 0.0 ]] 
boundary 0: [[ 40.943832, 73.15406, 0.0 ], [ 40.380104, 72.182205, 0.0 ], [ 38.306973, 70.84359, 0.0 ], [ 34.927193, 69.26922, 0.0 ], [ 30.571762, 67.613235, 0.0 ], [ 25.666824, 66.03781, 0.0 ], [ 20.692642, 64.69704, 0.0 ], [ 16.136024, 63.722218, 0.0 ], [ 12.443099, 63.208733, 0.0 ], [ 9.975312, 63.206852, 0.0 ], [ 8.974245, 63.71688, 0.0 ], [ 9.537874, 64.68874, 0.0 ], [ 11.611044, 66.027405, 0.0 ], [ 14.990778, 67.60175, 0.0 ], [ 19.346304, 69.25773, 0.0 ], [ 24.251286, 70.83319, 0.0 ], [ 29.225437, 72.17401, 0.0 ], [ 33.78203, 73.148766, 0.0 ], [ 37.474976, 73.66226, 0.0 ], [ 39.942802, 73.66407, 0.0 ]] 
boundary 1: [[ 40.94384, 54.84597, 0.0 ], [ 39.94281, 54.33593, 0.0 ], [ 37.47496, 54.337788, 0.0 ], [ 33.78202, 54.8512, 0.0 ], [ 29.22544, 55.826077, 0.0 ], [ 24.251263, 57.16684, 0.0 ], [ 19.346312, 58.74231, 0.0 ], [ 14.990803, 60.39826, 0.0 ], [ 11.611048, 61.972607, 0.0 ], [ 9.537897, 63.311253, 0.0 ], [ 8.974249, 64.28307, 0.0 ], [ 9.975325, 64.793106, 0.0 ], [ 12.443121, 64.791245, 0.0 ], [ 16.136002, 64.27784, 0.0 ], [ 20.692612, 63.30304, 0.0 ], [ 25.666836, 61.96224, 0.0 ], [ 30.57175, 60.38676, 0.0 ], [ 34.927193, 58.73082, 0.0 ], [ 38.30702, 57.15643, 0.0 ], [ 40.38011, 55.817818, 0.0 ]] 
boundary 0: [[ 40.05797, 75.74539, 0.0 ], [ 39.5785, 74.7293, 0.0 ], [ 37.62608, 73.22008, 0.0 ], [ 34.391655, 71.36535, 0.0 ], [ 30.191977, 69.34673, 0.0 ], [ 25.437946, 67.36189, 0.0 ], [ 20.595066, 65.60501, 0.0 ], [ 16.137281, 64.24809, 0.0 ], [ 12.501055, 63.42395, 0.0 ], [ 10.042279, 63.213245, 0.0 ], [ 9.001641, 63.636738, 0.0 ], [ 9.4810095, 64.65281, 0.0 ], [ 11.433464, 66.162094, 0.0 ], [ 14.6678505, 68.01681, 0.0 ], [ 18.867622, 70.03541, 0.0 ], [ 23.621695, 72.02028, 0.0 ], [ 28.464537, 73.77723, 0.0 ], [ 32.922295, 75.13406, 0.0 ], [ 36.55854, 75.95822, 0.0 ], [ 39.01737, 76.16885, 0.0 ]] 
boundary 1: [[ 40.057983, 52.254646, 0.0 ], [ 39.017376, 51.831142, 0.0 ], [ 36.558533, 52.041824, 0.0 ], [ 32.92228, 52.8659, 0.0 ], [ 28.464546, 54.222866, 0.0 ], [ 23.621672, 55.97974, 0.0 ], [ 18.867634, 57.964626, 0.0 ], [ 14.667875, 59.983204, 0.0 ], [ 11.433469, 61.837906, 0.0 ], [ 9.481031, 63.347183, 0.0 ], [ 9.001643, 64.36322, 0.0 ], [ 10.042288, 64.78671, 0.0 ], [ 12.501076, 64.57603, 0.0 ], [ 16.13726, 63.751957, 0.0 ], [ 20.59504, 62.395073, 0.0 ], [ 25.437958, 60.63815, 0.0 ], [ 30.191965, 58.65326, 0.0 ], [ 34.391655, 56.634697, 0.0 ], [ 37.626125, 54.77995, 0.0 ], [ 39.578506, 53.270706, 0.0 ]] 
boundary 0: [[ 38.80849, 78.54899, 0.0 ], [ 38.427525, 77.49202, 0.0 ], [ 36.62701, 75.80446, 0.0 ], [ 33.583035, 73.65138, 0.0 ], [ 29.593699, 71.24363, 0.0 ], [ 25.049297, 68.81694, 0.0 ], [ 20.39483, 66.608765, 0.0 ], [ 16.085804, 64.835266, 0.0 ], [ 12.544106, 63.67003, 0.0 ], [ 10.116392, 63.22712, 0.0 ], [ 9.040285, 63.55003, 0.0 ], [ 9.421148, 64.60697, 0.0 ], [ 11.221688, 66.2946, 0.0 ], [ 14.265631, 68.447655, 0.0 ], [ 18.255064, 70.85539, 0.0 ], [ 22.799501, 73.28212, 0.0 ], [ 27.453926, 75.490364, 0.0 ], [ 31.762941, 77.26378, 0.0 ], [ 35.30465, 78.42902, 0.0 ], [ 37.73242, 78.87187, 0.0 ]] 
boundary 1: [[ 38.808514, 49.451057, 0.0 ], [ 37.73243, 49.128128, 0.0 ], [ 35.30465, 49.571022, 0.0 ], [ 31.762918, 50.736183, 0.0 ], [ 27.453941, 52.509735, 0.0 ], [ 22.799482, 54.717896, 0.0 ], [ 18.255083, 57.144646, 0.0 ], [ 14.2656555, 59.55236, 0.0 ], [ 11.221693, 61.705395, 0.0 ], [ 9.421168, 63.393017, 0.0 ], [ 9.040283, 64.449936, 0.0 ], [ 10.116394, 64.77283, 0.0 ], [ 12.5441265, 64.32996, 0.0 ], [ 16.085783, 63.164795, 0.0 ], [ 20.394814, 61.391327, 0.0 ], [ 25.049309, 59.183105, 0.0 ], [ 29.593683, 56.756355, 0.0 ], [ 33.583035, 54.348663, 0.0 ], [ 36.627068, 52.195568, 0.0 ], [ 38.42754, 50.508, 0.0 ]] 
boundary 0: [[ 37.21467, 81.35445, 0.0 ], [ 36.940945, 80.264786, 0.0 ], [ 35.31759, 78.406166, 0.0 ], [ 32.50335, 75.960434, 0.0 ], [ 28.773859, 73.16706, 0.0 ], [ 24.493946, 70.299515, 0.0 ], [ 20.082735, 67.63845, 0.0 ], [ 15.971924, 65.44431, 0.0 ], [ 12.563993, 63.93188, 0.0 ], [ 10.192512, 63.24921, 0.0 ], [ 9.08958, 63.46326, 0.0 ], [ 9.363202, 64.5529, 0.0 ], [ 10.986576, 66.41158, 0.0 ], [ 13.800776, 68.8573, 0.0 ], [ 17.530369, 71.65067, 0.0 ], [ 21.810314, 74.51824, 0.0 ], [ 26.221476, 77.17938, 0.0 ], [ 30.332285, 79.37344, 0.0 ], [ 33.740215, 80.88588, 0.0 ], [ 36.11178, 81.56848, 0.0 ]] 
boundary 1: [[ 37.2147, 46.64559, 0.0 ], [ 36.111786, 46.431515, 0.0 ], [ 33.740227, 47.114174, 0.0 ], [ 30.33226, 48.626526, 0.0 ], [ 26.221498, 50.82071, 0.0 ], [ 21.810295, 53.481777, 0.0 ], [ 17.530392, 56.349365, 0.0 ], [ 13.8008, 59.14272, 0.0 ], [ 10.986581, 61.588417, 0.0 ], [ 9.363222, 63.44708, 0.0 ], [ 9.089574, 64.536705, 0.0 ], [ 10.192508, 64.75073, 0.0 ], [ 12.564013, 64.06811, 0.0 ], [ 15.971909, 62.55576, 0.0 ], [ 20.082726, 60.361652, 0.0 ], [ 24.49396, 57.700523, 0.0 ], [ 28.773844, 54.83293, 0.0 ], [ 32.503353, 52.039616, 0.0 ], [ 35.317642, 49.593853, 0.0 ], [ 36.94096, 47.735237, 0.0 ]] 
boundary 0: [[ 35.285316, 84.06801, 0.0 ], [ 35.1251, 82.95599, 0.0 ], [ 33.701492, 80.94027, 0.0 ], [ 31.153692, 78.21809, 0.0 ], [ 27.731236, 75.056, 0.0 ], [ 23.768908, 71.76351, 0.0 ], [ 19.654747, 68.66292, 0.0 ], [ 15.791374, 66.05765, 0.0 ], [ 12.557051, 64.20278, 0.0 ], [ 10.268349, 63.279842, 0.0 ], [ 9.149251, 63.379333, 0.0 ], [ 9.309365, 64.49133, 0.0 ], [ 10.732987, 66.50711, 0.0 ], [ 13.280752, 69.22926, 0.0 ], [ 16.7033, 72.39138, 0.0 ], [ 20.665665, 75.6839, 0.0 ], [ 24.779762, 78.78456, 0.0 ], [ 28.64314, 81.38973, 0.0 ], [ 31.877468, 83.24463, 0.0 ], [ 34.166252, 84.167496, 0.0 ]] 
boundary 1: [[ 35.285347, 43.932022, 0.0 ], [ 34.16626, 43.832497, 0.0 ], [ 31.877487, 44.75543, 0.0 ], [ 28.643114, 46.61023, 0.0 ], [ 24.779795, 49.215534, 0.0 ], [ 20.665646, 52.31614, 0.0 ], [ 16.70333, 55.608658, 0.0 ], [ 13.280777, 58.77075, 0.0 ], [ 10.73299, 61.492886, 0.0 ], [ 9.309383, 63.508636, 0.0 ], [ 9.149241, 64.62063, 0.0 ], [ 10.268339, 64.7201, 0.0 ], [ 12.55707, 63.79721, 0.0 ], [ 15.79137, 61.942413, 0.0 ], [ 19.65475, 59.337193, 0.0 ], [ 23.768929, 56.23653, 0.0 ], [ 27.731216, 52.944, 0.0 ], [ 31.153702, 49.78196, 0.0 ], [ 33.701546, 47.059746, 0.0 ], [ 35.125114, 45.044037, 0.0 ]] 
boundary 0: [[ 33.199196, 86.45324, 0.0 ], [ 33.148598, 85.3309, 0.0 ], [ 31.929136, 83.185486, 0.0 ], [ 29.660038, 80.227, 0.0 ], [ 26.563538, 76.74507, 0.0 ], [ 22.942524, 73.08055, 0.0 ], [ 19.151627, 69.59212, 0.0 ], [ 15.561827, 66.621185, 0.0 ], [ 12.524601, 64.45864, 0.0 ], [ 10.337235, 63.316093, 0.0 ], [ 9.21377, 63.30557, 0.0 ], [ 9.264268, 64.42789, 0.0 ], [ 10.483736, 66.57335, 0.0 ], [ 12.752806, 69.531815, 0.0 ], [ 15.849394, 73.01377, 0.0 ], [ 19.470432, 76.67834, 0.0 ], [ 23.261265, 80.16681, 0.0 ], [ 26.85108, 83.137665, 0.0 ], [ 29.888313, 85.30025, 0.0 ], [ 32.07577, 86.4427, 0.0 ]] 
boundary 1: [[ 33.199226, 41.54679, 0.0 ], [ 32.07578, 41.557278, 0.0 ], [ 29.888336, 42.69982, 0.0 ], [ 26.851051, 44.86231, 0.0 ], [ 23.261307, 47.833267, 0.0 ], [ 19.470423, 51.32171, 0.0 ], [ 15.849425, 54.986267, 0.0 ], [ 12.752831, 58.468193, 0.0 ], [ 10.483739, 61.426643, 0.0 ], [ 9.264282, 63.57208, 0.0 ], [ 9.213758, 64.694405, 0.0 ], [ 10.337217, 64.68385, 0.0 ], [ 12.52462, 63.541355, 0.0 ], [ 15.56183, 61.378876, 0.0 ], [ 19.151642, 58.407993, 0.0 ], [ 22.94255, 54.919502, 0.0 ], [ 26.563519, 51.25493, 0.0 ], [ 29.660051, 47.773056, 0.0 ], [ 31.92919, 44.81453, 0.0 ], [ 33.148613, 42.669136, 0.0 ]] 
boundary 0: [[ 31.156092, 88.3935, 0.0 ], [ 31.203396, 87.27103, 0.0 ], [ 30.175343, 85.0276, 0.0 ], [ 28.172428, 81.8828, 0.0 ], [ 25.390821, 78.14449, 0.0 ], [ 22.102581, 74.17866, 0.0 ], [ 18.629778, 70.37343, 0.0 ], [ 15.312256, 67.10125, 0.0 ], [ 12.474833, 64.68249, 0.0 ], [ 10.395243, 63.353848, 0.0 ], [ 9.276959, 63.24556, 0.0 ], [ 9.229556, 64.36801, 0.0 ], [ 10.257612, 66.611496, 0.0 ], [ 12.260502, 69.75628, 0.0 ], [ 15.042197, 73.494576, 0.0 ], [ 18.330456, 77.46051, 0.0 ], [ 21.803186, 81.265755, 0.0 ], [ 25.120731, 84.53786, 0.0 ], [ 27.958162, 86.95664, 0.0 ], [ 30.037851, 88.28521, 0.0 ]] 
boundary 1: [[ 31.156122, 39.60653, 0.0 ], [ 30.037857, 39.714775, 0.0 ], [ 27.95819, 41.04342, 0.0 ], [ 25.1207, 43.462116, 0.0 ], [ 21.803234, 46.734318, 0.0 ], [ 18.330444, 50.53955, 0.0 ], [ 15.0422325, 54.505436, 0.0 ], [ 12.260529, 58.243725, 0.0 ], [ 10.257614, 61.388496, 0.0 ], [ 9.229569, 63.63195, 0.0 ], [ 9.276945, 64.75442, 0.0 ], [ 10.395219, 64.64608, 0.0 ], [ 12.474852, 63.3175, 0.0 ], [ 15.312265, 60.898815, 0.0 ], [ 18.629807, 57.626675, 0.0 ], [ 22.102615, 53.8214, 0.0 ], [ 25.390802, 49.8555, 0.0 ], [ 28.172447, 46.11726, 0.0 ], [ 30.175398, 42.972412, 0.0 ], [ 31.203413, 40.72901, 0.0 ]] 
boundary 0: [[ 29.348047, 89.85568, 0.0 ], [ 29.475904, 88.73952, 0.0 ], [ 28.611742, 86.42801, 0.0 ], [ 26.840025, 83.14738, 0.0 ], [ 24.334286, 79.21885, 0.0 ], [ 21.339571, 75.026924, 0.0 ], [ 18.149231, 70.981964, 0.0 ], [ 15.075458, 67.47982, 0.0 ], [ 12.4192095, 64.86339, 0.0 ], [ 10.440487, 63.388714, 0.0 ], [ 9.332878, 63.200336, 0.0 ], [ 9.204927, 64.316475, 0.0 ], [ 10.069086, 66.62805, 0.0 ], [ 11.840778, 69.90865, 0.0 ], [ 14.346609, 73.83718, 0.0 ], [ 17.34134, 78.0292, 0.0 ], [ 20.5316, 82.07419, 0.0 ], [ 23.605396, 85.57626, 0.0 ], [ 26.26166, 88.19272, 0.0 ], [ 28.240482, 89.66731, 0.0 ]] 
boundary 1: [[ 29.34808, 38.144325, 0.0 ], [ 28.240488, 38.332664, 0.0 ], [ 26.261692, 39.80734, 0.0 ], [ 23.605366, 42.423706, 0.0 ], [ 20.531654, 45.92588, 0.0 ], [ 17.341328, 49.970863, 0.0 ], [ 14.346643, 54.16281, 0.0 ], [ 11.840805, 58.09135, 0.0 ], [ 10.069087, 61.37195, 0.0 ], [ 9.204938, 63.683483, 0.0 ], [ 9.332864, 64.79964, 0.0 ], [ 10.440458, 64.61121, 0.0 ], [ 12.419228, 63.136604, 0.0 ], [ 15.075474, 60.520256, 0.0 ], [ 18.149265, 57.018143, 0.0 ], [ 21.339607, 52.97311, 0.0 ], [ 24.334267, 48.781147, 0.0 ], [ 26.840046, 44.85266, 0.0 ], [ 28.6118, 41.572, 0.0 ], [ 29.475925, 39.260506, 0.0 ]] 
boundary 0: [[ 27.758978, 90.97579, 0.0 ], [ 27.953686, 89.86932, 0.0 ], [ 27.23001, 87.510056, 0.0 ], [ 25.658667, 84.12887, 0.0 ], [ 23.393574, 80.05685, 0.0 ], [ 20.656212, 75.692505, 0.0 ], [ 17.71475, 71.463135, 0.0 ], [ 14.8570175, 67.78258, 0.0 ], [ 12.362824, 65.01123, 0.0 ], [ 10.47631, 63.4203, 0.0 ], [ 9.382026, 63.16569, 0.0 ], [ 9.187224, 64.272125, 0.0 ], [ 9.91089, 66.631454, 0.0 ], [ 11.482209, 70.0126, 0.0 ], [ 13.747397, 74.08464, 0.0 ], [ 16.484764, 78.44906, 0.0 ], [ 19.426151, 82.67848, 0.0 ], [ 22.283907, 86.35896, 0.0 ], [ 24.778112, 89.13034, 0.0 ], [ 26.664736, 90.72121, 0.0 ]] 
boundary 1: [[ 27.75901, 37.024216, 0.0 ], [ 26.664738, 37.27877, 0.0 ], [ 24.778149, 38.86972, 0.0 ], [ 22.283873, 41.641, 0.0 ], [ 19.426212, 45.32158, 0.0 ], [ 16.484756, 49.550995, 0.0 ], [ 13.747432, 53.91535, 0.0 ], [ 11.482236, 57.98739, 0.0 ], [ 9.910891, 61.36854, 0.0 ], [ 9.187232, 63.727833, 0.0 ], [ 9.38201, 64.83428, 0.0 ], [ 10.476277, 64.57963, 0.0 ], [ 12.362841, 62.988754, 0.0 ], [ 14.857038, 60.21749, 0.0 ], [ 17.71479, 56.536976, 0.0 ], [ 20.65625, 52.30751, 0.0 ], [ 23.393555, 47.94314, 0.0 ], [ 25.65869, 43.871162, 0.0 ], [ 27.230066, 40.48994, 0.0 ], [ 27.953709, 38.130684, 0.0 ]] 
boundary 0: [[ 27.985077, 90.82501, 0.0 ], [ 28.170477, 89.71695, 0.0 ], [ 27.426996, 87.363846, 0.0 ], [ 25.827291, 83.99599, 0.0 ], [ 23.528053, 79.943146, 0.0 ], [ 20.754108, 75.60197, 0.0 ], [ 17.777203, 71.39747, 0.0 ], [ 14.888636, 67.74106, 0.0 ], [ 12.371238, 64.990776, 0.0 ], [ 10.471418, 63.415756, 0.0 ], [ 9.375032, 63.170353, 0.0 ], [ 9.189538, 64.27839, 0.0 ], [ 9.933007, 66.63155, 0.0 ], [ 11.53269, 69.999374, 0.0 ], [ 13.832024, 74.05223, 0.0 ], [ 16.605976, 78.393486, 0.0 ], [ 19.582806, 82.59804, 0.0 ], [ 22.471395, 86.254364, 0.0 ], [ 24.988806, 89.004684, 0.0 ], [ 26.888733, 90.579636, 0.0 ]] 
boundary 1: [[ 27.98511, 37.17499, 0.0 ], [ 26.888735, 37.42034, 0.0 ], [ 24.988842, 38.995377, 0.0 ], [ 22.471361, 41.745594, 0.0 ], [ 19.582867, 45.402023, 0.0 ], [ 16.605967, 49.60657, 0.0 ], [ 13.832058, 53.947765, 0.0 ], [ 11.532717, 58.000618, 0.0 ], [ 9.933008, 61.368446, 0.0 ], [ 9.189546, 63.721573, 0.0 ], [ 9.375018, 64.82962, 0.0 ], [ 10.471386, 64.58417, 0.0 ], [ 12.371254, 63.00921, 0.0 ], [ 14.888655, 60.259007, 0.0 ], [ 17.77724, 56.602642, 0.0 ], [ 20.754147, 52.39805, 0.0 ], [ 23.528034, 48.05684, 0.0 ], [ 25.827314, 44.004044, 0.0 ], [ 27.427053, 40.63615, 0.0 ], [ 28.1705, 38.28306, 0.0 ]] 
boundary 0: [[ 30.252512, 89.15108, 0.0 ], [ 30.340712, 88.03109, 0.0 ], [ 29.39514, 85.75166, 0.0 ], [ 27.508224, 82.53593, 0.0 ], [ 24.864794, 78.698715, 0.0 ], [ 21.723335, 74.61558, 0.0 ], [ 18.391602, 70.686295, 0.0 ], [ 15.195594, 67.29532, 0.0 ], [ 12.448257, 64.77472, 0.0 ], [ 10.418496, 63.37112, 0.0 ], [ 9.304905, 63.22212, 0.0 ], [ 9.216607, 64.34209, 0.0 ], [ 10.162174, 66.62158, 0.0 ], [ 12.049059, 69.837296, 0.0 ], [ 14.692595, 73.67452, 0.0 ], [ 17.83406, 77.757744, 0.0 ], [ 21.165726, 81.687065, 0.0 ], [ 24.361744, 85.07796, 0.0 ], [ 27.109108, 87.59861, 0.0 ], [ 29.138964, 89.00213, 0.0 ]] 
boundary 1: [[ 30.252544, 38.848923, 0.0 ], [ 29.13897, 38.997852, 0.0 ], [ 27.109135, 40.40146, 0.0 ], [ 24.36172, 42.922005, 0.0 ], [ 21.165781, 46.313004, 0.0 ], [ 17.834047, 50.242332, 0.0 ], [ 14.69263, 54.325466, 0.0 ], [ 12.049086, 58.16269, 0.0 ], [ 10.162175, 61.378418, 0.0 ], [ 9.216618, 63.657856, 0.0 ], [ 9.3048935, 64.77785, 0.0 ], [ 10.418469, 64.62881, 0.0 ], [ 12.448273, 63.225277, 0.0 ], [ 15.195606, 60.70475, 0.0 ], [ 18.391628, 57.313816, 0.0 ], [ 21.723372, 53.384438, 0.0 ], [ 24.864775, 49.30129, 0.0 ], [ 27.508244, 45.46411, 0.0 ], [ 29.395197, 42.248325, 0.0 ], [ 30.340734, 39.968918, 0.0 ]] 
boundary 0: [[ 33.094814, 86.56084, 0.0 ], [ 33.049423, 85.43829, 0.0 ], [ 31.83992, 83.28725, 0.0 ], [ 29.584568, 80.31828, 0.0 ], [ 26.50427, 76.82206, 0.0 ], [ 22.900265, 73.140755, 0.0 ], [ 19.125597, 69.63481, 0.0 ], [ 15.549606, 66.64727, 0.0 ], [ 12.522448, 64.47065, 0.0 ], [ 10.340403, 63.317963, 0.0 ], [ 9.216996, 63.302227, 0.0 ], [ 9.26229, 64.42477, 0.0 ], [ 10.471798, 66.57587, 0.0 ], [ 12.727118, 69.54484, 0.0 ], [ 15.807526, 73.04107, 0.0 ], [ 19.411543, 76.72244, 0.0 ], [ 23.186148, 80.228424, 0.0 ], [ 26.762146, 83.2159, 0.0 ], [ 29.789333, 85.39254, 0.0 ], [ 31.97146, 86.545135, 0.0 ]] 
boundary 1: [[ 33.094845, 41.439163, 0.0 ], [ 31.971474, 41.45484, 0.0 ], [ 29.789352, 42.60753, 0.0 ], [ 26.762125, 44.784065, 0.0 ], [ 23.186195, 47.771645, 0.0 ], [ 19.411524, 51.27764, 0.0 ], [ 15.807559, 54.95894, 0.0 ], [ 12.727147, 58.455162, 0.0 ], [ 10.471799, 61.424126, 0.0 ], [ 9.262308, 63.575184, 0.0 ], [ 9.21699, 64.69773, 0.0 ], [ 10.340384, 64.68196, 0.0 ], [ 12.522465, 63.52933, 0.0 ], [ 15.54961, 61.352818, 0.0 ], [ 19.12561, 58.365295, 0.0 ], [ 22.9003, 54.85926, 0.0 ], [ 26.504248, 51.177963, 0.0 ], [ 29.584581, 47.681755, 0.0 ], [ 31.83998, 44.712746, 0.0 ], [ 33.049446, 42.561714, 0.0 ]] 
boundary 0: [[ 36.233116, 82.80871, 0.0 ], [ 36.0189, 81.705864, 0.0 ], [ 34.49875, 79.76188, 0.0 ], [ 31.821333, 77.16712, 0.0 ], [ 28.248875, 74.175575, 0.0 ], [ 24.130787, 71.08008, 0.0 ], [ 19.870426, 68.18367, 0.0 ], [ 15.884683, 65.76975, 0.0 ], [ 12.563818, 64.074684, 0.0 ], [ 10.232858, 63.264362, 0.0 ], [ 9.119934, 63.41827, 0.0 ], [ 9.334047, 64.52115, 0.0 ], [ 10.85421, 66.46516, 0.0 ], [ 13.531596, 69.05992, 0.0 ], [ 17.104168, 72.05147, 0.0 ], [ 21.222284, 75.14704, 0.0 ], [ 25.482578, 78.04351, 0.0 ], [ 29.468323, 80.45735, 0.0 ], [ 32.789215, 82.15242, 0.0 ], [ 35.120247, 82.96265, 0.0 ]] 
boundary 1: [[ 36.233147, 45.19129, 0.0 ], [ 35.120266, 45.037323, 0.0 ], [ 32.789227, 45.84765, 0.0 ], [ 29.468306, 47.54261, 0.0 ], [ 25.482609, 49.956573, 0.0 ], [ 21.222256, 52.853027, 0.0 ], [ 17.104202, 55.94854, 0.0 ], [ 13.531625, 58.940067, 0.0 ], [ 10.854213, 61.53483, 0.0 ], [ 9.334071, 63.478813, 0.0 ], [ 9.119934, 64.58168, 0.0 ], [ 10.232851, 64.73556, 0.0 ], [ 12.563839, 63.92529, 0.0 ], [ 15.884672, 62.230343, 0.0 ], [ 19.870426, 59.816452, 0.0 ], [ 24.130814, 56.91995, 0.0 ], [ 28.24885, 53.824448, 0.0 ], [ 31.821346, 50.83292, 0.0 ], [ 34.49881, 48.23812, 0.0 ], [ 36.018917, 46.29416, 0.0 ]] 
boundary 0: [[ 38.849586, 78.46708, 0.0 ], [ 38.465637, 77.411255, 0.0 ], [ 36.66033, 75.72876, 0.0 ], [ 33.610268, 73.58435, 0.0 ], [ 29.614166, 71.18791, 0.0 ], [ 25.062878, 68.7741, 0.0 ], [ 20.402184, 66.57915, 0.0 ], [ 16.088146, 64.81785, 0.0 ], [ 12.543161, 63.66264, 0.0 ], [ 10.114202, 63.226593, 0.0 ], [ 9.039011, 63.552544, 0.0 ], [ 9.422863, 64.60841, 0.0 ], [ 11.228182, 66.29095, 0.0 ], [ 14.278207, 68.43533, 0.0 ], [ 18.274433, 70.83179, 0.0 ], [ 22.825764, 73.24565, 0.0 ], [ 27.486399, 75.440674, 0.0 ], [ 31.800425, 77.201904, 0.0 ], [ 35.345436, 78.35711, 0.0 ], [ 37.774456, 78.79305, 0.0 ]] 
boundary 1: [[ 38.849617, 49.53293, 0.0 ], [ 37.77447, 49.206913, 0.0 ], [ 35.34543, 49.642956, 0.0 ], [ 31.800413, 50.798054, 0.0 ], [ 27.486412, 52.559406, 0.0 ], [ 22.825722, 54.754406, 0.0 ], [ 18.274467, 57.16825, 0.0 ], [ 14.278238, 59.564644, 0.0 ], [ 11.228186, 61.70905, 0.0 ], [ 9.422895, 63.391552, 0.0 ], [ 9.039016, 64.4474, 0.0 ], [ 10.114205, 64.77334, 0.0 ], [ 12.543191, 64.33733, 0.0 ], [ 16.088121, 63.182247, 0.0 ], [ 20.402164, 61.42097, 0.0 ], [ 25.0629, 59.225937, 0.0 ], [ 29.614136, 56.8121, 0.0 ], [ 33.610283, 54.41569, 0.0 ], [ 36.660393, 52.271248, 0.0 ], [ 38.465645, 50.588764, 0.0 ]] 
boundary 0: [[ 40.569733, 74.33718, 0.0 ], [ 40.04373, 73.344444, 0.0 ], [ 38.02346, 71.92725, 0.0 ], [ 34.706585, 70.22439, 0.0 ], [ 30.417948, 68.40248, 0.0 ], [ 25.577038, 66.64001, 0.0 ], [ 20.657986, 65.109406, 0.0 ], [ 16.142124, 63.96044, 0.0 ], [ 12.471611, 63.305622, 0.0 ], [ 10.005713, 63.20903, 0.0 ], [ 8.985808, 63.68028, 0.0 ], [ 9.51173, 64.67304, 0.0 ], [ 11.532015, 66.09028, 0.0 ], [ 14.848843, 67.79314, 0.0 ], [ 19.137608, 69.615036, 0.0 ], [ 23.978567, 71.37755, 0.0 ], [ 28.89758, 72.90824, 0.0 ], [ 33.413406, 74.05713, 0.0 ], [ 37.08395, 74.71195, 0.0 ], [ 39.54989, 74.808426, 0.0 ]] 
boundary 1: [[ 40.569763, 53.66284, 0.0 ], [ 39.549915, 53.19154, 0.0 ], [ 37.08394, 53.28812, 0.0 ], [ 33.4134, 53.94282, 0.0 ], [ 28.897581, 55.091843, 0.0 ], [ 23.978518, 56.622494, 0.0 ], [ 19.137634, 58.385002, 0.0 ], [ 14.848878, 60.206844, 0.0 ], [ 11.53202, 61.90971, 0.0 ], [ 9.511768, 63.326916, 0.0 ], [ 8.985818, 64.31967, 0.0 ], [ 10.005727, 64.7909, 0.0 ], [ 12.471645, 64.69435, 0.0 ], [ 16.142082, 64.03964, 0.0 ], [ 20.657944, 62.89071, 0.0 ], [ 25.57706, 61.360027, 0.0 ], [ 30.417917, 59.597523, 0.0 ], [ 34.7066, 57.775658, 0.0 ], [ 38.02352, 56.072758, 0.0 ], [ 40.04373, 54.655567, 0.0 ]] 
boundary 0: [[ 41.483715, 71.072464, 0.0 ], [ 40.856655, 70.14027, 0.0 ], [ 38.699093, 68.942406, 0.0 ], [ 35.222153, 67.59621, 0.0 ], [ 30.76632, 66.23337, 0.0 ], [ 25.767475, 64.987465, 0.0 ], [ 20.715195, 63.980347, 0.0 ], [ 16.10385, 63.31055, 0.0 ], [ 12.384952, 63.043663, 0.0 ], [ 9.922494, 63.205795, 0.0 ], [ 8.95754, 63.781254, 0.0 ], [ 9.58452, 64.7135, 0.0 ], [ 11.742097, 65.911385, 0.0 ], [ 15.218995, 67.25758, 0.0 ], [ 19.674953, 68.6204, 0.0 ], [ 24.673857, 69.86634, 0.0 ], [ 29.7261, 70.87354, 0.0 ], [ 34.33741, 71.54327, 0.0 ], [ 38.05634, 71.810165, 0.0 ], [ 40.51882, 71.6479, 0.0 ]] 
boundary 1: [[ 41.483746, 56.927567, 0.0 ], [ 40.518864, 56.352066, 0.0 ], [ 38.056324, 56.189903, 0.0 ], [ 34.337402, 56.456673, 0.0 ], [ 29.726095, 57.126534, 0.0 ], [ 24.673801, 58.13371, 0.0 ], [ 19.674976, 59.379642, 0.0 ], [ 15.219032, 60.742393, 0.0 ], [ 11.742103, 62.0886, 0.0 ], [ 9.584564, 63.286476, 0.0 ], [ 8.957554, 64.218704, 0.0 ], [ 9.922514, 64.79413, 0.0 ], [ 12.384987, 64.956314, 0.0 ], [ 16.103802, 64.68953, 0.0 ], [ 20.715145, 64.01977, 0.0 ], [ 25.767494, 63.012577, 0.0 ], [ 30.766289, 61.766636, 0.0 ], [ 35.22216, 60.40386, 0.0 ], [ 38.699154, 59.057613, 0.0 ], [ 40.856655, 57.85976, 0.0 ]] 
boundary 0: [[ 41.84623, 69.19747, 0.0 ], [ 41.16523, 68.30392, 0.0 ], [ 38.94072, 67.23553, 0.0 ], [ 35.390354, 66.09694, 0.0 ], [ 30.861835, 64.99954, 0.0 ], [ 25.798157, 64.050934, 0.0 ], [ 20.695236, 63.343845, 0.0 ], [ 16.052385, 62.94746, 0.0 ], [ 12.324215, 62.900593, 0.0 ], [ 9.875626, 63.207817, 0.0 ], [ 8.946328, 63.839245, 0.0 ], [ 9.627253, 64.73285, 0.0 ], [ 11.851787, 65.80127, 0.0 ], [ 15.402096, 66.93985, 0.0 ], [ 19.930738, 68.03721, 0.0 ], [ 24.99448, 68.98586, 0.0 ], [ 30.097382, 69.69304, 0.0 ], [ 34.74018, 70.08935, 0.0 ], [ 38.468384, 70.13623, 0.0 ], [ 40.917, 69.82887, 0.0 ]] 
boundary 1: [[ 41.84626, 58.802567, 0.0 ], [ 40.917038, 58.171104, 0.0 ], [ 38.46837, 57.863842, 0.0 ], [ 34.74018, 57.910583, 0.0 ], [ 30.097366, 58.307037, 0.0 ], [ 24.994423, 59.01418, 0.0 ], [ 19.930761, 59.96282, 0.0 ], [ 15.402136, 61.060135, 0.0 ], [ 11.851792, 62.198723, 0.0 ], [ 9.627297, 63.26713, 0.0 ], [ 8.946345, 64.1607, 0.0 ], [ 9.875648, 64.79211, 0.0 ], [ 12.324252, 65.09939, 0.0 ], [ 16.05233, 65.05262, 0.0 ], [ 20.695175, 64.65627, 0.0 ], [ 25.798174, 63.94911, 0.0 ], [ 30.861805, 63.00046, 0.0 ], [ 35.39035, 61.903122, 0.0 ], [ 38.940773, 60.764503, 0.0 ], [ 41.16523, 59.696106, 0.0 ]] 
boundary 0: [[ 41.9085, 68.799545, 0.0 ], [ 41.216408, 67.91454, 0.0 ], [ 38.978783, 66.87395, 0.0 ], [ 35.414497, 65.77967, 0.0 ], [ 30.87266, 64.73877, 0.0 ], [ 25.797562, 63.85332, 0.0 ], [ 20.68623, 63.20984, 0.0 ], [ 16.0388, 62.87132, 0.0 ], [ 12.310335, 62.870895, 0.0 ], [ 9.865761, 63.20859, 0.0 ], [ 8.944402, 63.851555, 0.0 ], [ 9.636404, 64.7366, 0.0 ], [ 11.874076, 65.77723, 0.0 ], [ 15.438297, 66.87152, 0.0 ], [ 19.980255, 67.91236, 0.0 ], [ 25.055422, 68.79786, 0.0 ], [ 30.166739, 69.44142, 0.0 ], [ 34.814117, 69.77986, 0.0 ], [ 38.542603, 69.780304, 0.0 ], [ 40.987225, 69.44247, 0.0 ]] 
boundary 1: [[ 41.90853, 59.200497, 0.0 ], [ 40.987263, 58.557514, 0.0 ], [ 38.542587, 58.21977, 0.0 ], [ 34.814117, 58.220062, 0.0 ], [ 30.166723, 58.55866, 0.0 ], [ 25.055365, 59.20218, 0.0 ], [ 19.980278, 60.08767, 0.0 ], [ 15.438337, 61.128487, 0.0 ], [ 11.874082, 62.22276, 0.0 ], [ 9.63645, 63.26338, 0.0 ], [ 8.944421, 64.14838, 0.0 ], [ 9.865785, 64.791336, 0.0 ], [ 12.310371, 65.12909, 0.0 ], [ 16.038744, 65.12876, 0.0 ], [ 20.686169, 64.790276, 0.0 ], [ 25.797577, 64.14673, 0.0 ], [ 30.87263, 63.26124, 0.0 ], [ 35.41449, 62.220394, 0.0 ], [ 38.978836, 61.126083, 0.0 ], [ 41.216408, 60.085487, 0.0 ]] 
boundary 0: [[ 41.79954, 69.47648, 0.0 ], [ 41.126358, 68.576996, 0.0 ], [ 38.91131, 67.4892, 0.0 ], [ 35.371025, 66.31958, 0.0 ], [ 30.852282, 65.18261, 0.0 ], [ 25.797102, 64.189735, 0.0 ], [ 20.700562, 63.438023, 0.0 ], [ 16.061357, 63.001045, 0.0 ], [ 12.333745, 62.92156, 0.0 ], [ 9.882557, 63.207336, 0.0 ], [ 8.947772, 63.830616, 0.0 ], [ 9.6208515, 64.73013, 0.0 ], [ 11.835954, 65.81798, 0.0 ], [ 15.376168, 66.9876, 0.0 ], [ 19.895037, 68.12452, 0.0 ], [ 24.950287, 69.11743, 0.0 ], [ 30.046804, 69.86923, 0.0 ], [ 34.68595, 70.30614, 0.0 ], [ 38.41359, 70.38564, 0.0 ], [ 40.864834, 70.09972, 0.0 ]] 
boundary 1: [[ 41.799572, 58.52356, 0.0 ], [ 40.864872, 57.900257, 0.0 ], [ 38.413574, 57.614426, 0.0 ], [ 34.68595, 57.693783, 0.0 ], [ 30.04679, 58.13085, 0.0 ], [ 24.95023, 58.8826, 0.0 ], [ 19.89506, 59.87551, 0.0 ], [ 15.376208, 61.0124, 0.0 ], [ 11.835959, 62.182007, 0.0 ], [ 9.620897, 63.26984, 0.0 ], [ 8.94779, 64.16932, 0.0 ], [ 9.88258, 64.79259, 0.0 ], [ 12.333781, 65.07843, 0.0 ], [ 16.061304, 64.999054, 0.0 ], [ 20.700504, 64.562096, 0.0 ], [ 25.79712, 63.810318, 0.0 ], [ 30.852251, 62.817398, 0.0 ], [ 35.371017, 61.680485, 0.0 ], [ 38.91136, 60.510834, 0.0 ], [ 41.126358, 59.42303, 0.0 ]] 
boundary 0: [[ 41.49875, 71.00513, 0.0 ], [ 40.86967, 70.074265, 0.0 ], [ 38.7096, 68.88103, 0.0 ], [ 35.22976, 67.54223, 0.0 ], [ 30.77104, 66.18891, 0.0 ], [ 25.769552, 64.95369, 0.0 ], [ 20.715132, 63.95734, 0.0 ], [ 16.102367, 63.29739, 0.0 ], [ 12.382906, 63.03844, 0.0 ], [ 9.920797, 63.20581, 0.0 ], [ 8.957076, 63.783333, 0.0 ], [ 9.586043, 64.714226, 0.0 ], [ 11.746174, 65.90752, 0.0 ], [ 15.225936, 67.24632, 0.0 ], [ 19.684792, 68.59959, 0.0 ], [ 24.686348, 69.83488, 0.0 ], [ 29.740732, 70.83131, 0.0 ], [ 34.353447, 71.491165, 0.0 ], [ 38.07294, 71.75014, 0.0 ], [ 40.535103, 71.58262, 0.0 ]] 
boundary 1: [[ 41.498787, 56.99491, 0.0 ], [ 40.53514, 56.417355, 0.0 ], [ 38.072926, 56.249935, 0.0 ], [ 34.35344, 56.50876, 0.0 ], [ 29.740726, 57.1688, 0.0 ], [ 24.686295, 58.16517, 0.0 ], [ 19.684818, 59.400436, 0.0 ], [ 15.225977, 60.75369, 0.0 ], [ 11.746178, 62.09247, 0.0 ], [ 9.586088, 63.285748, 0.0 ], [ 8.957088, 64.2166, 0.0 ], [ 9.920819, 64.79411, 0.0 ], [ 12.382942, 64.96155, 0.0 ], [ 16.102316, 64.70271, 0.0 ], [ 20.715076, 64.042786, 0.0 ], [ 25.769573, 63.046375, 0.0 ], [ 30.77101, 61.811092, 0.0 ], [ 35.22976, 60.45783, 0.0 ], [ 38.709652, 59.119, 0.0 ], [ 40.869675, 57.925766, 0.0 ]] 
boundary 0: [[ 40.94384, 73.154045, 0.0 ], [ 40.380085, 72.182236, 0.0 ], [ 38.306965, 70.84362, 0.0 ], [ 34.92717, 69.26924, 0.0 ], [ 30.571795, 67.61324, 0.0 ], [ 25.666828, 66.03783, 0.0 ], [ 20.692657, 64.69709, 0.0 ], [ 16.136034, 63.722248, 0.0 ], [ 12.4431, 63.208748, 0.0 ], [ 9.975308, 63.20682, 0.0 ], [ 8.97424, 63.716877, 0.0 ], [ 9.537866, 64.68872, 0.0 ], [ 11.611046, 66.02739, 0.0 ], [ 14.990767, 67.60175, 0.0 ], [ 19.346285, 69.25771, 0.0 ], [ 24.251316, 70.833206, 0.0 ], [ 29.225437, 72.17403, 0.0 ], [ 33.78203, 73.148766, 0.0 ], [ 37.47499, 73.66229, 0.0 ], [ 39.94284, 73.66407, 0.0 ]] 
boundary 1: [[ 40.94388, 54.845985, 0.0 ], [ 39.94288, 54.335903, 0.0 ], [ 37.474976, 54.337788, 0.0 ], [ 33.782013, 54.851162, 0.0 ], [ 29.22544, 55.826084, 0.0 ], [ 24.251266, 57.166847, 0.0 ], [ 19.346315, 58.742302, 0.0 ], [ 14.990807, 60.39826, 0.0 ], [ 11.611049, 61.9726, 0.0 ], [ 9.537909, 63.311253, 0.0 ], [ 8.974245, 64.283066, 0.0 ], [ 9.975327, 64.793106, 0.0 ], [ 12.443134, 64.79123, 0.0 ], [ 16.135988, 64.27785, 0.0 ], [ 20.692616, 63.303047, 0.0 ], [ 25.666847, 61.96224, 0.0 ], [ 30.571764, 60.386753, 0.0 ], [ 34.92717, 58.730812, 0.0 ], [ 38.30702, 57.156414, 0.0 ], [ 40.380096, 55.81781, 0.0 ]] 
boundary 0: [[ 40.057983, 75.74538, 0.0 ], [ 39.578484, 74.72933, 0.0 ], [ 37.626072, 73.22011, 0.0 ], [ 34.39163, 71.365364, 0.0 ], [ 30.192009, 69.34675, 0.0 ], [ 25.43795, 67.36191, 0.0 ], [ 20.595078, 65.605064, 0.0 ], [ 16.13729, 64.24812, 0.0 ], [ 12.501055, 63.423965, 0.0 ], [ 10.042279, 63.213215, 0.0 ], [ 9.0016365, 63.636734, 0.0 ], [ 9.481005, 64.65279, 0.0 ], [ 11.433468, 66.16208, 0.0 ], [ 14.667839, 68.01681, 0.0 ], [ 18.867603, 70.03539, 0.0 ], [ 23.62172, 72.0203, 0.0 ], [ 28.464537, 73.777245, 0.0 ], [ 32.922295, 75.13406, 0.0 ], [ 36.558556, 75.95825, 0.0 ], [ 39.017406, 76.16885, 0.0 ]] 
boundary 1: [[ 40.05802, 52.254654, 0.0 ], [ 39.01744, 51.831104, 0.0 ], [ 36.558548, 52.041824, 0.0 ], [ 32.92227, 52.86586, 0.0 ], [ 28.464546, 54.222874, 0.0 ], [ 23.621675, 55.979748, 0.0 ], [ 18.867638, 57.96462, 0.0 ], [ 14.667879, 59.983204, 0.0 ], [ 11.433469, 61.8379, 0.0 ], [ 9.481043, 63.347183, 0.0 ], [ 9.001639, 64.36321, 0.0 ], [ 10.04229, 64.78671, 0.0 ], [ 12.501088, 64.57601, 0.0 ], [ 16.137249, 63.751965, 0.0 ], [ 20.595043, 62.39508, 0.0 ], [ 25.43797, 60.63815, 0.0 ], [ 30.191978, 58.65325, 0.0 ], [ 34.391632, 56.63469, 0.0 ], [ 37.626125, 54.779934, 0.0 ], [ 39.57849, 53.2707, 0.0 ]] 
boundary 0: [[ 38.808506, 78.54897, 0.0 ], [ 38.42751, 77.492035, 0.0 ], [ 36.627003, 75.80449, 0.0 ], [ 33.583, 73.65139, 0.0 ], [ 29.593727, 71.243645, 0.0 ], [ 25.049301, 68.816956, 0.0 ], [ 20.39484, 66.60882, 0.0 ], [ 16.085804, 64.8353, 0.0 ], [ 12.544106, 63.670044, 0.0 ], [ 10.116395, 63.22709, 0.0 ], [ 9.04028, 63.550026, 0.0 ], [ 9.4211445, 64.60695, 0.0 ], [ 11.221693, 66.294586, 0.0 ], [ 14.265619, 68.447655, 0.0 ], [ 18.255049, 70.85538, 0.0 ], [ 22.799528, 73.28214, 0.0 ], [ 27.453926, 75.49038, 0.0 ], [ 31.762941, 77.26378, 0.0 ], [ 35.304657, 78.429054, 0.0 ], [ 37.73246, 78.87187, 0.0 ]] 
boundary 1: [[ 38.80855, 49.451065, 0.0 ], [ 37.73249, 49.128082, 0.0 ], [ 35.304665, 49.571022, 0.0 ], [ 31.762905, 50.736145, 0.0 ], [ 27.453941, 52.509743, 0.0 ], [ 22.799486, 54.717903, 0.0 ], [ 18.255087, 57.144638, 0.0 ], [ 14.265659, 59.55236, 0.0 ], [ 11.221693, 61.705387, 0.0 ], [ 9.42118, 63.393017, 0.0 ], [ 9.040278, 64.44993, 0.0 ], [ 10.116396, 64.77283, 0.0 ], [ 12.544136, 64.32995, 0.0 ], [ 16.085772, 63.164803, 0.0 ], [ 20.394817, 61.39133, 0.0 ], [ 25.04932, 59.183098, 0.0 ], [ 29.593697, 56.756348, 0.0 ], [ 33.58301, 54.348663, 0.0 ], [ 36.627056, 52.195553, 0.0 ], [ 38.427517, 50.50799, 0.0 ]] 
boundary 0: [[ 37.214684, 81.35445, 0.0 ], [ 36.94092, 80.2648, 0.0 ], [ 35.31758, 78.4062, 0.0 ], [ 32.50332, 75.960434, 0.0 ], [ 28.773886, 73.167076, 0.0 ], [ 24.493946, 70.29953, 0.0 ], [ 20.082737, 67.638504, 0.0 ], [ 15.971918, 65.44434, 0.0 ], [ 12.563992, 63.931896, 0.0 ], [ 10.192517, 63.249184, 0.0 ], [ 9.089574, 63.463257, 0.0 ], [ 9.363201, 64.55288, 0.0 ], [ 10.986582, 66.41157, 0.0 ], [ 13.800764, 68.85729, 0.0 ], [ 17.530357, 71.65066, 0.0 ], [ 21.81034, 74.51827, 0.0 ], [ 26.221474, 77.1794, 0.0 ], [ 30.332285, 79.37344, 0.0 ], [ 33.740223, 80.88591, 0.0 ], [ 36.111816, 81.56848, 0.0 ]] 
boundary 1: [[ 37.214737, 46.645588, 0.0 ], [ 36.11184, 46.43147, 0.0 ], [ 33.740242, 47.114174, 0.0 ], [ 30.332245, 48.626495, 0.0 ], [ 26.2215, 50.820717, 0.0 ], [ 21.810303, 53.481785, 0.0 ], [ 17.530396, 56.349358, 0.0 ], [ 13.800804, 59.14272, 0.0 ], [ 10.986581, 61.58841, 0.0 ], [ 9.363234, 63.44708, 0.0 ], [ 9.089568, 64.5367, 0.0 ], [ 10.19251, 64.75073, 0.0 ], [ 12.564022, 64.06809, 0.0 ], [ 15.971897, 62.55577, 0.0 ], [ 20.08273, 60.361656, 0.0 ], [ 24.49397, 57.700516, 0.0 ], [ 28.773853, 54.832924, 0.0 ], [ 32.50333, 52.039616, 0.0 ], [ 35.317635, 49.59384, 0.0 ], [ 36.940937, 47.735237, 0.0 ]] 
boundary 0: [[ 35.28533, 84.06801, 0.0 ], [ 35.125076, 82.95599, 0.0 ], [ 33.701477, 80.9403, 0.0 ], [ 31.153662, 78.21808, 0.0 ], [ 27.731256, 75.056015, 0.0 ], [ 23.768908, 71.76353, 0.0 ], [ 19.654749, 68.66297, 0.0 ], [ 15.791367, 66.05768, 0.0 ], [ 12.557049, 64.2028, 0.0 ], [ 10.268358, 63.279816, 0.0 ], [ 9.149245, 63.37933, 0.0 ], [ 9.309367, 64.49131, 0.0 ], [ 10.732995, 66.507095, 0.0 ], [ 13.280741, 69.229256, 0.0 ], [ 16.703295, 72.391365, 0.0 ], [ 20.665684, 75.68393, 0.0 ], [ 24.779758, 78.78458, 0.0 ], [ 28.64314, 81.38973, 0.0 ], [ 31.877472, 83.24466, 0.0 ], [ 34.16629, 84.167496, 0.0 ]] 
boundary 1: [[ 35.285385, 43.93202, 0.0 ], [ 34.166306, 43.832443, 0.0 ], [ 31.877502, 44.755424, 0.0 ], [ 28.643097, 46.6102, 0.0 ], [ 24.779799, 49.21554, 0.0 ], [ 20.665653, 52.31614, 0.0 ], [ 16.703333, 55.608643, 0.0 ], [ 13.280781, 58.770744, 0.0 ], [ 10.73299, 61.492878, 0.0 ], [ 9.309395, 63.508633, 0.0 ], [ 9.149236, 64.62062, 0.0 ], [ 10.268341, 64.7201, 0.0 ], [ 12.5570755, 63.79719, 0.0 ], [ 15.79136, 61.94243, 0.0 ], [ 19.654755, 59.337193, 0.0 ], [ 23.76894, 56.23652, 0.0 ], [ 27.731226, 52.94399, 0.0 ], [ 31.153679, 49.78196, 0.0 ], [ 33.701538, 47.05973, 0.0 ], [ 35.12509, 45.044037, 0.0 ]] 
boundary 0: [[ 33.19921, 86.45324, 0.0 ], [ 33.148575, 85.3309, 0.0 ], [ 31.92912, 83.18552, 0.0 ], [ 29.660007, 80.22698, 0.0 ], [ 26.563559, 76.74509, 0.0 ], [ 22.942524, 73.08057, 0.0 ], [ 19.151623, 69.59216, 0.0 ], [ 15.561818, 66.621216, 0.0 ], [ 12.524599, 64.45866, 0.0 ], [ 10.337245, 63.31607, 0.0 ], [ 9.213764, 63.30556, 0.0 ], [ 9.264271, 64.427864, 0.0 ], [ 10.483745, 66.57333, 0.0 ], [ 12.752795, 69.53181, 0.0 ], [ 15.849386, 73.013756, 0.0 ], [ 19.470448, 76.67837, 0.0 ], [ 23.26126, 80.166824, 0.0 ], [ 26.85108, 83.137665, 0.0 ], [ 29.888313, 85.30028, 0.0 ], [ 32.07581, 86.44272, 0.0 ]] 
boundary 1: [[ 33.199265, 41.54679, 0.0 ], [ 32.075825, 41.55722, 0.0 ], [ 29.888351, 42.699806, 0.0 ], [ 26.851032, 44.862278, 0.0 ], [ 23.26131, 47.833275, 0.0 ], [ 19.47043, 51.32171, 0.0 ], [ 15.849424, 54.98625, 0.0 ], [ 12.752834, 58.468185, 0.0 ], [ 10.483739, 61.426636, 0.0 ], [ 9.264293, 63.572067, 0.0 ], [ 9.213751, 64.6944, 0.0 ], [ 10.337219, 64.68385, 0.0 ], [ 12.524624, 63.541336, 0.0 ], [ 15.561824, 61.37889, 0.0 ], [ 19.151646, 58.407993, 0.0 ], [ 22.942562, 54.919487, 0.0 ], [ 26.563528, 51.25492, 0.0 ], [ 29.660028, 47.773064, 0.0 ], [ 31.929182, 44.814514, 0.0 ], [ 33.14859, 42.669144, 0.0 ]] 
boundary 0: [[ 31.156107, 88.3935, 0.0 ], [ 31.203373, 87.27101, 0.0 ], [ 30.175325, 85.02763, 0.0 ], [ 28.1724, 81.88278, 0.0 ], [ 25.39084, 78.14451, 0.0 ], [ 22.102581, 74.17867, 0.0 ], [ 18.629774, 70.373474, 0.0 ], [ 15.312246, 67.10127, 0.0 ], [ 12.474829, 64.6825, 0.0 ], [ 10.395255, 63.353825, 0.0 ], [ 9.276955, 63.245552, 0.0 ], [ 9.229561, 64.36799, 0.0 ], [ 10.257621, 66.61148, 0.0 ], [ 12.260492, 69.75627, 0.0 ], [ 15.042192, 73.49456, 0.0 ], [ 18.330467, 77.46054, 0.0 ], [ 21.803179, 81.26577, 0.0 ], [ 25.120731, 84.53786, 0.0 ], [ 27.958157, 86.95667, 0.0 ], [ 30.037888, 88.285225, 0.0 ]] 
boundary 1: [[ 31.15616, 39.60652, 0.0 ], [ 30.037897, 39.714706, 0.0 ], [ 27.958204, 41.043404, 0.0 ], [ 25.120678, 43.462086, 0.0 ], [ 21.803238, 46.734325, 0.0 ], [ 18.330452, 50.53955, 0.0 ], [ 15.04223, 54.50542, 0.0 ], [ 12.260532, 58.243717, 0.0 ], [ 10.257613, 61.38849, 0.0 ], [ 9.229577, 63.63194, 0.0 ], [ 9.276937, 64.75441, 0.0 ], [ 10.395221, 64.64608, 0.0 ], [ 12.4748535, 63.317482, 0.0 ], [ 15.31226, 60.89883, 0.0 ], [ 18.62981, 57.626675, 0.0 ], [ 22.102627, 53.821384, 0.0 ], [ 25.39081, 49.85549, 0.0 ], [ 28.172426, 46.117275, 0.0 ], [ 30.175388, 42.972397, 0.0 ], [ 31.20339, 40.72902, 0.0 ]] 
boundary 0: [[ 29.348063, 89.85568, 0.0 ], [ 29.475883, 88.7395, 0.0 ], [ 28.611723, 86.42804, 0.0 ], [ 26.839998, 83.14736, 0.0 ], [ 24.334305, 79.218864, 0.0 ], [ 21.339571, 75.02694, 0.0 ], [ 18.149227, 70.98201, 0.0 ], [ 15.075447, 67.47984, 0.0 ], [ 12.419205, 64.8634, 0.0 ], [ 10.440501, 63.38869, 0.0 ], [ 9.332873, 63.20033, 0.0 ], [ 9.204933, 64.31645, 0.0 ], [ 10.069095, 66.62804, 0.0 ], [ 11.840769, 69.908646, 0.0 ], [ 14.346605, 73.837166, 0.0 ], [ 17.34134, 78.02923, 0.0 ], [ 20.531593, 82.0742, 0.0 ], [ 23.605396, 85.57626, 0.0 ], [ 26.26165, 88.19274, 0.0 ], [ 28.240519, 89.66733, 0.0 ]] 
boundary 1: [[ 29.348118, 38.144318, 0.0 ], [ 28.24052, 38.332596, 0.0 ], [ 26.261702, 39.807316, 0.0 ], [ 23.60534, 42.423676, 0.0 ], [ 20.531658, 45.925888, 0.0 ], [ 17.341335, 49.970863, 0.0 ], [ 14.346642, 54.162796, 0.0 ], [ 11.840809, 58.091343, 0.0 ], [ 10.069085, 61.37194, 0.0 ], [ 9.204944, 63.68347, 0.0 ], [ 9.332854, 64.79963, 0.0 ], [ 10.44046, 64.61121, 0.0 ], [ 12.4192295, 63.136585, 0.0 ], [ 15.075468, 60.52027, 0.0 ], [ 18.14927, 57.018143, 0.0 ], [ 21.339617, 52.973095, 0.0 ], [ 24.334274, 48.78114, 0.0 ], [ 26.840025, 44.852676, 0.0 ], [ 28.611788, 41.571983, 0.0 ], [ 29.475903, 39.260517, 0.0 ]] 
boundary 0: [[ 27.758993, 90.97579, 0.0 ], [ 27.953667, 89.86931, 0.0 ], [ 27.22999, 87.510086, 0.0 ], [ 25.65864, 84.12885, 0.0 ], [ 23.393593, 80.05686, 0.0 ], [ 20.656212, 75.69252, 0.0 ], [ 17.714745, 71.46318, 0.0 ], [ 14.857006, 67.7826, 0.0 ], [ 12.362818, 65.011246, 0.0 ], [ 10.476325, 63.420277, 0.0 ], [ 9.382021, 63.165684, 0.0 ], [ 9.18723, 64.2721, 0.0 ], [ 9.910899, 66.63144, 0.0 ], [ 11.4822, 70.012596, 0.0 ], [ 13.747395, 74.084625, 0.0 ], [ 16.484764, 78.44909, 0.0 ], [ 19.42614, 82.6785, 0.0 ], [ 22.283907, 86.35896, 0.0 ], [ 24.778105, 89.130356, 0.0 ], [ 26.66477, 90.72122, 0.0 ]] 
boundary 1: [[ 27.759048, 37.0242, 0.0 ], [ 26.664768, 37.2787, 0.0 ], [ 24.77816, 38.869698, 0.0 ], [ 22.283844, 41.640976, 0.0 ], [ 19.426216, 45.321587, 0.0 ], [ 16.484764, 49.550995, 0.0 ], [ 13.747429, 53.915337, 0.0 ], [ 11.48224, 57.98738, 0.0 ], [ 9.910889, 61.368534, 0.0 ], [ 9.187237, 63.727818, 0.0 ], [ 9.382, 64.834274, 0.0 ], [ 10.476279, 64.57963, 0.0 ], [ 12.362843, 62.988735, 0.0 ], [ 14.857034, 60.217506, 0.0 ], [ 17.714794, 56.536976, 0.0 ], [ 20.656261, 52.307495, 0.0 ], [ 23.393562, 47.94313, 0.0 ], [ 25.65867, 43.871178, 0.0 ], [ 27.230055, 40.489925, 0.0 ], [ 27.953686, 38.1307, 0.0 ]] 
