boundary 0: [[ 30.937515, 88.58186, 0.0 ], [ 30.994907, 87.45982, 0.0 ], [ 29.986927, 85.20729, 0.0 ], [ 28.012144, 82.04482, 0.0 ], [ 25.263956, 78.2818, 0.0 ], [ 22.011269, 74.286736, 0.0 ], [ 18.572575, 70.45068, 0.0 ], [ 15.284365, 67.149086, 0.0 ], [ 12.468656, 64.70509, 0.0 ], [ 10.400963, 63.358044, 0.0 ], [ 9.283724, 63.239723, 0.0 ], [ 9.226296, 64.36173, 0.0 ], [ 10.234282, 66.61426, 0.0 ], [ 12.209032, 69.776825, 0.0 ], [ 14.957267, 73.53982, 0.0 ], [ 18.209932, 77.53482, 0.0 ], [ 21.648645, 81.370926, 0.0 ], [ 24.93681, 84.67253, 0.0 ], [ 27.75256, 87.11651, 0.0 ], [ 29.8203, 88.46358, 0.0 ]] 
boundary 1: [[ 30.937515, 39.41814, 0.0 ], [ 29.820307, 39.53644, 0.0 ], [ 27.752563, 40.883503, 0.0 ], [ 24.936836, 43.327507, 0.0 ], [ 21.648645, 46.62908, 0.0 ], [ 18.209936, 50.465164, 0.0 ], [ 14.957293, 54.46025, 0.0 ], [ 12.209052, 58.223198, 0.0 ], [ 10.234296, 61.38572, 0.0 ], [ 9.2262945, 63.63824, 0.0 ], [ 9.283711, 64.76026, 0.0 ], [ 10.400967, 64.64196, 0.0 ], [ 12.468664, 63.294907, 0.0 ], [ 15.284386, 60.850933, 0.0 ], [ 18.572556, 57.54931, 0.0 ], [ 22.011263, 53.713226, 0.0 ], [ 25.263952, 49.71815, 0.0 ], [ 28.012184, 45.955215, 0.0 ], [ 29.986895, 42.79269, 0.0 ], [ 30.994905, 40.54015, 0.0 ]] 
boundary 0: [[ 32.661705, 86.99707, 0.0 ], [ 32.637733, 85.873825, 0.0 ], [ 31.469349, 83.70014, 0.0 ], [ 29.270838, 80.68891, 0.0 ], [ 26.257488, 77.13469, 0.0 ], [ 22.724163, 73.385544, 0.0 ], [ 19.016827, 69.80845, 0.0 ], [ 15.498267, 66.75352, 0.0 ], [ 12.5130415, 64.519745, 0.0 ], [ 10.3532715, 63.325882, 0.0 ], [ 9.230398, 63.28874, 0.0 ], [ 9.2543335, 64.41196, 0.0 ], [ 10.422716, 66.585625, 0.0 ], [ 12.621198, 69.596954, 0.0 ], [ 15.634598, 73.15116, 0.0 ], [ 19.167896, 76.900246, 0.0 ], [ 22.875256, 80.477394, 0.0 ], [ 26.393772, 83.53233, 0.0 ], [ 29.379032, 85.76609, 0.0 ], [ 31.538855, 86.95997, 0.0 ]] 
boundary 1: [[ 32.661705, 41.00293, 0.0 ], [ 31.538862, 41.04005, 0.0 ], [ 29.379036, 42.233917, 0.0 ], [ 26.393795, 44.467705, 0.0 ], [ 22.875256, 47.522614, 0.0 ], [ 19.1679, 51.09974, 0.0 ], [ 15.634618, 54.848915, 0.0 ], [ 12.621216, 58.40307, 0.0 ], [ 10.422731, 61.41436, 0.0 ], [ 9.254332, 63.588005, 0.0 ], [ 9.230388, 64.71124, 0.0 ], [ 10.353274, 64.674126, 0.0 ], [ 12.513051, 63.480274, 0.0 ], [ 15.498285, 61.246517, 0.0 ], [ 19.016808, 58.19155, 0.0 ], [ 22.72416, 54.61442, 0.0 ], [ 26.257492, 50.86527, 0.0 ], [ 29.270878, 47.311127, 0.0 ], [ 31.46932, 44.299824, 0.0 ], [ 32.637733, 42.126152, 0.0 ]] 
boundary 0: [[ 34.793022, 84.67462, 0.0 ], [ 34.65979, 83.55905, 0.0 ], [ 33.285286, 81.509476, 0.0 ], [ 30.804016, 78.726616, 0.0 ], [ 27.458893, 75.482704, 0.0 ], [ 23.57729, 72.095436, 0.0 ], [ 19.539253, 68.89634, 0.0 ], [ 15.739943, 66.19854, 0.0 ], [ 12.551391, 64.26607, 0.0 ], [ 10.285634, 63.28819, 0.0 ], [ 9.164479, 63.36056, 0.0 ], [ 9.297674, 64.47611, 0.0 ], [ 10.672163, 66.52567, 0.0 ], [ 13.153425, 69.30863, 0.0 ], [ 16.498592, 72.55252, 0.0 ], [ 20.380169, 75.93973, 0.0 ], [ 24.41823, 79.13888, 0.0 ], [ 28.217497, 81.83667, 0.0 ], [ 31.406082, 83.769135, 0.0 ], [ 33.671898, 84.74704, 0.0 ]] 
boundary 1: [[ 34.793022, 43.325382, 0.0 ], [ 33.671906, 43.25299, 0.0 ], [ 31.406086, 44.230873, 0.0 ], [ 28.217518, 46.16335, 0.0 ], [ 24.41823, 48.861137, 0.0 ], [ 20.380173, 52.06025, 0.0 ], [ 16.498608, 55.447563, 0.0 ], [ 13.15344, 58.6914, 0.0 ], [ 10.672181, 61.474304, 0.0 ], [ 9.297677, 63.523846, 0.0 ], [ 9.16447, 64.63942, 0.0 ], [ 10.285637, 64.71182, 0.0 ], [ 12.5514, 63.733948, 0.0 ], [ 15.739958, 61.801487, 0.0 ], [ 19.539234, 59.103657, 0.0 ], [ 23.57729, 55.904526, 0.0 ], [ 27.458906, 52.51724, 0.0 ], [ 30.80405, 49.273422, 0.0 ], [ 33.285275, 46.49049, 0.0 ], [ 34.65979, 44.44093, 0.0 ]] 
boundary 0: [[ 37.111095, 81.516075, 0.0 ], [ 36.84391, 80.42483, 0.0 ], [ 35.231606, 78.556526, 0.0 ], [ 32.431965, 76.09421, 0.0 ], [ 28.719051, 73.27871, 0.0 ], [ 24.456264, 70.38578, 0.0 ], [ 20.060944, 67.69856, 0.0 ], [ 15.963226, 65.4801, 0.0 ], [ 12.564351, 63.947453, 0.0 ], [ 10.196955, 63.250805, 0.0 ], [ 9.092783, 63.458244, 0.0 ], [ 9.359925, 64.54949, 0.0 ], [ 10.972217, 66.417755, 0.0 ], [ 13.771859, 68.88019, 0.0 ], [ 17.484818, 71.69568, 0.0 ], [ 21.747576, 74.58853, 0.0 ], [ 26.142925, 77.2758, 0.0 ], [ 30.24059, 79.49428, 0.0 ], [ 33.639503, 81.026886, 0.0 ], [ 36.006954, 81.723564, 0.0 ]] 
boundary 1: [[ 37.111095, 46.483917, 0.0 ], [ 36.00696, 46.276463, 0.0 ], [ 33.639503, 46.973114, 0.0 ], [ 30.24061, 48.505753, 0.0 ], [ 26.142918, 50.724213, 0.0 ], [ 21.747581, 53.41144, 0.0 ], [ 17.484818, 56.30442, 0.0 ], [ 13.771871, 59.119843, 0.0 ], [ 10.972236, 61.58221, 0.0 ], [ 9.359934, 63.45046, 0.0 ], [ 9.092776, 64.54173, 0.0 ], [ 10.196957, 64.74919, 0.0 ], [ 12.564358, 64.05255, 0.0 ], [ 15.963237, 62.51994, 0.0 ], [ 20.060925, 60.301426, 0.0 ], [ 24.456264, 57.614185, 0.0 ], [ 28.719074, 54.721237, 0.0 ], [ 32.432, 51.905834, 0.0 ], [ 35.231598, 49.443436, 0.0 ], [ 36.84391, 47.575165, 0.0 ]] 
boundary 0: [[ 39.120705, 77.911896, 0.0 ], [ 38.716713, 76.86359, 0.0 ], [ 36.879574, 75.21583, 0.0 ], [ 33.78912, 73.13014, 0.0 ], [ 29.74785, 70.81048, 0.0 ], [ 25.151318, 68.48404, 0.0 ], [ 20.449535, 66.37853, 0.0 ], [ 16.102633, 64.70005, 0.0 ], [ 12.536229, 63.61277, 0.0 ], [ 10.099386, 63.223328, 0.0 ], [ 9.030627, 63.569714, 0.0 ], [ 9.434584, 64.61804, 0.0 ], [ 11.271697, 66.26575, 0.0 ], [ 14.362167, 68.351555, 0.0 ], [ 18.40348, 70.671196, 0.0 ], [ 22.999977, 72.99756, 0.0 ], [ 27.701792, 75.10313, 0.0 ], [ 32.048645, 76.78164, 0.0 ], [ 35.61508, 77.86886, 0.0 ], [ 38.051987, 78.258316, 0.0 ]] 
boundary 1: [[ 39.120705, 50.08809, 0.0 ], [ 38.051987, 49.741707, 0.0 ], [ 35.61508, 50.13114, 0.0 ], [ 32.04866, 51.2184, 0.0 ], [ 27.701784, 52.89688, 0.0 ], [ 22.99998, 55.002403, 0.0 ], [ 18.403471, 57.3289, 0.0 ], [ 14.362171, 59.648495, 0.0 ], [ 11.271719, 61.73422, 0.0 ], [ 9.434596, 63.381905, 0.0 ], [ 9.030624, 64.43027, 0.0 ], [ 10.099388, 64.776665, 0.0 ], [ 12.536236, 64.387215, 0.0 ], [ 16.102638, 63.299995, 0.0 ], [ 20.449516, 61.621452, 0.0 ], [ 25.151321, 59.515923, 0.0 ], [ 29.747877, 57.189472, 0.0 ], [ 33.789154, 54.8699, 0.0 ], [ 36.87957, 52.78413, 0.0 ], [ 38.716713, 51.13643, 0.0 ]] 
boundary 0: [[ 40.50051, 74.539986, 0.0 ], [ 39.981155, 73.54379, 0.0 ], [ 37.9703, 72.113174, 0.0 ], [ 34.664825, 70.388405, 0.0 ], [ 30.388247, 68.5381, 0.0 ], [ 25.55917, 66.74354, 0.0 ], [ 20.65036, 65.18035, 0.0 ], [ 16.142227, 64.001564, 0.0 ], [ 12.476142, 63.3224, 0.0 ], [ 10.010956, 63.209576, 0.0 ], [ 8.98795, 63.674, 0.0 ], [ 9.50728, 64.67022, 0.0 ], [ 11.518099, 66.10081, 0.0 ], [ 14.823604, 67.82568, 0.0 ], [ 19.100225, 69.675964, 0.0 ], [ 23.929262, 71.47043, 0.0 ], [ 28.838095, 73.03369, 0.0 ], [ 33.34619, 74.212524, 0.0 ], [ 37.0123, 74.89161, 0.0 ], [ 39.477547, 75.00444, 0.0 ]] 
boundary 1: [[ 40.50051, 53.46, 0.0 ], [ 39.477547, 52.99558, 0.0 ], [ 37.0123, 53.10839, 0.0 ], [ 33.346207, 53.78752, 0.0 ], [ 28.838087, 54.966324, 0.0 ], [ 23.929266, 56.529522, 0.0 ], [ 19.1002, 58.32414, 0.0 ], [ 14.823603, 60.174366, 0.0 ], [ 11.518124, 61.899166, 0.0 ], [ 9.507297, 63.32972, 0.0 ], [ 8.987951, 64.32598, 0.0 ], [ 10.01096, 64.79041, 0.0 ], [ 12.476148, 64.67759, 0.0 ], [ 16.142227, 63.99848, 0.0 ], [ 20.650349, 62.819626, 0.0 ], [ 25.559174, 61.256413, 0.0 ], [ 30.388279, 59.46184, 0.0 ], [ 34.66485, 57.611645, 0.0 ], [ 37.9703, 55.886795, 0.0 ], [ 39.98114, 54.456226, 0.0 ]] 
boundary 0: [[ 41.25853, 72.01096, 0.0 ], [ 40.659626, 71.06046, 0.0 ], [ 38.53876, 69.79867, 0.0 ], [ 35.103577, 68.34935, 0.0 ], [ 30.690302, 66.8541, 0.0 ], [ 25.730907, 65.459526, 0.0 ], [ 20.71093, 64.30204, 0.0 ], [ 16.12165, 63.49499, 0.0 ], [ 12.41238, 63.11719, 0.0 ], [ 9.946208, 63.20588, 0.0 ], [ 8.964505, 63.752213, 0.0 ], [ 9.563381, 64.70274, 0.0 ], [ 11.684214, 65.964516, 0.0 ], [ 15.119427, 67.413956, 0.0 ], [ 19.53275, 68.909134, 0.0 ], [ 24.49209, 70.303635, 0.0 ], [ 29.512102, 71.46119, 0.0 ], [ 34.10134, 72.268295, 0.0 ], [ 37.81063, 72.646, 0.0 ], [ 40.276867, 72.55733, 0.0 ]] 
boundary 1: [[ 41.25853, 55.98903, 0.0 ], [ 40.276867, 55.4427, 0.0 ], [ 37.810627, 55.354, 0.0 ], [ 34.101357, 55.73176, 0.0 ], [ 29.51209, 56.53883, 0.0 ], [ 24.492098, 57.69632, 0.0 ], [ 19.532719, 59.090965, 0.0 ], [ 15.119423, 60.5861, 0.0 ], [ 11.684242, 62.035473, 0.0 ], [ 9.563404, 63.297195, 0.0 ], [ 8.964509, 64.24775, 0.0 ], [ 9.946213, 64.794106, 0.0 ], [ 12.412387, 64.88278, 0.0 ], [ 16.12165, 64.50506, 0.0 ], [ 20.710918, 63.697933, 0.0 ], [ 25.730923, 62.54042, 0.0 ], [ 30.690338, 61.145836, 0.0 ], [ 35.103596, 59.650723, 0.0 ], [ 38.53876, 58.2013, 0.0 ], [ 40.659603, 56.939568, 0.0 ]] 
boundary 0: [[ 41.581295, 70.62196, 0.0 ], [ 40.941063, 69.69879, 0.0 ], [ 38.766624, 68.53174, 0.0 ], [ 35.270874, 67.23529, 0.0 ], [ 30.795963, 65.9361, 0.0 ], [ 25.779903, 64.761536, 0.0 ], [ 20.713768, 63.82653, 0.0 ], [ 16.093367, 63.222622, 0.0 ], [ 12.371042, 63.00874, 0.0 ], [ 9.911182, 63.20608, 0.0 ], [ 8.954522, 63.795174, 0.0 ], [ 9.594727, 64.718376, 0.0 ], [ 11.769132, 65.88541, 0.0 ], [ 15.264914, 67.18198, 0.0 ], [ 19.739874, 68.48111, 0.0 ], [ 24.755878, 69.65557, 0.0 ], [ 29.822052, 70.59066, 0.0 ], [ 34.442413, 71.194626, 0.0 ], [ 38.16475, 71.40842, 0.0 ], [ 40.62467, 71.21108, 0.0 ]] 
boundary 1: [[ 41.581295, 57.37803, 0.0 ], [ 40.62467, 56.788948, 0.0 ], [ 38.16475, 56.591595, 0.0 ], [ 34.44243, 56.805435, 0.0 ], [ 29.82204, 57.409367, 0.0 ], [ 24.755886, 58.344383, 0.0 ], [ 19.739838, 59.51901, 0.0 ], [ 15.264909, 60.818096, 0.0 ], [ 11.769162, 62.114586, 0.0 ], [ 9.594753, 63.281567, 0.0 ], [ 8.954527, 64.204796, 0.0 ], [ 9.911187, 64.7939, 0.0 ], [ 12.371052, 64.99123, 0.0 ], [ 16.09336, 64.77742, 0.0 ], [ 20.713757, 64.17343, 0.0 ], [ 25.779922, 63.238396, 0.0 ], [ 30.796003, 62.063843, 0.0 ], [ 35.270897, 60.764774, 0.0 ], [ 38.76663, 59.46823, 0.0 ], [ 40.94104, 58.301235, 0.0 ]] 
boundary 0: [[ 41.642498, 70.32241, 0.0 ], [ 40.99355, 69.405334, 0.0 ], [ 38.808167, 68.25889, 0.0 ], [ 35.30033, 66.99556, 0.0 ], [ 30.813343, 65.73873, 0.0 ], [ 25.786396, 64.611664, 0.0 ], [ 20.711643, 63.7246, 0.0 ], [ 16.08574, 63.16441, 0.0 ], [ 12.361559, 62.985737, 0.0 ], [ 9.903675, 63.20633, 0.0 ], [ 8.952629, 63.804436, 0.0 ], [ 9.601536, 64.72155, 0.0 ], [ 11.786879, 65.867966, 0.0 ], [ 15.2947645, 67.13142, 0.0 ], [ 19.781807, 68.388176, 0.0 ], [ 24.808693, 69.51515, 0.0 ], [ 29.883484, 70.4023, 0.0 ], [ 34.50934, 70.96255, 0.0 ], [ 38.23355, 71.14113, 0.0 ], [ 40.69149, 70.92054, 0.0 ]] 
boundary 1: [[ 41.642498, 57.67758, 0.0 ], [ 40.69149, 57.079483, 0.0 ], [ 38.23355, 56.85888, 0.0 ], [ 34.509354, 57.037514, 0.0 ], [ 29.88347, 57.597725, 0.0 ], [ 24.8087, 58.4848, 0.0 ], [ 19.781765, 59.61194, 0.0 ], [ 15.294756, 60.868652, 0.0 ], [ 11.786909, 62.132034, 0.0 ], [ 9.6015625, 63.278397, 0.0 ], [ 8.952634, 64.19554, 0.0 ], [ 9.90368, 64.79365, 0.0 ], [ 12.36157, 65.01424, 0.0 ], [ 16.085733, 64.83564, 0.0 ], [ 20.711632, 64.275345, 0.0 ], [ 25.786415, 63.38827, 0.0 ], [ 30.813385, 62.261204, 0.0 ], [ 35.300346, 61.004505, 0.0 ], [ 38.808174, 59.741074, 0.0 ], [ 40.993526, 58.594696, 0.0 ]] 
boundary 0: [[ 41.522057, 70.89903, 0.0 ], [ 40.889923, 69.9703, 0.0 ], [ 38.725777, 68.78422, 0.0 ], [ 35.24155, 67.45721, 0.0 ], [ 30.77821, 66.11883, 0.0 ], [ 25.772621, 64.900375, 0.0 ], [ 20.714872, 63.921005, 0.0 ], [ 16.099941, 63.276634, 0.0 ], [ 12.379634, 63.030144, 0.0 ], [ 9.9181385, 63.205917, 0.0 ], [ 8.956355, 63.786606, 0.0 ], [ 9.588444, 64.715385, 0.0 ], [ 11.75254, 65.90142, 0.0 ], [ 15.236824, 67.22858, 0.0 ], [ 19.700226, 68.56687, 0.0 ], [ 24.705757, 69.785255, 0.0 ], [ 29.763533, 70.76469, 0.0 ], [ 34.378418, 71.40912, 0.0 ], [ 38.098755, 71.655525, 0.0 ], [ 40.560318, 71.479744, 0.0 ]] 
boundary 1: [[ 41.522057, 57.100952, 0.0 ], [ 40.560318, 56.520287, 0.0 ], [ 38.098755, 56.34449, 0.0 ], [ 34.378437, 56.590946, 0.0 ], [ 29.76352, 57.235336, 0.0 ], [ 24.705765, 58.21471, 0.0 ], [ 19.700184, 59.433243, 0.0 ], [ 15.236819, 60.771496, 0.0 ], [ 11.75257, 62.098576, 0.0 ], [ 9.58847, 63.284554, 0.0 ], [ 8.956359, 64.21337, 0.0 ], [ 9.918143, 64.79406, 0.0 ], [ 12.379645, 64.96984, 0.0 ], [ 16.099936, 64.72341, 0.0 ], [ 20.71486, 64.07896, 0.0 ], [ 25.772635, 63.09956, 0.0 ], [ 30.77825, 61.881096, 0.0 ], [ 35.241566, 60.54287, 0.0 ], [ 38.725784, 59.215733, 0.0 ], [ 40.889908, 58.02973, 0.0 ]] 
boundary 0: [[ 41.238884, 72.08743, 0.0 ], [ 40.64229, 71.13549, 0.0 ], [ 38.5245, 69.8685, 0.0 ], [ 35.09289, 68.41081, 0.0 ], [ 30.68329, 66.90477, 0.0 ], [ 25.727306, 65.4981, 0.0 ], [ 20.710167, 64.32835, 0.0 ], [ 16.12287, 63.5101, 0.0 ], [ 12.414526, 63.12325, 0.0 ], [ 9.948148, 63.205914, 0.0 ], [ 8.965114, 63.74985, 0.0 ], [ 9.561665, 64.70184, 0.0 ], [ 11.679411, 65.968796, 0.0 ], [ 15.111073, 67.42663, 0.0 ], [ 19.520733, 68.93257, 0.0 ], [ 24.47667, 70.339195, 0.0 ], [ 29.493834, 71.509, 0.0 ], [ 34.08107, 72.3273, 0.0 ], [ 37.789455, 72.71408, 0.0 ], [ 40.255905, 72.6314, 0.0 ]] 
boundary 1: [[ 41.238884, 55.91255, 0.0 ], [ 40.255905, 55.36862, 0.0 ], [ 37.789455, 55.285942, 0.0 ], [ 34.081093, 55.67277, 0.0 ], [ 29.493822, 56.491035, 0.0 ], [ 24.476673, 57.660778, 0.0 ], [ 19.520695, 59.067547, 0.0 ], [ 15.111073, 60.57345, 0.0 ], [ 11.679441, 62.031208, 0.0 ], [ 9.56169, 63.298096, 0.0 ], [ 8.965116, 64.25012, 0.0 ], [ 9.948153, 64.79407, 0.0 ], [ 12.414536, 64.87673, 0.0 ], [ 16.122866, 64.48993, 0.0 ], [ 20.710155, 63.671608, 0.0 ], [ 25.727314, 62.501842, 0.0 ], [ 30.683327, 61.09515, 0.0 ], [ 35.092907, 59.589264, 0.0 ], [ 38.524506, 58.13145, 0.0 ], [ 40.642273, 56.86454, 0.0 ]] 
boundary 0: [[ 40.755318, 73.76981, 0.0 ], [ 40.21111, 72.78699, 0.0 ], [ 38.164993, 71.40723, 0.0 ], [ 34.817307, 69.765976, 0.0 ], [ 30.495672, 68.023476, 0.0 ], [ 25.623085, 66.35068, 0.0 ], [ 20.676598, 64.91111, 0.0 ], [ 16.140316, 63.8458, 0.0 ], [ 12.45834, 63.258816, 0.0 ], [ 9.991103, 63.20788, 0.0 ], [ 8.980069, 63.697815, 0.0 ], [ 9.524225, 64.6807, 0.0 ], [ 11.570301, 66.06041, 0.0 ], [ 14.918037, 67.701836, 0.0 ], [ 19.23973, 69.444214, 0.0 ], [ 24.112278, 71.116974, 0.0 ], [ 29.058779, 72.5566, 0.0 ], [ 33.595005, 73.621956, 0.0 ], [ 37.277023, 74.20886, 0.0 ], [ 39.74433, 74.25978, 0.0 ]] 
boundary 1: [[ 40.755318, 54.230164, 0.0 ], [ 39.74433, 53.740234, 0.0 ], [ 37.277023, 53.791157, 0.0 ], [ 33.595036, 54.37812, 0.0 ], [ 29.058767, 55.443436, 0.0 ], [ 24.11228, 56.882996, 0.0 ], [ 19.2397, 58.555916, 0.0 ], [ 14.918039, 60.298256, 0.0 ], [ 11.570332, 61.939594, 0.0 ], [ 9.524249, 63.319237, 0.0 ], [ 8.98007, 64.30214, 0.0 ], [ 9.991104, 64.79211, 0.0 ], [ 12.458349, 64.74118, 0.0 ], [ 16.140312, 64.154236, 0.0 ], [ 20.676586, 63.08886, 0.0 ], [ 25.623089, 61.649284, 0.0 ], [ 30.495703, 59.97643, 0.0 ], [ 34.81732, 58.234104, 0.0 ], [ 38.165, 56.59271, 0.0 ], [ 40.2111, 55.213047, 0.0 ]] 
boundary 0: [[ 40.026413, 75.825874, 0.0 ], [ 39.549713, 74.808586, 0.0 ], [ 37.601288, 73.29401, 0.0 ], [ 34.37188, 71.43075, 0.0 ], [ 30.177578, 69.400826, 0.0 ], [ 25.428879, 67.40326, 0.0 ], [ 20.590717, 65.633446, 0.0 ], [ 16.13659, 64.26468, 0.0 ], [ 12.502571, 63.430763, 0.0 ], [ 10.044384, 63.213577, 0.0 ], [ 9.002613, 63.63422, 0.0 ], [ 9.479257, 64.651566, 0.0 ], [ 11.427645, 66.1661, 0.0 ], [ 14.6570835, 68.02953, 0.0 ], [ 18.851456, 70.05935, 0.0 ], [ 23.60012, 72.056854, 0.0 ], [ 28.438293, 73.82673, 0.0 ], [ 32.89236, 75.19554, 0.0 ], [ 36.526432, 76.02938, 0.0 ], [ 38.98468, 76.24655, 0.0 ]] 
boundary 1: [[ 40.02641, 52.17411, 0.0 ], [ 38.98468, 51.75346, 0.0 ], [ 36.526432, 51.970634, 0.0 ], [ 32.89239, 52.804543, 0.0 ], [ 28.438288, 54.1733, 0.0 ], [ 23.60012, 55.943127, 0.0 ], [ 18.851435, 57.940796, 0.0 ], [ 14.657091, 59.970573, 0.0 ], [ 11.427676, 61.8339, 0.0 ], [ 9.479279, 63.34837, 0.0 ], [ 9.002612, 64.36573, 0.0 ], [ 10.044385, 64.78641, 0.0 ], [ 12.502581, 64.569244, 0.0 ], [ 16.13659, 63.73535, 0.0 ], [ 20.590702, 62.366528, 0.0 ], [ 25.428879, 60.59669, 0.0 ], [ 30.177605, 58.59909, 0.0 ], [ 34.37191, 56.56933, 0.0 ], [ 37.601295, 54.70594, 0.0 ], [ 39.549706, 53.191452, 0.0 ]] 
boundary 0: [[ 39.020218, 78.120834, 0.0 ], [ 38.623734, 77.069695, 0.0 ], [ 36.798454, 75.40878, 0.0 ], [ 33.72305, 73.301, 0.0 ], [ 29.69853, 70.95237, 0.0 ], [ 25.118788, 68.593056, 0.0 ], [ 20.432217, 66.45387, 0.0 ], [ 16.097462, 64.744286, 0.0 ], [ 12.5389385, 63.631443, 0.0 ], [ 10.104954, 63.224537, 0.0 ], [ 9.033734, 63.563244, 0.0 ], [ 9.4301605, 64.61443, 0.0 ], [ 11.255408, 66.27533, 0.0 ], [ 14.330847, 68.38325, 0.0 ], [ 18.355425, 70.7318, 0.0 ], [ 22.935137, 73.09104, 0.0 ], [ 27.621716, 75.230286, 0.0 ], [ 31.956408, 76.93993, 0.0 ], [ 35.51499, 78.0527, 0.0 ], [ 37.949043, 78.45958, 0.0 ]] 
boundary 1: [[ 39.020218, 49.879143, 0.0 ], [ 37.949043, 49.54043, 0.0 ], [ 35.51499, 49.94733, 0.0 ], [ 31.956446, 51.060158, 0.0 ], [ 27.621716, 52.769745, 0.0 ], [ 22.935133, 54.90893, 0.0 ], [ 18.355412, 57.268356, 0.0 ], [ 14.33086, 59.616856, 0.0 ], [ 11.255441, 61.724674, 0.0 ], [ 9.430179, 63.385494, 0.0 ], [ 9.03373, 64.43671, 0.0 ], [ 10.104954, 64.77545, 0.0 ], [ 12.53895, 64.36856, 0.0 ], [ 16.097462, 63.255753, 0.0 ], [ 20.432194, 61.5461, 0.0 ], [ 25.11878, 59.406902, 0.0 ], [ 29.698551, 57.047546, 0.0 ], [ 33.72308, 54.699066, 0.0 ], [ 36.798454, 52.59118, 0.0 ], [ 38.623726, 50.930347, 0.0 ]] 
boundary 0: [[ 37.737244, 80.50415, 0.0 ], [ 37.43006, 79.42355, 0.0 ], [ 35.75009, 77.61578, 0.0 ], [ 32.861767, 75.25816, 0.0 ], [ 29.047783, 72.581154, 0.0 ], [ 24.681421, 69.84705, 0.0 ], [ 20.19019, 67.32339, 0.0 ], [ 16.013609, 65.25724, 0.0 ], [ 12.560635, 63.850662, 0.0 ], [ 10.169212, 63.241608, 0.0 ], [ 9.073418, 63.489536, 0.0 ], [ 9.380534, 64.5702, 0.0 ], [ 11.06047, 66.37794, 0.0 ], [ 13.948828, 68.73569, 0.0 ], [ 17.76287, 71.41263, 0.0 ], [ 22.129211, 74.146645, 0.0 ], [ 26.620443, 76.67039, 0.0 ], [ 30.796951, 78.7366, 0.0 ], [ 34.25, 80.14308, 0.0 ], [ 36.641495, 80.75214, 0.0 ]] 
boundary 1: [[ 37.737236, 47.495823, 0.0 ], [ 36.641495, 47.24788, 0.0 ], [ 34.25, 47.85695, 0.0 ], [ 30.796999, 49.2635, 0.0 ], [ 26.620443, 51.329655, 0.0 ], [ 22.129208, 53.853325, 0.0 ], [ 17.762875, 56.58753, 0.0 ], [ 13.94885, 59.264412, 0.0 ], [ 11.060503, 61.622074, 0.0 ], [ 9.380544, 63.42973, 0.0 ], [ 9.073407, 64.51042, 0.0 ], [ 10.1692095, 64.75838, 0.0 ], [ 12.560646, 64.149345, 0.0 ], [ 16.013617, 62.742798, 0.0 ], [ 20.190166, 60.67658, 0.0 ], [ 24.681408, 58.152893, 0.0 ], [ 29.047798, 55.418762, 0.0 ], [ 32.861797, 52.741905, 0.0 ], [ 35.75009, 50.384186, 0.0 ], [ 37.43006, 48.576508, 0.0 ]] 
boundary 0: [[ 36.25454, 82.77867, 0.0 ], [ 36.0391, 81.676094, 0.0 ], [ 34.51673, 79.73376, 0.0 ], [ 31.836384, 77.14213, 0.0 ], [ 28.260443, 74.154564, 0.0 ], [ 24.138863, 71.06377, 0.0 ], [ 19.875196, 68.172195, 0.0 ], [ 15.88669, 65.76293, 0.0 ], [ 12.5639, 64.07161, 0.0 ], [ 10.23201, 63.264076, 0.0 ], [ 9.119276, 63.41919, 0.0 ], [ 9.334646, 64.5218, 0.0 ], [ 10.856991, 66.46411, 0.0 ], [ 13.537353, 69.055885, 0.0 ], [ 17.113356, 72.04338, 0.0 ], [ 21.234924, 75.13407, 0.0 ], [ 25.498585, 78.02574, 0.0 ], [ 29.487013, 80.43506, 0.0 ], [ 32.809875, 82.12628, 0.0 ], [ 35.141846, 82.933846, 0.0 ]] 
boundary 1: [[ 36.25453, 45.221313, 0.0 ], [ 35.141846, 45.066177, 0.0 ], [ 32.809883, 45.873745, 0.0 ], [ 29.487072, 47.565037, 0.0 ], [ 25.498589, 49.97431, 0.0 ], [ 21.234917, 52.86589, 0.0 ], [ 17.113377, 55.95678, 0.0 ], [ 13.537382, 58.944214, 0.0 ], [ 10.857024, 61.535892, 0.0 ], [ 9.334647, 63.47812, 0.0 ], [ 9.119263, 64.58076, 0.0 ], [ 10.232005, 64.73594, 0.0 ], [ 12.563911, 63.92839, 0.0 ], [ 15.886703, 62.237103, 0.0 ], [ 19.875172, 59.827766, 0.0 ], [ 24.138844, 56.936165, 0.0 ], [ 28.26045, 53.845345, 0.0 ], [ 31.836424, 50.857944, 0.0 ], [ 34.516724, 48.266216, 0.0 ], [ 36.0391, 46.323967, 0.0 ]] 
boundary 0: [[ 34.721474, 84.76033, 0.0 ], [ 34.592056, 83.64441, 0.0 ], [ 33.224648, 81.59003, 0.0 ], [ 30.753023, 78.79862, 0.0 ], [ 27.419146, 75.54316, 0.0 ], [ 23.549257, 72.1425, 0.0 ], [ 19.52229, 68.929474, 0.0 ], [ 15.732309, 66.218605, 0.0 ], [ 12.550455, 64.27509, 0.0 ], [ 10.288096, 63.28941, 0.0 ], [ 9.166694, 63.357895, 0.0 ], [ 9.2960415, 64.47389, 0.0 ], [ 10.663421, 66.52823, 0.0 ], [ 13.135054, 69.31976, 0.0 ], [ 16.468996, 72.57519, 0.0 ], [ 20.338879, 75.97573, 0.0 ], [ 24.365831, 79.18886, 0.0 ], [ 28.15573, 81.89976, 0.0 ], [ 31.337664, 83.84319, 0.0 ], [ 33.600113, 84.82891, 0.0 ]] 
boundary 1: [[ 34.721466, 43.239635, 0.0 ], [ 33.600113, 43.171112, 0.0 ], [ 31.337671, 44.156822, 0.0 ], [ 28.155794, 46.100327, 0.0 ], [ 24.36584, 48.811195, 0.0 ], [ 20.338871, 52.024242, 0.0 ], [ 16.46903, 55.424973, 0.0 ], [ 13.135089, 58.680325, 0.0 ], [ 10.663454, 61.47177, 0.0 ], [ 9.296036, 63.52605, 0.0 ], [ 9.166676, 64.64206, 0.0 ], [ 10.288093, 64.7106, 0.0 ], [ 12.550468, 63.724922, 0.0 ], [ 15.7323265, 61.781425, 0.0 ], [ 19.522263, 59.070488, 0.0 ], [ 23.549238, 55.85743, 0.0 ], [ 27.419146, 52.456757, 0.0 ], [ 30.753063, 49.20144, 0.0 ], [ 33.22464, 46.409958, 0.0 ], [ 34.59206, 44.35565, 0.0 ]] 
boundary 0: [[ 33.258717, 86.39127, 0.0 ], [ 33.205162, 85.26915, 0.0 ], [ 31.980017, 83.1269, 0.0 ], [ 29.70309, 80.17452, 0.0 ], [ 26.59732, 76.70077, 0.0 ], [ 22.966604, 73.04585, 0.0 ], [ 19.166458, 69.56751, 0.0 ], [ 15.568758, 66.60621, 0.0 ], [ 12.525819, 64.45169, 0.0 ], [ 10.335403, 63.315063, 0.0 ], [ 9.211935, 63.307453, 0.0 ], [ 9.265413, 64.42965, 0.0 ], [ 10.490537, 66.57187, 0.0 ], [ 12.76746, 69.52437, 0.0 ], [ 15.873295, 72.99809, 0.0 ], [ 19.504017, 76.65288, 0.0 ], [ 23.304132, 80.13132, 0.0 ], [ 26.90176, 83.09265, 0.0 ], [ 29.94478, 85.2471, 0.0 ], [ 32.13528, 86.38378, 0.0 ]] 
boundary 1: [[ 33.25871, 41.608696, 0.0 ], [ 32.13528, 41.61624, 0.0 ], [ 29.944788, 42.752914, 0.0 ], [ 26.901829, 44.907433, 0.0 ], [ 23.304148, 47.868725, 0.0 ], [ 19.504005, 51.3471, 0.0 ], [ 15.8733425, 55.00207, 0.0 ], [ 12.7675, 58.47572, 0.0 ], [ 10.49057, 61.42814, 0.0 ], [ 9.265404, 63.570297, 0.0 ], [ 9.211915, 64.692505, 0.0 ], [ 10.3354, 64.684944, 0.0 ], [ 12.525832, 63.548325, 0.0 ], [ 15.568775, 61.39382, 0.0 ], [ 19.166428, 58.432457, 0.0 ], [ 22.96658, 54.954082, 0.0 ], [ 26.597313, 51.29915, 0.0 ], [ 29.703136, 47.82554, 0.0 ], [ 31.98001, 44.873085, 0.0 ], [ 33.205177, 42.73091, 0.0 ]] 
boundary 0: [[ 31.915545, 87.711266, 0.0 ], [ 31.92742, 86.58793, 0.0 ], [ 30.829071, 84.378, 0.0 ], [ 28.727888, 81.298065, 0.0 ], [ 25.829624, 77.649376, 0.0 ], [ 22.417854, 73.7893, 0.0 ], [ 18.826662, 70.095604, 0.0 ], [ 15.407465, 66.929886, 0.0 ], [ 12.495123, 64.60185, 0.0 ], [ 10.374597, 63.339626, 0.0 ], [ 9.253478, 63.266632, 0.0 ], [ 9.241532, 64.39004, 0.0 ], [ 10.339861, 66.599945, 0.0 ], [ 12.4410305, 69.68, 0.0 ], [ 15.339357, 73.32865, 0.0 ], [ 18.751146, 77.18861, 0.0 ], [ 22.342302, 80.88238, 0.0 ], [ 25.761421, 84.04815, 0.0 ], [ 28.673847, 86.3761, 0.0 ], [ 30.794456, 87.63839, 0.0 ]] 
boundary 1: [[ 31.915533, 40.288704, 0.0 ], [ 30.794456, 40.361633, 0.0 ], [ 28.673855, 41.623917, 0.0 ], [ 25.761494, 43.95193, 0.0 ], [ 22.342323, 47.11766, 0.0 ], [ 18.751131, 50.81137, 0.0 ], [ 15.3394165, 54.671513, 0.0 ], [ 12.441072, 58.320087, 0.0 ], [ 10.339894, 61.400063, 0.0 ], [ 9.241519, 63.609913, 0.0 ], [ 9.253455, 64.73333, 0.0 ], [ 10.374593, 64.66038, 0.0 ], [ 12.495136, 63.398155, 0.0 ], [ 15.407485, 61.070156, 0.0 ], [ 18.826632, 57.904358, 0.0 ], [ 22.417824, 54.210648, 0.0 ], [ 25.829613, 50.350533, 0.0 ], [ 28.727938, 46.701992, 0.0 ], [ 30.82906, 43.621994, 0.0 ], [ 31.927435, 41.412125, 0.0 ]] 
boundary 0: [[ 30.764837, 88.72833, 0.0 ], [ 30.830036, 87.60681, 0.0 ], [ 29.837864, 85.34722, 0.0 ], [ 27.885303, 82.17098, 0.0 ], [ 25.163563, 78.38881, 0.0 ], [ 21.938934, 74.37107, 0.0 ], [ 18.527184, 70.51101, 0.0 ], [ 15.262165, 67.18652, 0.0 ], [ 12.463656, 64.72282, 0.0 ], [ 10.405456, 63.361324, 0.0 ], [ 9.289067, 63.235176, 0.0 ], [ 9.223791, 64.35675, 0.0 ], [ 10.215948, 66.6163, 0.0 ], [ 12.168491, 69.79267, 0.0 ], [ 14.890296, 73.57482, 0.0 ], [ 18.11495, 77.59243, 0.0 ], [ 21.526659, 81.452576, 0.0 ], [ 24.7916, 84.77712, 0.0 ], [ 27.590193, 87.24073, 0.0 ], [ 29.648472, 88.60229, 0.0 ]] 
boundary 1: [[ 30.764822, 39.271652, 0.0 ], [ 29.648472, 39.397736, 0.0 ], [ 27.590202, 40.759293, 0.0 ], [ 24.791672, 43.22297, 0.0 ], [ 21.526678, 46.547466, 0.0 ], [ 18.114931, 50.407547, 0.0 ], [ 14.890363, 54.425335, 0.0 ], [ 12.168536, 58.207417, 0.0 ], [ 10.215981, 61.383686, 0.0 ], [ 9.223777, 63.6432, 0.0 ], [ 9.289042, 64.764786, 0.0 ], [ 10.405452, 64.63869, 0.0 ], [ 12.46367, 63.277184, 0.0 ], [ 15.262189, 60.81352, 0.0 ], [ 18.527153, 57.488945, 0.0 ], [ 21.938904, 53.628876, 0.0 ], [ 25.163544, 49.61111, 0.0 ], [ 27.885355, 45.829063, 0.0 ], [ 29.837852, 42.652763, 0.0 ], [ 30.830055, 40.39324, 0.0 ]] 
boundary 0: [[ 30.937277, 88.58203, 0.0 ], [ 30.994629, 87.46008, 0.0 ], [ 29.98668, 85.20749, 0.0 ], [ 28.011951, 82.04498, 0.0 ], [ 25.263824, 78.28194, 0.0 ], [ 22.011175, 74.28685, 0.0 ], [ 18.572512, 70.450745, 0.0 ], [ 15.284321, 67.14918, 0.0 ], [ 12.46865, 64.7051, 0.0 ], [ 10.400977, 63.35804, 0.0 ], [ 9.283733, 63.2397, 0.0 ], [ 9.226303, 64.3617, 0.0 ], [ 10.23424, 66.614265, 0.0 ], [ 12.20895, 69.77689, 0.0 ], [ 14.95714, 73.53992, 0.0 ], [ 18.209816, 77.534874, 0.0 ], [ 21.648438, 81.37106, 0.0 ], [ 24.93655, 84.6727, 0.0 ], [ 27.752306, 87.11667, 0.0 ], [ 29.820057, 88.4638, 0.0 ]] 
boundary 1: [[ 30.937262, 39.417953, 0.0 ], [ 29.820057, 39.536224, 0.0 ], [ 27.752316, 40.883354, 0.0 ], [ 24.936623, 43.327393, 0.0 ], [ 21.648457, 46.628975, 0.0 ], [ 18.209797, 50.4651, 0.0 ], [ 14.957207, 54.460236, 0.0 ], [ 12.208995, 58.22319, 0.0 ], [ 10.234272, 61.385727, 0.0 ], [ 9.22629, 63.638245, 0.0 ], [ 9.28371, 64.76026, 0.0 ], [ 10.400973, 64.641975, 0.0 ], [ 12.468663, 63.2949, 0.0 ], [ 15.284345, 60.850864, 0.0 ], [ 18.572481, 57.54921, 0.0 ], [ 22.011147, 53.713097, 0.0 ], [ 25.263807, 49.71798, 0.0 ], [ 28.012003, 45.955063, 0.0 ], [ 29.986668, 42.792496, 0.0 ], [ 30.994648, 40.53997, 0.0 ]] 
boundary 0: [[ 32.661476, 86.99727, 0.0 ], [ 32.637466, 85.87411, 0.0 ], [ 31.469114, 83.70038, 0.0 ], [ 29.27066, 80.689095, 0.0 ], [ 26.257366, 77.134834, 0.0 ], [ 22.724075, 73.385666, 0.0 ], [ 19.016766, 69.80851, 0.0 ], [ 15.498229, 66.75362, 0.0 ], [ 12.513037, 64.51975, 0.0 ], [ 10.353285, 63.325874, 0.0 ], [ 9.230405, 63.288715, 0.0 ], [ 9.254339, 64.41193, 0.0 ], [ 10.422674, 66.58563, 0.0 ], [ 12.621123, 69.59702, 0.0 ], [ 15.6344795, 73.15126, 0.0 ], [ 19.167786, 76.90031, 0.0 ], [ 22.875053, 80.47754, 0.0 ], [ 26.393524, 83.532524, 0.0 ], [ 29.378792, 85.766266, 0.0 ], [ 31.538628, 86.96019, 0.0 ]] 
boundary 1: [[ 32.66146, 41.002724, 0.0 ], [ 31.538628, 41.03982, 0.0 ], [ 29.3788, 42.233757, 0.0 ], [ 26.393587, 44.467583, 0.0 ], [ 22.875069, 47.522495, 0.0 ], [ 19.167768, 51.099663, 0.0 ], [ 15.634535, 54.848892, 0.0 ], [ 12.62116, 58.403053, 0.0 ], [ 10.422708, 61.414368, 0.0 ], [ 9.254328, 63.58801, 0.0 ], [ 9.230386, 64.71124, 0.0 ], [ 10.35328, 64.67414, 0.0 ], [ 12.513049, 63.480267, 0.0 ], [ 15.498249, 61.246437, 0.0 ], [ 19.016739, 58.191444, 0.0 ], [ 22.724052, 54.61429, 0.0 ], [ 26.257355, 50.86509, 0.0 ], [ 29.270708, 47.310963, 0.0 ], [ 31.469105, 44.299606, 0.0 ], [ 32.63749, 42.125954, 0.0 ]] 
boundary 0: [[ 34.79281, 84.674835, 0.0 ], [ 34.659546, 83.55934, 0.0 ], [ 33.285088, 81.50973, 0.0 ], [ 30.803854, 78.72682, 0.0 ], [ 27.458786, 75.48287, 0.0 ], [ 23.577217, 72.09556, 0.0 ], [ 19.5392, 68.896416, 0.0 ], [ 15.739916, 66.19864, 0.0 ], [ 12.551387, 64.266075, 0.0 ], [ 10.285647, 63.28818, 0.0 ], [ 9.164486, 63.360535, 0.0 ], [ 9.297677, 64.47608, 0.0 ], [ 10.672122, 66.52568, 0.0 ], [ 13.153358, 69.30871, 0.0 ], [ 16.498484, 72.55263, 0.0 ], [ 20.380066, 75.93981, 0.0 ], [ 24.418041, 79.139046, 0.0 ], [ 28.217272, 81.8369, 0.0 ], [ 31.40586, 83.76935, 0.0 ], [ 33.671696, 84.74727, 0.0 ]] 
boundary 1: [[ 34.792793, 43.32514, 0.0 ], [ 33.671696, 43.252735, 0.0 ], [ 31.405869, 44.230682, 0.0 ], [ 28.217323, 46.163216, 0.0 ], [ 24.418053, 48.861004, 0.0 ], [ 20.380047, 52.06017, 0.0 ], [ 16.498524, 55.44753, 0.0 ], [ 13.153387, 58.691376, 0.0 ], [ 10.672157, 61.474308, 0.0 ], [ 9.297673, 63.52385, 0.0 ], [ 9.164468, 64.63942, 0.0 ], [ 10.285641, 64.71184, 0.0 ], [ 12.551398, 63.73394, 0.0 ], [ 15.739929, 61.801403, 0.0 ], [ 19.539177, 59.103542, 0.0 ], [ 23.577198, 55.904377, 0.0 ], [ 27.458782, 52.51705, 0.0 ], [ 30.803898, 49.273243, 0.0 ], [ 33.28508, 46.490257, 0.0 ], [ 34.65957, 44.440712, 0.0 ]] 
boundary 0: [[ 37.110916, 81.51631, 0.0 ], [ 36.84371, 80.425125, 0.0 ], [ 35.23144, 78.55681, 0.0 ], [ 32.43183, 76.09443, 0.0 ], [ 28.718964, 73.278885, 0.0 ], [ 24.456202, 70.38591, 0.0 ], [ 20.060896, 67.698654, 0.0 ], [ 15.963207, 65.4802, 0.0 ], [ 12.564347, 63.94746, 0.0 ], [ 10.196967, 63.25079, 0.0 ], [ 9.092789, 63.458218, 0.0 ], [ 9.359924, 64.54946, 0.0 ], [ 10.972176, 66.41778, 0.0 ], [ 13.771803, 68.88027, 0.0 ], [ 17.484718, 71.695786, 0.0 ], [ 21.747478, 74.58862, 0.0 ], [ 26.14276, 77.27599, 0.0 ], [ 30.240395, 79.49452, 0.0 ], [ 33.639305, 81.02714, 0.0 ], [ 36.006786, 81.723816, 0.0 ]] 
boundary 1: [[ 37.1109, 46.483654, 0.0 ], [ 36.006786, 46.276184, 0.0 ], [ 33.639313, 46.9729, 0.0 ], [ 30.240433, 48.505596, 0.0 ], [ 26.142757, 50.72406, 0.0 ], [ 21.747465, 53.411346, 0.0 ], [ 17.48474, 56.304367, 0.0 ], [ 13.771821, 59.119812, 0.0 ], [ 10.972212, 61.582207, 0.0 ], [ 9.359929, 63.450462, 0.0 ], [ 9.092774, 64.54173, 0.0 ], [ 10.196959, 64.749214, 0.0 ], [ 12.564356, 64.05254, 0.0 ], [ 15.963216, 62.519848, 0.0 ], [ 20.060879, 60.30131, 0.0 ], [ 24.45619, 57.614033, 0.0 ], [ 28.718975, 54.72105, 0.0 ], [ 32.43187, 51.905636, 0.0 ], [ 35.231434, 49.44318, 0.0 ], [ 36.843723, 47.574924, 0.0 ]] 
boundary 0: [[ 39.120567, 77.91216, 0.0 ], [ 38.716545, 76.86389, 0.0 ], [ 36.879448, 75.216125, 0.0 ], [ 33.78902, 73.13039, 0.0 ], [ 29.747786, 70.81065, 0.0 ], [ 25.151272, 68.48417, 0.0 ], [ 20.449497, 66.37863, 0.0 ], [ 16.102627, 64.70015, 0.0 ], [ 12.536226, 63.612778, 0.0 ], [ 10.099395, 63.223312, 0.0 ], [ 9.03063, 63.569687, 0.0 ], [ 9.434575, 64.61801, 0.0 ], [ 11.271658, 66.26578, 0.0 ], [ 14.362122, 68.35164, 0.0 ], [ 18.403399, 70.6713, 0.0 ], [ 22.99989, 72.997665, 0.0 ], [ 27.701654, 75.10333, 0.0 ], [ 32.04848, 76.7819, 0.0 ], [ 35.61491, 77.869125, 0.0 ], [ 38.05185, 78.25859, 0.0 ]] 
boundary 1: [[ 39.120552, 50.087803, 0.0 ], [ 38.05185, 49.74141, 0.0 ], [ 35.61491, 50.13091, 0.0 ], [ 32.048508, 51.218227, 0.0 ], [ 27.701643, 52.896713, 0.0 ], [ 22.999884, 55.002304, 0.0 ], [ 18.4034, 57.328835, 0.0 ], [ 14.362129, 59.648445, 0.0 ], [ 11.271696, 61.734215, 0.0 ], [ 9.43459, 63.381905, 0.0 ], [ 9.0306225, 64.43027, 0.0 ], [ 10.099386, 64.77669, 0.0 ], [ 12.536236, 64.38721, 0.0 ], [ 16.102629, 63.299904, 0.0 ], [ 20.449484, 61.621338, 0.0 ], [ 25.151272, 59.51576, 0.0 ], [ 29.747805, 57.189274, 0.0 ], [ 33.789055, 54.869682, 0.0 ], [ 36.879456, 52.78385, 0.0 ], [ 38.716553, 51.13616, 0.0 ]] 
boundary 0: [[ 40.5004, 74.54027, 0.0 ], [ 39.981018, 73.54411, 0.0 ], [ 37.9702, 72.11348, 0.0 ], [ 34.66474, 70.38866, 0.0 ], [ 30.388203, 68.53828, 0.0 ], [ 25.559135, 66.743675, 0.0 ], [ 20.650337, 65.18045, 0.0 ], [ 16.142227, 64.00166, 0.0 ], [ 12.476138, 63.322407, 0.0 ], [ 10.0109625, 63.20956, 0.0 ], [ 8.98795, 63.673973, 0.0 ], [ 9.507266, 64.67019, 0.0 ], [ 11.518063, 66.10084, 0.0 ], [ 14.823566, 67.82577, 0.0 ], [ 19.100155, 69.67607, 0.0 ], [ 23.92918, 71.47056, 0.0 ], [ 28.837984, 73.03391, 0.0 ], [ 33.346058, 74.2128, 0.0 ], [ 37.01216, 74.89189, 0.0 ], [ 39.47745, 75.004715, 0.0 ]] 
boundary 1: [[ 40.500397, 53.459698, 0.0 ], [ 39.47745, 52.995266, 0.0 ], [ 37.01216, 53.10813, 0.0 ], [ 33.346073, 53.787334, 0.0 ], [ 28.837967, 54.966133, 0.0 ], [ 23.929176, 56.529415, 0.0 ], [ 19.10014, 58.32407, 0.0 ], [ 14.823566, 60.17431, 0.0 ], [ 11.518104, 61.899162, 0.0 ], [ 9.507291, 63.32972, 0.0 ], [ 8.987949, 64.32598, 0.0 ], [ 10.010954, 64.790436, 0.0 ], [ 12.4761505, 64.67758, 0.0 ], [ 16.142225, 63.99839, 0.0 ], [ 20.650326, 62.819504, 0.0 ], [ 25.559147, 61.25625, 0.0 ], [ 30.388227, 59.46164, 0.0 ], [ 34.66478, 57.61142, 0.0 ], [ 37.970207, 55.8865, 0.0 ], [ 39.981026, 54.455944, 0.0 ]] 
boundary 0: [[ 41.25843, 72.011246, 0.0 ], [ 40.659508, 71.06078, 0.0 ], [ 38.538685, 69.79899, 0.0 ], [ 35.10352, 68.3496, 0.0 ], [ 30.690271, 66.85428, 0.0 ], [ 25.730888, 65.45966, 0.0 ], [ 20.71092, 64.302155, 0.0 ], [ 16.121662, 63.49509, 0.0 ], [ 12.412376, 63.117203, 0.0 ], [ 9.946214, 63.205864, 0.0 ], [ 8.964502, 63.752186, 0.0 ], [ 9.563365, 64.70272, 0.0 ], [ 11.684182, 65.96455, 0.0 ], [ 15.119396, 67.41405, 0.0 ], [ 19.532686, 68.90925, 0.0 ], [ 24.492023, 70.30377, 0.0 ], [ 29.512009, 71.461426, 0.0 ], [ 34.101234, 72.26857, 0.0 ], [ 37.81052, 72.646286, 0.0 ], [ 40.276794, 72.55761, 0.0 ]] 
boundary 1: [[ 41.25843, 55.988716, 0.0 ], [ 40.276794, 55.44238, 0.0 ], [ 37.81052, 55.353737, 0.0 ], [ 34.101242, 55.731567, 0.0 ], [ 29.511988, 56.538628, 0.0 ], [ 24.49202, 57.696205, 0.0 ], [ 19.532665, 59.09088, 0.0 ], [ 15.119389, 60.58604, 0.0 ], [ 11.684222, 62.03546, 0.0 ], [ 9.563398, 63.297195, 0.0 ], [ 8.964507, 64.24775, 0.0 ], [ 9.946205, 64.79413, 0.0 ], [ 12.412391, 64.882774, 0.0 ], [ 16.121658, 64.50497, 0.0 ], [ 20.710909, 63.69781, 0.0 ], [ 25.730907, 62.540257, 0.0 ], [ 30.690302, 61.14563, 0.0 ], [ 35.103554, 59.65048, 0.0 ], [ 38.538692, 58.201004, 0.0 ], [ 40.659515, 56.939266, 0.0 ]] 
boundary 0: [[ 41.581207, 70.622246, 0.0 ], [ 40.94096, 69.69913, 0.0 ], [ 38.766563, 68.53206, 0.0 ], [ 35.270832, 67.23555, 0.0 ], [ 30.795942, 65.93628, 0.0 ], [ 25.779892, 64.76167, 0.0 ], [ 20.713764, 63.826645, 0.0 ], [ 16.09338, 63.22272, 0.0 ], [ 12.37104, 63.00875, 0.0 ], [ 9.911185, 63.206066, 0.0 ], [ 8.954519, 63.795147, 0.0 ], [ 9.594709, 64.71835, 0.0 ], [ 11.769102, 65.88544, 0.0 ], [ 15.264889, 67.182076, 0.0 ], [ 19.739815, 68.481224, 0.0 ], [ 24.755814, 69.65571, 0.0 ], [ 29.821968, 70.59091, 0.0 ], [ 34.442314, 71.1949, 0.0 ], [ 38.16465, 71.40871, 0.0 ], [ 40.62462, 71.21136, 0.0 ]] 
boundary 1: [[ 41.581215, 57.377716, 0.0 ], [ 40.624626, 56.788628, 0.0 ], [ 38.16465, 56.59133, 0.0 ], [ 34.442314, 56.80523, 0.0 ], [ 29.82194, 57.40916, 0.0 ], [ 24.755814, 58.34426, 0.0 ], [ 19.739786, 59.51892, 0.0 ], [ 15.264874, 60.818035, 0.0 ], [ 11.769141, 62.114574, 0.0 ], [ 9.594748, 63.281567, 0.0 ], [ 8.954525, 64.204796, 0.0 ], [ 9.911179, 64.79392, 0.0 ], [ 12.3710575, 64.99122, 0.0 ], [ 16.093374, 64.777336, 0.0 ], [ 20.713753, 64.17331, 0.0 ], [ 25.779911, 63.238228, 0.0 ], [ 30.795977, 62.063633, 0.0 ], [ 35.27086, 60.76453, 0.0 ], [ 38.76657, 59.467934, 0.0 ], [ 40.940968, 58.30093, 0.0 ]] 
boundary 0: [[ 41.642406, 70.3227, 0.0 ], [ 40.993458, 69.40567, 0.0 ], [ 38.80811, 68.25921, 0.0 ], [ 35.300293, 66.99582, 0.0 ], [ 30.813326, 65.73892, 0.0 ], [ 25.786385, 64.6118, 0.0 ], [ 20.71164, 63.724716, 0.0 ], [ 16.085754, 63.16451, 0.0 ], [ 12.361559, 62.98575, 0.0 ], [ 9.903678, 63.206314, 0.0 ], [ 8.952627, 63.80441, 0.0 ], [ 9.601519, 64.72153, 0.0 ], [ 11.786848, 65.868, 0.0 ], [ 15.29474, 67.131516, 0.0 ], [ 19.781746, 68.3883, 0.0 ], [ 24.808628, 69.51529, 0.0 ], [ 29.883402, 70.40255, 0.0 ], [ 34.50925, 70.96282, 0.0 ], [ 38.23345, 71.14142, 0.0 ], [ 40.691437, 70.920815, 0.0 ]] 
boundary 1: [[ 41.642414, 57.677265, 0.0 ], [ 40.691444, 57.079163, 0.0 ], [ 38.23345, 56.85862, 0.0 ], [ 34.50924, 57.0373, 0.0 ], [ 29.883371, 57.59752, 0.0 ], [ 24.808632, 58.484676, 0.0 ], [ 19.78172, 59.611847, 0.0 ], [ 15.294724, 60.86859, 0.0 ], [ 11.786888, 62.132023, 0.0 ], [ 9.601557, 63.278397, 0.0 ], [ 8.952632, 64.19554, 0.0 ], [ 9.903671, 64.79367, 0.0 ], [ 12.361576, 65.01423, 0.0 ], [ 16.085747, 64.835556, 0.0 ], [ 20.711632, 64.27522, 0.0 ], [ 25.786404, 63.388103, 0.0 ], [ 30.81336, 62.260998, 0.0 ], [ 35.300316, 61.00426, 0.0 ], [ 38.808117, 59.740776, 0.0 ], [ 40.993465, 58.59439, 0.0 ]] 
boundary 0: [[ 41.521965, 70.89932, 0.0 ], [ 40.889824, 69.970634, 0.0 ], [ 38.72572, 68.78454, 0.0 ], [ 35.241512, 67.457466, 0.0 ], [ 30.778189, 66.119026, 0.0 ], [ 25.772604, 64.90051, 0.0 ], [ 20.714863, 63.92112, 0.0 ], [ 16.099957, 63.276733, 0.0 ], [ 12.379634, 63.030155, 0.0 ], [ 9.918141, 63.205902, 0.0 ], [ 8.956353, 63.78658, 0.0 ], [ 9.588428, 64.71536, 0.0 ], [ 11.752509, 65.90145, 0.0 ], [ 15.236798, 67.228676, 0.0 ], [ 19.700165, 68.56699, 0.0 ], [ 24.705692, 69.78539, 0.0 ], [ 29.763443, 70.76494, 0.0 ], [ 34.37832, 71.40939, 0.0 ], [ 38.098656, 71.655815, 0.0 ], [ 40.56025, 71.48002, 0.0 ]] 
boundary 1: [[ 41.521973, 57.10064, 0.0 ], [ 40.560257, 56.519966, 0.0 ], [ 38.098656, 56.34423, 0.0 ], [ 34.37831, 56.590733, 0.0 ], [ 29.763412, 57.23513, 0.0 ], [ 24.705696, 58.21459, 0.0 ], [ 19.700138, 59.43316, 0.0 ], [ 15.236784, 60.771435, 0.0 ], [ 11.752549, 62.098564, 0.0 ], [ 9.588465, 63.284554, 0.0 ], [ 8.956357, 64.21337, 0.0 ], [ 9.918135, 64.79408, 0.0 ], [ 12.379651, 64.96983, 0.0 ], [ 16.099949, 64.72333, 0.0 ], [ 20.714855, 64.078835, 0.0 ], [ 25.772621, 63.099392, 0.0 ], [ 30.778221, 61.88089, 0.0 ], [ 35.241535, 60.542625, 0.0 ], [ 38.725727, 59.215435, 0.0 ], [ 40.88983, 58.02943, 0.0 ]] 
boundary 0: [[ 41.238785, 72.08772, 0.0 ], [ 40.642178, 71.13582, 0.0 ], [ 38.52443, 69.86882, 0.0 ], [ 35.092834, 68.41107, 0.0 ], [ 30.683262, 66.90497, 0.0 ], [ 25.727283, 65.49824, 0.0 ], [ 20.710152, 64.32846, 0.0 ], [ 16.122883, 63.5102, 0.0 ], [ 12.414526, 63.123257, 0.0 ], [ 9.948151, 63.2059, 0.0 ], [ 8.965113, 63.749825, 0.0 ], [ 9.561648, 64.70182, 0.0 ], [ 11.679379, 65.96883, 0.0 ], [ 15.111044, 67.42672, 0.0 ], [ 19.520672, 68.932686, 0.0 ], [ 24.476599, 70.339325, 0.0 ], [ 29.493736, 71.509224, 0.0 ], [ 34.080967, 72.32756, 0.0 ], [ 37.789337, 72.71436, 0.0 ], [ 40.255814, 72.631676, 0.0 ]] 
boundary 1: [[ 41.238792, 55.91224, 0.0 ], [ 40.25582, 55.368313, 0.0 ], [ 37.789337, 55.285686, 0.0 ], [ 34.080963, 55.672558, 0.0 ], [ 29.493708, 56.490833, 0.0 ], [ 24.476599, 57.660656, 0.0 ], [ 19.520649, 59.067463, 0.0 ], [ 15.1110325, 60.573395, 0.0 ], [ 11.6794195, 62.0312, 0.0 ], [ 9.561685, 63.298096, 0.0 ], [ 8.965114, 64.25012, 0.0 ], [ 9.948144, 64.79409, 0.0 ], [ 12.414542, 64.876724, 0.0 ], [ 16.122875, 64.489845, 0.0 ], [ 20.710144, 63.67149, 0.0 ], [ 25.727293, 62.501675, 0.0 ], [ 30.683289, 61.094944, 0.0 ], [ 35.09287, 59.58902, 0.0 ], [ 38.524437, 58.13116, 0.0 ], [ 40.642185, 56.86425, 0.0 ]] 
boundary 0: [[ 40.755196, 73.770096, 0.0 ], [ 40.210983, 72.78729, 0.0 ], [ 38.164906, 71.40755, 0.0 ], [ 34.817238, 69.76622, 0.0 ], [ 30.495628, 68.023674, 0.0 ], [ 25.623053, 66.350815, 0.0 ], [ 20.676579, 64.911224, 0.0 ], [ 16.140322, 63.8459, 0.0 ], [ 12.45834, 63.258823, 0.0 ], [ 9.991106, 63.207863, 0.0 ], [ 8.980071, 63.69779, 0.0 ], [ 9.52421, 64.68067, 0.0 ], [ 11.570269, 66.06044, 0.0 ], [ 14.918003, 67.70193, 0.0 ], [ 19.239662, 69.44432, 0.0 ], [ 24.112204, 71.1171, 0.0 ], [ 29.05867, 72.556816, 0.0 ], [ 33.594887, 73.622215, 0.0 ], [ 37.276894, 74.209145, 0.0 ], [ 39.74423, 74.260056, 0.0 ]] 
boundary 1: [[ 40.755203, 54.22986, 0.0 ], [ 39.744236, 53.73992, 0.0 ], [ 37.276894, 53.79091, 0.0 ], [ 33.594887, 54.377907, 0.0 ], [ 29.058645, 55.443245, 0.0 ], [ 24.112204, 56.882877, 0.0 ], [ 19.23965, 58.555832, 0.0 ], [ 14.917997, 60.298203, 0.0 ], [ 11.570311, 61.939587, 0.0 ], [ 9.524243, 63.319237, 0.0 ], [ 8.980068, 64.30214, 0.0 ], [ 9.991098, 64.79212, 0.0 ], [ 12.458355, 64.74117, 0.0 ], [ 16.140314, 64.15415, 0.0 ], [ 20.676567, 63.08874, 0.0 ], [ 25.62306, 61.649117, 0.0 ], [ 30.495655, 59.976223, 0.0 ], [ 34.817276, 58.23386, 0.0 ], [ 38.164913, 56.59242, 0.0 ], [ 40.211, 55.21276, 0.0 ]] 
boundary 0: [[ 40.026268, 75.82615, 0.0 ], [ 39.54957, 74.80888, 0.0 ], [ 37.601177, 73.29433, 0.0 ], [ 34.3718, 71.43099, 0.0 ], [ 30.177525, 69.40102, 0.0 ], [ 25.428839, 67.40339, 0.0 ], [ 20.590687, 65.63356, 0.0 ], [ 16.136587, 64.264786, 0.0 ], [ 12.502571, 63.43077, 0.0 ], [ 10.044387, 63.213562, 0.0 ], [ 9.002619, 63.634193, 0.0 ], [ 9.479242, 64.651535, 0.0 ], [ 11.427609, 66.16613, 0.0 ], [ 14.6570425, 68.029625, 0.0 ], [ 18.851377, 70.05945, 0.0 ], [ 23.60004, 72.05698, 0.0 ], [ 28.438171, 73.826935, 0.0 ], [ 32.89222, 75.19577, 0.0 ], [ 36.526268, 76.02965, 0.0 ], [ 38.98456, 76.246826, 0.0 ]] 
boundary 1: [[ 40.026276, 52.173813, 0.0 ], [ 38.98456, 51.75316, 0.0 ], [ 36.526276, 51.970398, 0.0 ], [ 32.892235, 52.804333, 0.0 ], [ 28.438154, 54.173122, 0.0 ], [ 23.600037, 55.94301, 0.0 ], [ 18.85138, 57.940712, 0.0 ], [ 14.657044, 59.970524, 0.0 ], [ 11.427654, 61.833893, 0.0 ], [ 9.479273, 63.34837, 0.0 ], [ 9.00261, 64.36573, 0.0 ], [ 10.044379, 64.78642, 0.0 ], [ 12.502586, 64.56924, 0.0 ], [ 16.136585, 63.735268, 0.0 ], [ 20.590672, 62.366413, 0.0 ], [ 25.428835, 60.596523, 0.0 ], [ 30.17754, 58.598885, 0.0 ], [ 34.371845, 56.569088, 0.0 ], [ 37.601173, 54.705654, 0.0 ], [ 39.549583, 53.19117, 0.0 ]] 
boundary 0: [[ 39.020058, 78.1211, 0.0 ], [ 38.623566, 77.06999, 0.0 ], [ 36.798325, 75.40908, 0.0 ], [ 33.72294, 73.30124, 0.0 ], [ 29.698462, 70.95256, 0.0 ], [ 25.118732, 68.593185, 0.0 ], [ 20.432175, 66.45397, 0.0 ], [ 16.097452, 64.74439, 0.0 ], [ 12.5389385, 63.63145, 0.0 ], [ 10.104958, 63.22452, 0.0 ], [ 9.033744, 63.563217, 0.0 ], [ 9.430151, 64.6144, 0.0 ], [ 11.255372, 66.27535, 0.0 ], [ 14.330797, 68.38334, 0.0 ], [ 18.35534, 70.73188, 0.0 ], [ 22.935047, 73.09115, 0.0 ], [ 27.62158, 75.23049, 0.0 ], [ 31.956245, 76.94014, 0.0 ], [ 35.514805, 78.05295, 0.0 ], [ 37.948895, 78.459854, 0.0 ]] 
boundary 1: [[ 39.02005, 49.878853, 0.0 ], [ 37.948895, 49.54014, 0.0 ], [ 35.51482, 49.947098, 0.0 ], [ 31.95626, 51.059963, 0.0 ], [ 27.62157, 52.769577, 0.0 ], [ 22.93504, 54.908825, 0.0 ], [ 18.355356, 57.268272, 0.0 ], [ 14.330808, 59.616806, 0.0 ], [ 11.255418, 61.72467, 0.0 ], [ 9.430173, 63.385494, 0.0 ], [ 9.033728, 64.43671, 0.0 ], [ 10.104949, 64.77547, 0.0 ], [ 12.538954, 64.36855, 0.0 ], [ 16.097458, 63.25567, 0.0 ], [ 20.432156, 61.545986, 0.0 ], [ 25.118729, 59.40674, 0.0 ], [ 29.698471, 57.04734, 0.0 ], [ 33.722992, 54.698826, 0.0 ], [ 36.798317, 52.590897, 0.0 ], [ 38.62358, 50.930077, 0.0 ]] 
boundary 0: [[ 37.737053, 80.50442, 0.0 ], [ 37.429863, 79.4238, 0.0 ], [ 35.74994, 77.616066, 0.0 ], [ 32.861626, 75.25839, 0.0 ], [ 29.047699, 72.581345, 0.0 ], [ 24.68135, 69.84718, 0.0 ], [ 20.190136, 67.32349, 0.0 ], [ 16.013596, 65.25735, 0.0 ], [ 12.560634, 63.85067, 0.0 ], [ 10.169216, 63.241592, 0.0 ], [ 9.073429, 63.489513, 0.0 ], [ 9.380526, 64.57017, 0.0 ], [ 11.06043, 66.37795, 0.0 ], [ 13.94877, 68.73578, 0.0 ], [ 17.76278, 71.412704, 0.0 ], [ 22.129108, 74.14674, 0.0 ], [ 26.620289, 76.67058, 0.0 ], [ 30.796774, 78.73679, 0.0 ], [ 34.249794, 80.1433, 0.0 ], [ 36.64131, 80.752396, 0.0 ]] 
boundary 1: [[ 37.737045, 47.495544, 0.0 ], [ 36.64131, 47.24761, 0.0 ], [ 34.249817, 47.856728, 0.0 ], [ 30.796799, 49.263325, 0.0 ], [ 26.620293, 51.3295, 0.0 ], [ 22.129097, 53.853233, 0.0 ], [ 17.762808, 56.58745, 0.0 ], [ 13.948793, 59.264362, 0.0 ], [ 11.06048, 61.62207, 0.0 ], [ 9.380538, 63.429733, 0.0 ], [ 9.073405, 64.51042, 0.0 ], [ 10.169208, 64.75839, 0.0 ], [ 12.56065, 64.14934, 0.0 ], [ 16.013603, 62.742714, 0.0 ], [ 20.190117, 60.676468, 0.0 ], [ 24.681343, 58.152733, 0.0 ], [ 29.047703, 55.418556, 0.0 ], [ 32.861687, 52.741676, 0.0 ], [ 35.74993, 50.38391, 0.0 ], [ 37.429886, 48.576244, 0.0 ]] 
boundary 0: [[ 36.25432, 82.778915, 0.0 ], [ 36.038887, 81.67632, 0.0 ], [ 34.516552, 79.734024, 0.0 ], [ 31.836227, 77.14234, 0.0 ], [ 28.260345, 74.154755, 0.0 ], [ 24.138779, 71.063896, 0.0 ], [ 19.875137, 68.172295, 0.0 ], [ 15.886669, 65.76304, 0.0 ], [ 12.563898, 64.07162, 0.0 ], [ 10.232014, 63.26406, 0.0 ], [ 9.119289, 63.419167, 0.0 ], [ 9.334639, 64.52177, 0.0 ], [ 10.85695, 66.46413, 0.0 ], [ 13.537288, 69.05598, 0.0 ], [ 17.113258, 72.04346, 0.0 ], [ 21.23481, 75.13417, 0.0 ], [ 25.498415, 78.025894, 0.0 ], [ 29.48682, 80.435234, 0.0 ], [ 32.80966, 82.1265, 0.0 ], [ 35.141632, 82.934074, 0.0 ]] 
boundary 1: [[ 36.25431, 45.221054, 0.0 ], [ 35.141632, 45.065926, 0.0 ], [ 32.80969, 45.873535, 0.0 ], [ 29.486855, 47.56488, 0.0 ], [ 25.498426, 49.974163, 0.0 ], [ 21.234798, 52.865807, 0.0 ], [ 17.1133, 55.956707, 0.0 ], [ 13.537324, 58.94417, 0.0 ], [ 10.857001, 61.53589, 0.0 ], [ 9.334641, 63.478123, 0.0 ], [ 9.119261, 64.58076, 0.0 ], [ 10.232005, 64.735954, 0.0 ], [ 12.563915, 63.928383, 0.0 ], [ 15.886681, 62.23702, 0.0 ], [ 19.875113, 59.827663, 0.0 ], [ 24.138767, 56.936012, 0.0 ], [ 28.260338, 53.845146, 0.0 ], [ 31.83629, 50.857727, 0.0 ], [ 34.516544, 48.265957, 0.0 ], [ 36.03891, 46.323723, 0.0 ]] 
boundary 0: [[ 34.72124, 84.760574, 0.0 ], [ 34.59182, 83.64462, 0.0 ], [ 33.22445, 81.59027, 0.0 ], [ 30.752848, 78.798836, 0.0 ], [ 27.419035, 75.543335, 0.0 ], [ 23.549168, 72.142624, 0.0 ], [ 19.522224, 68.92956, 0.0 ], [ 15.732279, 66.21871, 0.0 ], [ 12.550453, 64.2751, 0.0 ], [ 10.2881, 63.289394, 0.0 ], [ 9.166707, 63.357876, 0.0 ], [ 9.296036, 64.47386, 0.0 ], [ 10.663379, 66.528244, 0.0 ], [ 13.134979, 69.31985, 0.0 ], [ 16.468893, 72.575264, 0.0 ], [ 20.338753, 75.975815, 0.0 ], [ 24.365654, 79.188995, 0.0 ], [ 28.155523, 81.89992, 0.0 ], [ 31.337433, 83.8434, 0.0 ], [ 33.599876, 84.82912, 0.0 ]] 
boundary 1: [[ 34.721233, 43.239395, 0.0 ], [ 33.599876, 43.170887, 0.0 ], [ 31.33746, 44.15664, 0.0 ], [ 28.155567, 46.100193, 0.0 ], [ 24.365667, 48.81106, 0.0 ], [ 20.338737, 52.02416, 0.0 ], [ 16.468948, 55.424915, 0.0 ], [ 13.135027, 58.680286, 0.0 ], [ 10.663431, 61.47177, 0.0 ], [ 9.29603, 63.526054, 0.0 ], [ 9.166674, 64.64206, 0.0 ], [ 10.2880945, 64.71062, 0.0 ], [ 12.55047, 63.724915, 0.0 ], [ 15.732297, 61.781345, 0.0 ], [ 19.522198, 59.070393, 0.0 ], [ 23.549145, 55.85729, 0.0 ], [ 27.41902, 52.456562, 0.0 ], [ 30.752914, 49.20124, 0.0 ], [ 33.22444, 46.409702, 0.0 ], [ 34.59185, 44.35543, 0.0 ]] 
boundary 0: [[ 33.25846, 86.3915, 0.0 ], [ 33.204918, 85.26935, 0.0 ], [ 31.979797, 83.12712, 0.0 ], [ 29.702904, 80.17473, 0.0 ], [ 26.597198, 76.700935, 0.0 ], [ 22.966503, 73.04597, 0.0 ], [ 19.16639, 69.5676, 0.0 ], [ 15.56872, 66.606316, 0.0 ], [ 12.525815, 64.4517, 0.0 ], [ 10.335407, 63.31505, 0.0 ], [ 9.21195, 63.307434, 0.0 ], [ 9.265409, 64.42962, 0.0 ], [ 10.490494, 66.57188, 0.0 ], [ 12.76738, 69.52444, 0.0 ], [ 15.873188, 72.998146, 0.0 ], [ 19.50388, 76.65296, 0.0 ], [ 23.303947, 80.13145, 0.0 ], [ 26.901539, 83.0928, 0.0 ], [ 29.944536, 85.247284, 0.0 ], [ 32.135036, 86.383965, 0.0 ]] 
boundary 1: [[ 33.258453, 41.608467, 0.0 ], [ 32.135036, 41.616043, 0.0 ], [ 29.944567, 42.75275, 0.0 ], [ 26.901592, 44.907307, 0.0 ], [ 23.303967, 47.8686, 0.0 ], [ 19.503864, 51.347015, 0.0 ], [ 15.873259, 55.00202, 0.0 ], [ 12.767437, 58.475685, 0.0 ], [ 10.490547, 61.428143, 0.0 ], [ 9.265398, 63.5703, 0.0 ], [ 9.211913, 64.692505, 0.0 ], [ 10.335402, 64.68496, 0.0 ], [ 12.525834, 63.548317, 0.0 ], [ 15.568741, 61.39374, 0.0 ], [ 19.166359, 58.432365, 0.0 ], [ 22.966476, 54.95394, 0.0 ], [ 26.597176, 51.298958, 0.0 ], [ 29.702976, 47.825356, 0.0 ], [ 31.97979, 44.87285, 0.0 ], [ 33.20495, 42.730713, 0.0 ]] 
boundary 0: [[ 31.91528, 87.711494, 0.0 ], [ 31.927156, 86.58812, 0.0 ], [ 30.82884, 84.378204, 0.0 ], [ 28.72769, 81.29825, 0.0 ], [ 25.829493, 77.64954, 0.0 ], [ 22.417744, 73.7894, 0.0 ], [ 18.826588, 70.09568, 0.0 ], [ 15.407423, 66.92999, 0.0 ], [ 12.495119, 64.60186, 0.0 ], [ 10.3746, 63.339615, 0.0 ], [ 9.253496, 63.266613, 0.0 ], [ 9.24153, 64.39001, 0.0 ], [ 10.339818, 66.59995, 0.0 ], [ 12.440942, 69.68006, 0.0 ], [ 15.339249, 73.3287, 0.0 ], [ 18.750998, 77.18869, 0.0 ], [ 22.342113, 80.882515, 0.0 ], [ 25.761192, 84.04828, 0.0 ], [ 28.673592, 86.376274, 0.0 ], [ 30.794199, 87.63855, 0.0 ]] 
boundary 1: [[ 31.915272, 40.288483, 0.0 ], [ 30.7942, 40.36146, 0.0 ], [ 28.673624, 41.623764, 0.0 ], [ 25.761253, 43.951813, 0.0 ], [ 22.342133, 47.11754, 0.0 ], [ 18.75098, 50.81129, 0.0 ], [ 15.339332, 54.671467, 0.0 ], [ 12.441009, 58.320057, 0.0 ], [ 10.339871, 61.400066, 0.0 ], [ 9.241513, 63.609917, 0.0 ], [ 9.253453, 64.73333, 0.0 ], [ 10.374596, 64.66039, 0.0 ], [ 12.495138, 63.398148, 0.0 ], [ 15.407446, 61.070076, 0.0 ], [ 18.826553, 57.904274, 0.0 ], [ 22.417717, 54.210514, 0.0 ], [ 25.82946, 50.35035, 0.0 ], [ 28.727768, 46.70182, 0.0 ], [ 30.828829, 43.62177, 0.0 ], [ 31.92719, 41.411938, 0.0 ]] 
boundary 0: [[ 30.764563, 88.72853, 0.0 ], [ 30.829765, 87.606995, 0.0 ], [ 29.837626, 85.34741, 0.0 ], [ 27.885094, 82.171165, 0.0 ], [ 25.163422, 78.38897, 0.0 ], [ 21.938824, 74.37116, 0.0 ], [ 18.527103, 70.511086, 0.0 ], [ 15.262117, 67.18663, 0.0 ], [ 12.463652, 64.722824, 0.0 ], [ 10.405459, 63.361317, 0.0 ], [ 9.289089, 63.235157, 0.0 ], [ 9.223793, 64.35672, 0.0 ], [ 10.215904, 66.61631, 0.0 ], [ 12.168402, 69.79273, 0.0 ], [ 14.890184, 73.57486, 0.0 ], [ 18.114796, 77.59251, 0.0 ], [ 21.526459, 81.4527, 0.0 ], [ 24.791367, 84.77723, 0.0 ], [ 27.589933, 87.2409, 0.0 ], [ 29.648205, 88.60245, 0.0 ]] 
boundary 1: [[ 30.764553, 39.271442, 0.0 ], [ 29.648207, 39.397564, 0.0 ], [ 27.589966, 40.75914, 0.0 ], [ 24.791428, 43.222855, 0.0 ], [ 21.526478, 46.547363, 0.0 ], [ 18.114777, 50.407475, 0.0 ], [ 14.890274, 54.425293, 0.0 ], [ 12.168472, 58.207386, 0.0 ], [ 10.215959, 61.38369, 0.0 ], [ 9.223771, 63.643204, 0.0 ], [ 9.289041, 64.764786, 0.0 ], [ 10.405455, 64.6387, 0.0 ], [ 12.463671, 63.277176, 0.0 ], [ 15.262146, 60.813446, 0.0 ], [ 18.527065, 57.488865, 0.0 ], [ 21.938782, 53.628746, 0.0 ], [ 25.163383, 49.61093, 0.0 ], [ 27.885176, 45.828903, 0.0 ], [ 29.837612, 42.652557, 0.0 ], [ 30.829802, 40.393066, 0.0 ]] 
