boundary 0: [[ 37.701576, 80.56398, 0.0 ], [ 37.396824, 79.48273, 0.0 ], [ 35.72074, 77.67141, 0.0 ], [ 32.83745, 75.30749, 0.0 ], [ 29.029217, 72.62244, 0.0 ], [ 24.6688, 69.878876, 0.0 ], [ 20.182953, 67.34551, 0.0 ], [ 16.010904, 65.27028, 0.0 ], [ 12.5609455, 63.85638, 0.0 ], [ 10.170837, 63.242146, 0.0 ], [ 9.074541, 63.48768, 0.0 ], [ 9.379323, 64.56902, 0.0 ], [ 11.055351, 66.38037, 0.0 ], [ 13.938658, 68.74423, 0.0 ], [ 17.746908, 71.42939, 0.0 ], [ 22.10735, 74.172874, 0.0 ], [ 26.593147, 76.7063, 0.0 ], [ 30.765234, 78.78146, 0.0 ], [ 34.215218, 80.195335, 0.0 ], [ 36.60525, 80.80959, 0.0 ]] 
boundary 1: [[ 37.70156, 47.435993, 0.0 ], [ 36.605236, 47.19039, 0.0 ], [ 34.21518, 47.804626, 0.0 ], [ 30.76523, 49.21857, 0.0 ], [ 26.59317, 51.293755, 0.0 ], [ 22.107344, 53.82708, 0.0 ], [ 17.74689, 56.570595, 0.0 ], [ 13.938652, 59.25577, 0.0 ], [ 11.05537, 61.61965, 0.0 ], [ 9.379309, 63.43093, 0.0 ], [ 9.074478, 64.51216, 0.0 ], [ 10.170844, 64.75787, 0.0 ], [ 12.560964, 64.14364, 0.0 ], [ 16.010891, 62.72968, 0.0 ], [ 20.182953, 60.65449, 0.0 ], [ 24.668804, 58.12117, 0.0 ], [ 29.02926, 55.37767, 0.0 ], [ 32.837456, 52.692513, 0.0 ], [ 35.720734, 50.328598, 0.0 ], [ 37.396824, 48.51726, 0.0 ]] 
boundary 0: [[ 40.325687, 75.03384, 0.0 ], [ 39.822617, 74.0294, 0.0 ], [ 37.835186, 72.566414, 0.0 ], [ 34.55806, 70.78826, 0.0 ], [ 30.312033, 68.86903, 0.0 ], [ 25.512697, 66.99643, 0.0 ], [ 20.629786, 65.353874, 0.0 ], [ 16.141394, 64.102104, 0.0 ], [ 12.486792, 63.363747, 0.0 ], [ 10.023753, 63.210968, 0.0 ], [ 8.993377, 63.65871, 0.0 ], [ 9.496493, 64.66324, 0.0 ], [ 11.483859, 66.12627, 0.0 ], [ 14.760998, 67.90435, 0.0 ], [ 19.007065, 69.82368, 0.0 ], [ 23.80641, 71.69621, 0.0 ], [ 28.689281, 73.33881, 0.0 ], [ 33.177696, 74.59051, 0.0 ], [ 36.832314, 75.32886, 0.0 ], [ 39.29529, 75.481674, 0.0 ]] 
boundary 1: [[ 40.325676, 52.96614, 0.0 ], [ 39.295277, 52.51832, 0.0 ], [ 36.83229, 52.6711, 0.0 ], [ 33.17769, 53.409515, 0.0 ], [ 28.689295, 54.661232, 0.0 ], [ 23.806412, 56.30374, 0.0 ], [ 19.007046, 58.1763, 0.0 ], [ 14.760992, 60.095642, 0.0 ], [ 11.483873, 61.87377, 0.0 ], [ 9.496488, 63.33671, 0.0 ], [ 8.993345, 64.34112, 0.0 ], [ 10.023757, 64.78905, 0.0 ], [ 12.486806, 64.636284, 0.0 ], [ 16.141392, 63.897835, 0.0 ], [ 20.629786, 62.64613, 0.0 ], [ 25.512691, 61.003628, 0.0 ], [ 30.312056, 59.13108, 0.0 ], [ 34.558067, 57.211746, 0.0 ], [ 37.83518, 55.433586, 0.0 ], [ 39.822617, 53.970596, 0.0 ]] 
boundary 0: [[ 41.527275, 70.87485, 0.0 ], [ 40.89453, 69.94661, 0.0 ], [ 38.729477, 68.762245, 0.0 ], [ 35.24418, 67.43781, 0.0 ], [ 30.779823, 66.10301, 0.0 ], [ 25.77335, 64.888336, 0.0 ], [ 20.714775, 63.912807, 0.0 ], [ 16.099388, 63.271854, 0.0 ], [ 12.378907, 63.028336, 0.0 ], [ 9.917537, 63.205963, 0.0 ], [ 8.956207, 63.78734, 0.0 ], [ 9.589012, 64.71565, 0.0 ], [ 11.754006, 65.90008, 0.0 ], [ 15.239307, 67.224434, 0.0 ], [ 19.703716, 68.55931, 0.0 ], [ 24.710197, 69.77393, 0.0 ], [ 29.768734, 70.74951, 0.0 ], [ 34.38413, 71.39038, 0.0 ], [ 38.10462, 71.63389, 0.0 ], [ 40.56595, 71.456314, 0.0 ]] 
boundary 1: [[ 41.527267, 57.125134, 0.0 ], [ 40.56594, 56.54368, 0.0 ], [ 38.104607, 56.36606, 0.0 ], [ 34.384117, 56.60964, 0.0 ], [ 29.768742, 57.250534, 0.0 ], [ 24.710201, 58.226025, 0.0 ], [ 19.703697, 59.440647, 0.0 ], [ 15.239302, 60.77556, 0.0 ], [ 11.754017, 62.099968, 0.0 ], [ 9.589011, 63.2843, 0.0 ], [ 8.956202, 64.21249, 0.0 ], [ 9.917538, 64.79406, 0.0 ], [ 12.378917, 64.97171, 0.0 ], [ 16.0994, 64.72808, 0.0 ], [ 20.714775, 64.0872, 0.0 ], [ 25.773335, 63.111713, 0.0 ], [ 30.77983, 61.8971, 0.0 ], [ 35.244186, 60.562195, 0.0 ], [ 38.72947, 59.237755, 0.0 ], [ 40.89453, 58.053387, 0.0 ]] 
boundary 0: [[ 41.930405, 68.65061, 0.0 ], [ 41.234352, 67.768845, 0.0 ], [ 38.991844, 66.73865, 0.0 ], [ 35.42253, 65.66097, 0.0 ], [ 30.875814, 64.64134, 0.0 ], [ 25.796711, 63.77945, 0.0 ], [ 20.682335, 63.159737, 0.0 ], [ 16.033443, 62.84282, 0.0 ], [ 12.305041, 62.85984, 0.0 ], [ 9.862097, 63.209007, 0.0 ], [ 8.943735, 63.856125, 0.0 ], [ 9.639855, 64.73796, 0.0 ], [ 11.882314, 65.76822, 0.0 ], [ 15.45163, 66.845825, 0.0 ], [ 19.99839, 67.86551, 0.0 ], [ 25.077503, 68.72739, 0.0 ], [ 30.191849, 69.34714, 0.0 ], [ 34.840744, 69.66397, 0.0 ], [ 38.569153, 69.64692, 0.0 ], [ 41.012054, 69.29782, 0.0 ]] 
boundary 1: [[ 41.930397, 59.349365, 0.0 ], [ 41.012047, 58.70217, 0.0 ], [ 38.569145, 58.353012, 0.0 ], [ 34.840725, 58.33605, 0.0 ], [ 30.19185, 58.652912, 0.0 ], [ 25.077515, 59.27258, 0.0 ], [ 19.998383, 60.134438, 0.0 ], [ 15.451625, 61.154163, 0.0 ], [ 11.88232, 62.231823, 0.0 ], [ 9.639857, 63.261993, 0.0 ], [ 8.943744, 64.14371, 0.0 ], [ 9.862096, 64.791016, 0.0 ], [ 12.305048, 65.140205, 0.0 ], [ 16.03346, 65.15712, 0.0 ], [ 20.682335, 64.84027, 0.0 ], [ 25.796692, 64.22061, 0.0 ], [ 30.87582, 63.358757, 0.0 ], [ 35.42253, 62.339035, 0.0 ], [ 38.991837, 61.26135, 0.0 ], [ 41.234352, 60.23115, 0.0 ]] 
boundary 0: [[ 42.07436, 67.520546, 0.0 ], [ 41.347694, 66.66385, 0.0 ], [ 39.070286, 65.71328, 0.0 ], [ 35.465218, 64.76202, 0.0 ], [ 30.885408, 63.903183, 0.0 ], [ 25.779104, 63.220753, 0.0 ], [ 20.646057, 62.781593, 0.0 ], [ 15.988892, 62.628643, 0.0 ], [ 12.263404, 62.776997, 0.0 ], [ 9.834275, 63.21201, 0.0 ], [ 8.939281, 63.89107, 0.0 ], [ 9.666034, 64.74784, 0.0 ], [ 11.943394, 65.69846, 0.0 ], [ 15.548458, 66.649666, 0.0 ], [ 20.128315, 67.508545, 0.0 ], [ 25.234638, 68.19096, 0.0 ], [ 30.367641, 68.630165, 0.0 ], [ 35.024815, 68.78302, 0.0 ], [ 38.750305, 68.634636, 0.0 ], [ 41.179382, 68.1997, 0.0 ]] 
boundary 1: [[ 42.074352, 60.479435, 0.0 ], [ 41.179375, 59.800293, 0.0 ], [ 38.750298, 59.36529, 0.0 ], [ 35.0248, 59.216995, 0.0 ], [ 30.367641, 59.36989, 0.0 ], [ 25.234652, 59.80901, 0.0 ], [ 20.128307, 60.491405, 0.0 ], [ 15.548452, 61.35032, 0.0 ], [ 11.943399, 62.301575, 0.0 ], [ 9.666038, 63.252113, 0.0 ], [ 8.939296, 64.10876, 0.0 ], [ 9.834273, 64.78802, 0.0 ], [ 12.263409, 65.22305, 0.0 ], [ 15.988911, 65.37129, 0.0 ], [ 20.646057, 65.218414, 0.0 ], [ 25.779085, 64.779305, 0.0 ], [ 30.885408, 64.09691, 0.0 ], [ 35.465218, 63.237995, 0.0 ], [ 39.07028, 62.286713, 0.0 ], [ 41.347694, 61.33615, 0.0 ]] 
boundary 0: [[ 42.114807, 67.129135, 0.0 ], [ 41.37778, 66.28136, 0.0 ], [ 39.088966, 65.35857, 0.0 ], [ 35.47259, 64.45124, 0.0 ], [ 30.882671, 63.64821, 0.0 ], [ 25.768448, 63.02797, 0.0 ], [ 20.630432, 62.651314, 0.0 ], [ 15.971756, 62.55505, 0.0 ], [ 12.248345, 62.748734, 0.0 ], [ 9.824694, 63.213276, 0.0 ], [ 8.93803, 63.903168, 0.0 ], [ 9.675155, 64.75104, 0.0 ], [ 11.963913, 65.673874, 0.0 ], [ 15.580289, 66.58112, 0.0 ], [ 20.170246, 67.38422, 0.0 ], [ 25.284512, 68.004425, 0.0 ], [ 30.42246, 68.38116, 0.0 ], [ 35.08116, 68.4773, 0.0 ], [ 38.804558, 68.283585, 0.0 ], [ 41.228172, 67.81913, 0.0 ]] 
boundary 1: [[ 42.1148, 60.870846, 0.0 ], [ 41.228165, 60.18086, 0.0 ], [ 38.80455, 59.716335, 0.0 ], [ 35.081146, 59.522705, 0.0 ], [ 30.42246, 59.61891, 0.0 ], [ 25.284523, 59.995533, 0.0 ], [ 20.170242, 60.615738, 0.0 ], [ 15.580283, 61.41885, 0.0 ], [ 11.963919, 62.326164, 0.0 ], [ 9.6751585, 63.24892, 0.0 ], [ 8.9380455, 64.09663, 0.0 ], [ 9.824691, 64.78675, 0.0 ], [ 12.248351, 65.25132, 0.0 ], [ 15.971775, 65.44488, 0.0 ], [ 20.630432, 65.348694, 0.0 ], [ 25.768429, 64.972084, 0.0 ], [ 30.882671, 64.3519, 0.0 ], [ 35.47259, 63.548767, 0.0 ], [ 39.08896, 62.641426, 0.0 ], [ 41.37778, 61.71865, 0.0 ]] 
boundary 0: [[ 42.123726, 67.036, 0.0 ], [ 41.38425, 66.19039, 0.0 ], [ 39.092785, 65.274185, 0.0 ], [ 35.473793, 64.37737, 0.0 ], [ 30.881569, 63.587616, 0.0 ], [ 25.765572, 62.982174, 0.0 ], [ 20.626488, 62.620384, 0.0 ], [ 15.967552, 62.537586, 0.0 ], [ 12.244717, 62.742054, 0.0 ], [ 9.822419, 63.213585, 0.0 ], [ 8.9377575, 63.906033, 0.0 ], [ 9.677325, 64.75177, 0.0 ], [ 11.968747, 65.66802, 0.0 ], [ 15.587734, 66.56476, 0.0 ], [ 20.179996, 67.35461, 0.0 ], [ 25.296036, 67.960014, 0.0 ], [ 30.435055, 68.32185, 0.0 ], [ 35.09401, 68.40453, 0.0 ], [ 38.816833, 68.20003, 0.0 ], [ 41.239094, 67.72855, 0.0 ]] 
boundary 1: [[ 42.12372, 60.96396, 0.0 ], [ 41.239086, 60.2714, 0.0 ], [ 38.816826, 59.79989, 0.0 ], [ 35.093994, 59.595478, 0.0 ], [ 30.435055, 59.678215, 0.0 ], [ 25.296047, 60.039963, 0.0 ], [ 20.179993, 60.645363, 0.0 ], [ 15.5877285, 61.435204, 0.0 ], [ 11.968752, 62.332047, 0.0 ], [ 9.677329, 63.248188, 0.0 ], [ 8.937773, 64.09373, 0.0 ], [ 9.822416, 64.78641, 0.0 ], [ 12.244722, 65.257996, 0.0 ], [ 15.967571, 65.46234, 0.0 ], [ 20.626488, 65.37962, 0.0 ], [ 25.765553, 65.01791, 0.0 ], [ 30.881569, 64.41252, 0.0 ], [ 35.473793, 63.622646, 0.0 ], [ 39.092777, 62.725777, 0.0 ], [ 41.38425, 61.80962, 0.0 ]] 
boundary 0: [[ 42.153896, 66.696884, 0.0 ], [ 41.405563, 65.8591, 0.0 ], [ 39.104584, 64.96707, 0.0 ], [ 35.476368, 64.108406, 0.0 ], [ 30.876059, 63.367058, 0.0 ], [ 25.753975, 62.81552, 0.0 ], [ 20.611366, 62.50786, 0.0 ], [ 15.951815, 62.47413, 0.0 ], [ 12.231343, 62.717785, 0.0 ], [ 9.814145, 63.214798, 0.0 ], [ 8.936823, 63.91653, 0.0 ], [ 9.685256, 64.754425, 0.0 ], [ 11.986197, 65.6465, 0.0 ], [ 15.6144285, 66.50508, 0.0 ], [ 20.214764, 67.24652, 0.0 ], [ 25.336882, 67.798035, 0.0 ], [ 30.479437, 68.10573, 0.0 ], [ 35.13901, 68.13936, 0.0 ], [ 38.85945, 67.89567, 0.0 ], [ 41.27661, 67.398705, 0.0 ]] 
boundary 1: [[ 42.15389, 61.30308, 0.0 ], [ 41.276604, 60.601254, 0.0 ], [ 38.859444, 60.10426, 0.0 ], [ 35.138996, 59.86066, 0.0 ], [ 30.479437, 59.894337, 0.0 ], [ 25.336893, 60.201954, 0.0 ], [ 20.21476, 60.75345, 0.0 ], [ 15.614423, 61.49489, 0.0 ], [ 11.986202, 62.35357, 0.0 ], [ 9.68526, 63.245533, 0.0 ], [ 8.936841, 64.08323, 0.0 ], [ 9.814142, 64.7852, 0.0 ], [ 12.231347, 65.28227, 0.0 ], [ 15.951836, 65.5258, 0.0 ], [ 20.611366, 65.49214, 0.0 ], [ 25.753956, 65.18456, 0.0 ], [ 30.876057, 64.63308, 0.0 ], [ 35.476368, 63.8916, 0.0 ], [ 39.104576, 63.032887, 0.0 ], [ 41.405563, 62.140907, 0.0 ]] 
boundary 0: [[ 42.14076, 66.84926, 0.0 ], [ 41.396408, 66.00795, 0.0 ], [ 39.099678, 65.10504, 0.0 ], [ 35.475563, 64.22921, 0.0 ], [ 30.87882, 63.46612, 0.0 ], [ 25.7594, 62.890366, 0.0 ], [ 20.618305, 62.558384, 0.0 ], [ 15.958962, 62.502613, 0.0 ], [ 12.237382, 62.72867, 0.0 ], [ 9.817859, 63.214245, 0.0 ], [ 8.937229, 63.91181, 0.0 ], [ 9.68169, 64.75325, 0.0 ], [ 11.978388, 65.6562, 0.0 ], [ 15.602511, 66.53192, 0.0 ], [ 20.199291, 67.29512, 0.0 ], [ 25.31874, 67.87084, 0.0 ], [ 30.45979, 68.20286, 0.0 ], [ 35.119144, 68.25854, 0.0 ], [ 38.8407, 68.03244, 0.0 ], [ 41.26019, 67.54692, 0.0 ]] 
boundary 1: [[ 42.14075, 61.150707, 0.0 ], [ 41.26018, 60.453037, 0.0 ], [ 38.84069, 59.96748, 0.0 ], [ 35.11913, 59.741486, 0.0 ], [ 30.459787, 59.797203, 0.0 ], [ 25.318752, 60.129135, 0.0 ], [ 20.199287, 60.704845, 0.0 ], [ 15.602506, 61.468044, 0.0 ], [ 11.978391, 62.343872, 0.0 ], [ 9.681694, 63.246716, 0.0 ], [ 8.937245, 64.08795, 0.0 ], [ 9.817856, 64.785774, 0.0 ], [ 12.237386, 65.271385, 0.0 ], [ 15.958984, 65.497314, 0.0 ], [ 20.618305, 65.44162, 0.0 ], [ 25.759378, 65.10972, 0.0 ], [ 30.87882, 64.53402, 0.0 ], [ 35.475563, 63.770794, 0.0 ], [ 39.09967, 62.894917, 0.0 ], [ 41.396408, 61.99207, 0.0 ]] 
boundary 0: [[ 42.193485, 66.17216, 0.0 ], [ 41.431652, 65.34667, 0.0 ], [ 39.116432, 64.49221, 0.0 ], [ 35.474747, 63.692677, 0.0 ], [ 30.862982, 63.026314, 0.0 ], [ 25.732601, 62.558212, 0.0 ], [ 20.585665, 62.334286, 0.0 ], [ 15.926186, 62.37638, 0.0 ], [ 12.210173, 62.680557, 0.0 ], [ 9.801381, 63.216846, 0.0 ], [ 8.935596, 63.93275, 0.0 ], [ 9.697567, 64.75837, 0.0 ], [ 12.012726, 65.612885, 0.0 ], [ 15.654438, 66.412285, 0.0 ], [ 20.266237, 67.078766, 0.0 ], [ 25.39664, 67.54684, 0.0 ], [ 30.543537, 67.7708, 0.0 ], [ 35.20302, 67.728615, 0.0 ], [ 38.919018, 67.42439, 0.0 ], [ 41.32778, 66.88815, 0.0 ]] 
boundary 1: [[ 42.193478, 61.827797, 0.0 ], [ 41.327774, 61.111797, 0.0 ], [ 38.91901, 60.575523, 0.0 ], [ 35.203003, 60.27142, 0.0 ], [ 30.54353, 60.229248, 0.0 ], [ 25.396652, 60.453136, 0.0 ], [ 20.266233, 60.92119, 0.0 ], [ 15.654434, 61.587666, 0.0 ], [ 12.012722, 62.38718, 0.0 ], [ 9.697571, 63.241596, 0.0 ], [ 8.935619, 64.067, 0.0 ], [ 9.801377, 64.78317, 0.0 ], [ 12.210173, 65.3195, 0.0 ], [ 15.926207, 65.62356, 0.0 ], [ 20.585665, 65.665726, 0.0 ], [ 25.732578, 65.44187, 0.0 ], [ 30.86298, 64.97384, 0.0 ], [ 35.474747, 64.30733, 0.0 ], [ 39.116432, 63.50776, 0.0 ], [ 41.431652, 62.65334, 0.0 ]] 
boundary 0: [[ 42.218052, 65.769875, 0.0 ], [ 41.445972, 64.95395, 0.0 ], [ 39.120293, 64.12842, 0.0 ], [ 35.468925, 63.374336, 0.0 ], [ 30.849224, 62.765507, 0.0 ], [ 25.713394, 62.36139, 0.0 ], [ 20.564072, 62.201637, 0.0 ], [ 15.905484, 62.301804, 0.0 ], [ 12.193549, 62.65228, 0.0 ], [ 9.79163, 63.21855, 0.0 ], [ 8.934836, 63.945183, 0.0 ], [ 9.707038, 64.76125, 0.0 ], [ 12.032668, 65.586845, 0.0 ], [ 15.684059, 66.34078, 0.0 ], [ 20.303818, 66.94974, 0.0 ], [ 25.439651, 67.35381, 0.0 ], [ 30.588942, 67.5136, 0.0 ], [ 35.247536, 67.41335, 0.0 ], [ 38.959442, 67.06283, 0.0 ], [ 41.361332, 66.49661, 0.0 ]] 
boundary 1: [[ 42.218044, 62.23008, 0.0 ], [ 41.361324, 61.503345, 0.0 ], [ 38.959442, 60.937088, 0.0 ], [ 35.24752, 60.586685, 0.0 ], [ 30.588934, 60.48644, 0.0 ], [ 25.439663, 60.64616, 0.0 ], [ 20.303814, 61.050213, 0.0 ], [ 15.684055, 61.659164, 0.0 ], [ 12.032662, 62.413227, 0.0 ], [ 9.707043, 63.238716, 0.0 ], [ 8.934862, 64.054535, 0.0 ], [ 9.791625, 64.78146, 0.0 ], [ 12.193549, 65.34778, 0.0 ], [ 15.905506, 65.69813, 0.0 ], [ 20.564072, 65.79837, 0.0 ], [ 25.713367, 65.638695, 0.0 ], [ 30.849222, 65.23464, 0.0 ], [ 35.468925, 64.62567, 0.0 ], [ 39.120293, 63.87155, 0.0 ], [ 41.445972, 63.046055, 0.0 ]] 
boundary 0: [[ 42.17248, 66.46447, 0.0 ], [ 41.418148, 65.63211, 0.0 ], [ 39.110764, 64.75671, 0.0 ], [ 35.47648, 63.924194, 0.0 ], [ 30.870966, 63.21606, 0.0 ], [ 25.74501, 62.70147, 0.0 ], [ 20.600319, 62.43091, 0.0 ], [ 15.940661, 62.430763, 0.0 ], [ 12.222038, 62.70125, 0.0 ], [ 9.808486, 63.215683, 0.0 ], [ 8.936249, 63.923695, 0.0 ], [ 9.690702, 64.7562, 0.0 ], [ 11.99802, 65.63167, 0.0 ], [ 15.632341, 66.464035, 0.0 ], [ 20.237919, 67.17231, 0.0 ], [ 25.363861, 67.68685, 0.0 ], [ 30.508518, 67.957466, 0.0 ], [ 35.168194, 67.95749, 0.0 ], [ 38.886784, 67.68697, 0.0 ], [ 41.30032, 67.1726, 0.0 ]] 
boundary 1: [[ 42.172474, 61.535484, 0.0 ], [ 41.300312, 60.827366, 0.0 ], [ 38.886784, 60.312943, 0.0 ], [ 35.16818, 60.042526, 0.0 ], [ 30.508514, 60.042603, 0.0 ], [ 25.363873, 60.313126, 0.0 ], [ 20.237915, 60.82765, 0.0 ], [ 15.632334, 61.535908, 0.0 ], [ 11.998015, 62.368397, 0.0 ], [ 9.690707, 63.243763, 0.0 ], [ 8.936267, 64.07603, 0.0 ], [ 9.808481, 64.78433, 0.0 ], [ 12.222039, 65.29881, 0.0 ], [ 15.94068, 65.56917, 0.0 ], [ 20.600319, 65.5691, 0.0 ], [ 25.744987, 65.29862, 0.0 ], [ 30.870964, 64.784096, 0.0 ], [ 35.47648, 64.07581, 0.0 ], [ 39.110764, 63.243267, 0.0 ], [ 41.418148, 62.36789, 0.0 ]] 
boundary 0: [[ 42.064507, 67.60883, 0.0 ], [ 41.340233, 66.750206, 0.0 ], [ 39.065414, 65.79333, 0.0 ], [ 35.463028, 64.83216, 0.0 ], [ 30.8856, 63.960777, 0.0 ], [ 25.781176, 63.264313, 0.0 ], [ 20.64935, 62.811054, 0.0 ], [ 15.992642, 62.64528, 0.0 ], [ 12.266756, 62.78342, 0.0 ], [ 9.836442, 63.21174, 0.0 ], [ 8.939591, 63.8883, 0.0 ], [ 9.663978, 64.74709, 0.0 ], [ 11.938719, 65.704025, 0.0 ], [ 15.541155, 66.665054, 0.0 ], [ 20.118649, 67.536575, 0.0 ], [ 25.22306, 68.232994, 0.0 ], [ 30.354847, 68.6863, 0.0 ], [ 35.01158, 68.85195, 0.0 ], [ 38.73743, 68.71378, 0.0 ], [ 41.16772, 68.28553, 0.0 ]] 
boundary 1: [[ 42.0645, 60.391117, 0.0 ], [ 41.16771, 59.714447, 0.0 ], [ 38.737427, 59.286137, 0.0 ], [ 35.011566, 59.148064, 0.0 ], [ 30.354843, 59.313766, 0.0 ], [ 25.223068, 59.766983, 0.0 ], [ 20.118645, 60.463387, 0.0 ], [ 15.541147, 61.3349, 0.0 ], [ 11.938715, 62.296043, 0.0 ], [ 9.663981, 63.25286, 0.0 ], [ 8.9396, 64.11143, 0.0 ], [ 9.836438, 64.788284, 0.0 ], [ 12.266758, 65.21664, 0.0 ], [ 15.992657, 65.354645, 0.0 ], [ 20.64935, 65.18895, 0.0 ], [ 25.781155, 64.73579, 0.0 ], [ 30.885603, 64.03938, 0.0 ], [ 35.463028, 63.167843, 0.0 ], [ 39.065414, 62.20665, 0.0 ], [ 41.340233, 61.24981, 0.0 ]] 
boundary 0: [[ 41.826096, 69.31862, 0.0 ], [ 41.148674, 68.42257, 0.0 ], [ 38.92816, 67.34563, 0.0 ], [ 35.382233, 66.19356, 0.0 ], [ 30.857824, 65.07912, 0.0 ], [ 25.797852, 64.111206, 0.0 ], [ 20.697529, 63.384693, 0.0 ], [ 16.056314, 62.97061, 0.0 ], [ 12.3283615, 62.9097, 0.0 ], [ 9.878652, 63.2077, 0.0 ], [ 8.94697, 63.83542, 0.0 ], [ 9.624487, 64.73165, 0.0 ], [ 11.844912, 65.80863, 0.0 ], [ 15.390921, 66.960556, 0.0 ], [ 19.915377, 68.07515, 0.0 ], [ 24.975338, 69.043, 0.0 ], [ 30.075617, 69.76957, 0.0 ], [ 34.71687, 70.18352, 0.0 ], [ 38.44478, 70.24441, 0.0 ], [ 40.894463, 69.94649, 0.0 ]] 
boundary 1: [[ 41.826084, 58.68134, 0.0 ], [ 40.894455, 58.053493, 0.0 ], [ 38.444775, 57.75551, 0.0 ], [ 34.716854, 57.81649, 0.0 ], [ 30.07562, 58.2305, 0.0 ], [ 24.975346, 58.95696, 0.0 ], [ 19.91537, 59.924812, 0.0 ], [ 15.390913, 61.039394, 0.0 ], [ 11.8449135, 62.191444, 0.0 ], [ 9.624488, 63.2683, 0.0 ], [ 8.946963, 64.1643, 0.0 ], [ 9.878649, 64.79234, 0.0 ], [ 12.328367, 65.09036, 0.0 ], [ 16.05632, 65.0293, 0.0 ], [ 20.697529, 64.6153, 0.0 ], [ 25.797836, 63.88889, 0.0 ], [ 30.857836, 62.921047, 0.0 ], [ 35.382233, 61.806442, 0.0 ], [ 38.92816, 60.65435, 0.0 ], [ 41.148674, 59.57746, 0.0 ]] 
boundary 0: [[ 41.774113, 69.62145, 0.0 ], [ 41.10524, 68.718994, 0.0 ], [ 38.895073, 67.621, 0.0 ], [ 35.360237, 66.4353, 0.0 ], [ 30.846626, 65.27791, 0.0 ], [ 25.796082, 64.26197, 0.0 ], [ 20.702892, 63.48701, 0.0 ], [ 16.06582, 63.028843, 0.0 ], [ 12.338614, 62.932507, 0.0 ], [ 9.886184, 63.207214, 0.0 ], [ 8.948579, 63.82606, 0.0 ], [ 9.617548, 64.72868, 0.0 ], [ 11.827639, 65.82671, 0.0 ], [ 15.362543, 67.01228, 0.0 ], [ 19.8762, 68.169815, 0.0 ], [ 24.926743, 69.18571, 0.0 ], [ 30.019878, 69.96071, 0.0 ], [ 34.656998, 70.41876, 0.0 ], [ 38.38415, 70.51507, 0.0 ], [ 40.836555, 70.24044, 0.0 ]] 
boundary 1: [[ 41.774105, 58.37851, 0.0 ], [ 40.836548, 57.759544, 0.0 ], [ 38.38415, 57.484844, 0.0 ], [ 34.656982, 57.581253, 0.0 ], [ 30.019882, 58.039352, 0.0 ], [ 24.926748, 58.81425, 0.0 ], [ 19.876192, 59.830143, 0.0 ], [ 15.362534, 60.987667, 0.0 ], [ 11.827641, 62.173363, 0.0 ], [ 9.617548, 63.271267, 0.0 ], [ 8.948568, 64.17365, 0.0 ], [ 9.886181, 64.79283, 0.0 ], [ 12.338622, 65.06756, 0.0 ], [ 16.065825, 64.97106, 0.0 ], [ 20.702892, 64.512985, 0.0 ], [ 25.796066, 63.73814, 0.0 ], [ 30.84664, 62.72225, 0.0 ], [ 35.360237, 61.5647, 0.0 ], [ 38.895073, 60.37896, 0.0 ], [ 41.10524, 59.281025, 0.0 ]] 
boundary 0: [[ 41.75786, 69.71275, 0.0 ], [ 41.09158, 68.80834, 0.0 ], [ 38.884575, 67.70408, 0.0 ], [ 35.35314, 66.50824, 0.0 ], [ 30.84288, 65.33791, 0.0 ], [ 25.79527, 64.30744, 0.0 ], [ 20.70431, 63.5179, 0.0 ], [ 16.068586, 63.046425, 0.0 ], [ 12.341666, 62.93942, 0.0 ], [ 9.888456, 63.20709, 0.0 ], [ 8.94908, 63.82325, 0.0 ], [ 9.615459, 64.72775, 0.0 ], [ 11.822388, 65.83212, 0.0 ], [ 15.353879, 67.02783, 0.0 ], [ 19.864202, 68.1983, 0.0 ], [ 24.911812, 69.22866, 0.0 ], [ 30.002703, 70.01831, 0.0 ], [ 34.638508, 70.48964, 0.0 ], [ 38.36535, 70.59661, 0.0 ], [ 40.818523, 70.329056, 0.0 ]] 
boundary 1: [[ 41.75785, 58.28721, 0.0 ], [ 40.818516, 57.67093, 0.0 ], [ 38.36535, 57.403267, 0.0 ], [ 34.638493, 57.51038, 0.0 ], [ 30.002707, 57.98175, 0.0 ], [ 24.911818, 58.771263, 0.0 ], [ 19.864195, 59.801655, 0.0 ], [ 15.353869, 60.972115, 0.0 ], [ 11.822393, 62.167953, 0.0 ], [ 9.615459, 63.272163, 0.0 ], [ 8.94907, 64.17646, 0.0 ], [ 9.8884535, 64.79295, 0.0 ], [ 12.341674, 65.06068, 0.0 ], [ 16.06859, 64.953445, 0.0 ], [ 20.70431, 64.48209, 0.0 ], [ 25.795258, 63.692635, 0.0 ], [ 30.842896, 62.662285, 0.0 ], [ 35.35314, 61.4918, 0.0 ], [ 38.884575, 60.295914, 0.0 ], [ 41.09158, 59.191643, 0.0 ]] 
boundary 0: [[ 41.56977, 70.67615, 0.0 ], [ 40.931267, 69.75194, 0.0 ], [ 38.75879, 68.5812, 0.0 ], [ 35.26529, 67.27872, 0.0 ], [ 30.792635, 65.972015, 0.0 ], [ 25.778633, 64.78879, 0.0 ], [ 20.713974, 63.845078, 0.0 ], [ 16.094702, 63.233105, 0.0 ], [ 12.372749, 63.01301, 0.0 ], [ 9.912546, 63.20609, 0.0 ], [ 8.9549, 63.793453, 0.0 ], [ 9.5935135, 64.71777, 0.0 ], [ 11.765902, 65.888626, 0.0 ], [ 15.259468, 67.19101, 0.0 ], [ 19.73219, 68.49783, 0.0 ], [ 24.746185, 69.68094, 0.0 ], [ 29.81076, 70.62475, 0.0 ], [ 34.430122, 71.23659, 0.0 ], [ 38.152, 71.45664, 0.0 ], [ 40.612152, 71.26367, 0.0 ]] 
boundary 1: [[ 41.569763, 57.3238, 0.0 ], [ 40.612144, 56.73631, 0.0 ], [ 38.151997, 56.543247, 0.0 ], [ 34.430107, 56.763435, 0.0 ], [ 29.810764, 57.375317, 0.0 ], [ 24.746193, 58.318996, 0.0 ], [ 19.732182, 59.50214, 0.0 ], [ 15.259459, 60.808975, 0.0 ], [ 11.765912, 62.111454, 0.0 ], [ 9.593513, 63.28215, 0.0 ], [ 8.95488, 64.20625, 0.0 ], [ 9.912545, 64.79395, 0.0 ], [ 12.37276, 64.98705, 0.0 ], [ 16.094704, 64.76676, 0.0 ], [ 20.713974, 64.154915, 0.0 ], [ 25.778618, 63.21128, 0.0 ], [ 30.792656, 62.028183, 0.0 ], [ 35.265297, 60.721325, 0.0 ], [ 38.75879, 59.41879, 0.0 ], [ 40.931267, 58.248043, 0.0 ]] 
boundary 0: [[ 41.093426, 72.6304, 0.0 ], [ 40.513634, 71.66828, 0.0 ], [ 38.418156, 70.364716, 0.0 ], [ 35.012398, 68.84753, 0.0 ], [ 30.62965, 67.26525, 0.0 ], [ 25.698925, 65.772545, 0.0 ], [ 20.702753, 64.51573, 0.0 ], [ 16.13047, 63.617706, 0.0 ], [ 12.429401, 63.166595, 0.0 ], [ 9.961952, 63.206337, 0.0 ], [ 8.969637, 63.73301, 0.0 ], [ 9.54954, 64.69525, 0.0 ], [ 11.64492, 65.99893, 0.0 ], [ 15.050742, 67.516014, 0.0 ], [ 19.433552, 69.098434, 0.0 ], [ 24.36428, 70.59103, 0.0 ], [ 29.360363, 71.84793, 0.0 ], [ 33.932747, 72.745834, 0.0 ], [ 37.633743, 73.19687, 0.0 ], [ 40.101128, 73.15724, 0.0 ]] 
boundary 1: [[ 41.09342, 55.369534, 0.0 ], [ 40.10112, 54.84273, 0.0 ], [ 37.633728, 54.803005, 0.0 ], [ 33.93273, 55.254208, 0.0 ], [ 29.360376, 56.15214, 0.0 ], [ 24.36428, 57.40891, 0.0 ], [ 19.433544, 58.901546, 0.0 ], [ 15.050733, 60.483963, 0.0 ], [ 11.644935, 62.00116, 0.0 ], [ 9.549533, 63.30467, 0.0 ], [ 8.969597, 64.26668, 0.0 ], [ 9.961954, 64.79371, 0.0 ], [ 12.429415, 64.83345, 0.0 ], [ 16.130459, 64.38216, 0.0 ], [ 20.702753, 63.484264, 0.0 ], [ 25.698914, 62.22753, 0.0 ], [ 30.629684, 60.73494, 0.0 ], [ 35.012405, 59.1525, 0.0 ], [ 38.418156, 57.635254, 0.0 ], [ 40.513634, 56.331696, 0.0 ]] 
boundary 0: [[ 40.067085, 75.72146, 0.0 ], [ 39.58703, 74.70589, 0.0 ], [ 37.63331, 73.19811, 0.0 ], [ 34.39748, 71.346, 0.0 ], [ 30.19615, 69.33083, 0.0 ], [ 25.440613, 67.34964, 0.0 ], [ 20.596226, 65.596565, 0.0 ], [ 16.13749, 64.24311, 0.0 ], [ 12.500581, 63.42194, 0.0 ], [ 10.041653, 63.21324, 0.0 ], [ 9.001386, 63.637405, 0.0 ], [ 9.481542, 64.65311, 0.0 ], [ 11.435135, 66.16097, 0.0 ], [ 14.671052, 68.013, 0.0 ], [ 18.872435, 70.02833, 0.0 ], [ 23.62798, 72.00941, 0.0 ], [ 28.47226, 73.762566, 0.0 ], [ 32.931114, 75.11592, 0.0 ], [ 36.56796, 75.937, 0.0 ], [ 39.02681, 76.145805, 0.0 ]] 
boundary 1: [[ 40.067062, 52.278484, 0.0 ], [ 39.026802, 51.85417, 0.0 ], [ 36.567932, 52.06288, 0.0 ], [ 32.9311, 52.88413, 0.0 ], [ 28.472282, 54.23751, 0.0 ], [ 23.627974, 55.990532, 0.0 ], [ 18.872421, 57.97165, 0.0 ], [ 14.6710415, 59.98697, 0.0 ], [ 11.43516, 61.839104, 0.0 ], [ 9.481526, 63.346806, 0.0 ], [ 9.001315, 64.36228, 0.0 ], [ 10.04166, 64.786804, 0.0 ], [ 12.5006, 64.5781, 0.0 ], [ 16.137463, 63.756763, 0.0 ], [ 20.596226, 62.40343, 0.0 ], [ 25.44061, 60.65044, 0.0 ], [ 30.196203, 58.669365, 0.0 ], [ 34.397495, 56.654026, 0.0 ], [ 37.63331, 54.801846, 0.0 ], [ 39.58702, 53.294083, 0.0 ]] 
boundary 0: [[ 37.37287, 81.102844, 0.0 ], [ 37.08934, 80.0159, 0.0 ], [ 35.448883, 78.17219, 0.0 ], [ 32.61234, 75.75249, 0.0 ], [ 28.85724, 72.99363, 0.0 ], [ 24.551237, 70.16545, 0.0 ], [ 20.115643, 67.54497, 0.0 ], [ 15.984968, 65.38867, 0.0 ], [ 12.563236, 63.907722, 0.0 ], [ 10.18558, 63.24694, 0.0 ], [ 9.084724, 63.470974, 0.0 ], [ 9.368334, 64.55806, 0.0 ], [ 11.008645, 66.40186, 0.0 ], [ 13.84529, 68.82148, 0.0 ], [ 17.600414, 71.58051, 0.0 ], [ 21.906446, 74.40858, 0.0 ], [ 26.341919, 77.02911, 0.0 ], [ 30.47273, 79.185356, 0.0 ], [ 33.894417, 80.66618, 0.0 ], [ 36.271973, 81.32705, 0.0 ]] 
boundary 1: [[ 37.37284, 46.8971, 0.0 ], [ 36.271957, 46.672913, 0.0 ], [ 33.89437, 47.333694, 0.0 ], [ 30.472721, 48.814697, 0.0 ], [ 26.341955, 50.97095, 0.0 ], [ 21.90643, 53.591362, 0.0 ], [ 17.600393, 56.419468, 0.0 ], [ 13.845274, 59.178482, 0.0 ], [ 11.008685, 61.598217, 0.0 ], [ 9.368301, 63.44185, 0.0 ], [ 9.084599, 64.52873, 0.0 ], [ 10.1855955, 64.7531, 0.0 ], [ 12.563265, 64.09232, 0.0 ], [ 15.98492, 62.61122, 0.0 ], [ 20.115643, 60.455025, 0.0 ], [ 24.55125, 57.834625, 0.0 ], [ 28.857328, 55.006554, 0.0 ], [ 32.61236, 52.24754, 0.0 ], [ 35.448883, 49.82777, 0.0 ], [ 37.089325, 47.984062, 0.0 ]] 
boundary 0: [[ 37.701187, 80.56447, 0.0 ], [ 37.396515, 79.48326, 0.0 ], [ 35.720413, 77.67189, 0.0 ], [ 32.83722, 75.30797, 0.0 ], [ 29.029034, 72.62287, 0.0 ], [ 24.668694, 69.8792, 0.0 ], [ 20.182838, 67.34572, 0.0 ], [ 16.010899, 65.27039, 0.0 ], [ 12.560936, 63.856453, 0.0 ], [ 10.170846, 63.242165, 0.0 ], [ 9.074569, 63.487625, 0.0 ], [ 9.379324, 64.56897, 0.0 ], [ 11.055281, 66.38043, 0.0 ], [ 13.938574, 68.74427, 0.0 ], [ 17.74679, 71.42955, 0.0 ], [ 22.107155, 74.1731, 0.0 ], [ 26.59289, 76.70664, 0.0 ], [ 30.764965, 78.78191, 0.0 ], [ 34.21488, 80.19573, 0.0 ], [ 36.604874, 80.810104, 0.0 ]] 
boundary 1: [[ 37.701157, 47.43547, 0.0 ], [ 36.60486, 47.189857, 0.0 ], [ 34.214836, 47.804146, 0.0 ], [ 30.764956, 49.21814, 0.0 ], [ 26.592924, 51.293427, 0.0 ], [ 22.10714, 53.82684, 0.0 ], [ 17.746769, 56.57043, 0.0 ], [ 13.938559, 59.255688, 0.0 ], [ 11.05532, 61.619644, 0.0 ], [ 9.379293, 63.430935, 0.0 ], [ 9.074449, 64.51208, 0.0 ], [ 10.170861, 64.75787, 0.0 ], [ 12.560965, 64.14359, 0.0 ], [ 16.010853, 62.729504, 0.0 ], [ 20.182838, 60.65427, 0.0 ], [ 24.668705, 58.120872, 0.0 ], [ 29.029118, 55.377316, 0.0 ], [ 32.83724, 52.692055, 0.0 ], [ 35.720413, 50.328064, 0.0 ], [ 37.3965, 48.516697, 0.0 ]] 
boundary 0: [[ 40.325397, 75.03438, 0.0 ], [ 39.8224, 74.02996, 0.0 ], [ 37.834965, 72.566956, 0.0 ], [ 34.557922, 70.788765, 0.0 ], [ 30.311937, 68.86949, 0.0 ], [ 25.512653, 66.99676, 0.0 ], [ 20.629719, 65.3541, 0.0 ], [ 16.141409, 64.10222, 0.0 ], [ 12.486796, 63.36382, 0.0 ], [ 10.023766, 63.210987, 0.0 ], [ 8.993393, 63.658653, 0.0 ], [ 9.496484, 64.663185, 0.0 ], [ 11.483804, 66.126335, 0.0 ], [ 14.7609215, 67.9044, 0.0 ], [ 19.006977, 69.82386, 0.0 ], [ 23.806263, 71.696465, 0.0 ], [ 28.689093, 73.33921, 0.0 ], [ 33.17752, 74.591, 0.0 ], [ 36.83207, 75.32931, 0.0 ], [ 39.29502, 75.48224, 0.0 ]] 
boundary 1: [[ 40.32537, 52.96554, 0.0 ], [ 39.295006, 52.517723, 0.0 ], [ 36.832047, 52.67057, 0.0 ], [ 33.177505, 53.409042, 0.0 ], [ 28.689116, 54.660866, 0.0 ], [ 23.806263, 56.30347, 0.0 ], [ 19.00696, 58.17612, 0.0 ], [ 14.760918, 60.095543, 0.0 ], [ 11.483824, 61.873764, 0.0 ], [ 9.496472, 63.33671, 0.0 ], [ 8.993333, 64.341034, 0.0 ], [ 10.023773, 64.78905, 0.0 ], [ 12.486816, 64.63624, 0.0 ], [ 16.141386, 63.89766, 0.0 ], [ 20.629719, 62.64589, 0.0 ], [ 25.512653, 61.003315, 0.0 ], [ 30.311985, 59.130707, 0.0 ], [ 34.557938, 57.211254, 0.0 ], [ 37.83497, 55.433002, 0.0 ], [ 39.822403, 53.96998, 0.0 ]] 
boundary 0: [[ 41.527054, 70.87541, 0.0 ], [ 40.894394, 69.947205, 0.0 ], [ 38.72933, 68.762794, 0.0 ], [ 35.244114, 67.43834, 0.0 ], [ 30.779793, 66.10349, 0.0 ], [ 25.773346, 64.888664, 0.0 ], [ 20.71474, 63.913044, 0.0 ], [ 16.099419, 63.27197, 0.0 ], [ 12.378921, 63.028408, 0.0 ], [ 9.917551, 63.20598, 0.0 ], [ 8.956218, 63.78728, 0.0 ], [ 9.588995, 64.7156, 0.0 ], [ 11.753961, 65.90015, 0.0 ], [ 15.239236, 67.22449, 0.0 ], [ 19.703651, 68.5595, 0.0 ], [ 24.710083, 69.77419, 0.0 ], [ 29.7686, 70.74993, 0.0 ], [ 34.384026, 71.39089, 0.0 ], [ 38.104443, 71.634384, 0.0 ], [ 40.56575, 71.4569, 0.0 ]] 
boundary 1: [[ 41.527035, 57.124504, 0.0 ], [ 40.565735, 56.543053, 0.0 ], [ 38.10444, 56.365494, 0.0 ], [ 34.38401, 56.609142, 0.0 ], [ 29.768612, 57.25015, 0.0 ], [ 24.710094, 58.22573, 0.0 ], [ 19.703638, 59.440464, 0.0 ], [ 15.239243, 60.775455, 0.0 ], [ 11.75397, 62.099945, 0.0 ], [ 9.588996, 63.2843, 0.0 ], [ 8.9562, 64.212395, 0.0 ], [ 9.917553, 64.79407, 0.0 ], [ 12.378935, 64.97167, 0.0 ], [ 16.099417, 64.72791, 0.0 ], [ 20.71474, 64.08695, 0.0 ], [ 25.773342, 63.111397, 0.0 ], [ 30.77981, 61.896725, 0.0 ], [ 35.24412, 60.561695, 0.0 ], [ 38.72934, 59.237152, 0.0 ], [ 40.8944, 58.052742, 0.0 ]] 
boundary 0: [[ 41.93023, 68.65119, 0.0 ], [ 41.23427, 67.769455, 0.0 ], [ 38.991737, 66.7392, 0.0 ], [ 35.422497, 65.6615, 0.0 ], [ 30.87582, 64.64182, 0.0 ], [ 25.796726, 63.779778, 0.0 ], [ 20.682316, 63.159973, 0.0 ], [ 16.033485, 62.84293, 0.0 ], [ 12.305059, 62.859913, 0.0 ], [ 9.862112, 63.209023, 0.0 ], [ 8.943743, 63.856068, 0.0 ], [ 9.639836, 64.73791, 0.0 ], [ 11.882272, 65.76829, 0.0 ], [ 15.451563, 66.845894, 0.0 ], [ 19.998344, 67.8657, 0.0 ], [ 25.07741, 68.727646, 0.0 ], [ 30.191744, 69.347565, 0.0 ], [ 34.840668, 69.66449, 0.0 ], [ 38.569016, 69.64743, 0.0 ], [ 41.0119, 69.29841, 0.0 ]] 
boundary 1: [[ 41.930206, 59.34873, 0.0 ], [ 41.011887, 58.70153, 0.0 ], [ 38.569008, 58.352436, 0.0 ], [ 34.840652, 58.33555, 0.0 ], [ 30.191748, 58.652508, 0.0 ], [ 25.077427, 59.27228, 0.0 ], [ 19.998333, 60.134247, 0.0 ], [ 15.451574, 61.15405, 0.0 ], [ 11.882276, 62.231792, 0.0 ], [ 9.639842, 63.261993, 0.0 ], [ 8.943747, 64.143616, 0.0 ], [ 9.862111, 64.79103, 0.0 ], [ 12.305068, 65.14017, 0.0 ], [ 16.03349, 65.15695, 0.0 ], [ 20.682316, 64.84003, 0.0 ], [ 25.796719, 64.2203, 0.0 ], [ 30.87582, 63.358383, 0.0 ], [ 35.422504, 62.338535, 0.0 ], [ 38.99175, 61.260742, 0.0 ], [ 41.234276, 60.2305, 0.0 ]] 
boundary 0: [[ 42.074207, 67.521126, 0.0 ], [ 41.347633, 66.66446, 0.0 ], [ 39.070198, 65.713844, 0.0 ], [ 35.465202, 64.76254, 0.0 ], [ 30.88543, 63.903664, 0.0 ], [ 25.779121, 63.22108, 0.0 ], [ 20.646053, 62.78183, 0.0 ], [ 15.988939, 62.628754, 0.0 ], [ 12.263425, 62.77707, 0.0 ], [ 9.8342905, 63.21202, 0.0 ], [ 8.939287, 63.891014, 0.0 ], [ 9.666013, 64.74779, 0.0 ], [ 11.943354, 65.69853, 0.0 ], [ 15.548391, 66.64974, 0.0 ], [ 20.128279, 67.50874, 0.0 ], [ 25.234554, 68.19123, 0.0 ], [ 30.367552, 68.63059, 0.0 ], [ 35.024757, 68.78354, 0.0 ], [ 38.750187, 68.635155, 0.0 ], [ 41.179253, 68.200294, 0.0 ]] 
boundary 1: [[ 42.07419, 60.478794, 0.0 ], [ 41.179245, 59.79965, 0.0 ], [ 38.75018, 59.364716, 0.0 ], [ 35.024742, 59.21649, 0.0 ], [ 30.36755, 59.369484, 0.0 ], [ 25.23457, 59.80871, 0.0 ], [ 20.128267, 60.491215, 0.0 ], [ 15.548405, 61.350204, 0.0 ], [ 11.943356, 62.30154, 0.0 ], [ 9.666022, 63.252113, 0.0 ], [ 8.9393015, 64.108665, 0.0 ], [ 9.834289, 64.78803, 0.0 ], [ 12.26343, 65.223015, 0.0 ], [ 15.988945, 65.371124, 0.0 ], [ 20.646053, 65.218155, 0.0 ], [ 25.779112, 64.77899, 0.0 ], [ 30.885422, 64.096535, 0.0 ], [ 35.46521, 63.23749, 0.0 ], [ 39.070213, 62.286102, 0.0 ], [ 41.34764, 61.335495, 0.0 ]] 
boundary 0: [[ 42.11467, 67.12972, 0.0 ], [ 41.377735, 66.28197, 0.0 ], [ 39.08889, 65.35913, 0.0 ], [ 35.472584, 64.45177, 0.0 ], [ 30.882702, 63.64869, 0.0 ], [ 25.768467, 63.028297, 0.0 ], [ 20.630428, 62.65155, 0.0 ], [ 15.971804, 62.555157, 0.0 ], [ 12.248369, 62.748806, 0.0 ], [ 9.824709, 63.213287, 0.0 ], [ 8.938036, 63.90311, 0.0 ], [ 9.675134, 64.750984, 0.0 ], [ 11.963873, 65.67395, 0.0 ], [ 15.580222, 66.581215, 0.0 ], [ 20.170218, 67.384415, 0.0 ], [ 25.284428, 68.00469, 0.0 ], [ 30.422388, 68.381584, 0.0 ], [ 35.081104, 68.47783, 0.0 ], [ 38.804443, 68.2841, 0.0 ], [ 41.228058, 67.819725, 0.0 ]] 
boundary 1: [[ 42.114655, 60.870197, 0.0 ], [ 41.22805, 60.18021, 0.0 ], [ 38.804436, 59.715755, 0.0 ], [ 35.08109, 59.5222, 0.0 ], [ 30.422384, 59.618507, 0.0 ], [ 25.284447, 59.995235, 0.0 ], [ 20.170206, 60.615547, 0.0 ], [ 15.5802355, 61.418736, 0.0 ], [ 11.963875, 62.32613, 0.0 ], [ 9.675143, 63.24892, 0.0 ], [ 8.938053, 64.096535, 0.0 ], [ 9.824706, 64.786766, 0.0 ], [ 12.248372, 65.25128, 0.0 ], [ 15.971811, 65.44471, 0.0 ], [ 20.630428, 65.348434, 0.0 ], [ 25.76846, 64.97177, 0.0 ], [ 30.882694, 64.351524, 0.0 ], [ 35.472588, 63.548264, 0.0 ], [ 39.088905, 62.640816, 0.0 ], [ 41.377743, 61.717995, 0.0 ]] 
boundary 0: [[ 42.12359, 67.03659, 0.0 ], [ 41.38421, 66.191, 0.0 ], [ 39.092712, 65.27475, 0.0 ], [ 35.473785, 64.3779, 0.0 ], [ 30.8816, 63.588097, 0.0 ], [ 25.765594, 62.982502, 0.0 ], [ 20.626484, 62.62062, 0.0 ], [ 15.9676, 62.537693, 0.0 ], [ 12.24474, 62.742126, 0.0 ], [ 9.822434, 63.213596, 0.0 ], [ 8.937762, 63.905975, 0.0 ], [ 9.677304, 64.75172, 0.0 ], [ 11.968708, 65.6681, 0.0 ], [ 15.587667, 66.56485, 0.0 ], [ 20.17997, 67.354805, 0.0 ], [ 25.295952, 67.96028, 0.0 ], [ 30.434982, 68.32228, 0.0 ], [ 35.093956, 68.40506, 0.0 ], [ 38.81672, 68.20055, 0.0 ], [ 41.238983, 67.72915, 0.0 ]] 
boundary 1: [[ 42.123573, 60.96331, 0.0 ], [ 41.238976, 60.270752, 0.0 ], [ 38.81671, 59.79931, 0.0 ], [ 35.09394, 59.594975, 0.0 ], [ 30.434978, 59.67781, 0.0 ], [ 25.29597, 60.039665, 0.0 ], [ 20.179958, 60.645172, 0.0 ], [ 15.587681, 61.43509, 0.0 ], [ 11.968708, 62.332012, 0.0 ], [ 9.677314, 63.248188, 0.0 ], [ 8.93778, 64.093636, 0.0 ], [ 9.822432, 64.78642, 0.0 ], [ 12.244743, 65.25796, 0.0 ], [ 15.967608, 65.46217, 0.0 ], [ 20.626484, 65.379364, 0.0 ], [ 25.765587, 65.01759, 0.0 ], [ 30.881592, 64.41215, 0.0 ], [ 35.473793, 63.622143, 0.0 ], [ 39.092728, 62.725166, 0.0 ], [ 41.384216, 61.808964, 0.0 ]] 
boundary 0: [[ 42.153767, 66.69747, 0.0 ], [ 41.40554, 65.85971, 0.0 ], [ 39.104527, 64.967636, 0.0 ], [ 35.47636, 64.10893, 0.0 ], [ 30.876095, 63.36754, 0.0 ], [ 25.754005, 62.81585, 0.0 ], [ 20.611362, 62.508095, 0.0 ], [ 15.951866, 62.474236, 0.0 ], [ 12.231366, 62.717854, 0.0 ], [ 9.81416, 63.21481, 0.0 ], [ 8.936828, 63.916473, 0.0 ], [ 9.685234, 64.75437, 0.0 ], [ 11.98616, 65.646576, 0.0 ], [ 15.614363, 66.50518, 0.0 ], [ 20.214737, 67.24672, 0.0 ], [ 25.336805, 67.798294, 0.0 ], [ 30.479362, 68.106155, 0.0 ], [ 35.138954, 68.13988, 0.0 ], [ 38.859337, 67.89619, 0.0 ], [ 41.276512, 67.3993, 0.0 ]] 
boundary 1: [[ 42.15375, 61.302433, 0.0 ], [ 41.276505, 60.6006, 0.0 ], [ 38.85933, 60.10368, 0.0 ], [ 35.13894, 59.860157, 0.0 ], [ 30.479359, 59.893936, 0.0 ], [ 25.336824, 60.201653, 0.0 ], [ 20.214725, 60.753258, 0.0 ], [ 15.614376, 61.494774, 0.0 ], [ 11.986159, 62.353535, 0.0 ], [ 9.685245, 63.245533, 0.0 ], [ 8.93685, 64.08314, 0.0 ], [ 9.8141575, 64.78522, 0.0 ], [ 12.23137, 65.282234, 0.0 ], [ 15.951878, 65.525635, 0.0 ], [ 20.611362, 65.49188, 0.0 ], [ 25.753998, 65.18425, 0.0 ], [ 30.876085, 64.632706, 0.0 ], [ 35.476368, 63.891098, 0.0 ], [ 39.10454, 63.032276, 0.0 ], [ 41.40555, 62.14025, 0.0 ]] 
boundary 0: [[ 42.14062, 66.849846, 0.0 ], [ 41.39639, 66.00856, 0.0 ], [ 39.099617, 65.105606, 0.0 ], [ 35.475548, 64.22974, 0.0 ], [ 30.878855, 63.466602, 0.0 ], [ 25.759426, 62.890697, 0.0 ], [ 20.618301, 62.55862, 0.0 ], [ 15.959015, 62.50272, 0.0 ], [ 12.237405, 62.728737, 0.0 ], [ 9.817874, 63.214256, 0.0 ], [ 8.937234, 63.911755, 0.0 ], [ 9.681668, 64.7532, 0.0 ], [ 11.97835, 65.65627, 0.0 ], [ 15.602445, 66.53202, 0.0 ], [ 20.199265, 67.29532, 0.0 ], [ 25.318665, 67.8711, 0.0 ], [ 30.459713, 68.203285, 0.0 ], [ 35.11908, 68.259056, 0.0 ], [ 38.840584, 68.03296, 0.0 ], [ 41.260075, 67.54752, 0.0 ]] 
boundary 1: [[ 42.140602, 61.150063, 0.0 ], [ 41.26007, 60.452385, 0.0 ], [ 38.840576, 59.966904, 0.0 ], [ 35.119064, 59.740982, 0.0 ], [ 30.459711, 59.7968, 0.0 ], [ 25.318684, 60.128834, 0.0 ], [ 20.199253, 60.704655, 0.0 ], [ 15.602459, 61.46793, 0.0 ], [ 11.978349, 62.343838, 0.0 ], [ 9.681679, 63.246716, 0.0 ], [ 8.937254, 64.08786, 0.0 ], [ 9.817871, 64.78579, 0.0 ], [ 12.237409, 65.27135, 0.0 ], [ 15.959024, 65.49715, 0.0 ], [ 20.618301, 65.44136, 0.0 ], [ 25.759422, 65.109406, 0.0 ], [ 30.878845, 64.533646, 0.0 ], [ 35.475555, 63.77029, 0.0 ], [ 39.099632, 62.894306, 0.0 ], [ 41.396397, 61.991413, 0.0 ]] 
boundary 0: [[ 42.193363, 66.17276, 0.0 ], [ 41.43164, 65.34728, 0.0 ], [ 39.116386, 64.492775, 0.0 ], [ 35.474735, 63.693203, 0.0 ], [ 30.863016, 63.026794, 0.0 ], [ 25.732632, 62.558537, 0.0 ], [ 20.58566, 62.334522, 0.0 ], [ 15.926237, 62.376488, 0.0 ], [ 12.210197, 62.680626, 0.0 ], [ 9.801397, 63.216854, 0.0 ], [ 8.9356, 63.932693, 0.0 ], [ 9.697544, 64.758316, 0.0 ], [ 12.01269, 65.61296, 0.0 ], [ 15.654373, 66.412384, 0.0 ], [ 20.266212, 67.078964, 0.0 ], [ 25.396568, 67.5471, 0.0 ], [ 30.54347, 67.771225, 0.0 ], [ 35.20298, 67.72913, 0.0 ], [ 38.918915, 67.42492, 0.0 ], [ 41.327675, 66.888756, 0.0 ]] 
boundary 1: [[ 42.193344, 61.827152, 0.0 ], [ 41.327675, 61.11114, 0.0 ], [ 38.918907, 60.574947, 0.0 ], [ 35.202965, 60.270912, 0.0 ], [ 30.543467, 60.228844, 0.0 ], [ 25.396591, 60.452835, 0.0 ], [ 20.266201, 60.920998, 0.0 ], [ 15.654388, 61.58755, 0.0 ], [ 12.012685, 62.387146, 0.0 ], [ 9.697556, 63.241596, 0.0 ], [ 8.935629, 64.06691, 0.0 ], [ 9.801393, 64.78319, 0.0 ], [ 12.210199, 65.319466, 0.0 ], [ 15.926252, 65.62339, 0.0 ], [ 20.58566, 65.66547, 0.0 ], [ 25.732628, 65.44156, 0.0 ], [ 30.863007, 64.973465, 0.0 ], [ 35.474743, 64.30682, 0.0 ], [ 39.1164, 63.50715, 0.0 ], [ 41.43165, 62.652683, 0.0 ]] 
boundary 0: [[ 42.217937, 65.770485, 0.0 ], [ 41.445976, 64.95456, 0.0 ], [ 39.120255, 64.12898, 0.0 ], [ 35.46891, 63.374863, 0.0 ], [ 30.849264, 62.765987, 0.0 ], [ 25.713428, 62.361713, 0.0 ], [ 20.564075, 62.201874, 0.0 ], [ 15.905537, 62.30191, 0.0 ], [ 12.193573, 62.652348, 0.0 ], [ 9.791646, 63.21856, 0.0 ], [ 8.934838, 63.945126, 0.0 ], [ 9.707015, 64.7612, 0.0 ], [ 12.032632, 65.58692, 0.0 ], [ 15.683994, 66.34089, 0.0 ], [ 20.303795, 66.949936, 0.0 ], [ 25.43958, 67.35407, 0.0 ], [ 30.588875, 67.51403, 0.0 ], [ 35.247505, 67.41387, 0.0 ], [ 38.95935, 67.063354, 0.0 ], [ 41.36123, 66.49721, 0.0 ]] 
boundary 1: [[ 42.21792, 62.22943, 0.0 ], [ 41.36123, 61.50269, 0.0 ], [ 38.959343, 60.936512, 0.0 ], [ 35.24749, 60.586178, 0.0 ], [ 30.588871, 60.486034, 0.0 ], [ 25.439606, 60.64586, 0.0 ], [ 20.303783, 61.050022, 0.0 ], [ 15.684011, 61.65905, 0.0 ], [ 12.032628, 62.413193, 0.0 ], [ 9.707027, 63.238716, 0.0 ], [ 8.934872, 64.05444, 0.0 ], [ 9.79164, 64.78148, 0.0 ], [ 12.193576, 65.34774, 0.0 ], [ 15.905554, 65.69796, 0.0 ], [ 20.564075, 65.79811, 0.0 ], [ 25.713425, 65.63838, 0.0 ], [ 30.84925, 65.23427, 0.0 ], [ 35.468918, 64.62517, 0.0 ], [ 39.12027, 63.87094, 0.0 ], [ 41.445984, 63.0454, 0.0 ]] 
boundary 0: [[ 42.17235, 66.46508, 0.0 ], [ 41.418144, 65.63272, 0.0 ], [ 39.110718, 64.75727, 0.0 ], [ 35.476448, 63.92472, 0.0 ], [ 30.870987, 63.21654, 0.0 ], [ 25.74503, 62.701794, 0.0 ], [ 20.600319, 62.431145, 0.0 ], [ 15.94071, 62.43087, 0.0 ], [ 12.22206, 62.701317, 0.0 ], [ 9.808502, 63.21569, 0.0 ], [ 8.936252, 63.923637, 0.0 ], [ 9.69068, 64.75614, 0.0 ], [ 11.997984, 65.631744, 0.0 ], [ 15.632273, 66.46414, 0.0 ], [ 20.23789, 67.17251, 0.0 ], [ 25.363787, 67.68711, 0.0 ], [ 30.508442, 67.95789, 0.0 ], [ 35.16815, 67.95801, 0.0 ], [ 38.88668, 67.6875, 0.0 ], [ 41.3002, 67.173195, 0.0 ]] 
boundary 1: [[ 42.172333, 61.53484, 0.0 ], [ 41.300194, 60.826714, 0.0 ], [ 38.886673, 60.31237, 0.0 ], [ 35.168137, 60.042015, 0.0 ], [ 30.508442, 60.0422, 0.0 ], [ 25.36381, 60.312828, 0.0 ], [ 20.237879, 60.82746, 0.0 ], [ 15.632287, 61.535797, 0.0 ], [ 11.99798, 62.368366, 0.0 ], [ 9.690692, 63.243763, 0.0 ], [ 8.936275, 64.075935, 0.0 ], [ 9.808496, 64.78435, 0.0 ], [ 12.222065, 65.298775, 0.0 ], [ 15.940725, 65.569, 0.0 ], [ 20.600319, 65.56884, 0.0 ], [ 25.745031, 65.298294, 0.0 ], [ 30.870981, 64.78372, 0.0 ], [ 35.476456, 64.07531, 0.0 ], [ 39.110733, 63.242657, 0.0 ], [ 41.41815, 62.367233, 0.0 ]] 
boundary 0: [[ 42.06436, 67.60944, 0.0 ], [ 41.34019, 66.75082, 0.0 ], [ 39.065346, 65.79389, 0.0 ], [ 35.462982, 64.83269, 0.0 ], [ 30.885603, 63.961258, 0.0 ], [ 25.781183, 63.264637, 0.0 ], [ 20.649342, 62.81129, 0.0 ], [ 15.992687, 62.64539, 0.0 ], [ 12.266774, 62.78349, 0.0 ], [ 9.836458, 63.21175, 0.0 ], [ 8.939596, 63.888245, 0.0 ], [ 9.663956, 64.74703, 0.0 ], [ 11.938679, 65.7041, 0.0 ], [ 15.541084, 66.66515, 0.0 ], [ 20.118612, 67.53677, 0.0 ], [ 25.222973, 68.23325, 0.0 ], [ 30.354755, 68.68673, 0.0 ], [ 35.01153, 68.85247, 0.0 ], [ 38.73731, 68.71429, 0.0 ], [ 41.16758, 68.28612, 0.0 ]] 
boundary 1: [[ 42.064342, 60.39048, 0.0 ], [ 41.167572, 59.7138, 0.0 ], [ 38.737293, 59.285564, 0.0 ], [ 35.011517, 59.147556, 0.0 ], [ 30.35476, 59.313366, 0.0 ], [ 25.222994, 59.766685, 0.0 ], [ 20.118595, 60.4632, 0.0 ], [ 15.541096, 61.334793, 0.0 ], [ 11.93868, 62.296013, 0.0 ], [ 9.663966, 63.25286, 0.0 ], [ 8.939605, 64.111336, 0.0 ], [ 9.836453, 64.7883, 0.0 ], [ 12.266783, 65.2166, 0.0 ], [ 15.992697, 65.35448, 0.0 ], [ 20.649342, 65.18869, 0.0 ], [ 25.781185, 64.73545, 0.0 ], [ 30.885607, 64.03901, 0.0 ], [ 35.46299, 63.16734, 0.0 ], [ 39.06536, 62.20604, 0.0 ], [ 41.3402, 61.249153, 0.0 ]] 
boundary 0: [[ 41.82592, 69.319214, 0.0 ], [ 41.148598, 68.42317, 0.0 ], [ 38.92808, 67.34619, 0.0 ], [ 35.38215, 66.19408, 0.0 ], [ 30.857801, 65.07959, 0.0 ], [ 25.797842, 64.11153, 0.0 ], [ 20.697512, 63.38493, 0.0 ], [ 16.056347, 62.970726, 0.0 ], [ 12.328375, 62.909767, 0.0 ], [ 9.878667, 63.20771, 0.0 ], [ 8.946977, 63.83536, 0.0 ], [ 9.62447, 64.73159, 0.0 ], [ 11.844869, 65.8087, 0.0 ], [ 15.390843, 66.960655, 0.0 ], [ 19.91533, 68.07534, 0.0 ], [ 24.975243, 69.04326, 0.0 ], [ 30.0755, 69.77, 0.0 ], [ 34.716793, 70.18404, 0.0 ], [ 38.44464, 70.2449, 0.0 ], [ 40.894302, 69.947075, 0.0 ]] 
boundary 1: [[ 41.825897, 58.680702, 0.0 ], [ 40.89428, 58.052856, 0.0 ], [ 38.44462, 57.754944, 0.0 ], [ 34.716778, 57.815983, 0.0 ], [ 30.075514, 58.230103, 0.0 ], [ 24.975256, 58.956665, 0.0 ], [ 19.915312, 59.924625, 0.0 ], [ 15.390853, 61.039295, 0.0 ], [ 11.844876, 62.191414, 0.0 ], [ 9.624473, 63.2683, 0.0 ], [ 8.946964, 64.16421, 0.0 ], [ 9.878665, 64.79236, 0.0 ], [ 12.328388, 65.09032, 0.0 ], [ 16.05635, 65.02913, 0.0 ], [ 20.697512, 64.61504, 0.0 ], [ 25.797846, 63.888554, 0.0 ], [ 30.85782, 62.920673, 0.0 ], [ 35.382156, 61.80594, 0.0 ], [ 38.928097, 60.653744, 0.0 ], [ 41.148605, 59.576813, 0.0 ]] 
boundary 0: [[ 41.773937, 69.62205, 0.0 ], [ 41.10516, 68.7196, 0.0 ], [ 38.89498, 67.62157, 0.0 ], [ 35.360153, 66.43582, 0.0 ], [ 30.846598, 65.27838, 0.0 ], [ 25.796066, 64.26229, 0.0 ], [ 20.702873, 63.487247, 0.0 ], [ 16.065851, 63.028957, 0.0 ], [ 12.338628, 62.932575, 0.0 ], [ 9.886199, 63.207226, 0.0 ], [ 8.948586, 63.826004, 0.0 ], [ 9.617532, 64.72862, 0.0 ], [ 11.827594, 65.82678, 0.0 ], [ 15.362463, 67.01238, 0.0 ], [ 19.87615, 68.17001, 0.0 ], [ 24.926645, 69.18597, 0.0 ], [ 30.019758, 69.961136, 0.0 ], [ 34.65692, 70.41928, 0.0 ], [ 38.384014, 70.51557, 0.0 ], [ 40.836395, 70.24103, 0.0 ]] 
boundary 1: [[ 41.773914, 58.37787, 0.0 ], [ 40.836365, 57.758904, 0.0 ], [ 38.38399, 57.48428, 0.0 ], [ 34.656906, 57.58075, 0.0 ], [ 30.019773, 58.038956, 0.0 ], [ 24.926657, 58.813957, 0.0 ], [ 19.876131, 59.829956, 0.0 ], [ 15.362473, 60.98757, 0.0 ], [ 11.827604, 62.173332, 0.0 ], [ 9.617533, 63.271267, 0.0 ], [ 8.948568, 64.17356, 0.0 ], [ 9.886197, 64.79285, 0.0 ], [ 12.338641, 65.06751, 0.0 ], [ 16.065855, 64.970894, 0.0 ], [ 20.702873, 64.512726, 0.0 ], [ 25.79607, 63.737804, 0.0 ], [ 30.84662, 62.721878, 0.0 ], [ 35.36016, 61.564198, 0.0 ], [ 38.894997, 60.378353, 0.0 ], [ 41.105167, 59.280376, 0.0 ]] 
boundary 0: [[ 41.757683, 69.71335, 0.0 ], [ 41.0915, 68.808945, 0.0 ], [ 38.884483, 67.70464, 0.0 ], [ 35.353058, 66.50876, 0.0 ], [ 30.842852, 65.33838, 0.0 ], [ 25.795254, 64.30776, 0.0 ], [ 20.704288, 63.518135, 0.0 ], [ 16.068617, 63.04654, 0.0 ], [ 12.341679, 62.939487, 0.0 ], [ 9.888472, 63.2071, 0.0 ], [ 8.949089, 63.823193, 0.0 ], [ 9.615443, 64.72769, 0.0 ], [ 11.822343, 65.83219, 0.0 ], [ 15.353799, 67.02793, 0.0 ], [ 19.864151, 68.1985, 0.0 ], [ 24.911715, 69.22892, 0.0 ], [ 30.00258, 70.01874, 0.0 ], [ 34.638428, 70.49016, 0.0 ], [ 38.36521, 70.597115, 0.0 ], [ 40.818363, 70.32964, 0.0 ]] 
boundary 1: [[ 41.75766, 58.286568, 0.0 ], [ 40.81833, 57.670288, 0.0 ], [ 38.36519, 57.402702, 0.0 ], [ 34.638412, 57.509876, 0.0 ], [ 30.002596, 57.981354, 0.0 ], [ 24.911724, 58.770973, 0.0 ], [ 19.864132, 59.801468, 0.0 ], [ 15.353807, 60.97202, 0.0 ], [ 11.822355, 62.167923, 0.0 ], [ 9.615444, 63.272163, 0.0 ], [ 8.949069, 64.17637, 0.0 ], [ 9.88847, 64.79297, 0.0 ], [ 12.341693, 65.06063, 0.0 ], [ 16.06862, 64.95328, 0.0 ], [ 20.704288, 64.481834, 0.0 ], [ 25.79526, 63.6923, 0.0 ], [ 30.842875, 62.66191, 0.0 ], [ 35.353065, 61.491295, 0.0 ], [ 38.884495, 60.295307, 0.0 ], [ 41.091507, 59.190994, 0.0 ]] 
boundary 0: [[ 41.56958, 70.67674, 0.0 ], [ 40.93116, 69.75255, 0.0 ], [ 38.75869, 68.581764, 0.0 ], [ 35.265198, 67.279236, 0.0 ], [ 30.792593, 65.97247, 0.0 ], [ 25.778603, 64.78911, 0.0 ], [ 20.713947, 63.845314, 0.0 ], [ 16.09473, 63.23322, 0.0 ], [ 12.372761, 63.013077, 0.0 ], [ 9.91256, 63.206104, 0.0 ], [ 8.95491, 63.793396, 0.0 ], [ 9.593502, 64.71771, 0.0 ], [ 11.765857, 65.88869, 0.0 ], [ 15.259386, 67.1911, 0.0 ], [ 19.732128, 68.49803, 0.0 ], [ 24.746082, 69.68119, 0.0 ], [ 29.810625, 70.62517, 0.0 ], [ 34.430023, 71.2371, 0.0 ], [ 38.151848, 71.457146, 0.0 ], [ 40.611977, 71.26425, 0.0 ]] 
boundary 1: [[ 41.56955, 57.323166, 0.0 ], [ 40.61194, 56.73568, 0.0 ], [ 38.151814, 56.542683, 0.0 ], [ 34.430008, 56.762943, 0.0 ], [ 29.810642, 57.37492, 0.0 ], [ 24.746086, 58.31871, 0.0 ], [ 19.73211, 59.50195, 0.0 ], [ 15.259394, 60.80888, 0.0 ], [ 11.765871, 62.111423, 0.0 ], [ 9.593497, 63.28215, 0.0 ], [ 8.954877, 64.20616, 0.0 ], [ 9.912561, 64.79397, 0.0 ], [ 12.372776, 64.98701, 0.0 ], [ 16.094727, 64.766594, 0.0 ], [ 20.713947, 64.154655, 0.0 ], [ 25.77861, 63.210945, 0.0 ], [ 30.792624, 62.02781, 0.0 ], [ 35.265205, 60.72083, 0.0 ], [ 38.758698, 59.418198, 0.0 ], [ 40.931168, 58.2474, 0.0 ]] 
boundary 0: [[ 41.09321, 72.631, 0.0 ], [ 40.51349, 71.66889, 0.0 ], [ 38.418015, 70.36528, 0.0 ], [ 35.012276, 68.848045, 0.0 ], [ 30.629581, 67.26571, 0.0 ], [ 25.698875, 65.772865, 0.0 ], [ 20.702711, 64.51597, 0.0 ], [ 16.13049, 63.617825, 0.0 ], [ 12.429409, 63.166664, 0.0 ], [ 9.9619665, 63.206352, 0.0 ], [ 8.969651, 63.732952, 0.0 ], [ 9.549532, 64.69519, 0.0 ], [ 11.644871, 65.99899, 0.0 ], [ 15.050655, 67.516106, 0.0 ], [ 19.43348, 69.098625, 0.0 ], [ 24.364162, 70.59128, 0.0 ], [ 29.360203, 71.84833, 0.0 ], [ 33.93261, 72.74634, 0.0 ], [ 37.633556, 73.19736, 0.0 ], [ 40.100914, 73.15782, 0.0 ]] 
boundary 1: [[ 41.09317, 55.368916, 0.0 ], [ 40.100876, 54.84211, 0.0 ], [ 37.63352, 54.80246, 0.0 ], [ 33.932594, 55.253723, 0.0 ], [ 29.360224, 56.151752, 0.0 ], [ 24.364159, 57.408634, 0.0 ], [ 19.433458, 58.901356, 0.0 ], [ 15.050661, 60.48388, 0.0 ], [ 11.644892, 62.00113, 0.0 ], [ 9.549518, 63.30467, 0.0 ], [ 8.969589, 64.26659, 0.0 ], [ 9.96197, 64.793724, 0.0 ], [ 12.429428, 64.833405, 0.0 ], [ 16.130472, 64.38199, 0.0 ], [ 20.702707, 63.484005, 0.0 ], [ 25.698887, 62.2272, 0.0 ], [ 30.62963, 60.734577, 0.0 ], [ 35.0123, 59.152016, 0.0 ], [ 38.418022, 57.63468, 0.0 ], [ 40.51349, 56.331055, 0.0 ]] 
boundary 0: [[ 40.066795, 75.72203, 0.0 ], [ 39.586815, 74.70647, 0.0 ], [ 37.633114, 73.19868, 0.0 ], [ 34.3973, 71.3465, 0.0 ], [ 30.196035, 69.331276, 0.0 ], [ 25.440529, 67.34996, 0.0 ], [ 20.596165, 65.59679, 0.0 ], [ 16.137495, 64.24323, 0.0 ], [ 12.500583, 63.422012, 0.0 ], [ 10.041665, 63.213257, 0.0 ], [ 9.001408, 63.63735, 0.0 ], [ 9.48154, 64.653046, 0.0 ], [ 11.43508, 66.16103, 0.0 ], [ 14.670956, 68.01309, 0.0 ], [ 18.87234, 70.02851, 0.0 ], [ 23.627838, 72.009636, 0.0 ], [ 28.472063, 73.76295, 0.0 ], [ 32.930923, 75.1164, 0.0 ], [ 36.56771, 75.93746, 0.0 ], [ 39.026543, 76.14636, 0.0 ]] 
boundary 1: [[ 40.06675, 52.277885, 0.0 ], [ 39.02649, 51.85358, 0.0 ], [ 36.567665, 52.062355, 0.0 ], [ 32.930916, 52.883667, 0.0 ], [ 28.472092, 54.237137, 0.0 ], [ 23.62782, 55.99027, 0.0 ], [ 18.872313, 57.97147, 0.0 ], [ 14.670959, 59.986893, 0.0 ], [ 11.435112, 61.839073, 0.0 ], [ 9.481511, 63.346806, 0.0 ], [ 9.001299, 64.36219, 0.0 ], [ 10.041677, 64.78681, 0.0 ], [ 12.5006075, 64.57806, 0.0 ], [ 16.13746, 63.756596, 0.0 ], [ 20.596155, 62.403175, 0.0 ], [ 25.440552, 60.65011, 0.0 ], [ 30.196114, 58.669006, 0.0 ], [ 34.39733, 56.65355, 0.0 ], [ 37.63312, 54.801285, 0.0 ], [ 39.586803, 53.293465, 0.0 ]] 
boundary 0: [[ 37.372486, 81.10335, 0.0 ], [ 37.08902, 80.01644, 0.0 ], [ 35.44859, 78.172714, 0.0 ], [ 32.61207, 75.75293, 0.0 ], [ 28.857042, 72.99403, 0.0 ], [ 24.551094, 70.16575, 0.0 ], [ 20.115545, 67.54519, 0.0 ], [ 15.984949, 65.388794, 0.0 ], [ 12.563227, 63.907795, 0.0 ], [ 10.185588, 63.24696, 0.0 ], [ 9.084758, 63.47092, 0.0 ], [ 9.368343, 64.558, 0.0 ], [ 11.00858, 66.4019, 0.0 ], [ 13.845179, 68.821556, 0.0 ], [ 17.600285, 71.58068, 0.0 ], [ 21.90627, 74.40877, 0.0 ], [ 26.341652, 77.02946, 0.0 ], [ 30.472454, 79.1858, 0.0 ], [ 33.89409, 80.666595, 0.0 ], [ 36.271606, 81.32756, 0.0 ]] 
boundary 1: [[ 37.37242, 46.896564, 0.0 ], [ 36.271545, 46.67239, 0.0 ], [ 33.893997, 47.33322, 0.0 ], [ 30.472454, 48.814278, 0.0 ], [ 26.341698, 50.97062, 0.0 ], [ 21.906223, 53.591133, 0.0 ], [ 17.600254, 56.419315, 0.0 ], [ 13.84518, 59.17843, 0.0 ], [ 11.008631, 61.598198, 0.0 ], [ 9.368286, 63.44185, 0.0 ], [ 9.084566, 64.52865, 0.0 ], [ 10.185616, 64.753105, 0.0 ], [ 12.563263, 64.09228, 0.0 ], [ 15.984888, 62.611053, 0.0 ], [ 20.115528, 60.45479, 0.0 ], [ 24.551128, 57.834312, 0.0 ], [ 28.857174, 55.00622, 0.0 ], [ 32.61211, 52.247097, 0.0 ], [ 35.448586, 49.827255, 0.0 ], [ 37.089, 47.983498, 0.0 ]] 
