boundary 0: [[ 31.107637, 88.43558, 0.0 ], [ 31.157244, 87.31314, 0.0 ], [ 30.133673, 85.06764, 0.0 ], [ 28.136972, 81.918915, 0.0 ], [ 25.362732, 78.175064, 0.0 ], [ 22.082376, 74.20271, 0.0 ], [ 18.617092, 70.39061, 0.0 ], [ 15.306131, 67.111855, 0.0 ], [ 12.473487, 64.687485, 0.0 ], [ 10.396506, 63.35481, 0.0 ], [ 9.278452, 63.244267, 0.0 ], [ 9.2287855, 64.366714, 0.0 ], [ 10.252396, 66.61219, 0.0 ], [ 12.2491, 69.76088, 0.0 ], [ 15.023359, 73.50474, 0.0 ], [ 18.30371, 77.47708, 0.0 ], [ 21.768932, 81.289246, 0.0 ], [ 25.07996, 84.56797, 0.0 ], [ 27.912598, 86.992294, 0.0 ], [ 29.989586, 88.325005, 0.0 ]] 
boundary 1: [[ 31.107632, 39.564445, 0.0 ], [ 29.98959, 39.67502, 0.0 ], [ 27.912598, 41.007698, 0.0 ], [ 25.079956, 43.43203, 0.0 ], [ 21.76894, 46.710754, 0.0 ], [ 18.303688, 50.522923, 0.0 ], [ 15.023394, 54.495323, 0.0 ], [ 12.249093, 58.239132, 0.0 ], [ 10.252428, 61.387894, 0.0 ], [ 9.228815, 63.633354, 0.0 ], [ 9.278476, 64.75577, 0.0 ], [ 10.396461, 64.6451, 0.0 ], [ 12.473492, 63.312508, 0.0 ], [ 15.306107, 60.888134, 0.0 ], [ 18.617125, 57.609444, 0.0 ], [ 22.082369, 53.79729, 0.0 ], [ 25.362722, 49.824905, 0.0 ], [ 28.136974, 46.081055, 0.0 ], [ 30.133657, 42.932327, 0.0 ], [ 31.157236, 40.68686, 0.0 ]] 
boundary 0: [[ 34.24774, 85.31332, 0.0 ], [ 34.143524, 84.194626, 0.0 ], [ 32.822754, 82.11004, 0.0 ], [ 30.414557, 79.26366, 0.0 ], [ 27.1548, 75.933975, 0.0 ], [ 23.362461, 72.447075, 0.0 ], [ 19.40882, 69.14419, 0.0 ], [ 15.680923, 66.34858, 0.0 ], [ 12.543599, 64.33397, 0.0 ], [ 10.304009, 63.297573, 0.0 ], [ 9.181336, 63.34083, 0.0 ], [ 9.285499, 64.45955, 0.0 ], [ 10.606313, 66.5441, 0.0 ], [ 13.0145035, 69.39044, 0.0 ], [ 16.274277, 72.72014, 0.0 ], [ 20.066616, 76.20702, 0.0 ], [ 24.020206, 79.50999, 0.0 ], [ 27.74816, 82.305565, 0.0 ], [ 30.885471, 84.320114, 0.0 ], [ 33.12507, 85.35655, 0.0 ]] 
boundary 1: [[ 34.247726, 42.6867, 0.0 ], [ 33.12507, 42.64347, 0.0 ], [ 30.885475, 43.67988, 0.0 ], [ 27.748156, 45.69444, 0.0 ], [ 24.020214, 48.490017, 0.0 ], [ 20.066593, 51.792976, 0.0 ], [ 16.274303, 55.27993, 0.0 ], [ 13.014496, 58.60957, 0.0 ], [ 10.606333, 61.455994, 0.0 ], [ 9.285518, 63.540535, 0.0 ], [ 9.181355, 64.6592, 0.0 ], [ 10.303975, 64.702324, 0.0 ], [ 12.543604, 63.666027, 0.0 ], [ 15.680899, 61.651417, 0.0 ], [ 19.408844, 58.855858, 0.0 ], [ 23.362453, 55.552925, 0.0 ], [ 27.154797, 52.065994, 0.0 ], [ 30.414558, 48.73631, 0.0 ], [ 32.82274, 45.88993, 0.0 ], [ 34.143517, 43.805367, 0.0 ]] 
boundary 0: [[ 36.571472, 82.32643, 0.0 ], [ 36.337265, 81.22757, 0.0 ], [ 34.781967, 79.31159, 0.0 ], [ 32.057693, 76.76607, 0.0 ], [ 28.43122, 73.840065, 0.0 ], [ 24.257446, 70.82015, 0.0 ], [ 19.944967, 68.00183, 0.0 ], [ 15.915966, 65.66094, 0.0 ], [ 12.564742, 64.026695, 0.0 ], [ 10.2193985, 63.25907, 0.0 ], [ 9.109468, 63.43321, 0.0 ], [ 9.34363, 64.532104, 0.0 ], [ 10.898957, 66.448044, 0.0 ], [ 13.623223, 68.99351, 0.0 ], [ 17.24971, 71.919525, 0.0 ], [ 21.423487, 74.93943, 0.0 ], [ 25.735922, 77.75785, 0.0 ], [ 29.764977, 80.098694, 0.0 ], [ 33.11618, 81.73288, 0.0 ], [ 35.46154, 82.50056, 0.0 ]] 
boundary 1: [[ 36.571457, 45.67358, 0.0 ], [ 35.46154, 45.49947, 0.0 ], [ 33.116188, 46.267113, 0.0 ], [ 29.76497, 47.901314, 0.0 ], [ 25.73593, 50.242165, 0.0 ], [ 21.423464, 53.060555, 0.0 ], [ 17.249731, 56.08053, 0.0 ], [ 13.623214, 59.0065, 0.0 ], [ 10.898968, 61.552055, 0.0 ], [ 9.343638, 63.467995, 0.0 ], [ 9.109485, 64.56682, 0.0 ], [ 10.2193775, 64.74081, 0.0 ], [ 12.564749, 63.9733, 0.0 ], [ 15.915941, 62.33905, 0.0 ], [ 19.94499, 59.99822, 0.0 ], [ 24.257439, 57.179844, 0.0 ], [ 28.431223, 54.159897, 0.0 ], [ 32.0577, 51.233894, 0.0 ], [ 34.78195, 48.68838, 0.0 ], [ 36.337257, 46.77241, 0.0 ]] 
boundary 0: [[ 38.5972, 78.961006, 0.0 ], [ 38.231476, 77.89866, 0.0 ], [ 36.455315, 76.18541, 0.0 ], [ 33.442474, 73.98902, 0.0 ], [ 29.487944, 71.52436, 0.0 ], [ 24.97877, 69.03286, 0.0 ], [ 20.356356, 66.75828, 0.0 ], [ 16.073227, 64.92321, 0.0 ], [ 12.548561, 63.707405, 0.0 ], [ 10.127441, 63.22985, 0.0 ], [ 9.046818, 63.537296, 0.0 ], [ 9.412507, 64.59969, 0.0 ], [ 11.188685, 66.312874, 0.0 ], [ 14.201516, 68.50922, 0.0 ], [ 18.156055, 70.9739, 0.0 ], [ 22.665234, 73.46538, 0.0 ], [ 27.287615, 75.740074, 0.0 ], [ 31.570791, 77.575066, 0.0 ], [ 35.09543, 78.790825, 0.0 ], [ 37.516563, 79.26844, 0.0 ]] 
boundary 1: [[ 38.597183, 49.039, 0.0 ], [ 37.516563, 48.731586, 0.0 ], [ 35.09544, 49.209167, 0.0 ], [ 31.570786, 50.424927, 0.0 ], [ 27.287619, 52.25994, 0.0 ], [ 22.66521, 54.534584, 0.0 ], [ 18.156069, 57.026173, 0.0 ], [ 14.201505, 59.490795, 0.0 ], [ 11.188684, 61.687214, 0.0 ], [ 9.4125, 63.400417, 0.0 ], [ 9.046833, 64.46273, 0.0 ], [ 10.127437, 64.77002, 0.0 ], [ 12.548567, 64.29259, 0.0 ], [ 16.073204, 63.076775, 0.0 ], [ 20.356377, 61.24178, 0.0 ], [ 24.978762, 58.967136, 0.0 ], [ 29.487951, 56.4756, 0.0 ], [ 33.442482, 54.01094, 0.0 ], [ 36.4553, 51.814564, 0.0 ], [ 38.23147, 50.101326, 0.0 ]] 
boundary 0: [[ 40.11104, 75.60842, 0.0 ], [ 39.627018, 74.59449, 0.0 ], [ 37.667755, 73.09407, 0.0 ], [ 34.42493, 71.25411, 0.0 ], [ 30.216047, 69.25457, 0.0 ], [ 25.453054, 67.29136, 0.0 ], [ 20.6022, 65.55653, 0.0 ], [ 16.138357, 64.21983, 0.0 ], [ 12.498404, 63.412254, 0.0 ], [ 10.038709, 63.212788, 0.0 ], [ 8.999998, 63.64098, 0.0 ], [ 9.4839945, 64.65498, 0.0 ], [ 11.443268, 66.155334, 0.0 ], [ 14.686069, 67.99524, 0.0 ], [ 18.89497, 69.9948, 0.0 ], [ 23.657959, 71.95797, 0.0 ], [ 28.508795, 73.692924, 0.0 ], [ 32.97268, 75.029526, 0.0 ], [ 36.612595, 75.83708, 0.0 ], [ 39.07232, 76.036606, 0.0 ]] 
boundary 1: [[ 40.111023, 52.391586, 0.0 ], [ 39.07232, 51.963432, 0.0 ], [ 36.612602, 52.162914, 0.0 ], [ 32.97268, 52.97045, 0.0 ], [ 28.508797, 54.30709, 0.0 ], [ 23.65794, 56.04198, 0.0 ], [ 18.894972, 58.005276, 0.0 ], [ 14.686057, 60.004776, 0.0 ], [ 11.443256, 61.844772, 0.0 ], [ 9.483976, 63.34514, 0.0 ], [ 9.000011, 64.359055, 0.0 ], [ 10.038718, 64.78709, 0.0 ], [ 12.498409, 64.587746, 0.0 ], [ 16.138334, 63.780144, 0.0 ], [ 20.602211, 62.443523, 0.0 ], [ 25.453047, 60.708633, 0.0 ], [ 30.216059, 58.74539, 0.0 ], [ 34.424946, 56.745857, 0.0 ], [ 37.66774, 54.90591, 0.0 ], [ 39.62701, 53.405487, 0.0 ]] 
boundary 0: [[ 41.003433, 72.94977, 0.0 ], [ 40.433357, 71.98158, 0.0 ], [ 38.35146, 70.65658, 0.0 ], [ 34.961395, 69.10455, 0.0 ], [ 30.59508, 67.477234, 0.0 ], [ 25.679882, 65.93414, 0.0 ], [ 20.696947, 64.6262, 0.0 ], [ 16.134066, 63.68133, 0.0 ], [ 12.437824, 63.192196, 0.0 ], [ 9.970098, 63.206615, 0.0 ], [ 8.972397, 63.723206, 0.0 ], [ 9.542442, 64.69146, 0.0 ], [ 11.624355, 66.016396, 0.0 ], [ 15.014391, 67.568375, 0.0 ], [ 19.380732, 69.19569, 0.0 ], [ 24.295914, 70.738754, 0.0 ], [ 29.278841, 72.04684, 0.0 ], [ 33.841766, 72.99161, 0.0 ], [ 37.537956, 73.48072, 0.0 ], [ 40.00572, 73.46633, 0.0 ]] 
boundary 1: [[ 41.003418, 55.05024, 0.0 ], [ 40.00571, 54.53369, 0.0 ], [ 37.537964, 54.519287, 0.0 ], [ 33.841766, 55.008373, 0.0 ], [ 29.278841, 55.95318, 0.0 ], [ 24.295895, 57.2612, 0.0 ], [ 19.380726, 58.804382, 0.0 ], [ 15.0143795, 60.43164, 0.0 ], [ 11.624334, 61.98372, 0.0 ], [ 9.542412, 63.308662, 0.0 ], [ 8.972409, 64.276825, 0.0 ], [ 9.970118, 64.79326, 0.0 ], [ 12.43783, 64.807816, 0.0 ], [ 16.134045, 64.31866, 0.0 ], [ 20.696955, 63.37387, 0.0 ], [ 25.679874, 62.06585, 0.0 ], [ 30.595093, 60.52272, 0.0 ], [ 34.96141, 58.895416, 0.0 ], [ 38.351444, 57.343388, 0.0 ], [ 40.43335, 56.018394, 0.0 ]] 
boundary 0: [[ 41.42101, 71.34685, 0.0 ], [ 40.802086, 70.40913, 0.0 ], [ 38.655067, 69.19248, 0.0 ], [ 35.18997, 67.8161, 0.0 ], [ 30.746042, 66.41452, 0.0 ], [ 25.75827, 65.125175, 0.0 ], [ 20.71489, 64.07414, 0.0 ], [ 16.109608, 63.36419, 0.0 ], [ 12.3931675, 63.06499, 0.0 ], [ 9.929417, 63.20578, 0.0 ], [ 8.959482, 63.772785, 0.0 ], [ 9.578367, 64.71056, 0.0 ], [ 11.725401, 65.92715, 0.0 ], [ 15.19047, 67.303474, 0.0 ], [ 19.634415, 68.705055, 0.0 ], [ 24.622173, 69.99436, 0.0 ], [ 29.665554, 71.04555, 0.0 ], [ 34.270874, 71.7554, 0.0 ], [ 37.98726, 72.05457, 0.0 ], [ 40.451046, 71.913826, 0.0 ]] 
boundary 1: [[ 41.420986, 56.653168, 0.0 ], [ 40.45104, 56.086197, 0.0 ], [ 37.987267, 55.94544, 0.0 ], [ 34.270874, 56.244587, 0.0 ], [ 29.665554, 56.954475, 0.0 ], [ 24.622158, 58.005585, 0.0 ], [ 19.634405, 59.295025, 0.0 ], [ 15.190456, 60.696537, 0.0 ], [ 11.725374, 62.072968, 0.0 ], [ 9.57833, 63.289547, 0.0 ], [ 8.959494, 64.227234, 0.0 ], [ 9.929444, 64.7941, 0.0 ], [ 12.393173, 64.935005, 0.0 ], [ 16.109589, 64.63578, 0.0 ], [ 20.714897, 63.92593, 0.0 ], [ 25.758263, 62.87481, 0.0 ], [ 30.746058, 61.58542, 0.0 ], [ 35.189983, 60.183865, 0.0 ], [ 38.655052, 58.80749, 0.0 ], [ 40.80208, 57.590855, 0.0 ]] 
boundary 0: [[ 41.557602, 70.73461, 0.0 ], [ 40.92061, 69.809074, 0.0 ], [ 38.750404, 68.63431, 0.0 ], [ 35.25924, 67.3254, 0.0 ], [ 30.788965, 66.01031, 0.0 ], [ 25.777115, 64.81796, 0.0 ], [ 20.714294, 63.86497, 0.0 ], [ 16.09611, 63.24449, 0.0 ], [ 12.374567, 63.01745, 0.0 ], [ 9.914009, 63.206005, 0.0 ], [ 8.955256, 63.791718, 0.0 ], [ 9.592219, 64.71732, 0.0 ], [ 11.762451, 65.89202, 0.0 ], [ 15.253567, 67.200874, 0.0 ], [ 19.72387, 68.51597, 0.0 ], [ 24.735699, 69.70827, 0.0 ], [ 29.798525, 70.66142, 0.0 ], [ 34.416748, 71.2818, 0.0 ], [ 38.138237, 71.50882, 0.0 ], [ 40.59884, 71.320305, 0.0 ]] 
boundary 1: [[ 41.55758, 57.265396, 0.0 ], [ 40.59883, 56.679726, 0.0 ], [ 38.138245, 56.4912, 0.0 ], [ 34.416748, 56.718185, 0.0 ], [ 29.798525, 57.338593, 0.0 ], [ 24.735687, 58.291664, 0.0 ], [ 19.723858, 59.48411, 0.0 ], [ 15.253553, 60.79915, 0.0 ], [ 11.762423, 62.108093, 0.0 ], [ 9.592179, 63.28279, 0.0 ], [ 8.955268, 64.208305, 0.0 ], [ 9.9140415, 64.79387, 0.0 ], [ 12.374573, 64.98255, 0.0 ], [ 16.09609, 64.75548, 0.0 ], [ 20.714298, 64.1351, 0.0 ], [ 25.777111, 63.18202, 0.0 ], [ 30.788982, 61.98964, 0.0 ], [ 35.259254, 60.674553, 0.0 ], [ 38.75039, 59.365665, 0.0 ], [ 40.9206, 58.190907, 0.0 ]] 
boundary 0: [[ 41.562798, 70.710236, 0.0 ], [ 40.925095, 69.78517, 0.0 ], [ 38.753983, 68.612076, 0.0 ], [ 35.261803, 67.30588, 0.0 ], [ 30.790514, 65.994225, 0.0 ], [ 25.777744, 64.80575, 0.0 ], [ 20.714188, 63.856674, 0.0 ], [ 16.095528, 63.239727, 0.0 ], [ 12.373808, 63.015568, 0.0 ], [ 9.913396, 63.206013, 0.0 ], [ 8.955097, 63.792473, 0.0 ], [ 9.592772, 64.71759, 0.0 ], [ 11.763909, 65.89063, 0.0 ], [ 15.256034, 67.19676, 0.0 ], [ 19.727352, 68.50842, 0.0 ], [ 24.740099, 69.696846, 0.0 ], [ 29.803658, 70.64612, 0.0 ], [ 34.422363, 71.26292, 0.0 ], [ 38.144028, 71.48707, 0.0 ], [ 40.60448, 71.29665, 0.0 ]] 
boundary 1: [[ 41.562775, 57.28978, 0.0 ], [ 40.604473, 56.70337, 0.0 ], [ 38.144035, 56.51295, 0.0 ], [ 34.422363, 56.73706, 0.0 ], [ 29.803658, 57.353905, 0.0 ], [ 24.740091, 58.303078, 0.0 ], [ 19.72734, 59.49166, 0.0 ], [ 15.256021, 60.803257, 0.0 ], [ 11.763881, 62.10951, 0.0 ], [ 9.592732, 63.28252, 0.0 ], [ 8.955109, 64.20758, 0.0 ], [ 9.913427, 64.79382, 0.0 ], [ 12.373814, 64.984436, 0.0 ], [ 16.095509, 64.76021, 0.0 ], [ 20.714191, 64.14343, 0.0 ], [ 25.77774, 63.19423, 0.0 ], [ 30.790531, 62.005726, 0.0 ], [ 35.261818, 60.694077, 0.0 ], [ 38.753967, 59.387882, 0.0 ], [ 40.925087, 58.214798, 0.0 ]] 
boundary 0: [[ 41.470985, 71.12926, 0.0 ], [ 40.845604, 70.195816, 0.0 ], [ 38.690243, 68.994026, 0.0 ], [ 35.21573, 67.6416, 0.0 ], [ 30.762224, 66.27075, 0.0 ], [ 25.765657, 65.015884, 0.0 ], [ 20.715137, 63.999718, 0.0 ], [ 16.10507, 63.32155, 0.0 ], [ 12.386652, 63.048035, 0.0 ], [ 9.923934, 63.20582, 0.0 ], [ 8.957937, 63.779514, 0.0 ], [ 9.5832815, 64.713005, 0.0 ], [ 11.738667, 65.91475, 0.0 ], [ 15.213155, 67.2671, 0.0 ], [ 19.666677, 68.63796, 0.0 ], [ 24.663216, 69.892784, 0.0 ], [ 29.713737, 70.90914, 0.0 ], [ 34.32385, 71.58716, 0.0 ], [ 38.04222, 71.860664, 0.0 ], [ 40.504974, 71.70292, 0.0 ]] 
boundary 1: [[ 41.470963, 56.870758, 0.0 ], [ 40.504967, 56.297115, 0.0 ], [ 38.04223, 56.13935, 0.0 ], [ 34.323845, 56.41281, 0.0 ], [ 29.713737, 57.090878, 0.0 ], [ 24.663208, 58.107147, 0.0 ], [ 19.666666, 59.36212, 0.0 ], [ 15.213141, 60.73293, 0.0 ], [ 11.738639, 62.085392, 0.0 ], [ 9.583244, 63.287106, 0.0 ], [ 8.957949, 64.22053, 0.0 ], [ 9.92396, 64.794014, 0.0 ], [ 12.386658, 64.951965, 0.0 ], [ 16.105051, 64.67839, 0.0 ], [ 20.715141, 64.00039, 0.0 ], [ 25.765654, 62.9841, 0.0 ], [ 30.762241, 61.7292, 0.0 ], [ 35.215744, 60.358345, 0.0 ], [ 38.690228, 59.00594, 0.0 ], [ 40.845596, 57.804153, 0.0 ]] 
boundary 0: [[ 41.292168, 71.87869, 0.0 ], [ 40.68921, 70.93063, 0.0 ], [ 38.563087, 69.677826, 0.0 ], [ 35.12179, 68.24299, 0.0 ], [ 30.702202, 66.76641, 0.0 ], [ 25.736956, 65.392845, 0.0 ], [ 20.712074, 64.25664, 0.0 ], [ 16.119484, 63.4688, 0.0 ], [ 12.408639, 63.106762, 0.0 ], [ 9.942859, 63.205814, 0.0 ], [ 8.963469, 63.756336, 0.0 ], [ 9.566391, 64.70446, 0.0 ], [ 11.692531, 65.95722, 0.0 ], [ 15.133808, 67.391975, 0.0 ], [ 19.553402, 68.86858, 0.0 ], [ 24.518631, 70.242096, 0.0 ], [ 29.543503, 71.3785, 0.0 ], [ 34.136147, 72.16619, 0.0 ], [ 37.84694, 72.528206, 0.0 ], [ 40.31276, 72.429184, 0.0 ]] 
boundary 1: [[ 41.292145, 56.121307, 0.0 ], [ 40.31275, 55.570847, 0.0 ], [ 37.846947, 55.47181, 0.0 ], [ 34.13614, 55.833794, 0.0 ], [ 29.543503, 56.621513, 0.0 ], [ 24.518623, 57.757843, 0.0 ], [ 19.55339, 59.131508, 0.0 ], [ 15.133795, 60.608047, 0.0 ], [ 11.692507, 62.04292, 0.0 ], [ 9.566356, 63.295647, 0.0 ], [ 8.96348, 64.243706, 0.0 ], [ 9.9428835, 64.794, 0.0 ], [ 12.408645, 64.89324, 0.0 ], [ 16.119465, 64.53114, 0.0 ], [ 20.712082, 63.74348, 0.0 ], [ 25.736952, 62.607143, 0.0 ], [ 30.702217, 61.233536, 0.0 ], [ 35.121807, 59.75695, 0.0 ], [ 38.563072, 58.32214, 0.0 ], [ 40.6892, 57.06934, 0.0 ]] 
boundary 0: [[ 40.96014, 73.09877, 0.0 ], [ 40.394714, 72.12786, 0.0 ], [ 38.31919, 70.792885, 0.0 ], [ 34.936638, 69.224594, 0.0 ], [ 30.578156, 67.57633, 0.0 ], [ 25.670414, 66.00968, 0.0 ], [ 20.693798, 64.67789, 0.0 ], [ 16.135525, 63.711082, 0.0 ], [ 12.441672, 63.204227, 0.0 ], [ 9.973904, 63.206787, 0.0 ], [ 8.973738, 63.718613, 0.0 ], [ 9.539128, 64.68958, 0.0 ], [ 11.614659, 66.02451, 0.0 ], [ 14.99721, 67.59271, 0.0 ], [ 19.355686, 69.241005, 0.0 ], [ 24.26342, 70.80759, 0.0 ], [ 29.240013, 72.1396, 0.0 ], [ 33.798355, 73.106255, 0.0 ], [ 37.492153, 73.61308, 0.0 ], [ 39.959953, 73.610535, 0.0 ]] 
boundary 1: [[ 40.960117, 54.901234, 0.0 ], [ 39.959946, 54.38949, 0.0 ], [ 37.492165, 54.386944, 0.0 ], [ 33.798347, 54.89373, 0.0 ], [ 29.240013, 55.86042, 0.0 ], [ 24.26341, 57.19234, 0.0 ], [ 19.355682, 58.7591, 0.0 ], [ 14.997198, 60.40731, 0.0 ], [ 11.614641, 61.97563, 0.0 ], [ 9.539096, 63.310535, 0.0 ], [ 8.973751, 64.28145, 0.0 ], [ 9.97392, 64.79301, 0.0 ], [ 12.441678, 64.79578, 0.0 ], [ 16.135506, 64.288864, 0.0 ], [ 20.693815, 63.32224, 0.0 ], [ 25.67041, 61.990303, 0.0 ], [ 30.578167, 60.423607, 0.0 ], [ 34.93664, 58.775352, 0.0 ], [ 38.319176, 57.207092, 0.0 ], [ 40.394707, 55.87211, 0.0 ]] 
boundary 0: [[ 40.473396, 74.618614, 0.0 ], [ 39.956562, 73.620995, 0.0 ], [ 37.949436, 72.18523, 0.0 ], [ 34.648384, 70.45194, 0.0 ], [ 30.376545, 68.59063, 0.0 ], [ 25.552078, 66.78373, 0.0 ], [ 20.64724, 65.20799, 0.0 ], [ 16.142225, 64.01746, 0.0 ], [ 12.4778805, 63.328964, 0.0 ], [ 10.012993, 63.20976, 0.0 ], [ 8.988791, 63.671608, 0.0 ], [ 9.505584, 64.66931, 0.0 ], [ 11.512716, 66.10501, 0.0 ], [ 14.813771, 67.83818, 0.0 ], [ 19.08561, 69.69953, 0.0 ], [ 23.910065, 71.50637, 0.0 ], [ 28.81487, 73.082306, 0.0 ], [ 33.31996, 74.27271, 0.0 ], [ 36.98426, 74.96118, 0.0 ], [ 39.449177, 75.08041, 0.0 ]] 
boundary 1: [[ 40.473373, 53.381393, 0.0 ], [ 39.44917, 52.91962, 0.0 ], [ 36.98427, 53.038845, 0.0 ], [ 33.319954, 53.727272, 0.0 ], [ 28.814873, 54.917706, 0.0 ], [ 23.910053, 56.493557, 0.0 ], [ 19.08561, 58.300568, 0.0 ], [ 14.81376, 60.161823, 0.0 ], [ 11.512707, 61.895134, 0.0 ], [ 9.505555, 63.330833, 0.0 ], [ 8.988808, 64.32846, 0.0 ], [ 10.012999, 64.79003, 0.0 ], [ 12.477886, 64.67105, 0.0 ], [ 16.142206, 63.98249, 0.0 ], [ 20.647266, 62.79212, 0.0 ], [ 25.552074, 61.216248, 0.0 ], [ 30.376556, 59.40931, 0.0 ], [ 34.64839, 57.548004, 0.0 ], [ 37.94942, 55.814754, 0.0 ], [ 39.956554, 54.37899, 0.0 ]] 
boundary 0: [[ 39.737823, 76.53566, 0.0 ], [ 39.285347, 75.50724, 0.0 ], [ 37.373405, 73.946976, 0.0 ], [ 34.189026, 72.00765, 0.0 ], [ 30.043943, 69.87894, 0.0 ], [ 25.343893, 67.76948, 0.0 ], [ 20.548958, 65.8856, 0.0 ], [ 16.128592, 64.41152, 0.0 ], [ 12.515343, 63.49182, 0.0 ], [ 10.062992, 63.216408, 0.0 ], [ 9.0115385, 63.61232, 0.0 ], [ 9.4639635, 64.64081, 0.0 ], [ 11.375922, 66.20102, 0.0 ], [ 14.560312, 68.14021, 0.0 ], [ 18.705387, 70.26895, 0.0 ], [ 23.405428, 72.37837, 0.0 ], [ 28.20032, 74.26245, 0.0 ], [ 32.62077, 75.7364, 0.0 ], [ 36.23398, 76.65606, 0.0 ], [ 38.686363, 76.93151, 0.0 ]] 
boundary 1: [[ 39.7378, 51.464367, 0.0 ], [ 38.686356, 51.06853, 0.0 ], [ 36.233986, 51.343964, 0.0 ], [ 32.62076, 52.263584, 0.0 ], [ 28.200321, 53.73757, 0.0 ], [ 23.405415, 55.621567, 0.0 ], [ 18.705399, 57.731144, 0.0 ], [ 14.560301, 59.859787, 0.0 ], [ 11.37592, 61.799133, 0.0 ], [ 9.463944, 63.359337, 0.0 ], [ 9.01156, 64.38775, 0.0 ], [ 10.062983, 64.78338, 0.0 ], [ 12.515348, 64.508194, 0.0 ], [ 16.128572, 63.588436, 0.0 ], [ 20.548992, 62.114525, 0.0 ], [ 25.343887, 60.230503, 0.0 ], [ 30.04395, 58.12099, 0.0 ], [ 34.189026, 55.9923, 0.0 ], [ 37.37339, 54.053013, 0.0 ], [ 39.28534, 52.49274, 0.0 ]] 
boundary 0: [[ 38.82405, 78.51817, 0.0 ], [ 38.442005, 77.46157, 0.0 ], [ 36.639694, 75.77585, 0.0 ], [ 33.59343, 73.626076, 0.0 ], [ 29.601427, 71.22253, 0.0 ], [ 25.054428, 68.800735, 0.0 ], [ 20.397537, 66.597595, 0.0 ], [ 16.086704, 64.828606, 0.0 ], [ 12.543749, 63.667202, 0.0 ], [ 10.11557, 63.22694, 0.0 ], [ 9.039799, 63.551006, 0.0 ], [ 9.421794, 64.60767, 0.0 ], [ 11.224116, 66.29335, 0.0 ], [ 14.270405, 68.442986, 0.0 ], [ 18.262394, 70.84657, 0.0 ], [ 22.809391, 73.26831, 0.0 ], [ 27.466225, 75.47165, 0.0 ], [ 31.777155, 77.24049, 0.0 ], [ 35.32008, 78.40187, 0.0 ], [ 37.748276, 78.842155, 0.0 ]] 
boundary 1: [[ 38.824028, 49.481857, 0.0 ], [ 37.74827, 49.157867, 0.0 ], [ 35.320087, 49.598152, 0.0 ], [ 31.777145, 50.759476, 0.0 ], [ 27.466227, 52.52838, 0.0 ], [ 22.809374, 54.73162, 0.0 ], [ 18.262413, 57.153534, 0.0 ], [ 14.270393, 59.557014, 0.0 ], [ 11.224128, 61.706818, 0.0 ], [ 9.421784, 63.39247, 0.0 ], [ 9.039825, 64.44907, 0.0 ], [ 10.115546, 64.77284, 0.0 ], [ 12.543755, 64.33282, 0.0 ], [ 16.086681, 63.171345, 0.0 ], [ 20.397575, 61.402527, 0.0 ], [ 25.05442, 59.199253, 0.0 ], [ 29.601427, 56.777416, 0.0 ], [ 33.593422, 54.37388, 0.0 ], [ 36.63968, 52.224148, 0.0 ], [ 38.441998, 50.53842, 0.0 ]] 
boundary 0: [[ 37.688606, 80.58602, 0.0 ], [ 37.384617, 79.50439, 0.0 ], [ 35.710007, 77.691734, 0.0 ], [ 32.828598, 75.32556, 0.0 ], [ 29.022467, 72.63735, 0.0 ], [ 24.664154, 69.89047, 0.0 ], [ 20.18029, 67.35364, 0.0 ], [ 16.009914, 65.275055, 0.0 ], [ 12.561068, 63.85842, 0.0 ], [ 10.171452, 63.24229, 0.0 ], [ 9.074914, 63.487045, 0.0 ], [ 9.378849, 64.56876, 0.0 ], [ 11.053469, 66.38136, 0.0 ], [ 13.934912, 68.74738, 0.0 ], [ 17.741028, 71.435646, 0.0 ], [ 22.09935, 74.182465, 0.0 ], [ 26.583136, 76.71947, 0.0 ], [ 30.75362, 78.797935, 0.0 ], [ 34.20244, 80.21454, 0.0 ], [ 36.592075, 80.8307, 0.0 ]] 
boundary 1: [[ 37.688583, 47.414024, 0.0 ], [ 36.592075, 47.169327, 0.0 ], [ 34.202446, 47.78548, 0.0 ], [ 30.75361, 49.202034, 0.0 ], [ 26.583143, 51.28055, 0.0 ], [ 22.099327, 53.81746, 0.0 ], [ 17.741055, 56.56446, 0.0 ], [ 13.9349, 59.252617, 0.0 ], [ 11.05349, 61.618805, 0.0 ], [ 9.378849, 63.431393, 0.0 ], [ 9.074949, 64.51302, 0.0 ], [ 10.171411, 64.7575, 0.0 ], [ 12.561073, 64.1416, 0.0 ], [ 16.009888, 62.7249, 0.0 ], [ 20.180334, 60.64647, 0.0 ], [ 24.664145, 58.109512, 0.0 ], [ 29.022463, 55.3626, 0.0 ], [ 32.82859, 52.67439, 0.0 ], [ 35.709995, 50.308273, 0.0 ], [ 37.38461, 48.49562, 0.0 ]] 
boundary 0: [[ 36.58712, 82.30376, 0.0 ], [ 36.351974, 81.2051, 0.0 ], [ 34.795033, 79.29042, 0.0 ], [ 32.068626, 76.7472, 0.0 ], [ 28.439629, 73.824265, 0.0 ], [ 24.263266, 70.807945, 0.0 ], [ 19.948349, 67.99331, 0.0 ], [ 15.917385, 65.655815, 0.0 ], [ 12.564768, 64.02445, 0.0 ], [ 10.218773, 63.25882, 0.0 ], [ 9.108978, 63.433918, 0.0 ], [ 9.344075, 64.53266, 0.0 ], [ 10.901027, 66.44728, 0.0 ], [ 13.627488, 68.99034, 0.0 ], [ 17.256456, 71.91334, 0.0 ], [ 21.432835, 74.929596, 0.0 ], [ 25.747662, 77.744385, 0.0 ], [ 29.778744, 80.08179, 0.0 ], [ 33.13132, 81.713104, 0.0 ], [ 35.47734, 82.47878, 0.0 ]] 
boundary 1: [[ 36.587097, 45.6963, 0.0 ], [ 35.47734, 45.521248, 0.0 ], [ 33.13133, 46.286915, 0.0 ], [ 29.778732, 47.91819, 0.0 ], [ 25.74767, 50.25563, 0.0 ], [ 21.432808, 53.070328, 0.0 ], [ 17.256489, 56.086777, 0.0 ], [ 13.627477, 59.00966, 0.0 ], [ 10.901058, 61.552887, 0.0 ], [ 9.344086, 63.467503, 0.0 ], [ 9.109019, 64.56615, 0.0 ], [ 10.218717, 64.74097, 0.0 ], [ 12.564774, 63.975563, 0.0 ], [ 15.917358, 62.34414, 0.0 ], [ 19.948395, 60.006783, 0.0 ], [ 24.263258, 57.192047, 0.0 ], [ 28.439623, 54.175686, 0.0 ], [ 32.068604, 51.252747, 0.0 ], [ 34.79502, 48.70959, 0.0 ], [ 36.351967, 46.794914, 0.0 ]] 
boundary 0: [[ 35.340893, 83.997696, 0.0 ], [ 35.17766, 82.88607, 0.0 ], [ 33.748478, 80.87424, 0.0 ], [ 31.193165, 78.15917, 0.0 ], [ 27.761848, 75.006516, 0.0 ], [ 23.790401, 71.725075, 0.0 ], [ 19.66758, 68.63589, 0.0 ], [ 15.797091, 66.04132, 0.0 ], [ 12.557613, 64.19546, 0.0 ], [ 10.26635, 63.278942, 0.0 ], [ 9.14752, 63.38153, 0.0 ], [ 9.310696, 64.49323, 0.0 ], [ 10.739891, 66.505005, 0.0 ], [ 13.295273, 69.21993, 0.0 ], [ 16.726551, 72.37266, 0.0 ], [ 20.69802, 75.654015, 0.0 ], [ 24.820744, 78.74335, 0.0 ], [ 28.691357, 81.337845, 0.0 ], [ 31.930805, 83.18366, 0.0 ], [ 34.22208, 84.10022, 0.0 ]] 
boundary 1: [[ 35.34087, 44.00236, 0.0 ], [ 34.22208, 43.89982, 0.0 ], [ 31.930813, 44.81637, 0.0 ], [ 28.691341, 46.66213, 0.0 ], [ 24.820755, 49.256664, 0.0 ], [ 20.69799, 52.345913, 0.0 ], [ 16.726593, 55.62747, 0.0 ], [ 13.295261, 58.780075, 0.0 ], [ 10.739933, 61.49516, 0.0 ], [ 9.310717, 63.50693, 0.0 ], [ 9.147567, 64.618546, 0.0 ], [ 10.266281, 64.720856, 0.0 ], [ 12.557619, 63.80455, 0.0 ], [ 15.797062, 61.95864, 0.0 ], [ 19.66763, 59.364193, 0.0 ], [ 23.790392, 56.274918, 0.0 ], [ 27.761843, 52.99344, 0.0 ], [ 31.193138, 49.84078, 0.0 ], [ 33.748463, 47.12577, 0.0 ], [ 35.177654, 45.11393, 0.0 ]] 
boundary 0: [[ 33.47442, 86.1646, 0.0 ], [ 33.41004, 85.04289, 0.0 ], [ 32.164227, 82.91265, 0.0 ], [ 29.858828, 79.9824, 0.0 ], [ 26.719515, 76.53887, 0.0 ], [ 23.053574, 72.919334, 0.0 ], [ 19.21985, 69.477905, 0.0 ], [ 15.593772, 66.55149, 0.0 ], [ 12.530078, 64.426575, 0.0 ], [ 10.328763, 63.311188, 0.0 ], [ 9.205245, 63.314507, 0.0 ], [ 9.269547, 64.43629, 0.0 ], [ 10.515383, 66.566475, 0.0 ], [ 12.820866, 69.496574, 0.0 ], [ 15.960129, 72.94018, 0.0 ], [ 19.62611, 76.55964, 0.0 ], [ 23.459713, 80.00119, 0.0 ], [ 27.085926, 82.92757, 0.0 ], [ 30.149597, 85.052414, 0.0 ], [ 32.35092, 86.16786, 0.0 ]] 
boundary 1: [[ 33.474396, 41.835464, 0.0 ], [ 32.35092, 41.83217, 0.0 ], [ 30.149609, 42.94761, 0.0 ], [ 27.085909, 45.07241, 0.0 ], [ 23.459724, 47.99882, 0.0 ], [ 19.62607, 51.440292, 0.0 ], [ 15.960184, 55.059933, 0.0 ], [ 12.820854, 58.503414, 0.0 ], [ 10.51544, 61.43369, 0.0 ], [ 9.269582, 63.56388, 0.0 ], [ 9.2052965, 64.68555, 0.0 ], [ 10.328675, 64.688614, 0.0 ], [ 12.530083, 63.57342, 0.0 ], [ 15.593739, 61.448486, 0.0 ], [ 19.219906, 58.522163, 0.0 ], [ 23.053562, 55.08066, 0.0 ], [ 26.719507, 51.46109, 0.0 ], [ 29.858795, 48.01754, 0.0 ], [ 32.16421, 45.087357, 0.0 ], [ 33.410034, 42.957115, 0.0 ]] 
boundary 0: [[ 30.764881, 88.728485, 0.0 ], [ 30.830126, 87.60686, 0.0 ], [ 29.83796, 85.34728, 0.0 ], [ 27.8854, 82.17103, 0.0 ], [ 25.1636, 78.388824, 0.0 ], [ 21.938946, 74.37114, 0.0 ], [ 18.527111, 70.511055, 0.0 ], [ 15.262226, 67.18648, 0.0 ], [ 12.463664, 64.722824, 0.0 ], [ 10.405468, 63.361317, 0.0 ], [ 9.289044, 63.23521, 0.0 ], [ 9.223715, 64.356926, 0.0 ], [ 10.215908, 66.61644, 0.0 ], [ 12.168566, 69.79258, 0.0 ], [ 14.890308, 73.57483, 0.0 ], [ 18.115013, 77.59245, 0.0 ], [ 21.526714, 81.45264, 0.0 ], [ 24.791737, 84.77719, 0.0 ], [ 27.590288, 87.24078, 0.0 ], [ 29.648483, 88.60233, 0.0 ]] 
boundary 1: [[ 30.764858, 39.27157, 0.0 ], [ 29.648489, 39.397686, 0.0 ], [ 27.590302, 40.759243, 0.0 ], [ 24.791716, 43.222782, 0.0 ], [ 21.526726, 46.54737, 0.0 ], [ 18.11496, 50.40749, 0.0 ], [ 14.890375, 54.42527, 0.0 ], [ 12.168552, 58.207417, 0.0 ], [ 10.215984, 61.38372, 0.0 ], [ 9.223766, 63.643234, 0.0 ], [ 9.289102, 64.76484, 0.0 ], [ 10.405357, 64.63849, 0.0 ], [ 12.463668, 63.27717, 0.0 ], [ 15.26219, 60.813515, 0.0 ], [ 18.527176, 57.489014, 0.0 ], [ 21.938934, 53.62886, 0.0 ], [ 25.163586, 49.611145, 0.0 ], [ 27.885366, 45.828934, 0.0 ], [ 29.837944, 42.652733, 0.0 ], [ 30.830118, 40.393158, 0.0 ]] 
boundary 0: [[ 31.107414, 88.43583, 0.0 ], [ 31.157024, 87.3134, 0.0 ], [ 30.13347, 85.06787, 0.0 ], [ 28.136845, 81.91913, 0.0 ], [ 25.36261, 78.17522, 0.0 ], [ 22.082287, 74.20285, 0.0 ], [ 18.616999, 70.39068, 0.0 ], [ 15.3061075, 67.111916, 0.0 ], [ 12.47349, 64.6875, 0.0 ], [ 10.396523, 63.3548, 0.0 ], [ 9.278451, 63.244263, 0.0 ], [ 9.228757, 64.366776, 0.0 ], [ 10.2523365, 66.61225, 0.0 ], [ 12.24906, 69.76087, 0.0 ], [ 15.023239, 73.50483, 0.0 ], [ 18.30361, 77.477135, 0.0 ], [ 21.768766, 81.289406, 0.0 ], [ 25.079794, 84.568146, 0.0 ], [ 27.9124, 86.99251, 0.0 ], [ 29.989367, 88.32524, 0.0 ]] 
boundary 1: [[ 31.107391, 39.564224, 0.0 ], [ 29.989372, 39.674774, 0.0 ], [ 27.912413, 41.007523, 0.0 ], [ 25.079773, 43.43183, 0.0 ], [ 21.768778, 46.7106, 0.0 ], [ 18.303558, 50.522808, 0.0 ], [ 15.023304, 54.49527, 0.0 ], [ 12.249046, 58.239124, 0.0 ], [ 10.252411, 61.387913, 0.0 ], [ 9.2288065, 63.63338, 0.0 ], [ 9.278507, 64.75579, 0.0 ], [ 10.396415, 64.645004, 0.0 ], [ 12.473494, 63.312496, 0.0 ], [ 15.306072, 60.888073, 0.0 ], [ 18.617062, 57.60939, 0.0 ], [ 22.082275, 53.79715, 0.0 ], [ 25.362595, 49.824753, 0.0 ], [ 28.13681, 46.080833, 0.0 ], [ 30.133455, 42.932148, 0.0 ], [ 31.157017, 40.686615, 0.0 ]] 
boundary 0: [[ 34.24755, 85.31359, 0.0 ], [ 34.14335, 84.19491, 0.0 ], [ 32.82258, 82.110306, 0.0 ], [ 30.414454, 79.26388, 0.0 ], [ 27.154701, 75.934135, 0.0 ], [ 23.362389, 72.44721, 0.0 ], [ 19.408737, 69.14429, 0.0 ], [ 15.680907, 66.34864, 0.0 ], [ 12.543602, 64.333984, 0.0 ], [ 10.304026, 63.297565, 0.0 ], [ 9.1813345, 63.340828, 0.0 ], [ 9.28548, 64.45962, 0.0 ], [ 10.606263, 66.54418, 0.0 ], [ 13.014463, 69.39044, 0.0 ], [ 16.27417, 72.72024, 0.0 ], [ 20.06652, 76.20709, 0.0 ], [ 24.020058, 79.51016, 0.0 ], [ 27.748018, 82.305756, 0.0 ], [ 30.885303, 84.32036, 0.0 ], [ 33.124886, 85.3568, 0.0 ]] 
boundary 1: [[ 34.247528, 42.686455, 0.0 ], [ 33.124893, 42.643208, 0.0 ], [ 30.885313, 43.679684, 0.0 ], [ 27.748, 45.694214, 0.0 ], [ 24.02007, 48.489853, 0.0 ], [ 20.066479, 51.79284, 0.0 ], [ 16.274223, 55.27986, 0.0 ], [ 13.014451, 58.60955, 0.0 ], [ 10.606314, 61.45601, 0.0 ], [ 9.285506, 63.54056, 0.0 ], [ 9.181383, 64.659225, 0.0 ], [ 10.303946, 64.702225, 0.0 ], [ 12.543606, 63.666016, 0.0 ], [ 15.680875, 61.651356, 0.0 ], [ 19.408789, 58.8558, 0.0 ], [ 23.362381, 55.552765, 0.0 ], [ 27.15469, 52.065826, 0.0 ], [ 30.414429, 48.736076, 0.0 ], [ 32.822563, 45.889713, 0.0 ], [ 34.143337, 43.805096, 0.0 ]] 
boundary 0: [[ 36.57132, 82.32673, 0.0 ], [ 36.337124, 81.22789, 0.0 ], [ 34.781822, 79.31187, 0.0 ], [ 32.057617, 76.76631, 0.0 ], [ 28.43114, 73.84023, 0.0 ], [ 24.25739, 70.820305, 0.0 ], [ 19.9449, 68.001945, 0.0 ], [ 15.915958, 65.661, 0.0 ], [ 12.564749, 64.02671, 0.0 ], [ 10.219414, 63.259064, 0.0 ], [ 9.109467, 63.433205, 0.0 ], [ 9.343619, 64.53217, 0.0 ], [ 10.898917, 66.44813, 0.0 ], [ 13.623183, 68.99351, 0.0 ], [ 17.249617, 71.91965, 0.0 ], [ 21.423397, 74.939514, 0.0 ], [ 25.735794, 77.75803, 0.0 ], [ 29.764858, 80.098885, 0.0 ], [ 33.11605, 81.73315, 0.0 ], [ 35.461384, 82.5008, 0.0 ]] 
boundary 1: [[ 36.571297, 45.67331, 0.0 ], [ 35.46139, 45.4992, 0.0 ], [ 33.11605, 46.2669, 0.0 ], [ 29.764845, 47.901077, 0.0 ], [ 25.735806, 50.24198, 0.0 ], [ 21.42337, 53.060406, 0.0 ], [ 17.249662, 56.080456, 0.0 ], [ 13.623173, 59.006466, 0.0 ], [ 10.898947, 61.55207, 0.0 ], [ 9.343622, 63.46802, 0.0 ], [ 9.109509, 64.56684, 0.0 ], [ 10.219358, 64.74071, 0.0 ], [ 12.564753, 63.97329, 0.0 ], [ 15.915928, 62.33899, 0.0 ], [ 19.944942, 59.99815, 0.0 ], [ 24.257381, 57.17968, 0.0 ], [ 28.431137, 54.159714, 0.0 ], [ 32.0576, 51.233643, 0.0 ], [ 34.781807, 48.688137, 0.0 ], [ 36.3371, 46.772125, 0.0 ]] 
boundary 0: [[ 38.597084, 78.96132, 0.0 ], [ 38.231373, 77.898994, 0.0 ], [ 36.4552, 76.185715, 0.0 ], [ 33.44242, 73.98927, 0.0 ], [ 29.487888, 71.52454, 0.0 ], [ 24.97873, 69.03301, 0.0 ], [ 20.356304, 66.75839, 0.0 ], [ 16.073223, 64.92327, 0.0 ], [ 12.54857, 63.70742, 0.0 ], [ 10.127457, 63.229843, 0.0 ], [ 9.046816, 63.53729, 0.0 ], [ 9.412504, 64.59976, 0.0 ], [ 11.188654, 66.312965, 0.0 ], [ 14.201476, 68.50922, 0.0 ], [ 18.155975, 70.97403, 0.0 ], [ 22.665154, 73.46547, 0.0 ], [ 27.28751, 75.74027, 0.0 ], [ 31.570698, 77.57527, 0.0 ], [ 35.09532, 78.7911, 0.0 ], [ 37.51645, 79.2687, 0.0 ]] 
boundary 1: [[ 38.59706, 49.03872, 0.0 ], [ 37.516457, 48.731308, 0.0 ], [ 35.09532, 49.20894, 0.0 ], [ 31.57069, 50.424686, 0.0 ], [ 27.28752, 52.25974, 0.0 ], [ 22.665134, 54.53443, 0.0 ], [ 18.156013, 57.026093, 0.0 ], [ 14.201469, 59.49076, 0.0 ], [ 11.188663, 61.687225, 0.0 ], [ 9.412482, 63.400444, 0.0 ], [ 9.046849, 64.46275, 0.0 ], [ 10.127429, 64.76992, 0.0 ], [ 12.5485735, 64.29257, 0.0 ], [ 16.073196, 63.076706, 0.0 ], [ 20.356337, 61.241707, 0.0 ], [ 24.978724, 58.966965, 0.0 ], [ 29.48789, 56.47541, 0.0 ], [ 33.442406, 54.01068, 0.0 ], [ 36.455185, 51.814293, 0.0 ], [ 38.23135, 50.101025, 0.0 ]] 
boundary 0: [[ 40.110962, 75.60874, 0.0 ], [ 39.62696, 74.59483, 0.0 ], [ 37.66768, 73.09438, 0.0 ], [ 34.424904, 71.25436, 0.0 ], [ 30.216013, 69.25476, 0.0 ], [ 25.453033, 67.29151, 0.0 ], [ 20.602163, 65.55665, 0.0 ], [ 16.138357, 64.219894, 0.0 ], [ 12.498413, 63.41227, 0.0 ], [ 10.038723, 63.21278, 0.0 ], [ 8.999996, 63.640972, 0.0 ], [ 9.484, 64.65505, 0.0 ], [ 11.443245, 66.155426, 0.0 ], [ 14.6860285, 67.99524, 0.0 ], [ 18.894901, 69.99493, 0.0 ], [ 23.657888, 71.95807, 0.0 ], [ 28.508713, 73.69312, 0.0 ], [ 32.97261, 75.029755, 0.0 ], [ 36.612526, 75.837364, 0.0 ], [ 39.07223, 76.03687, 0.0 ]] 
boundary 1: [[ 40.11094, 52.391293, 0.0 ], [ 39.07224, 51.963135, 0.0 ], [ 36.612526, 52.162666, 0.0 ], [ 32.972607, 52.970207, 0.0 ], [ 28.50872, 54.306877, 0.0 ], [ 23.657883, 56.04182, 0.0 ], [ 18.894928, 58.005196, 0.0 ], [ 14.6860285, 60.004734, 0.0 ], [ 11.4432335, 61.844784, 0.0 ], [ 9.483952, 63.345165, 0.0 ], [ 9.000025, 64.35908, 0.0 ], [ 10.038722, 64.78699, 0.0 ], [ 12.498417, 64.58774, 0.0 ], [ 16.138332, 63.78007, 0.0 ], [ 20.60218, 62.44345, 0.0 ], [ 25.453033, 60.708458, 0.0 ], [ 30.216015, 58.745197, 0.0 ], [ 34.424904, 56.745586, 0.0 ], [ 37.667664, 54.905624, 0.0 ], [ 39.626923, 53.40519, 0.0 ]] 
boundary 0: [[ 41.00338, 72.95009, 0.0 ], [ 40.43334, 71.981926, 0.0 ], [ 38.35141, 70.65689, 0.0 ], [ 34.9614, 69.1048, 0.0 ], [ 30.59506, 67.47744, 0.0 ], [ 25.679874, 65.934296, 0.0 ], [ 20.696926, 64.62631, 0.0 ], [ 16.13407, 63.681393, 0.0 ], [ 12.437837, 63.19221, 0.0 ], [ 9.97011, 63.206604, 0.0 ], [ 8.972395, 63.723198, 0.0 ], [ 9.542452, 64.69153, 0.0 ], [ 11.624339, 66.01649, 0.0 ], [ 15.014351, 67.568375, 0.0 ], [ 19.380669, 69.19582, 0.0 ], [ 24.295849, 70.73885, 0.0 ], [ 29.278776, 72.047035, 0.0 ], [ 33.841713, 72.99184, 0.0 ], [ 37.53791, 73.48101, 0.0 ], [ 40.005653, 73.46662, 0.0 ]] 
boundary 1: [[ 41.00335, 55.04995, 0.0 ], [ 40.00566, 54.533386, 0.0 ], [ 37.537903, 54.519035, 0.0 ], [ 33.841717, 55.008125, 0.0 ], [ 29.278784, 55.952957, 0.0 ], [ 24.295856, 57.26104, 0.0 ], [ 19.38069, 58.80429, 0.0 ], [ 15.014352, 60.4316, 0.0 ], [ 11.62431, 61.98373, 0.0 ], [ 9.542385, 63.30869, 0.0 ], [ 8.972421, 64.27686, 0.0 ], [ 9.970131, 64.79316, 0.0 ], [ 12.437838, 64.80781, 0.0 ], [ 16.134047, 64.31858, 0.0 ], [ 20.696928, 63.3738, 0.0 ], [ 25.679876, 62.065674, 0.0 ], [ 30.595066, 60.522526, 0.0 ], [ 34.9614, 58.89515, 0.0 ], [ 38.351395, 57.3431, 0.0 ], [ 40.4333, 56.018085, 0.0 ]] 
boundary 0: [[ 41.420967, 71.34717, 0.0 ], [ 40.802082, 70.40947, 0.0 ], [ 38.655037, 69.19279, 0.0 ], [ 35.189983, 67.816345, 0.0 ], [ 30.746033, 66.41473, 0.0 ], [ 25.758272, 65.12533, 0.0 ], [ 20.714882, 64.074265, 0.0 ], [ 16.109613, 63.36425, 0.0 ], [ 12.393181, 63.065006, 0.0 ], [ 9.929429, 63.20576, 0.0 ], [ 8.95948, 63.772778, 0.0 ], [ 9.578379, 64.71063, 0.0 ], [ 11.72539, 65.92724, 0.0 ], [ 15.19043, 67.30348, 0.0 ], [ 19.634361, 68.70519, 0.0 ], [ 24.622112, 69.99448, 0.0 ], [ 29.6655, 71.045746, 0.0 ], [ 34.270824, 71.75563, 0.0 ], [ 37.98723, 72.05487, 0.0 ], [ 40.451004, 71.91412, 0.0 ]] 
boundary 1: [[ 41.420937, 56.652878, 0.0 ], [ 40.45101, 56.085888, 0.0 ], [ 37.98722, 55.94518, 0.0 ], [ 34.270824, 56.244335, 0.0 ], [ 29.66551, 56.95425, 0.0 ], [ 24.62213, 58.005424, 0.0 ], [ 19.634373, 59.294926, 0.0 ], [ 15.19043, 60.696495, 0.0 ], [ 11.725348, 62.072975, 0.0 ], [ 9.578301, 63.289574, 0.0 ], [ 8.959503, 64.22727, 0.0 ], [ 9.929463, 64.794, 0.0 ], [ 12.393181, 64.935, 0.0 ], [ 16.109594, 64.635704, 0.0 ], [ 20.714874, 63.925854, 0.0 ], [ 25.758276, 62.874634, 0.0 ], [ 30.74604, 61.585228, 0.0 ], [ 35.189983, 60.183598, 0.0 ], [ 38.65502, 58.80721, 0.0 ], [ 40.80204, 57.59054, 0.0 ]] 
boundary 0: [[ 41.55758, 70.73494, 0.0 ], [ 40.92061, 69.80941, 0.0 ], [ 38.750374, 68.63461, 0.0 ], [ 35.259262, 67.325645, 0.0 ], [ 30.78896, 66.01051, 0.0 ], [ 25.777122, 64.818115, 0.0 ], [ 20.714287, 63.865093, 0.0 ], [ 16.09612, 63.244553, 0.0 ], [ 12.37458, 63.017464, 0.0 ], [ 9.914021, 63.205982, 0.0 ], [ 8.955255, 63.79171, 0.0 ], [ 9.592231, 64.71739, 0.0 ], [ 11.762442, 65.89211, 0.0 ], [ 15.253527, 67.20088, 0.0 ], [ 19.723818, 68.516106, 0.0 ], [ 24.735641, 69.70838, 0.0 ], [ 29.798475, 70.66162, 0.0 ], [ 34.416702, 71.28203, 0.0 ], [ 38.13822, 71.50912, 0.0 ], [ 40.5988, 71.3206, 0.0 ]] 
boundary 1: [[ 41.55755, 57.265106, 0.0 ], [ 40.59881, 56.67942, 0.0 ], [ 38.138206, 56.49094, 0.0 ], [ 34.416702, 56.717934, 0.0 ], [ 29.798485, 57.33837, 0.0 ], [ 24.735662, 58.291504, 0.0 ], [ 19.723827, 59.484013, 0.0 ], [ 15.253527, 60.799107, 0.0 ], [ 11.762396, 62.1081, 0.0 ], [ 9.592151, 63.282818, 0.0 ], [ 8.9552765, 64.20834, 0.0 ], [ 9.914061, 64.79377, 0.0 ], [ 12.37458, 64.982544, 0.0 ], [ 16.096104, 64.75541, 0.0 ], [ 20.71428, 64.13502, 0.0 ], [ 25.777126, 63.181843, 0.0 ], [ 30.788967, 61.98945, 0.0 ], [ 35.259262, 60.674286, 0.0 ], [ 38.75036, 59.365383, 0.0 ], [ 40.92057, 58.19059, 0.0 ]] 
boundary 0: [[ 41.562775, 70.71057, 0.0 ], [ 40.925095, 69.78551, 0.0 ], [ 38.753952, 68.61238, 0.0 ], [ 35.261826, 67.30612, 0.0 ], [ 30.790506, 65.99443, 0.0 ], [ 25.777752, 64.8059, 0.0 ], [ 20.71418, 63.856796, 0.0 ], [ 16.09554, 63.239788, 0.0 ], [ 12.373821, 63.015583, 0.0 ], [ 9.913407, 63.20599, 0.0 ], [ 8.955095, 63.792465, 0.0 ], [ 9.592783, 64.71766, 0.0 ], [ 11.7639, 65.890724, 0.0 ], [ 15.255994, 67.19677, 0.0 ], [ 19.727299, 68.50856, 0.0 ], [ 24.740046, 69.69696, 0.0 ], [ 29.803608, 70.64632, 0.0 ], [ 34.422318, 71.263145, 0.0 ], [ 38.144012, 71.487366, 0.0 ], [ 40.604446, 71.29696, 0.0 ]] 
boundary 1: [[ 41.562744, 57.28949, 0.0 ], [ 40.604454, 56.703064, 0.0 ], [ 38.143997, 56.51269, 0.0 ], [ 34.422318, 56.73681, 0.0 ], [ 29.803617, 57.353683, 0.0 ], [ 24.740068, 58.302917, 0.0 ], [ 19.72731, 59.49156, 0.0 ], [ 15.255994, 60.803215, 0.0 ], [ 11.763854, 62.109516, 0.0 ], [ 9.592704, 63.282547, 0.0 ], [ 8.955118, 64.20762, 0.0 ], [ 9.913446, 64.793724, 0.0 ], [ 12.373821, 64.98443, 0.0 ], [ 16.095522, 64.76014, 0.0 ], [ 20.714172, 64.14335, 0.0 ], [ 25.777756, 63.194054, 0.0 ], [ 30.790514, 62.005535, 0.0 ], [ 35.261826, 60.69381, 0.0 ], [ 38.753937, 59.3876, 0.0 ], [ 40.925056, 58.214485, 0.0 ]] 
boundary 0: [[ 41.470963, 71.12959, 0.0 ], [ 40.845604, 70.19615, 0.0 ], [ 38.690205, 68.99433, 0.0 ], [ 35.21575, 67.641846, 0.0 ], [ 30.762217, 66.27096, 0.0 ], [ 25.765665, 65.01604, 0.0 ], [ 20.71513, 63.99984, 0.0 ], [ 16.105082, 63.32161, 0.0 ], [ 12.386665, 63.04805, 0.0 ], [ 9.923945, 63.205795, 0.0 ], [ 8.957935, 63.779507, 0.0 ], [ 9.583292, 64.71307, 0.0 ], [ 11.738654, 65.91484, 0.0 ], [ 15.213115, 67.267105, 0.0 ], [ 19.666618, 68.6381, 0.0 ], [ 24.663162, 69.89291, 0.0 ], [ 29.713682, 70.90934, 0.0 ], [ 34.3238, 71.58739, 0.0 ], [ 38.0422, 71.86096, 0.0 ], [ 40.504932, 71.703224, 0.0 ]] 
boundary 1: [[ 41.470932, 56.87047, 0.0 ], [ 40.50494, 56.296814, 0.0 ], [ 38.04219, 56.13909, 0.0 ], [ 34.3238, 56.41256, 0.0 ], [ 29.713692, 57.090656, 0.0 ], [ 24.663181, 58.106987, 0.0 ], [ 19.666636, 59.362022, 0.0 ], [ 15.213115, 60.732887, 0.0 ], [ 11.738612, 62.0854, 0.0 ], [ 9.583216, 63.287132, 0.0 ], [ 8.95796, 64.220566, 0.0 ], [ 9.923975, 64.793915, 0.0 ], [ 12.386665, 64.95196, 0.0 ], [ 16.105066, 64.67832, 0.0 ], [ 20.715122, 64.000305, 0.0 ], [ 25.765669, 62.983925, 0.0 ], [ 30.762222, 61.729008, 0.0 ], [ 35.21575, 60.358078, 0.0 ], [ 38.69019, 59.005657, 0.0 ], [ 40.84556, 57.80384, 0.0 ]] 
boundary 0: [[ 41.29214, 71.87903, 0.0 ], [ 40.689205, 70.93097, 0.0 ], [ 38.56304, 69.67813, 0.0 ], [ 35.12181, 68.24323, 0.0 ], [ 30.702188, 66.76661, 0.0 ], [ 25.736958, 65.393, 0.0 ], [ 20.712067, 64.25675, 0.0 ], [ 16.119495, 63.46886, 0.0 ], [ 12.408652, 63.106777, 0.0 ], [ 9.94287, 63.20579, 0.0 ], [ 8.963467, 63.75633, 0.0 ], [ 9.566401, 64.70453, 0.0 ], [ 11.692516, 65.95731, 0.0 ], [ 15.133768, 67.39198, 0.0 ], [ 19.553345, 68.86872, 0.0 ], [ 24.51857, 70.24222, 0.0 ], [ 29.543446, 71.3787, 0.0 ], [ 34.136086, 72.16641, 0.0 ], [ 37.846916, 72.528496, 0.0 ], [ 40.312702, 72.42949, 0.0 ]] 
boundary 1: [[ 41.29211, 56.12102, 0.0 ], [ 40.31271, 55.57054, 0.0 ], [ 37.84691, 55.47155, 0.0 ], [ 34.136086, 55.83354, 0.0 ], [ 29.543455, 56.621292, 0.0 ], [ 24.518585, 57.757683, 0.0 ], [ 19.55336, 59.13141, 0.0 ], [ 15.133768, 60.608006, 0.0 ], [ 11.69248, 62.042927, 0.0 ], [ 9.566328, 63.295673, 0.0 ], [ 8.963491, 64.243744, 0.0 ], [ 9.942896, 64.7939, 0.0 ], [ 12.408652, 64.893234, 0.0 ], [ 16.11948, 64.53107, 0.0 ], [ 20.712059, 63.743397, 0.0 ], [ 25.736961, 62.606968, 0.0 ], [ 30.702194, 61.233345, 0.0 ], [ 35.121803, 59.756683, 0.0 ], [ 38.563026, 58.321857, 0.0 ], [ 40.68916, 57.069027, 0.0 ]] 
boundary 0: [[ 40.960106, 73.099106, 0.0 ], [ 40.3947, 72.12819, 0.0 ], [ 38.319145, 70.79319, 0.0 ], [ 34.936646, 69.22484, 0.0 ], [ 30.578135, 67.57653, 0.0 ], [ 25.67041, 66.009834, 0.0 ], [ 20.693787, 64.678, 0.0 ], [ 16.135536, 63.711143, 0.0 ], [ 12.441686, 63.204247, 0.0 ], [ 9.973915, 63.206764, 0.0 ], [ 8.973736, 63.718605, 0.0 ], [ 9.539134, 64.68965, 0.0 ], [ 11.614641, 66.024605, 0.0 ], [ 14.9971695, 67.59272, 0.0 ], [ 19.355629, 69.24114, 0.0 ], [ 24.263355, 70.80771, 0.0 ], [ 29.239952, 72.1398, 0.0 ], [ 33.798283, 73.10647, 0.0 ], [ 37.492126, 73.61337, 0.0 ], [ 39.959892, 73.61084, 0.0 ]] 
boundary 1: [[ 40.960075, 54.900955, 0.0 ], [ 39.9599, 54.389183, 0.0 ], [ 37.49212, 54.386684, 0.0 ], [ 33.79827, 54.89348, 0.0 ], [ 29.239962, 55.8602, 0.0 ], [ 24.26336, 57.192184, 0.0 ], [ 19.355644, 58.759003, 0.0 ], [ 14.9971695, 60.407265, 0.0 ], [ 11.614615, 61.97564, 0.0 ], [ 9.53907, 63.310562, 0.0 ], [ 8.973763, 64.28149, 0.0 ], [ 9.973928, 64.79291, 0.0 ], [ 12.441686, 64.79577, 0.0 ], [ 16.135511, 64.28879, 0.0 ], [ 20.693789, 63.322155, 0.0 ], [ 25.670414, 61.990128, 0.0 ], [ 30.57814, 60.42342, 0.0 ], [ 34.936638, 58.775085, 0.0 ], [ 38.31913, 57.20681, 0.0 ], [ 40.394653, 55.871803, 0.0 ]] 
boundary 0: [[ 40.473335, 74.61895, 0.0 ], [ 39.956528, 73.621315, 0.0 ], [ 37.949387, 72.18553, 0.0 ], [ 34.648384, 70.45219, 0.0 ], [ 30.37651, 68.59083, 0.0 ], [ 25.552074, 66.783875, 0.0 ], [ 20.647228, 65.20811, 0.0 ], [ 16.142237, 64.017525, 0.0 ], [ 12.477893, 63.328983, 0.0 ], [ 10.013006, 63.209736, 0.0 ], [ 8.9887905, 63.6716, 0.0 ], [ 9.505584, 64.66939, 0.0 ], [ 11.512697, 66.1051, 0.0 ], [ 14.81373, 67.83819, 0.0 ], [ 19.085546, 69.69967, 0.0 ], [ 23.90999, 71.50649, 0.0 ], [ 28.8148, 73.082504, 0.0 ], [ 33.319878, 74.27293, 0.0 ], [ 36.984215, 74.96147, 0.0 ], [ 39.449097, 75.0807, 0.0 ]] 
boundary 1: [[ 40.473316, 53.38112, 0.0 ], [ 39.449104, 52.919315, 0.0 ], [ 36.984207, 53.03859, 0.0 ], [ 33.319862, 53.72703, 0.0 ], [ 28.81481, 54.91749, 0.0 ], [ 23.909988, 56.4934, 0.0 ], [ 19.085567, 58.300472, 0.0 ], [ 14.813726, 60.16178, 0.0 ], [ 11.512681, 61.89514, 0.0 ], [ 9.505531, 63.33086, 0.0 ], [ 8.988821, 64.3285, 0.0 ], [ 10.013001, 64.78993, 0.0 ], [ 12.477894, 64.671036, 0.0 ], [ 16.142204, 63.982414, 0.0 ], [ 20.647228, 62.792038, 0.0 ], [ 25.552074, 61.216072, 0.0 ], [ 30.376514, 59.409126, 0.0 ], [ 34.64837, 57.547737, 0.0 ], [ 37.94937, 55.814472, 0.0 ], [ 39.956482, 54.378685, 0.0 ]] 
boundary 0: [[ 39.737743, 76.53598, 0.0 ], [ 39.285297, 75.50755, 0.0 ], [ 37.373337, 73.94727, 0.0 ], [ 34.18901, 72.0079, 0.0 ], [ 30.043894, 69.879135, 0.0 ], [ 25.343876, 67.769615, 0.0 ], [ 20.548939, 65.88571, 0.0 ], [ 16.128601, 64.41158, 0.0 ], [ 12.515352, 63.49184, 0.0 ], [ 10.063005, 63.216385, 0.0 ], [ 9.011538, 63.612312, 0.0 ], [ 9.46396, 64.640884, 0.0 ], [ 11.375896, 66.2011, 0.0 ], [ 14.56027, 68.14022, 0.0 ], [ 18.705317, 70.26908, 0.0 ], [ 23.40535, 72.37849, 0.0 ], [ 28.200237, 74.26265, 0.0 ], [ 32.620674, 75.7366, 0.0 ], [ 36.233917, 76.65635, 0.0 ], [ 38.686256, 76.9318, 0.0 ]] 
boundary 1: [[ 39.73773, 51.464092, 0.0 ], [ 38.686264, 51.06823, 0.0 ], [ 36.23391, 51.34371, 0.0 ], [ 32.62065, 52.26335, 0.0 ], [ 28.200247, 53.73735, 0.0 ], [ 23.405342, 55.62141, 0.0 ], [ 18.705345, 57.73105, 0.0 ], [ 14.560266, 59.85975, 0.0 ], [ 11.375896, 61.79914, 0.0 ], [ 9.463922, 63.359367, 0.0 ], [ 9.011577, 64.38779, 0.0 ], [ 10.062982, 64.78329, 0.0 ], [ 12.515356, 64.50818, 0.0 ], [ 16.128567, 63.58836, 0.0 ], [ 20.54895, 62.11444, 0.0 ], [ 25.343874, 60.230328, 0.0 ], [ 30.043898, 58.12081, 0.0 ], [ 34.188988, 55.99203, 0.0 ], [ 37.37332, 54.052734, 0.0 ], [ 39.28525, 52.49245, 0.0 ]] 
boundary 0: [[ 38.82396, 78.51849, 0.0 ], [ 38.441925, 77.46188, 0.0 ], [ 36.639603, 75.77614, 0.0 ], [ 33.593395, 73.62632, 0.0 ], [ 29.601362, 71.22272, 0.0 ], [ 25.054398, 68.800865, 0.0 ], [ 20.397507, 66.59771, 0.0 ], [ 16.086712, 64.82867, 0.0 ], [ 12.5437565, 63.66722, 0.0 ], [ 10.115584, 63.226917, 0.0 ], [ 9.039799, 63.551, 0.0 ], [ 9.421785, 64.60775, 0.0 ], [ 11.22409, 66.293434, 0.0 ], [ 14.270361, 68.44299, 0.0 ], [ 18.262318, 70.8467, 0.0 ], [ 22.809303, 73.26843, 0.0 ], [ 27.466127, 75.47184, 0.0 ], [ 31.777039, 77.24069, 0.0 ], [ 35.319984, 78.40216, 0.0 ], [ 37.74815, 78.842445, 0.0 ]] 
boundary 1: [[ 38.823944, 49.481594, 0.0 ], [ 37.748158, 49.157578, 0.0 ], [ 35.319984, 49.5979, 0.0 ], [ 31.777016, 50.75925, 0.0 ], [ 27.466137, 52.528168, 0.0 ], [ 22.809292, 54.73147, 0.0 ], [ 18.262356, 57.15344, 0.0 ], [ 14.270354, 59.556976, 0.0 ], [ 11.224105, 61.706825, 0.0 ], [ 9.421765, 63.3925, 0.0 ], [ 9.039844, 64.4491, 0.0 ], [ 10.115539, 64.77275, 0.0 ], [ 12.543762, 64.3328, 0.0 ], [ 16.08667, 63.17127, 0.0 ], [ 20.39753, 61.402447, 0.0 ], [ 25.054394, 59.199078, 0.0 ], [ 29.601364, 56.777237, 0.0 ], [ 33.593372, 54.37361, 0.0 ], [ 36.639595, 52.223866, 0.0 ], [ 38.44188, 50.53813, 0.0 ]] 
boundary 0: [[ 37.688484, 80.58633, 0.0 ], [ 37.384514, 79.504684, 0.0 ], [ 35.7099, 77.69202, 0.0 ], [ 32.828552, 75.3258, 0.0 ], [ 29.02239, 72.63754, 0.0 ], [ 24.664108, 69.8906, 0.0 ], [ 20.180256, 67.35375, 0.0 ], [ 16.009918, 65.275116, 0.0 ], [ 12.561073, 63.858444, 0.0 ], [ 10.171466, 63.24227, 0.0 ], [ 9.074914, 63.487038, 0.0 ], [ 9.378833, 64.56884, 0.0 ], [ 11.053434, 66.38145, 0.0 ], [ 13.934868, 68.74738, 0.0 ], [ 17.740942, 71.43577, 0.0 ], [ 22.09925, 74.18259, 0.0 ], [ 26.583029, 76.71966, 0.0 ], [ 30.753492, 78.798134, 0.0 ], [ 34.202328, 80.21483, 0.0 ], [ 36.591927, 80.830986, 0.0 ]] 
boundary 1: [[ 37.688477, 47.413757, 0.0 ], [ 36.591934, 47.169037, 0.0 ], [ 34.202328, 47.78524, 0.0 ], [ 30.753462, 49.201817, 0.0 ], [ 26.583038, 51.280346, 0.0 ], [ 22.099236, 53.817318, 0.0 ], [ 17.74099, 56.564373, 0.0 ], [ 13.934858, 59.25258, 0.0 ], [ 11.053468, 61.61882, 0.0 ], [ 9.378832, 63.431423, 0.0 ], [ 9.074967, 64.51305, 0.0 ], [ 10.171398, 64.75741, 0.0 ], [ 12.561081, 64.14158, 0.0 ], [ 16.009867, 62.724823, 0.0 ], [ 20.180286, 60.646393, 0.0 ], [ 24.6641, 58.10934, 0.0 ], [ 29.022387, 55.36242, 0.0 ], [ 32.82853, 52.67412, 0.0 ], [ 35.709892, 50.308, 0.0 ], [ 37.384468, 48.495342, 0.0 ]] 
boundary 0: [[ 36.586983, 82.30404, 0.0 ], [ 36.351852, 81.20538, 0.0 ], [ 34.794914, 79.290695, 0.0 ], [ 32.068554, 76.74744, 0.0 ], [ 28.439543, 73.82445, 0.0 ], [ 24.26321, 70.80807, 0.0 ], [ 19.9483, 67.99342, 0.0 ], [ 15.917388, 65.655876, 0.0 ], [ 12.564765, 64.024475, 0.0 ], [ 10.218789, 63.2588, 0.0 ], [ 9.108978, 63.43391, 0.0 ], [ 9.344055, 64.53274, 0.0 ], [ 10.900987, 66.447365, 0.0 ], [ 13.627444, 68.99034, 0.0 ], [ 17.256361, 71.91346, 0.0 ], [ 21.43273, 74.92972, 0.0 ], [ 25.747543, 77.74456, 0.0 ], [ 29.778603, 80.08197, 0.0 ], [ 33.131203, 81.71338, 0.0 ], [ 35.477177, 82.47904, 0.0 ]] 
boundary 1: [[ 36.586983, 45.696045, 0.0 ], [ 35.477184, 45.52098, 0.0 ], [ 33.131207, 46.286686, 0.0 ], [ 29.77857, 47.917984, 0.0 ], [ 25.747555, 50.255444, 0.0 ], [ 21.432707, 53.07019, 0.0 ], [ 17.25642, 56.08669, 0.0 ], [ 13.627433, 59.00963, 0.0 ], [ 10.901038, 61.552906, 0.0 ], [ 9.344071, 63.467533, 0.0 ], [ 9.109038, 64.56616, 0.0 ], [ 10.2187, 64.74088, 0.0 ], [ 12.564781, 63.97554, 0.0 ], [ 15.91733, 62.344063, 0.0 ], [ 19.948347, 60.006706, 0.0 ], [ 24.263199, 57.19188, 0.0 ], [ 28.439537, 54.175518, 0.0 ], [ 32.06853, 51.25248, 0.0 ], [ 34.794914, 48.70933, 0.0 ], [ 36.351807, 46.794647, 0.0 ]] 
boundary 0: [[ 35.34073, 83.99797, 0.0 ], [ 35.17752, 82.88636, 0.0 ], [ 33.748344, 80.874504, 0.0 ], [ 31.193077, 78.1594, 0.0 ], [ 27.761753, 75.00668, 0.0 ], [ 23.790333, 71.7252, 0.0 ], [ 19.66752, 68.636, 0.0 ], [ 15.797091, 66.04138, 0.0 ], [ 12.557609, 64.19548, 0.0 ], [ 10.266368, 63.278923, 0.0 ], [ 9.147521, 63.381523, 0.0 ], [ 9.310671, 64.4933, 0.0 ], [ 10.739847, 66.50509, 0.0 ], [ 13.295229, 69.21993, 0.0 ], [ 16.726452, 72.372765, 0.0 ], [ 20.697914, 75.65414, 0.0 ], [ 24.820618, 78.74352, 0.0 ], [ 28.691202, 81.33802, 0.0 ], [ 31.930658, 83.18392, 0.0 ], [ 34.2219, 84.10048, 0.0 ]] 
boundary 1: [[ 35.340736, 44.002106, 0.0 ], [ 34.22191, 43.89956, 0.0 ], [ 31.930666, 44.81614, 0.0 ], [ 28.69117, 46.661934, 0.0 ], [ 24.82063, 49.256485, 0.0 ], [ 20.69788, 52.34578, 0.0 ], [ 16.726519, 55.627384, 0.0 ], [ 13.295214, 58.78005, 0.0 ], [ 10.739914, 61.49518, 0.0 ], [ 9.310704, 63.50696, 0.0 ], [ 9.147587, 64.61856, 0.0 ], [ 10.266259, 64.72077, 0.0 ], [ 12.557626, 63.804527, 0.0 ], [ 15.797028, 61.958565, 0.0 ], [ 19.66758, 59.364117, 0.0 ], [ 23.790321, 56.27475, 0.0 ], [ 27.761745, 52.99328, 0.0 ], [ 31.193048, 49.84052, 0.0 ], [ 33.748344, 47.12552, 0.0 ], [ 35.177475, 45.113678, 0.0 ]] 
boundary 0: [[ 33.47422, 86.16484, 0.0 ], [ 33.40988, 85.04317, 0.0 ], [ 32.164074, 82.91291, 0.0 ], [ 29.85872, 79.98263, 0.0 ], [ 26.719406, 76.539024, 0.0 ], [ 23.053493, 72.91944, 0.0 ], [ 19.219784, 69.47801, 0.0 ], [ 15.593766, 66.55155, 0.0 ], [ 12.530069, 64.4266, 0.0 ], [ 10.328782, 63.311176, 0.0 ], [ 9.205247, 63.3145, 0.0 ], [ 9.269515, 64.436356, 0.0 ], [ 10.51533, 66.56656, 0.0 ], [ 12.820822, 69.496574, 0.0 ], [ 15.960023, 72.940285, 0.0 ], [ 19.625988, 76.559746, 0.0 ], [ 23.459574, 80.00136, 0.0 ], [ 27.08575, 82.927734, 0.0 ], [ 30.149424, 85.05267, 0.0 ], [ 32.350708, 86.168106, 0.0 ]] 
boundary 1: [[ 33.474236, 41.835228, 0.0 ], [ 32.350723, 41.831947, 0.0 ], [ 30.14944, 42.947395, 0.0 ], [ 27.085718, 45.07223, 0.0 ], [ 23.459585, 47.998657, 0.0 ], [ 19.62595, 51.440166, 0.0 ], [ 15.960103, 55.05986, 0.0 ], [ 12.820804, 58.503387, 0.0 ], [ 10.515422, 61.43371, 0.0 ], [ 9.269573, 63.56391, 0.0 ], [ 9.205319, 64.68556, 0.0 ], [ 10.328649, 64.68853, 0.0 ], [ 12.5300865, 63.5734, 0.0 ], [ 15.593697, 61.44841, 0.0 ], [ 19.21985, 58.52209, 0.0 ], [ 23.053478, 55.080498, 0.0 ], [ 26.719395, 51.46093, 0.0 ], [ 29.858685, 48.017307, 0.0 ], [ 32.16408, 45.087128, 0.0 ], [ 33.409836, 42.95688, 0.0 ]] 
boundary 0: [[ 30.764658, 88.728714, 0.0 ], [ 30.829937, 87.6071, 0.0 ], [ 29.837776, 85.347534, 0.0 ], [ 27.885273, 82.17122, 0.0 ], [ 25.163475, 78.388954, 0.0 ], [ 21.93885, 74.37124, 0.0 ], [ 18.527035, 70.511154, 0.0 ], [ 15.262213, 67.18654, 0.0 ], [ 12.463654, 64.72285, 0.0 ], [ 10.405488, 63.36131, 0.0 ], [ 9.289047, 63.235203, 0.0 ], [ 9.223674, 64.356995, 0.0 ], [ 10.215845, 66.616516, 0.0 ], [ 12.168523, 69.79257, 0.0 ], [ 14.890192, 73.57492, 0.0 ], [ 18.114878, 77.59253, 0.0 ], [ 21.526554, 81.45278, 0.0 ], [ 24.791544, 84.77735, 0.0 ], [ 27.590086, 87.241, 0.0 ], [ 29.648247, 88.602554, 0.0 ]] 
boundary 1: [[ 30.76468, 39.271347, 0.0 ], [ 29.648268, 39.39749, 0.0 ], [ 27.590107, 40.759056, 0.0 ], [ 24.791508, 43.22262, 0.0 ], [ 21.526566, 46.547222, 0.0 ], [ 18.114834, 50.407383, 0.0 ], [ 14.890289, 54.425217, 0.0 ], [ 12.168499, 58.207394, 0.0 ], [ 10.215969, 61.383743, 0.0 ], [ 9.223763, 63.64327, 0.0 ], [ 9.289125, 64.76485, 0.0 ], [ 10.40532, 64.638405, 0.0 ], [ 12.46367, 63.277145, 0.0 ], [ 15.26214, 60.813442, 0.0 ], [ 18.527111, 57.48895, 0.0 ], [ 21.938831, 53.628708, 0.0 ], [ 25.163452, 49.611, 0.0 ], [ 27.88523, 45.828724, 0.0 ], [ 29.837791, 42.652508, 0.0 ], [ 30.829899, 40.392952, 0.0 ]] 
