boundary 0: [[ 37.380165, 81.09131, 0.0 ], [ 37.09607, 80.00435, 0.0 ], [ 35.454933, 78.16138, 0.0 ], [ 32.617336, 75.742805, 0.0 ], [ 28.861097, 72.9855, 0.0 ], [ 24.553825, 70.15924, 0.0 ], [ 20.11721, 67.54067, 0.0 ], [ 15.985521, 65.38614, 0.0 ], [ 12.563223, 63.906567, 0.0 ], [ 10.185274, 63.246788, 0.0 ], [ 9.084458, 63.47141, 0.0 ], [ 9.368552, 64.558365, 0.0 ], [ 11.009705, 66.40137, 0.0 ], [ 13.847344, 68.81981, 0.0 ], [ 17.603567, 71.57729, 0.0 ], [ 21.910831, 74.40356, 0.0 ], [ 26.347433, 77.0221, 0.0 ], [ 30.479128, 79.17657, 0.0 ], [ 33.90143, 80.65611, 0.0 ], [ 36.27942, 81.31587, 0.0 ]] 
boundary 1: [[ 37.38018, 46.908688, 0.0 ], [ 36.279427, 46.684082, 0.0 ], [ 33.90142, 47.34389, 0.0 ], [ 30.479113, 48.823364, 0.0 ], [ 26.347427, 50.977875, 0.0 ], [ 21.910831, 53.596413, 0.0 ], [ 17.603594, 56.422756, 0.0 ], [ 13.847318, 59.18009, 0.0 ], [ 11.009714, 61.598656, 0.0 ], [ 9.368543, 63.441597, 0.0 ], [ 9.084465, 64.52858, 0.0 ], [ 10.185273, 64.75318, 0.0 ], [ 12.563225, 64.09347, 0.0 ], [ 15.985525, 62.61387, 0.0 ], [ 20.11723, 60.459385, 0.0 ], [ 24.55384, 57.840816, 0.0 ], [ 28.8611, 55.01452, 0.0 ], [ 32.617344, 52.257156, 0.0 ], [ 35.454926, 49.83862, 0.0 ], [ 37.09607, 47.995655, 0.0 ]] 
boundary 0: [[ 37.491333, 80.91147, 0.0 ], [ 37.20014, 79.82639, 0.0 ], [ 35.54699, 77.994194, 0.0 ], [ 32.693634, 75.59422, 0.0 ], [ 28.919443, 72.86154, 0.0 ], [ 24.593792, 70.06351, 0.0 ], [ 20.140148, 67.474014, 0.0 ], [ 15.994455, 65.34653, 0.0 ], [ 12.562554, 63.88937, 0.0 ], [ 10.180341, 63.245155, 0.0 ], [ 9.08102, 63.476967, 0.0 ], [ 9.372215, 64.56205, 0.0 ], [ 11.025383, 66.39428, 0.0 ], [ 13.878777, 68.79411, 0.0 ], [ 17.65295, 71.52698, 0.0 ], [ 21.978601, 74.325005, 0.0 ], [ 26.432224, 76.91449, 0.0 ], [ 30.577923, 79.04189, 0.0 ], [ 34.009827, 80.49902, 0.0 ], [ 36.392086, 81.14323, 0.0 ]] 
boundary 1: [[ 37.49135, 47.088524, 0.0 ], [ 36.392094, 46.856728, 0.0 ], [ 34.00982, 47.500973, 0.0 ], [ 30.577908, 48.958035, 0.0 ], [ 26.432219, 51.08548, 0.0 ], [ 21.978601, 53.674953, 0.0 ], [ 17.652977, 56.473076, 0.0 ], [ 13.87875, 59.20579, 0.0 ], [ 11.025393, 61.605743, 0.0 ], [ 9.372206, 63.43791, 0.0 ], [ 9.081027, 64.52299, 0.0 ], [ 10.180341, 64.754814, 0.0 ], [ 12.562556, 64.110634, 0.0 ], [ 15.994458, 62.653484, 0.0 ], [ 20.140163, 60.526054, 0.0 ], [ 24.593807, 57.936554, 0.0 ], [ 28.919445, 55.138477, 0.0 ], [ 32.69364, 52.40574, 0.0 ], [ 35.54698, 50.0058, 0.0 ], [ 37.20014, 48.17361, 0.0 ]] 
boundary 0: [[ 38.027184, 80.00552, 0.0 ], [ 37.700836, 78.93048, 0.0 ], [ 35.988926, 77.15308, 0.0 ], [ 33.058952, 74.84726, 0.0 ], [ 29.197826, 72.23886, 0.0 ], [ 24.78339, 69.5831, 0.0 ], [ 20.247814, 67.139946, 0.0 ], [ 16.035072, 65.14853, 0.0 ], [ 12.557561, 63.803856, 0.0 ], [ 10.15564, 63.237514, 0.0 ], [ 9.064447, 63.504986, 0.0 ], [ 9.390806, 64.58002, 0.0 ], [ 11.102736, 66.35747, 0.0 ], [ 14.03273, 68.663155, 0.0 ], [ 17.89386, 71.27173, 0.0 ], [ 22.308292, 73.927475, 0.0 ], [ 26.843842, 76.37063, 0.0 ], [ 31.056593, 78.36196, 0.0 ], [ 34.534107, 79.706604, 0.0 ], [ 36.936066, 80.272934, 0.0 ]] 
boundary 1: [[ 38.0272, 47.99448, 0.0 ], [ 36.936073, 47.72702, 0.0 ], [ 34.5341, 48.29338, 0.0 ], [ 31.05658, 49.637966, 0.0 ], [ 26.843836, 51.62935, 0.0 ], [ 22.308296, 54.072483, 0.0 ], [ 17.893887, 56.72833, 0.0 ], [ 14.032707, 59.33675, 0.0 ], [ 11.102746, 61.642555, 0.0 ], [ 9.390799, 63.419945, 0.0 ], [ 9.064456, 64.494965, 0.0 ], [ 10.155641, 64.76246, 0.0 ], [ 12.557563, 64.19615, 0.0 ], [ 16.035074, 62.85148, 0.0 ], [ 20.24783, 60.860126, 0.0 ], [ 24.783403, 58.41695, 0.0 ], [ 29.197828, 55.761154, 0.0 ], [ 33.05896, 53.15271, 0.0 ], [ 35.98892, 50.846912, 0.0 ], [ 37.700836, 49.069515, 0.0 ]] 
boundary 0: [[ 38.60086, 78.95373, 0.0 ], [ 38.234905, 77.89151, 0.0 ], [ 36.458313, 76.178764, 0.0 ], [ 33.44494, 73.98308, 0.0 ], [ 29.489834, 71.51951, 0.0 ], [ 24.98004, 69.02911, 0.0 ], [ 20.357061, 66.75568, 0.0 ], [ 16.073435, 64.92169, 0.0 ], [ 12.5484915, 63.706764, 0.0 ], [ 10.127238, 63.229797, 0.0 ], [ 9.046704, 63.537518, 0.0 ], [ 9.412667, 64.599724, 0.0 ], [ 11.189272, 66.31253, 0.0 ], [ 14.202673, 68.50808, 0.0 ], [ 18.157795, 70.971825, 0.0 ], [ 22.667587, 73.46218, 0.0 ], [ 27.290535, 75.73564, 0.0 ], [ 31.574167, 77.569534, 0.0 ], [ 35.099113, 78.78442, 0.0 ], [ 37.52041, 79.26137, 0.0 ]] 
boundary 1: [[ 38.600876, 49.046272, 0.0 ], [ 37.520416, 48.73858, 0.0 ], [ 35.099106, 49.215553, 0.0 ], [ 31.574158, 50.43038, 0.0 ], [ 27.290531, 52.264328, 0.0 ], [ 22.667595, 54.537766, 0.0 ], [ 18.157822, 57.028236, 0.0 ], [ 14.202656, 59.491817, 0.0 ], [ 11.1892805, 61.687492, 0.0 ], [ 9.412662, 63.40024, 0.0 ], [ 9.046716, 64.46243, 0.0 ], [ 10.127241, 64.77015, 0.0 ], [ 12.548493, 64.293236, 0.0 ], [ 16.073433, 63.078323, 0.0 ], [ 20.357075, 61.24441, 0.0 ], [ 24.980051, 58.97094, 0.0 ], [ 29.489836, 56.480515, 0.0 ], [ 33.444946, 54.0169, 0.0 ], [ 36.458305, 51.821236, 0.0 ], [ 38.23491, 50.10847, 0.0 ]] 
boundary 0: [[ 39.712227, 76.59598, 0.0 ], [ 39.2619, 75.56669, 0.0 ], [ 37.35311, 74.00261, 0.0 ], [ 34.17267, 72.05678, 0.0 ], [ 30.03198, 69.9198, 0.0 ], [ 25.336239, 67.800766, 0.0 ], [ 20.545158, 65.9071, 0.0 ], [ 16.127728, 64.42412, 0.0 ], [ 12.516375, 63.49707, 0.0 ], [ 10.0645685, 63.216682, 0.0 ], [ 9.012331, 63.610443, 0.0 ], [ 9.462667, 64.63972, 0.0 ], [ 11.371464, 66.20386, 0.0 ], [ 14.551924, 68.14953, 0.0 ], [ 18.692654, 70.286705, 0.0 ], [ 23.38838, 72.40569, 0.0 ], [ 28.179438, 74.29939, 0.0 ], [ 32.59687, 75.78229, 0.0 ], [ 36.208218, 76.70928, 0.0 ], [ 38.66006, 76.98965, 0.0 ]] 
boundary 1: [[ 39.712242, 51.404022, 0.0 ], [ 38.660076, 51.0103, 0.0 ], [ 36.208214, 51.290688, 0.0 ], [ 32.596863, 52.217644, 0.0 ], [ 28.179436, 53.700577, 0.0 ], [ 23.388397, 55.594254, 0.0 ], [ 18.692675, 57.713367, 0.0 ], [ 14.551916, 59.850353, 0.0 ], [ 11.37147, 61.796173, 0.0 ], [ 9.462662, 63.360252, 0.0 ], [ 9.012348, 64.38953, 0.0 ], [ 10.064576, 64.78327, 0.0 ], [ 12.516375, 64.50294, 0.0 ], [ 16.127724, 63.5759, 0.0 ], [ 20.545166, 62.092995, 0.0 ], [ 25.336243, 60.199287, 0.0 ], [ 30.031982, 58.08022, 0.0 ], [ 34.172676, 55.94319, 0.0 ], [ 37.353104, 53.997387, 0.0 ], [ 39.261906, 52.433285, 0.0 ]] 
boundary 0: [[ 40.332066, 75.01629, 0.0 ], [ 39.82836, 74.01204, 0.0 ], [ 37.840137, 72.55026, 0.0 ], [ 34.561985, 70.77397, 0.0 ], [ 30.314882, 68.85718, 0.0 ], [ 25.514435, 66.98742, 0.0 ], [ 20.6306, 65.347725, 0.0 ], [ 16.141447, 64.09855, 0.0 ], [ 12.48643, 63.362247, 0.0 ], [ 10.023293, 63.210873, 0.0 ], [ 8.993162, 63.6593, 0.0 ], [ 9.496879, 64.66353, 0.0 ], [ 11.485108, 66.12537, 0.0 ], [ 14.7632675, 67.9015, 0.0 ], [ 19.010426, 69.818474, 0.0 ], [ 23.810856, 71.688194, 0.0 ], [ 28.694666, 73.32793, 0.0 ], [ 33.183807, 74.57702, 0.0 ], [ 36.83882, 75.31326, 0.0 ], [ 39.302002, 75.46462, 0.0 ]] 
boundary 1: [[ 40.33208, 52.98372, 0.0 ], [ 39.302017, 52.535336, 0.0 ], [ 36.83882, 52.686707, 0.0 ], [ 33.18381, 53.422905, 0.0 ], [ 28.694666, 54.672043, 0.0 ], [ 23.810873, 56.311752, 0.0 ], [ 19.010439, 58.181587, 0.0 ], [ 14.7632675, 60.098377, 0.0 ], [ 11.485115, 61.874657, 0.0 ], [ 9.496873, 63.336437, 0.0 ], [ 8.99318, 64.34067, 0.0 ], [ 10.023301, 64.789085, 0.0 ], [ 12.48643, 64.637764, 0.0 ], [ 16.141443, 63.90147, 0.0 ], [ 20.6306, 62.65237, 0.0 ], [ 25.514435, 61.012634, 0.0 ], [ 30.314884, 59.142845, 0.0 ], [ 34.561993, 57.226006, 0.0 ], [ 37.84013, 55.449738, 0.0 ], [ 39.82837, 53.987938, 0.0 ]] 
boundary 0: [[ 40.78093, 73.6885, 0.0 ], [ 40.234177, 72.70702, 0.0 ], [ 38.18447, 71.332794, 0.0 ], [ 34.832417, 69.70024, 0.0 ], [ 30.50623, 67.96931, 0.0 ], [ 25.629263, 66.30935, 0.0 ], [ 20.678957, 64.88285, 0.0 ], [ 16.139885, 63.829407, 0.0 ], [ 12.45639, 63.2522, 0.0 ], [ 9.989009, 63.207714, 0.0 ], [ 8.97928, 63.700367, 0.0 ], [ 9.526043, 64.681816, 0.0 ], [ 11.57576, 66.05611, 0.0 ], [ 14.9278145, 67.68851, 0.0 ], [ 19.254063, 69.41962, 0.0 ], [ 24.131012, 71.07955, 0.0 ], [ 29.081293, 72.50607, 0.0 ], [ 33.620354, 73.55943, 0.0 ], [ 37.303837, 74.136604, 0.0 ], [ 39.771263, 74.18105, 0.0 ]] 
boundary 1: [[ 40.780945, 54.3115, 0.0 ], [ 39.77128, 53.818897, 0.0 ], [ 37.303837, 53.86338, 0.0 ], [ 33.62036, 54.440483, 0.0 ], [ 29.081295, 55.493896, 0.0 ], [ 24.131027, 56.92041, 0.0 ], [ 19.25407, 58.58045, 0.0 ], [ 14.927819, 60.311367, 0.0 ], [ 11.575766, 61.94391, 0.0 ], [ 9.526041, 63.318146, 0.0 ], [ 8.979299, 64.2996, 0.0 ], [ 9.989019, 64.79224, 0.0 ], [ 12.45639, 64.74781, 0.0 ], [ 16.139881, 64.17061, 0.0 ], [ 20.678955, 63.11724, 0.0 ], [ 25.62926, 61.6907, 0.0 ], [ 30.506231, 60.030716, 0.0 ], [ 34.832424, 58.29974, 0.0 ], [ 38.184464, 56.667206, 0.0 ], [ 40.234184, 55.292946, 0.0 ]] 
boundary 0: [[ 41.201385, 72.231064, 0.0 ], [ 40.6092, 71.2763, 0.0 ], [ 38.497295, 69.99973, 0.0 ], [ 35.072372, 68.52619, 0.0 ], [ 30.669758, 67.00005, 0.0 ], [ 25.720304, 65.57067, 0.0 ], [ 20.708546, 64.3779, 0.0 ], [ 16.125055, 63.5385, 0.0 ], [ 12.418543, 63.13469, 0.0 ], [ 9.951789, 63.205975, 0.0 ], [ 8.966277, 63.74545, 0.0 ], [ 9.558469, 64.700165, 0.0 ], [ 11.670387, 65.97682, 0.0 ], [ 15.09531, 67.4502, 0.0 ], [ 19.497992, 68.9765, 0.0 ], [ 24.447422, 70.405876, 0.0 ], [ 29.459166, 71.598656, 0.0 ], [ 34.04264, 72.43797, 0.0 ], [ 37.749138, 72.84176, 0.0 ], [ 40.21593, 72.770424, 0.0 ]] 
boundary 1: [[ 41.2014, 55.768944, 0.0 ], [ 40.215946, 55.229527, 0.0 ], [ 37.749138, 55.158234, 0.0 ], [ 34.04265, 55.561943, 0.0 ], [ 29.459167, 56.401306, 0.0 ], [ 24.447441, 57.594086, 0.0 ], [ 19.497993, 59.023563, 0.0 ], [ 15.095324, 60.54967, 0.0 ], [ 11.67039, 62.02321, 0.0 ], [ 9.55847, 63.29979, 0.0 ], [ 8.966296, 64.25451, 0.0 ], [ 9.951801, 64.79397, 0.0 ], [ 12.418542, 64.865326, 0.0 ], [ 16.125051, 64.46151, 0.0 ], [ 20.70853, 63.622192, 0.0 ], [ 25.720297, 62.429398, 0.0 ], [ 30.669756, 60.999973, 0.0 ], [ 35.07238, 59.473797, 0.0 ], [ 38.497288, 58.000275, 0.0 ], [ 40.609207, 56.723663, 0.0 ]] 
boundary 0: [[ 41.20658, 72.21132, 0.0 ], [ 40.613792, 71.25695, 0.0 ], [ 38.501076, 69.98171, 0.0 ], [ 35.075226, 68.51034, 0.0 ], [ 30.67165, 66.986984, 0.0 ], [ 25.721298, 65.56072, 0.0 ], [ 20.708784, 64.371124, 0.0 ], [ 16.124763, 63.534607, 0.0 ], [ 12.417997, 63.133114, 0.0 ], [ 9.951289, 63.20596, 0.0 ], [ 8.966115, 63.74605, 0.0 ], [ 9.558913, 64.70038, 0.0 ], [ 11.671637, 65.975746, 0.0 ], [ 15.097488, 67.44692, 0.0 ], [ 19.501131, 68.97049, 0.0 ], [ 24.451466, 70.3967, 0.0 ], [ 29.463959, 71.58635, 0.0 ], [ 34.047962, 72.42276, 0.0 ], [ 37.754715, 72.824196, 0.0 ], [ 40.221466, 72.75133, 0.0 ]] 
boundary 1: [[ 41.206596, 55.788685, 0.0 ], [ 40.22148, 55.248634, 0.0 ], [ 37.754715, 55.175793, 0.0 ], [ 34.04797, 55.577156, 0.0 ], [ 29.46396, 56.413628, 0.0 ], [ 24.451485, 57.60324, 0.0 ], [ 19.501135, 59.029602, 0.0 ], [ 15.097501, 60.55292, 0.0 ], [ 11.6716385, 62.02432, 0.0 ], [ 9.558915, 63.29954, 0.0 ], [ 8.966136, 64.25391, 0.0 ], [ 9.951302, 64.79395, 0.0 ], [ 12.417995, 64.866905, 0.0 ], [ 16.12476, 64.4654, 0.0 ], [ 20.708769, 63.629, 0.0 ], [ 25.72129, 62.439346, 0.0 ], [ 30.671648, 61.01306, 0.0 ], [ 35.075233, 59.489655, 0.0 ], [ 38.50107, 58.018303, 0.0 ], [ 40.6138, 56.743015, 0.0 ]] 
boundary 0: [[ 41.134407, 72.48137, 0.0 ], [ 40.54989, 71.52191, 0.0 ], [ 38.448288, 70.22845, 0.0 ], [ 35.035286, 68.727516, 0.0 ], [ 30.64506, 67.166145, 0.0 ], [ 25.70721, 65.69714, 0.0 ], [ 20.70517, 64.46427, 0.0 ], [ 16.128551, 63.588146, 0.0 ], [ 12.425398, 63.154625, 0.0 ], [ 9.958151, 63.206142, 0.0 ], [ 8.968347, 63.737705, 0.0 ], [ 9.552874, 64.69711, 0.0 ], [ 11.654491, 65.9907, 0.0 ], [ 15.067499, 67.49143, 0.0 ], [ 19.457804, 69.05302, 0.0 ], [ 24.395622, 70.52198, 0.0 ], [ 29.397646, 71.7549, 0.0 ], [ 33.974228, 72.63091, 0.0 ], [ 37.677387, 73.06438, 0.0 ], [ 40.14468, 73.01283, 0.0 ]] 
boundary 1: [[ 41.134422, 55.51863, 0.0 ], [ 40.144695, 54.98713, 0.0 ], [ 37.677387, 54.93562, 0.0 ], [ 33.974236, 55.368996, 0.0 ], [ 29.397648, 56.245075, 0.0 ], [ 24.395641, 57.47796, 0.0 ], [ 19.457806, 58.94708, 0.0 ], [ 15.067509, 60.508404, 0.0 ], [ 11.654494, 62.009365, 0.0 ], [ 9.552875, 63.302807, 0.0 ], [ 8.968367, 64.26227, 0.0 ], [ 9.958163, 64.79377, 0.0 ], [ 12.425396, 64.84539, 0.0 ], [ 16.128548, 64.41186, 0.0 ], [ 20.705158, 63.535862, 0.0 ], [ 25.707203, 62.30293, 0.0 ], [ 30.645058, 60.833885, 0.0 ], [ 35.035294, 59.272476, 0.0 ], [ 38.44828, 57.77156, 0.0 ], [ 40.549896, 56.47805, 0.0 ]] 
boundary 0: [[ 41.15914, 72.389824, 0.0 ], [ 40.571808, 71.432076, 0.0 ], [ 38.46643, 70.14478, 0.0 ], [ 35.049023, 68.65387, 0.0 ], [ 30.65426, 67.105385, 0.0 ], [ 25.712112, 65.65087, 0.0 ], [ 20.706482, 64.432686, 0.0 ], [ 16.127314, 63.569977, 0.0 ], [ 12.422909, 63.14732, 0.0 ], [ 9.955823, 63.206074, 0.0 ], [ 8.967582, 63.740536, 0.0 ], [ 9.554919, 64.69823, 0.0 ], [ 11.660324, 65.98564, 0.0 ], [ 15.07772, 67.47635, 0.0 ], [ 19.47258, 69.02506, 0.0 ], [ 24.414684, 70.47954, 0.0 ], [ 29.420303, 71.69778, 0.0 ], [ 33.999424, 72.560356, 0.0 ], [ 37.703842, 72.982956, 0.0 ], [ 40.170982, 72.92418, 0.0 ]] 
boundary 1: [[ 41.159157, 55.61018, 0.0 ], [ 40.170998, 55.07578, 0.0 ], [ 37.703842, 55.017044, 0.0 ], [ 33.999428, 55.439545, 0.0 ], [ 29.420305, 56.302208, 0.0 ], [ 24.414703, 57.5204, 0.0 ], [ 19.47258, 58.975033, 0.0 ], [ 15.07773, 60.52347, 0.0 ], [ 11.660326, 62.01442, 0.0 ], [ 9.554921, 63.301693, 0.0 ], [ 8.967603, 64.25944, 0.0 ], [ 9.955838, 64.79384, 0.0 ], [ 12.422907, 64.85269, 0.0 ], [ 16.12731, 64.43002, 0.0 ], [ 20.70647, 63.567455, 0.0 ], [ 25.712105, 62.349205, 0.0 ], [ 30.654259, 60.89465, 0.0 ], [ 35.04903, 59.346123, 0.0 ], [ 38.466423, 57.855225, 0.0 ], [ 40.571815, 56.56788, 0.0 ]] 
boundary 0: [[ 40.582817, 74.298065, 0.0 ], [ 40.05561, 73.30593, 0.0 ], [ 38.033566, 71.891335, 0.0 ], [ 34.71452, 70.19267, 0.0 ], [ 30.423525, 68.37632, 0.0 ], [ 25.580399, 66.62005, 0.0 ], [ 20.65935, 65.09571, 0.0 ], [ 16.14204, 63.952477, 0.0 ], [ 12.470722, 63.302353, 0.0 ], [ 10.004702, 63.20897, 0.0 ], [ 8.985407, 63.681515, 0.0 ], [ 9.512612, 64.673615, 0.0 ], [ 11.534685, 66.08828, 0.0 ], [ 14.853728, 67.78673, 0.0 ], [ 19.144802, 69.60333, 0.0 ], [ 23.987888, 71.359566, 0.0 ], [ 28.90893, 72.88396, 0.0 ], [ 33.4262, 74.02707, 0.0 ], [ 37.097534, 74.67713, 0.0 ], [ 39.5636, 74.7705, 0.0 ]] 
boundary 1: [[ 40.582832, 53.701958, 0.0 ], [ 39.563614, 53.22946, 0.0 ], [ 37.097534, 53.322876, 0.0 ], [ 33.4262, 53.972836, 0.0 ], [ 28.908932, 55.116028, 0.0 ], [ 23.9879, 56.640354, 0.0 ], [ 19.14481, 58.396767, 0.0 ], [ 14.853727, 60.213078, 0.0 ], [ 11.53469, 61.91177, 0.0 ], [ 9.51261, 63.32634, 0.0 ], [ 8.985425, 64.31846, 0.0 ], [ 10.004712, 64.79094, 0.0 ], [ 12.47072, 64.69766, 0.0 ], [ 16.142036, 64.04753, 0.0 ], [ 20.659342, 62.90443, 0.0 ], [ 25.580395, 61.38004, 0.0 ], [ 30.423527, 59.623707, 0.0 ], [ 34.714527, 57.80732, 0.0 ], [ 38.033558, 56.10866, 0.0 ], [ 40.05562, 54.69403, 0.0 ]] 
boundary 0: [[ 40.389214, 74.85724, 0.0 ], [ 39.88026, 73.8556, 0.0 ], [ 37.884438, 72.404236, 0.0 ], [ 34.597046, 70.645134, 0.0 ], [ 30.34, 68.75056, 0.0 ], [ 25.529837, 66.90594, 0.0 ], [ 20.637499, 65.29181, 0.0 ], [ 16.14187, 64.06609, 0.0 ], [ 12.483063, 63.3489, 0.0 ], [ 10.019165, 63.210407, 0.0 ], [ 8.991394, 63.66422, 0.0 ], [ 9.500356, 64.6658, 0.0 ], [ 11.4962015, 66.11723, 0.0 ], [ 14.7836075, 67.87613, 0.0 ], [ 19.040718, 69.770966, 0.0 ], [ 23.850845, 71.61553, 0.0 ], [ 28.743162, 73.22972, 0.0 ], [ 33.238785, 74.45531, 0.0 ], [ 36.897587, 75.17245, 0.0 ], [ 39.36153, 75.310936, 0.0 ]] 
boundary 1: [[ 40.38923, 53.142803, 0.0 ], [ 39.361546, 52.689026, 0.0 ], [ 36.897587, 52.82756, 0.0 ], [ 33.238785, 53.5446, 0.0 ], [ 28.743164, 54.770264, 0.0 ], [ 23.850857, 56.384388, 0.0 ], [ 19.040726, 58.229137, 0.0 ], [ 14.783602, 60.12367, 0.0 ], [ 11.496205, 61.882816, 0.0 ], [ 9.500353, 63.334156, 0.0 ], [ 8.991413, 64.335754, 0.0 ], [ 10.019175, 64.789505, 0.0 ], [ 12.483061, 64.65112, 0.0 ], [ 16.141867, 63.933914, 0.0 ], [ 20.637495, 62.70833, 0.0 ], [ 25.529833, 61.09414, 0.0 ], [ 30.340004, 59.249474, 0.0 ], [ 34.597054, 57.354866, 0.0 ], [ 37.88443, 55.595753, 0.0 ], [ 39.88027, 54.144352, 0.0 ]] 
boundary 0: [[ 39.999916, 75.892876, 0.0 ], [ 39.525536, 74.874405, 0.0 ], [ 37.58052, 73.35562, 0.0 ], [ 34.355255, 71.48507, 0.0 ], [ 30.165518, 69.44595, 0.0 ], [ 25.421284, 67.43784, 0.0 ], [ 20.58704, 65.65728, 0.0 ], [ 16.135975, 64.278465, 0.0 ], [ 12.503847, 63.436516, 0.0 ], [ 10.046129, 63.213806, 0.0 ], [ 9.003434, 63.63219, 0.0 ], [ 9.477829, 64.6506, 0.0 ], [ 11.42285, 66.169464, 0.0 ], [ 14.648151, 68.039795, 0.0 ], [ 18.837948, 70.079185, 0.0 ], [ 23.582142, 72.087234, 0.0 ], [ 28.416367, 73.86786, 0.0 ], [ 32.867424, 75.246544, 0.0 ], [ 36.499557, 76.08844, 0.0 ], [ 38.957314, 76.31114, 0.0 ]] 
boundary 1: [[ 39.99993, 52.107162, 0.0 ], [ 38.95733, 51.688816, 0.0 ], [ 36.499557, 51.911568, 0.0 ], [ 32.86742, 52.75337, 0.0 ], [ 28.416368, 54.132122, 0.0 ], [ 23.582151, 55.91269, 0.0 ], [ 18.837957, 57.92092, 0.0 ], [ 14.648138, 59.959995, 0.0 ], [ 11.422854, 61.83058, 0.0 ], [ 9.477825, 63.34936, 0.0 ], [ 9.003452, 64.36778, 0.0 ], [ 10.046135, 64.78611, 0.0 ], [ 12.503846, 64.56351, 0.0 ], [ 16.135971, 63.72154, 0.0 ], [ 20.587036, 62.342857, 0.0 ], [ 25.421284, 60.56223, 0.0 ], [ 30.165522, 58.554077, 0.0 ], [ 34.355263, 56.51493, 0.0 ], [ 37.580513, 54.64438, 0.0 ], [ 39.525543, 53.12554, 0.0 ]] 
boundary 0: [[ 39.031616, 78.09713, 0.0 ], [ 38.63434, 77.04619, 0.0 ], [ 36.807724, 75.38688, 0.0 ], [ 33.730595, 73.281525, 0.0 ], [ 29.704199, 70.936325, 0.0 ], [ 25.12254, 68.58075, 0.0 ], [ 20.43419, 66.44542, 0.0 ], [ 16.09806, 64.73924, 0.0 ], [ 12.538649, 63.629345, 0.0 ], [ 10.104316, 63.22438, 0.0 ], [ 9.033381, 63.56402, 0.0 ], [ 9.430681, 64.61489, 0.0 ], [ 11.257294, 66.274284, 0.0 ], [ 14.334485, 68.37942, 0.0 ], [ 18.360914, 70.724915, 0.0 ], [ 22.942537, 73.080414, 0.0 ], [ 27.630863, 75.215805, 0.0 ], [ 31.966997, 76.92186, 0.0 ], [ 35.52642, 78.0317, 0.0 ], [ 37.96079, 78.43667, 0.0 ]] 
boundary 1: [[ 39.03163, 49.90291, 0.0 ], [ 37.960796, 49.563293, 0.0 ], [ 35.52643, 49.96831, 0.0 ], [ 31.96699, 51.07804, 0.0 ], [ 27.630865, 52.78417, 0.0 ], [ 22.942543, 54.919514, 0.0 ], [ 18.36093, 57.27519, 0.0 ], [ 14.334454, 59.620373, 0.0 ], [ 11.257299, 61.725758, 0.0 ], [ 9.430674, 63.385056, 0.0 ], [ 9.033396, 64.43596, 0.0 ], [ 10.104317, 64.775536, 0.0 ], [ 12.5386505, 64.370674, 0.0 ], [ 16.098057, 63.26078, 0.0 ], [ 20.434198, 61.554718, 0.0 ], [ 25.122547, 59.419315, 0.0 ], [ 29.704206, 57.063713, 0.0 ], [ 33.730602, 54.718468, 0.0 ], [ 36.807716, 52.61311, 0.0 ], [ 38.634346, 50.95376, 0.0 ]] 
boundary 0: [[ 38.781364, 78.60244, 0.0 ], [ 38.402462, 77.54472, 0.0 ], [ 36.605064, 75.85381, 0.0 ], [ 33.565117, 73.69509, 0.0 ], [ 29.580238, 71.28006, 0.0 ], [ 25.040348, 68.84495, 0.0 ], [ 20.389952, 66.628174, 0.0 ], [ 16.084232, 64.846634, 0.0 ], [ 12.544719, 63.674835, 0.0 ], [ 10.117816, 63.22748, 0.0 ], [ 9.0411215, 63.54839, 0.0 ], [ 9.420034, 64.60604, 0.0 ], [ 11.21743, 66.29703, 0.0 ], [ 14.257444, 68.4555, 0.0 ], [ 18.242363, 70.870865, 0.0 ], [ 22.782211, 73.30591, 0.0 ], [ 27.432585, 75.52273, 0.0 ], [ 31.738298, 77.304146, 0.0 ], [ 35.277832, 78.47589, 0.0 ], [ 37.704773, 78.92325, 0.0 ]] 
boundary 1: [[ 38.78138, 49.3976, 0.0 ], [ 37.70478, 49.07671, 0.0 ], [ 35.27784, 49.524117, 0.0 ], [ 31.738289, 50.69575, 0.0 ], [ 27.432587, 52.477234, 0.0 ], [ 22.782219, 54.694023, 0.0 ], [ 18.242382, 57.129242, 0.0 ], [ 14.257408, 59.54428, 0.0 ], [ 11.217437, 61.70301, 0.0 ], [ 9.420026, 63.393917, 0.0 ], [ 9.041136, 64.45159, 0.0 ], [ 10.117816, 64.77243, 0.0 ], [ 12.544721, 64.32518, 0.0 ], [ 16.084232, 63.15339, 0.0 ], [ 20.38996, 61.37196, 0.0 ], [ 25.04036, 59.155132, 0.0 ], [ 29.580248, 56.719975, 0.0 ], [ 33.565125, 54.30487, 0.0 ], [ 36.605057, 52.14617, 0.0 ], [ 38.40247, 50.455223, 0.0 ]] 
boundary 0: [[ 38.23842, 79.628914, 0.0 ], [ 37.897728, 78.55826, 0.0 ], [ 36.16221, 76.8039, 0.0 ], [ 33.201736, 74.53741, 0.0 ], [ 29.306156, 71.98085, 0.0 ], [ 24.856634, 69.38429, 0.0 ], [ 20.288834, 67.00196, 0.0 ], [ 16.049864, 65.066956, 0.0 ], [ 12.55471, 63.768818, 0.0 ], [ 10.145436, 63.234608, 0.0 ], [ 9.057913, 63.51664, 0.0 ], [ 9.398603, 64.58722, 0.0 ], [ 11.134121, 66.34165, 0.0 ], [ 14.094666, 68.6079, 0.0 ], [ 17.99028, 71.1648, 0.0 ], [ 22.43976, 73.76129, 0.0 ], [ 27.00754, 76.14367, 0.0 ], [ 31.246506, 78.07855, 0.0 ], [ 34.741684, 79.37663, 0.0 ], [ 37.150993, 79.91085, 0.0 ]] 
boundary 1: [[ 38.238434, 48.37113, 0.0 ], [ 37.151, 48.089108, 0.0 ], [ 34.74169, 48.62338, 0.0 ], [ 31.246494, 49.921352, 0.0 ], [ 27.007538, 51.856297, 0.0 ], [ 22.439768, 54.23864, 0.0 ], [ 17.990309, 56.835316, 0.0 ], [ 14.094621, 59.391884, 0.0 ], [ 11.134129, 61.658382, 0.0 ], [ 9.398595, 63.41274, 0.0 ], [ 9.057926, 64.48334, 0.0 ], [ 10.145433, 64.76531, 0.0 ], [ 12.554714, 64.23121, 0.0 ], [ 16.049866, 62.933067, 0.0 ], [ 20.288849, 60.998177, 0.0 ], [ 24.856647, 58.615795, 0.0 ], [ 29.306166, 56.01918, 0.0 ], [ 33.201744, 53.46255, 0.0 ], [ 36.1622, 51.196075, 0.0 ], [ 37.897736, 49.441677, 0.0 ]] 
boundary 0: [[ 37.43244, 81.00706, 0.0 ], [ 37.14502, 79.92089, 0.0 ], [ 35.498207, 78.083, 0.0 ], [ 32.65323, 75.67314, 0.0 ], [ 28.88859, 72.927414, 0.0 ], [ 24.572664, 70.114365, 0.0 ], [ 20.128029, 67.50947, 0.0 ], [ 15.98974, 65.367584, 0.0 ], [ 12.562925, 63.898495, 0.0 ], [ 10.182959, 63.246006, 0.0 ], [ 9.082839, 63.47402, 0.0 ], [ 9.370271, 64.56011, 0.0 ], [ 11.017069, 66.39807, 0.0 ], [ 13.862137, 68.8077, 0.0 ], [ 17.626791, 71.55378, 0.0 ], [ 21.94268, 74.36673, 0.0 ], [ 26.387291, 76.971664, 0.0 ], [ 30.52558, 79.11345, 0.0 ], [ 33.952423, 80.58247, 0.0 ], [ 36.332424, 81.23497, 0.0 ]] 
boundary 1: [[ 37.432457, 46.99299, 0.0 ], [ 36.33243, 46.764984, 0.0 ], [ 33.95243, 47.417538, 0.0 ], [ 30.525564, 48.886456, 0.0 ], [ 26.387287, 51.028286, 0.0 ], [ 21.94268, 53.633205, 0.0 ], [ 17.626827, 56.446346, 0.0 ], [ 13.8620825, 59.192085, 0.0 ], [ 11.017078, 61.601963, 0.0 ], [ 9.370258, 63.43985, 0.0 ], [ 9.082852, 64.52596, 0.0 ], [ 10.182953, 64.75391, 0.0 ], [ 12.56293, 64.10154, 0.0 ], [ 15.989744, 62.63244, 0.0 ], [ 20.128052, 60.490665, 0.0 ], [ 24.57268, 57.88572, 0.0 ], [ 28.8886, 55.072628, 0.0 ], [ 32.653236, 52.32682, 0.0 ], [ 35.4982, 49.916977, 0.0 ], [ 37.14502, 48.079044, 0.0 ]] 
boundary 0: [[ 37.212517, 81.357605, 0.0 ], [ 36.93902, 80.267845, 0.0 ], [ 35.315865, 78.409035, 0.0 ], [ 32.501953, 75.96297, 0.0 ], [ 28.772774, 73.16928, 0.0 ], [ 24.49321, 70.30122, 0.0 ], [ 20.082277, 67.639656, 0.0 ], [ 15.971741, 65.44499, 0.0 ], [ 12.564009, 63.93216, 0.0 ], [ 10.192589, 63.249264, 0.0 ], [ 9.089641, 63.46318, 0.0 ], [ 9.363148, 64.55286, 0.0 ], [ 10.986288, 66.41174, 0.0 ], [ 13.8002825, 68.85759, 0.0 ], [ 17.529482, 71.65163, 0.0 ], [ 21.809013, 74.51958, 0.0 ], [ 26.219925, 77.1812, 0.0 ], [ 30.330456, 79.37576, 0.0 ], [ 33.73822, 80.888535, 0.0 ], [ 36.109688, 81.571434, 0.0 ]] 
boundary 1: [[ 37.212532, 46.642426, 0.0 ], [ 36.109695, 46.42852, 0.0 ], [ 33.738228, 47.11148, 0.0 ], [ 30.33044, 48.62415, 0.0 ], [ 26.21992, 50.818756, 0.0 ], [ 21.809013, 53.480354, 0.0 ], [ 17.529518, 56.348503, 0.0 ], [ 13.800226, 59.142197, 0.0 ], [ 10.986298, 61.588287, 0.0 ], [ 9.363135, 63.447105, 0.0 ], [ 9.089653, 64.536804, 0.0 ], [ 10.192581, 64.75065, 0.0 ], [ 12.564016, 64.067894, 0.0 ], [ 15.971745, 62.55504, 0.0 ], [ 20.082302, 60.360474, 0.0 ], [ 24.493225, 57.69886, 0.0 ], [ 28.772783, 54.83076, 0.0 ], [ 32.50196, 52.036995, 0.0 ], [ 35.315857, 49.590935, 0.0 ], [ 36.93902, 47.732086, 0.0 ]] 
boundary 0: [[ 37.374245, 81.100784, 0.0 ], [ 37.09053, 80.013626, 0.0 ], [ 35.450005, 78.17015, 0.0 ], [ 32.613266, 75.75059, 0.0 ], [ 28.85802, 72.992035, 0.0 ], [ 24.551722, 70.164276, 0.0 ], [ 20.115992, 67.54423, 0.0 ], [ 15.985039, 65.388245, 0.0 ], [ 12.563253, 63.907475, 0.0 ], [ 10.185531, 63.246864, 0.0 ], [ 9.084637, 63.471127, 0.0 ], [ 9.368362, 64.55819, 0.0 ], [ 11.00888, 66.40176, 0.0 ], [ 13.845709, 68.821075, 0.0 ], [ 17.60097, 71.57999, 0.0 ], [ 21.90723, 74.40764, 0.0 ], [ 26.342932, 77.02774, 0.0 ], [ 30.473885, 79.18362, 0.0 ], [ 33.8957, 80.66433, 0.0 ], [ 36.27348, 81.32494, 0.0 ]] 
boundary 1: [[ 37.37426, 46.899254, 0.0 ], [ 36.273487, 46.67501, 0.0 ], [ 33.895706, 47.335686, 0.0 ], [ 30.47387, 48.816296, 0.0 ], [ 26.342926, 50.972218, 0.0 ], [ 21.90723, 53.592293, 0.0 ], [ 17.601007, 56.420143, 0.0 ], [ 13.8456545, 59.178707, 0.0 ], [ 11.008889, 61.598278, 0.0 ], [ 9.368351, 63.441772, 0.0 ], [ 9.084649, 64.528854, 0.0 ], [ 10.185524, 64.75305, 0.0 ], [ 12.563261, 64.09261, 0.0 ], [ 15.985043, 62.611782, 0.0 ], [ 20.116014, 60.455902, 0.0 ], [ 24.551737, 57.835808, 0.0 ], [ 28.85803, 55.008007, 0.0 ], [ 32.613274, 52.249374, 0.0 ], [ 35.449997, 49.82982, 0.0 ], [ 37.09053, 47.9863, 0.0 ]] 
boundary 0: [[ 37.38047, 81.09079, 0.0 ], [ 37.09636, 80.00374, 0.0 ], [ 35.455162, 78.16086, 0.0 ], [ 32.61754, 75.74233, 0.0 ], [ 28.861292, 72.985146, 0.0 ], [ 24.553965, 70.15895, 0.0 ], [ 20.117281, 67.54052, 0.0 ], [ 15.985544, 65.38604, 0.0 ], [ 12.563219, 63.906517, 0.0 ], [ 10.185257, 63.246773, 0.0 ], [ 9.084444, 63.471436, 0.0 ], [ 9.368566, 64.558395, 0.0 ], [ 11.009754, 66.40137, 0.0 ], [ 13.847464, 68.81965, 0.0 ], [ 17.603727, 71.577194, 0.0 ], [ 21.911018, 74.40328, 0.0 ], [ 26.347672, 77.02177, 0.0 ], [ 30.47941, 79.17614, 0.0 ], [ 33.901764, 80.65561, 0.0 ], [ 36.279785, 81.31535, 0.0 ]] 
boundary 1: [[ 37.380486, 46.909245, 0.0 ], [ 36.279793, 46.6846, 0.0 ], [ 33.90177, 47.34441, 0.0 ], [ 30.479395, 48.823772, 0.0 ], [ 26.347666, 50.97819, 0.0 ], [ 21.911018, 53.596653, 0.0 ], [ 17.603765, 56.422935, 0.0 ], [ 13.847409, 59.18013, 0.0 ], [ 11.009764, 61.59867, 0.0 ], [ 9.368554, 63.441566, 0.0 ], [ 9.084456, 64.52855, 0.0 ], [ 10.18525, 64.75314, 0.0 ], [ 12.563227, 64.09357, 0.0 ], [ 15.985548, 62.613983, 0.0 ], [ 20.117304, 60.45961, 0.0 ], [ 24.55398, 57.84113, 0.0 ], [ 28.861301, 55.014896, 0.0 ], [ 32.617546, 52.25763, 0.0 ], [ 35.455154, 49.839108, 0.0 ], [ 37.09636, 47.99619, 0.0 ]] 
boundary 0: [[ 37.49164, 80.91095, 0.0 ], [ 37.200424, 79.82578, 0.0 ], [ 35.54721, 77.993675, 0.0 ], [ 32.693836, 75.59375, 0.0 ], [ 28.919634, 72.86119, 0.0 ], [ 24.59393, 70.06322, 0.0 ], [ 20.140213, 67.47386, 0.0 ], [ 15.994477, 65.34643, 0.0 ], [ 12.562551, 63.88932, 0.0 ], [ 10.180324, 63.24514, 0.0 ], [ 9.081006, 63.476994, 0.0 ], [ 9.372229, 64.56208, 0.0 ], [ 11.025433, 66.39428, 0.0 ], [ 13.878897, 68.79396, 0.0 ], [ 17.65311, 71.52688, 0.0 ], [ 21.978786, 74.32472, 0.0 ], [ 26.432463, 76.914154, 0.0 ], [ 30.578203, 79.041466, 0.0 ], [ 34.01016, 80.49852, 0.0 ], [ 36.39244, 81.14271, 0.0 ]] 
boundary 1: [[ 37.491653, 47.089085, 0.0 ], [ 36.39245, 46.857246, 0.0 ], [ 34.010166, 47.501495, 0.0 ], [ 30.578188, 48.958447, 0.0 ], [ 26.432457, 51.085804, 0.0 ], [ 21.978786, 53.675198, 0.0 ], [ 17.653149, 56.473255, 0.0 ], [ 13.878841, 59.20583, 0.0 ], [ 11.025442, 61.60576, 0.0 ], [ 9.372217, 63.437878, 0.0 ], [ 9.081018, 64.52296, 0.0 ], [ 10.180318, 64.754776, 0.0 ], [ 12.562558, 64.11073, 0.0 ], [ 15.994481, 62.6536, 0.0 ], [ 20.140234, 60.52628, 0.0 ], [ 24.593945, 57.936867, 0.0 ], [ 28.919643, 55.13886, 0.0 ], [ 32.693844, 52.40621, 0.0 ], [ 35.547203, 50.006287, 0.0 ], [ 37.200424, 48.17415, 0.0 ]] 
boundary 0: [[ 38.027473, 80.00499, 0.0 ], [ 37.7011, 78.92987, 0.0 ], [ 35.98913, 77.15255, 0.0 ], [ 33.05915, 74.84679, 0.0 ], [ 29.198002, 72.23851, 0.0 ], [ 24.783522, 69.58281, 0.0 ], [ 20.247879, 67.13979, 0.0 ], [ 16.035093, 65.14843, 0.0 ], [ 12.557556, 63.803806, 0.0 ], [ 10.1556225, 63.2375, 0.0 ], [ 9.064433, 63.505013, 0.0 ], [ 9.390821, 64.58005, 0.0 ], [ 11.102786, 66.35747, 0.0 ], [ 14.032846, 68.662994, 0.0 ], [ 17.894018, 71.271614, 0.0 ], [ 22.308464, 73.927185, 0.0 ], [ 26.84407, 76.37028, 0.0 ], [ 31.05686, 78.36152, 0.0 ], [ 34.534412, 79.70609, 0.0 ], [ 36.9364, 80.272415, 0.0 ]] 
boundary 1: [[ 38.02749, 47.99504, 0.0 ], [ 36.93641, 47.72755, 0.0 ], [ 34.53442, 48.293922, 0.0 ], [ 31.056845, 49.638386, 0.0 ], [ 26.844069, 51.629684, 0.0 ], [ 22.308472, 54.072727, 0.0 ], [ 17.89405, 56.728516, 0.0 ], [ 14.032799, 59.33679, 0.0 ], [ 11.102796, 61.642574, 0.0 ], [ 9.390811, 63.419914, 0.0 ], [ 9.064448, 64.494934, 0.0 ], [ 10.15562, 64.76242, 0.0 ], [ 12.557563, 64.19625, 0.0 ], [ 16.035097, 62.851593, 0.0 ], [ 20.247896, 60.86035, 0.0 ], [ 24.783535, 58.417267, 0.0 ], [ 29.198011, 55.761547, 0.0 ], [ 33.05916, 53.153194, 0.0 ], [ 35.98912, 50.847412, 0.0 ], [ 37.7011, 49.07006, 0.0 ]] 
boundary 0: [[ 38.601128, 78.95319, 0.0 ], [ 38.235153, 77.890884, 0.0 ], [ 36.45851, 76.17823, 0.0 ], [ 33.445107, 73.98259, 0.0 ], [ 29.48999, 71.51916, 0.0 ], [ 24.98016, 69.028824, 0.0 ], [ 20.357122, 66.75552, 0.0 ], [ 16.073452, 64.92159, 0.0 ], [ 12.548484, 63.706715, 0.0 ], [ 10.127221, 63.229782, 0.0 ], [ 9.046692, 63.537544, 0.0 ], [ 9.4126835, 64.599754, 0.0 ], [ 11.189321, 66.31252, 0.0 ], [ 14.2027855, 68.50792, 0.0 ], [ 18.15795, 70.971695, 0.0 ], [ 22.667753, 73.46189, 0.0 ], [ 27.29075, 75.73527, 0.0 ], [ 31.574419, 77.56909, 0.0 ], [ 35.09941, 78.7839, 0.0 ], [ 37.520718, 79.26084, 0.0 ]] 
boundary 1: [[ 38.601143, 49.046844, 0.0 ], [ 37.520725, 48.73912, 0.0 ], [ 35.099415, 49.21611, 0.0 ], [ 31.574411, 50.430817, 0.0 ], [ 27.29075, 52.26468, 0.0 ], [ 22.667763, 54.538013, 0.0 ], [ 18.157974, 57.028423, 0.0 ], [ 14.202744, 59.491867, 0.0 ], [ 11.18933, 61.68752, 0.0 ], [ 9.412675, 63.40021, 0.0 ], [ 9.046708, 64.4624, 0.0 ], [ 10.127222, 64.77011, 0.0 ], [ 12.54849, 64.293335, 0.0 ], [ 16.073456, 63.078438, 0.0 ], [ 20.357132, 61.244637, 0.0 ], [ 24.980171, 58.971256, 0.0 ], [ 29.49, 56.48091, 0.0 ], [ 33.445114, 54.017387, 0.0 ], [ 36.458504, 51.821735, 0.0 ], [ 38.235153, 50.10904, 0.0 ]] 
boundary 0: [[ 39.71244, 76.59543, 0.0 ], [ 39.262104, 75.56605, 0.0 ], [ 37.353275, 74.00206, 0.0 ], [ 34.1728, 72.05628, 0.0 ], [ 30.032106, 69.91944, 0.0 ], [ 25.336338, 67.80046, 0.0 ], [ 20.545208, 65.906944, 0.0 ], [ 16.127731, 64.42402, 0.0 ], [ 12.516361, 63.49702, 0.0 ], [ 10.064551, 63.216667, 0.0 ], [ 9.012323, 63.61047, 0.0 ], [ 9.462684, 64.63974, 0.0 ], [ 11.371512, 66.203835, 0.0 ], [ 14.552026, 68.14937, 0.0 ], [ 18.692795, 70.28656, 0.0 ], [ 23.388527, 72.405396, 0.0 ], [ 28.179619, 74.298996, 0.0 ], [ 32.597076, 75.78182, 0.0 ], [ 36.208473, 76.70873, 0.0 ], [ 38.660324, 76.9891, 0.0 ]] 
boundary 1: [[ 39.712456, 51.404617, 0.0 ], [ 38.66033, 51.01087, 0.0 ], [ 36.208473, 51.29127, 0.0 ], [ 32.59708, 52.218098, 0.0 ], [ 28.179626, 53.700947, 0.0 ], [ 23.388542, 55.594513, 0.0 ], [ 18.692802, 57.713566, 0.0 ], [ 14.551998, 59.850414, 0.0 ], [ 11.371517, 61.7962, 0.0 ], [ 9.462679, 63.36022, 0.0 ], [ 9.0123415, 64.389496, 0.0 ], [ 10.06456, 64.78323, 0.0 ], [ 12.516362, 64.50304, 0.0 ], [ 16.127731, 63.57602, 0.0 ], [ 20.545206, 62.093224, 0.0 ], [ 25.336338, 60.19962, 0.0 ], [ 30.032112, 58.080635, 0.0 ], [ 34.172806, 55.943695, 0.0 ], [ 37.353268, 53.997906, 0.0 ], [ 39.262104, 52.433876, 0.0 ]] 
boundary 0: [[ 40.332245, 75.015724, 0.0 ], [ 39.82852, 74.01139, 0.0 ], [ 37.84027, 72.549706, 0.0 ], [ 34.56208, 70.77347, 0.0 ], [ 30.314991, 68.85682, 0.0 ], [ 25.514515, 66.98711, 0.0 ], [ 20.630642, 65.347565, 0.0 ], [ 16.141445, 64.09845, 0.0 ], [ 12.486416, 63.362198, 0.0 ], [ 10.023273, 63.210857, 0.0 ], [ 8.9931555, 63.65933, 0.0 ], [ 9.496895, 64.66355, 0.0 ], [ 11.485157, 66.12534, 0.0 ], [ 14.763359, 67.90133, 0.0 ], [ 19.010557, 69.81833, 0.0 ], [ 23.810984, 71.6879, 0.0 ], [ 28.694826, 73.327515, 0.0 ], [ 33.184, 74.57655, 0.0 ], [ 36.839046, 75.312706, 0.0 ], [ 39.30224, 75.46404, 0.0 ]] 
boundary 1: [[ 40.33226, 52.984325, 0.0 ], [ 39.302246, 52.535915, 0.0 ], [ 36.839046, 52.687294, 0.0 ], [ 33.184, 53.423378, 0.0 ], [ 28.694838, 54.672417, 0.0 ], [ 23.811005, 56.312016, 0.0 ], [ 19.010555, 58.181797, 0.0 ], [ 14.763346, 60.09845, 0.0 ], [ 11.48516, 61.874687, 0.0 ], [ 9.496893, 63.336407, 0.0 ], [ 8.993175, 64.34064, 0.0 ], [ 10.023287, 64.78905, 0.0 ], [ 12.486413, 64.63786, 0.0 ], [ 16.141441, 63.901592, 0.0 ], [ 20.630634, 62.652607, 0.0 ], [ 25.514515, 61.012974, 0.0 ], [ 30.314987, 59.143265, 0.0 ], [ 34.562088, 57.22651, 0.0 ], [ 37.840263, 55.45026, 0.0 ], [ 39.82852, 53.988533, 0.0 ]] 
boundary 0: [[ 40.781082, 73.68793, 0.0 ], [ 40.234314, 72.706375, 0.0 ], [ 38.184578, 71.33223, 0.0 ], [ 34.83249, 69.69974, 0.0 ], [ 30.506327, 67.96895, 0.0 ], [ 25.62933, 66.30904, 0.0 ], [ 20.67899, 64.88269, 0.0 ], [ 16.139883, 63.829308, 0.0 ], [ 12.456373, 63.25215, 0.0 ], [ 9.988989, 63.207703, 0.0 ], [ 8.979274, 63.700397, 0.0 ], [ 9.526062, 64.68184, 0.0 ], [ 11.575808, 66.05608, 0.0 ], [ 14.9278965, 67.68834, 0.0 ], [ 19.254189, 69.419464, 0.0 ], [ 24.131126, 71.07925, 0.0 ], [ 29.081434, 72.50565, 0.0 ], [ 33.620514, 73.55896, 0.0 ], [ 37.30404, 74.13602, 0.0 ], [ 39.771477, 74.180466, 0.0 ]] 
boundary 1: [[ 40.781097, 54.312115, 0.0 ], [ 39.771484, 53.81949, 0.0 ], [ 37.30404, 53.863976, 0.0 ], [ 33.62052, 54.440964, 0.0 ], [ 29.081451, 55.49427, 0.0 ], [ 24.131147, 56.92068, 0.0 ], [ 19.254173, 58.580658, 0.0 ], [ 14.927895, 60.31144, 0.0 ], [ 11.575809, 61.94394, 0.0 ], [ 9.526064, 63.318115, 0.0 ], [ 8.979295, 64.29957, 0.0 ], [ 9.989006, 64.7922, 0.0 ], [ 12.45637, 64.74791, 0.0 ], [ 16.139877, 64.17073, 0.0 ], [ 20.678974, 63.117477, 0.0 ], [ 25.629326, 61.691048, 0.0 ], [ 30.506317, 60.031143, 0.0 ], [ 34.832497, 58.300243, 0.0 ], [ 38.184578, 56.667736, 0.0 ], [ 40.234314, 55.293545, 0.0 ]] 
boundary 0: [[ 41.201508, 72.23049, 0.0 ], [ 40.60932, 71.27565, 0.0 ], [ 38.49738, 69.99916, 0.0 ], [ 35.07242, 68.52569, 0.0 ], [ 30.669838, 66.999695, 0.0 ], [ 25.720352, 65.57035, 0.0 ], [ 20.708565, 64.37774, 0.0 ], [ 16.125046, 63.538403, 0.0 ], [ 12.418524, 63.13464, 0.0 ], [ 9.951769, 63.205963, 0.0 ], [ 8.966271, 63.74548, 0.0 ], [ 9.55849, 64.70019, 0.0 ], [ 11.670432, 65.9768, 0.0 ], [ 15.095388, 67.450035, 0.0 ], [ 19.498108, 68.97633, 0.0 ], [ 24.447521, 70.40557, 0.0 ], [ 29.459286, 71.598236, 0.0 ], [ 34.042763, 72.4375, 0.0 ], [ 37.749313, 72.84114, 0.0 ], [ 40.216118, 72.76982, 0.0 ]] 
boundary 1: [[ 41.201523, 55.769554, 0.0 ], [ 40.216125, 55.23012, 0.0 ], [ 37.749313, 55.158833, 0.0 ], [ 34.042786, 55.562435, 0.0 ], [ 29.459307, 56.401688, 0.0 ], [ 24.447548, 57.594357, 0.0 ], [ 19.498093, 59.023777, 0.0 ], [ 15.095392, 60.549744, 0.0 ], [ 11.670432, 62.02324, 0.0 ], [ 9.558493, 63.299763, 0.0 ], [ 8.966296, 64.25448, 0.0 ], [ 9.95179, 64.79393, 0.0 ], [ 12.418518, 64.865425, 0.0 ], [ 16.125042, 64.46163, 0.0 ], [ 20.708538, 63.62243, 0.0 ], [ 25.720345, 62.429745, 0.0 ], [ 30.669823, 61.0004, 0.0 ], [ 35.072426, 59.4743, 0.0 ], [ 38.497387, 58.000813, 0.0 ], [ 40.60932, 56.72427, 0.0 ]] 
boundary 0: [[ 41.206703, 72.210754, 0.0 ], [ 40.613907, 71.2563, 0.0 ], [ 38.50116, 69.98115, 0.0 ], [ 35.07527, 68.509834, 0.0 ], [ 30.67173, 66.98663, 0.0 ], [ 25.72134, 65.5604, 0.0 ], [ 20.708803, 64.370964, 0.0 ], [ 16.124756, 63.534508, 0.0 ], [ 12.417978, 63.133064, 0.0 ], [ 9.951269, 63.205948, 0.0 ], [ 8.966111, 63.746082, 0.0 ], [ 9.558934, 64.7004, 0.0 ], [ 11.67168, 65.97572, 0.0 ], [ 15.097567, 67.446754, 0.0 ], [ 19.50125, 68.97032, 0.0 ], [ 24.451565, 70.39639, 0.0 ], [ 29.46408, 71.58594, 0.0 ], [ 34.048084, 72.42229, 0.0 ], [ 37.75489, 72.82358, 0.0 ], [ 40.221657, 72.75073, 0.0 ]] 
boundary 1: [[ 41.20672, 55.789295, 0.0 ], [ 40.221664, 55.24923, 0.0 ], [ 37.75489, 55.176388, 0.0 ], [ 34.048107, 55.577652, 0.0 ], [ 29.4641, 56.41401, 0.0 ], [ 24.451591, 57.603508, 0.0 ], [ 19.501234, 59.029816, 0.0 ], [ 15.09757, 60.552994, 0.0 ], [ 11.6716795, 62.02435, 0.0 ], [ 9.558938, 63.299515, 0.0 ], [ 8.966136, 64.253876, 0.0 ], [ 9.95129, 64.793915, 0.0 ], [ 12.417973, 64.867004, 0.0 ], [ 16.124752, 64.46552, 0.0 ], [ 20.708778, 63.62924, 0.0 ], [ 25.721333, 62.439693, 0.0 ], [ 30.671715, 61.01349, 0.0 ], [ 35.07528, 59.490158, 0.0 ], [ 38.501167, 58.018837, 0.0 ], [ 40.613907, 56.743626, 0.0 ]] 
boundary 0: [[ 41.134537, 72.480804, 0.0 ], [ 40.55001, 71.521255, 0.0 ], [ 38.44838, 70.22788, 0.0 ], [ 35.03533, 68.72701, 0.0 ], [ 30.645142, 67.165794, 0.0 ], [ 25.707253, 65.69683, 0.0 ], [ 20.705193, 64.46411, 0.0 ], [ 16.128544, 63.588047, 0.0 ], [ 12.425379, 63.154575, 0.0 ], [ 9.958131, 63.20613, 0.0 ], [ 8.968342, 63.737736, 0.0 ], [ 9.552894, 64.697136, 0.0 ], [ 11.654535, 65.99068, 0.0 ], [ 15.067579, 67.491264, 0.0 ], [ 19.45792, 69.05285, 0.0 ], [ 24.395723, 70.521675, 0.0 ], [ 29.397772, 71.75449, 0.0 ], [ 33.97435, 72.63044, 0.0 ], [ 37.677567, 73.06375, 0.0 ], [ 40.14488, 73.012245, 0.0 ]] 
boundary 1: [[ 41.134552, 55.51924, 0.0 ], [ 40.144886, 54.987724, 0.0 ], [ 37.677567, 54.936214, 0.0 ], [ 33.974373, 55.36949, 0.0 ], [ 29.39779, 56.245457, 0.0 ], [ 24.395748, 57.478226, 0.0 ], [ 19.457905, 58.947292, 0.0 ], [ 15.067581, 60.508476, 0.0 ], [ 11.654534, 62.009396, 0.0 ], [ 9.5528965, 63.30278, 0.0 ], [ 8.968367, 64.26224, 0.0 ], [ 9.958152, 64.79373, 0.0 ], [ 12.425373, 64.84549, 0.0 ], [ 16.12854, 64.41198, 0.0 ], [ 20.705166, 63.5361, 0.0 ], [ 25.707245, 62.303272, 0.0 ], [ 30.64513, 60.834312, 0.0 ], [ 35.03534, 59.27298, 0.0 ], [ 38.448387, 57.772095, 0.0 ], [ 40.55001, 56.478664, 0.0 ]] 
boundary 0: [[ 41.15926, 72.38926, 0.0 ], [ 40.571922, 71.43142, 0.0 ], [ 38.46653, 70.14422, 0.0 ], [ 35.049072, 68.653366, 0.0 ], [ 30.654343, 67.105034, 0.0 ], [ 25.712154, 65.65056, 0.0 ], [ 20.706505, 64.432526, 0.0 ], [ 16.127304, 63.569878, 0.0 ], [ 12.42289, 63.147274, 0.0 ], [ 9.955803, 63.206062, 0.0 ], [ 8.967578, 63.740566, 0.0 ], [ 9.554939, 64.69825, 0.0 ], [ 11.660368, 65.98562, 0.0 ], [ 15.077797, 67.47619, 0.0 ], [ 19.472694, 69.024895, 0.0 ], [ 24.41479, 70.47923, 0.0 ], [ 29.42043, 71.69737, 0.0 ], [ 33.99955, 72.55988, 0.0 ], [ 37.704014, 72.98233, 0.0 ], [ 40.17119, 72.9236, 0.0 ]] 
boundary 1: [[ 41.159275, 55.61079, 0.0 ], [ 40.171192, 55.076378, 0.0 ], [ 37.70402, 55.01764, 0.0 ], [ 33.999573, 55.44004, 0.0 ], [ 29.42045, 56.302586, 0.0 ], [ 24.414812, 57.520668, 0.0 ], [ 19.472681, 58.975246, 0.0 ], [ 15.077803, 60.523552, 0.0 ], [ 11.660366, 62.01445, 0.0 ], [ 9.554943, 63.301666, 0.0 ], [ 8.967603, 64.25941, 0.0 ], [ 9.955827, 64.7938, 0.0 ], [ 12.422883, 64.85279, 0.0 ], [ 16.1273, 64.430145, 0.0 ], [ 20.706482, 63.56769, 0.0 ], [ 25.712147, 62.34955, 0.0 ], [ 30.65433, 60.895073, 0.0 ], [ 35.04908, 59.346626, 0.0 ], [ 38.466537, 57.85576, 0.0 ], [ 40.571922, 56.568497, 0.0 ]] 
boundary 0: [[ 40.582966, 74.2975, 0.0 ], [ 40.05577, 73.305275, 0.0 ], [ 38.0337, 71.890785, 0.0 ], [ 34.714596, 70.19217, 0.0 ], [ 30.42363, 68.37599, 0.0 ], [ 25.580463, 66.619736, 0.0 ], [ 20.659378, 65.09555, 0.0 ], [ 16.14204, 63.952377, 0.0 ], [ 12.470705, 63.302303, 0.0 ], [ 10.0046835, 63.208958, 0.0 ], [ 8.985399, 63.681545, 0.0 ], [ 9.512631, 64.67364, 0.0 ], [ 11.534729, 66.08826, 0.0 ], [ 14.853815, 67.786575, 0.0 ], [ 19.144928, 69.603165, 0.0 ], [ 23.988016, 71.359276, 0.0 ], [ 28.909079, 72.88355, 0.0 ], [ 33.426353, 74.02661, 0.0 ], [ 37.097748, 74.67652, 0.0 ], [ 39.563843, 74.769936, 0.0 ]] 
boundary 1: [[ 40.58299, 53.702557, 0.0 ], [ 39.563843, 53.230045, 0.0 ], [ 37.097755, 53.323452, 0.0 ], [ 33.426365, 53.973328, 0.0 ], [ 28.909096, 55.1164, 0.0 ], [ 23.98803, 56.64062, 0.0 ], [ 19.144922, 58.396965, 0.0 ], [ 14.853806, 60.213146, 0.0 ], [ 11.534733, 61.9118, 0.0 ], [ 9.5126295, 63.326313, 0.0 ], [ 8.985423, 64.31843, 0.0 ], [ 10.004699, 64.7909, 0.0 ], [ 12.470703, 64.69776, 0.0 ], [ 16.14204, 64.04765, 0.0 ], [ 20.659378, 62.904663, 0.0 ], [ 25.580463, 61.380383, 0.0 ], [ 30.423624, 59.62413, 0.0 ], [ 34.714603, 57.807816, 0.0 ], [ 38.033707, 56.10919, 0.0 ], [ 40.055763, 54.69464, 0.0 ]] 
boundary 0: [[ 40.389374, 74.856674, 0.0 ], [ 39.880432, 73.85495, 0.0 ], [ 37.884575, 72.40369, 0.0 ], [ 34.597122, 70.64463, 0.0 ], [ 30.340113, 68.75023, 0.0 ], [ 25.529903, 66.90564, 0.0 ], [ 20.63753, 65.29166, 0.0 ], [ 16.14187, 64.065994, 0.0 ], [ 12.483047, 63.348854, 0.0 ], [ 10.019147, 63.210396, 0.0 ], [ 8.991386, 63.66425, 0.0 ], [ 9.500375, 64.665825, 0.0 ], [ 11.496245, 66.11722, 0.0 ], [ 14.783697, 67.87598, 0.0 ], [ 19.040844, 69.7708, 0.0 ], [ 23.850979, 71.61524, 0.0 ], [ 28.743328, 73.229324, 0.0 ], [ 33.238937, 74.45485, 0.0 ], [ 36.89781, 75.17184, 0.0 ], [ 39.361794, 75.31037, 0.0 ]] 
boundary 1: [[ 40.389397, 53.1434, 0.0 ], [ 39.361794, 52.689613, 0.0 ], [ 36.89782, 52.82814, 0.0 ], [ 33.238945, 53.545094, 0.0 ], [ 28.743345, 54.770638, 0.0 ], [ 23.85099, 56.384655, 0.0 ], [ 19.04084, 58.229332, 0.0 ], [ 14.783682, 60.123734, 0.0 ], [ 11.49625, 61.882847, 0.0 ], [ 9.500371, 63.33413, 0.0 ], [ 8.991409, 64.335724, 0.0 ], [ 10.01916, 64.78947, 0.0 ], [ 12.483047, 64.65122, 0.0 ], [ 16.14187, 63.934036, 0.0 ], [ 20.637535, 62.70856, 0.0 ], [ 25.529903, 61.094482, 0.0 ], [ 30.340109, 59.249893, 0.0 ], [ 34.59713, 57.355362, 0.0 ], [ 37.884583, 55.59628, 0.0 ], [ 39.880424, 54.144962, 0.0 ]] 
boundary 0: [[ 40.000095, 75.89231, 0.0 ], [ 39.525723, 74.87377, 0.0 ], [ 37.580677, 73.35507, 0.0 ], [ 34.35534, 71.484566, 0.0 ], [ 30.165646, 69.44563, 0.0 ], [ 25.421356, 67.43755, 0.0 ], [ 20.58707, 65.65713, 0.0 ], [ 16.135975, 64.278366, 0.0 ], [ 12.503832, 63.43647, 0.0 ], [ 10.046111, 63.213795, 0.0 ], [ 9.003426, 63.63222, 0.0 ], [ 9.477848, 64.65062, 0.0 ], [ 11.422894, 66.16945, 0.0 ], [ 14.648247, 68.03966, 0.0 ], [ 18.838076, 70.07902, 0.0 ], [ 23.582283, 72.08696, 0.0 ], [ 28.416546, 73.86747, 0.0 ], [ 32.86759, 75.246086, 0.0 ], [ 36.499794, 76.08784, 0.0 ], [ 38.957603, 76.310585, 0.0 ]] 
boundary 1: [[ 40.00012, 52.10775, 0.0 ], [ 38.957596, 51.689392, 0.0 ], [ 36.499794, 51.91214, 0.0 ], [ 32.8676, 52.753857, 0.0 ], [ 28.416563, 54.13249, 0.0 ], [ 23.582293, 55.912952, 0.0 ], [ 18.838074, 57.92112, 0.0 ], [ 14.648221, 59.960052, 0.0 ], [ 11.422898, 61.830612, 0.0 ], [ 9.477843, 63.349335, 0.0 ], [ 9.003447, 64.36775, 0.0 ], [ 10.046121, 64.78607, 0.0 ], [ 12.503836, 64.56361, 0.0 ], [ 16.135983, 63.72166, 0.0 ], [ 20.587086, 62.34309, 0.0 ], [ 25.421364, 60.562572, 0.0 ], [ 30.165646, 58.55449, 0.0 ], [ 34.355347, 56.515427, 0.0 ], [ 37.580685, 54.64489, 0.0 ], [ 39.525715, 53.126144, 0.0 ]] 
boundary 0: [[ 39.03185, 78.09657, 0.0 ], [ 38.634575, 77.04557, 0.0 ], [ 36.80793, 75.386345, 0.0 ], [ 33.730713, 73.28103, 0.0 ], [ 29.704351, 70.93601, 0.0 ], [ 25.122631, 68.58046, 0.0 ], [ 20.434233, 66.44527, 0.0 ], [ 16.098064, 64.73914, 0.0 ], [ 12.538637, 63.6293, 0.0 ], [ 10.104299, 63.224365, 0.0 ], [ 9.033368, 63.56405, 0.0 ], [ 9.430698, 64.61492, 0.0 ], [ 11.257338, 66.27428, 0.0 ], [ 14.334587, 68.37929, 0.0 ], [ 18.361055, 70.72476, 0.0 ], [ 22.942701, 73.08015, 0.0 ], [ 27.631075, 75.21542, 0.0 ], [ 31.967194, 76.921425, 0.0 ], [ 35.526695, 78.03111, 0.0 ], [ 37.96112, 78.43612, 0.0 ]] 
boundary 1: [[ 39.031876, 49.903477, 0.0 ], [ 37.961113, 49.56385, 0.0 ], [ 35.526695, 49.96886, 0.0 ], [ 31.967201, 51.07851, 0.0 ], [ 27.631086, 52.784523, 0.0 ], [ 22.942703, 54.919765, 0.0 ], [ 18.361065, 57.275375, 0.0 ], [ 14.334541, 59.620426, 0.0 ], [ 11.257345, 61.72579, 0.0 ], [ 9.430691, 63.38503, 0.0 ], [ 9.033388, 64.43593, 0.0 ], [ 10.104299, 64.7755, 0.0 ], [ 12.538648, 64.37077, 0.0 ], [ 16.098076, 63.260902, 0.0 ], [ 20.434256, 61.55495, 0.0 ], [ 25.12265, 59.419643, 0.0 ], [ 29.704357, 57.064117, 0.0 ], [ 33.73072, 54.718952, 0.0 ], [ 36.807926, 52.61361, 0.0 ], [ 38.63456, 50.954346, 0.0 ]] 
boundary 0: [[ 38.781605, 78.60189, 0.0 ], [ 38.40271, 77.54411, 0.0 ], [ 36.605278, 75.85328, 0.0 ], [ 33.565247, 73.69461, 0.0 ], [ 29.580395, 71.27975, 0.0 ], [ 25.040443, 68.84466, 0.0 ], [ 20.389996, 66.62802, 0.0 ], [ 16.08424, 64.846535, 0.0 ], [ 12.544707, 63.67479, 0.0 ], [ 10.117799, 63.227467, 0.0 ], [ 9.041108, 63.54842, 0.0 ], [ 9.420051, 64.60607, 0.0 ], [ 11.217474, 66.29702, 0.0 ], [ 14.257547, 68.45537, 0.0 ], [ 18.242508, 70.87071, 0.0 ], [ 22.78238, 73.30564, 0.0 ], [ 27.4328, 75.522354, 0.0 ], [ 31.738504, 77.30371, 0.0 ], [ 35.278114, 78.4753, 0.0 ], [ 37.705116, 78.922714, 0.0 ]] 
boundary 1: [[ 38.781628, 49.39817, 0.0 ], [ 37.70511, 49.077263, 0.0 ], [ 35.278114, 49.524666, 0.0 ], [ 31.738508, 50.696217, 0.0 ], [ 27.43281, 52.47759, 0.0 ], [ 22.78238, 54.694275, 0.0 ], [ 18.242516, 57.129425, 0.0 ], [ 14.257496, 59.544334, 0.0 ], [ 11.217483, 61.70304, 0.0 ], [ 9.420043, 63.39389, 0.0 ], [ 9.041126, 64.45156, 0.0 ], [ 10.117797, 64.77239, 0.0 ], [ 12.544718, 64.32529, 0.0 ], [ 16.084251, 63.153507, 0.0 ], [ 20.390018, 61.372192, 0.0 ], [ 25.040462, 59.15546, 0.0 ], [ 29.580404, 56.72038, 0.0 ], [ 33.565254, 54.30535, 0.0 ], [ 36.60527, 52.146675, 0.0 ], [ 38.402695, 50.4558, 0.0 ]] 
boundary 0: [[ 38.238678, 79.62837, 0.0 ], [ 37.898003, 78.55766, 0.0 ], [ 36.16244, 76.803375, 0.0 ], [ 33.20189, 74.53693, 0.0 ], [ 29.306324, 71.98054, 0.0 ], [ 24.856737, 69.384, 0.0 ], [ 20.288883, 67.001816, 0.0 ], [ 16.049877, 65.06686, 0.0 ], [ 12.554703, 63.76877, 0.0 ], [ 10.145421, 63.234592, 0.0 ], [ 9.057898, 63.51667, 0.0 ], [ 9.39862, 64.58725, 0.0 ], [ 11.134165, 66.34166, 0.0 ], [ 14.094776, 68.60777, 0.0 ], [ 17.990435, 71.16465, 0.0 ], [ 22.439941, 73.76103, 0.0 ], [ 27.007767, 76.143295, 0.0 ], [ 31.246729, 78.07812, 0.0 ], [ 34.74198, 79.37605, 0.0 ], [ 37.151363, 79.91032, 0.0 ]] 
boundary 1: [[ 38.2387, 48.371693, 0.0 ], [ 37.151356, 48.089653, 0.0 ], [ 34.741974, 48.62391, 0.0 ], [ 31.246733, 49.921806, 0.0 ], [ 27.007772, 51.85665, 0.0 ], [ 22.439941, 54.238888, 0.0 ], [ 17.990448, 56.835487, 0.0 ], [ 14.094711, 59.391933, 0.0 ], [ 11.134174, 61.658413, 0.0 ], [ 9.39861, 63.412712, 0.0 ], [ 9.057916, 64.48331, 0.0 ], [ 10.145413, 64.765274, 0.0 ], [ 12.554714, 64.231316, 0.0 ], [ 16.049889, 62.933186, 0.0 ], [ 20.288914, 60.99841, 0.0 ], [ 24.856766, 58.61612, 0.0 ], [ 29.30634, 56.01958, 0.0 ], [ 33.201897, 53.463028, 0.0 ], [ 36.162434, 51.19658, 0.0 ], [ 37.89798, 49.44225, 0.0 ]] 
boundary 0: [[ 37.432724, 81.00653, 0.0 ], [ 37.145317, 79.9203, 0.0 ], [ 35.49846, 78.08249, 0.0 ], [ 32.653393, 75.672676, 0.0 ], [ 28.888771, 72.9271, 0.0 ], [ 24.57278, 70.11409, 0.0 ], [ 20.128086, 67.50932, 0.0 ], [ 15.989761, 65.367485, 0.0 ], [ 12.562921, 63.898445, 0.0 ], [ 10.182943, 63.24599, 0.0 ], [ 9.082824, 63.474045, 0.0 ], [ 9.370283, 64.56014, 0.0 ], [ 11.017113, 66.39808, 0.0 ], [ 13.862255, 68.80758, 0.0 ], [ 17.626957, 71.553635, 0.0 ], [ 21.942871, 74.36648, 0.0 ], [ 26.387535, 76.97131, 0.0 ], [ 30.525827, 79.11304, 0.0 ], [ 33.952744, 80.58192, 0.0 ], [ 36.332817, 81.23447, 0.0 ]] 
boundary 1: [[ 37.432762, 46.993534, 0.0 ], [ 36.33281, 46.765507, 0.0 ], [ 33.952736, 47.41806, 0.0 ], [ 30.525824, 48.886898, 0.0 ], [ 26.387539, 51.028625, 0.0 ], [ 21.942871, 53.633442, 0.0 ], [ 17.626972, 56.44651, 0.0 ], [ 13.862174, 59.19214, 0.0 ], [ 11.017124, 61.601994, 0.0 ], [ 9.370272, 63.439823, 0.0 ], [ 9.08284, 64.52593, 0.0 ], [ 10.182929, 64.753876, 0.0 ], [ 12.562938, 64.10165, 0.0 ], [ 15.989773, 62.632557, 0.0 ], [ 20.128124, 60.4909, 0.0 ], [ 24.572817, 57.88604, 0.0 ], [ 28.888794, 55.073017, 0.0 ], [ 32.6534, 52.327293, 0.0 ], [ 35.49845, 49.917473, 0.0 ], [ 37.145287, 48.07961, 0.0 ]] 
boundary 0: [[ 37.212814, 81.35707, 0.0 ], [ 36.93933, 80.26726, 0.0 ], [ 35.316124, 78.40853, 0.0 ], [ 32.50213, 75.96251, 0.0 ], [ 28.77296, 73.168976, 0.0 ], [ 24.493328, 70.30095, 0.0 ], [ 20.082336, 67.63951, 0.0 ], [ 15.971762, 65.44489, 0.0 ], [ 12.564007, 63.932106, 0.0 ], [ 10.192574, 63.24925, 0.0 ], [ 9.089624, 63.463207, 0.0 ], [ 9.36316, 64.55289, 0.0 ], [ 10.986332, 66.41175, 0.0 ], [ 13.800402, 68.85747, 0.0 ], [ 17.529648, 71.65148, 0.0 ], [ 21.809208, 74.51934, 0.0 ], [ 26.220175, 77.18085, 0.0 ], [ 30.33071, 79.37535, 0.0 ], [ 33.73854, 80.88797, 0.0 ], [ 36.11009, 81.57093, 0.0 ]] 
boundary 1: [[ 37.212852, 46.642975, 0.0 ], [ 36.11008, 46.429047, 0.0 ], [ 33.738533, 47.112, 0.0 ], [ 30.330702, 48.624584, 0.0 ], [ 26.220175, 50.819088, 0.0 ], [ 21.809208, 53.480576, 0.0 ], [ 17.529663, 56.348663, 0.0 ], [ 13.800319, 59.142242, 0.0 ], [ 10.986343, 61.58832, 0.0 ], [ 9.363148, 63.44708, 0.0 ], [ 9.089642, 64.53677, 0.0 ], [ 10.192556, 64.75062, 0.0 ], [ 12.564025, 64.068, 0.0 ], [ 15.971773, 62.555157, 0.0 ], [ 20.082375, 60.360706, 0.0 ], [ 24.493366, 57.69918, 0.0 ], [ 28.772985, 54.831142, 0.0 ], [ 32.50213, 52.037468, 0.0 ], [ 35.316116, 49.59143, 0.0 ], [ 36.9393, 47.73265, 0.0 ]] 
boundary 0: [[ 37.374535, 81.10025, 0.0 ], [ 37.090836, 80.01305, 0.0 ], [ 35.450264, 78.16965, 0.0 ], [ 32.61344, 75.75013, 0.0 ], [ 28.858206, 72.99173, 0.0 ], [ 24.55184, 70.164, 0.0 ], [ 20.116049, 67.54408, 0.0 ], [ 15.985058, 65.388145, 0.0 ], [ 12.5632515, 63.90742, 0.0 ], [ 10.185514, 63.24685, 0.0 ], [ 9.08462, 63.471153, 0.0 ], [ 9.368376, 64.55822, 0.0 ], [ 11.008924, 66.40177, 0.0 ], [ 13.845827, 68.82095, 0.0 ], [ 17.601137, 71.57984, 0.0 ], [ 21.907425, 74.4074, 0.0 ], [ 26.343178, 77.02739, 0.0 ], [ 30.474133, 79.183205, 0.0 ], [ 33.89602, 80.663765, 0.0 ], [ 36.273876, 81.32444, 0.0 ]] 
boundary 1: [[ 37.374573, 46.89981, 0.0 ], [ 36.27387, 46.675537, 0.0 ], [ 33.89601, 47.336205, 0.0 ], [ 30.474125, 48.816734, 0.0 ], [ 26.34318, 50.972546, 0.0 ], [ 21.907425, 53.592514, 0.0 ], [ 17.60115, 56.420303, 0.0 ], [ 13.845748, 59.178757, 0.0 ], [ 11.008935, 61.598312, 0.0 ], [ 9.368363, 63.44175, 0.0 ], [ 9.084638, 64.528824, 0.0 ], [ 10.185499, 64.75302, 0.0 ], [ 12.56327, 64.09272, 0.0 ], [ 15.985069, 62.6119, 0.0 ], [ 20.116085, 60.45614, 0.0 ], [ 24.551874, 57.83613, 0.0 ], [ 28.858229, 55.00839, 0.0 ], [ 32.61344, 52.249847, 0.0 ], [ 35.450256, 49.830322, 0.0 ], [ 37.090805, 47.986866, 0.0 ]] 
