boundary 0: [[ 37.569702, 80.783134, 0.0 ], [ 37.273468, 79.6994, 0.0 ], [ 35.6118, 77.8749, 0.0 ], [ 32.747326, 75.48826, 0.0 ], [ 28.960415, 72.77318, 0.0 ], [ 24.621822, 69.99522, 0.0 ], [ 20.156185, 67.426476, 0.0 ], [ 16.000652, 65.318344, 0.0 ], [ 12.561996, 63.87717, 0.0 ], [ 10.176823, 63.24406, 0.0 ], [ 9.0786, 63.480953, 0.0 ], [ 9.374805, 64.56472, 0.0 ], [ 11.036503, 66.3892, 0.0 ], [ 13.901, 68.77577, 0.0 ], [ 17.687868, 71.49096, 0.0 ], [ 22.026491, 74.26886, 0.0 ], [ 26.492144, 76.83763, 0.0 ], [ 30.647627, 78.94577, 0.0 ], [ 34.08632, 80.38692, 0.0 ], [ 36.471504, 81.02005, 0.0 ]] 
boundary 1: [[ 37.569702, 47.21685, 0.0 ], [ 36.471497, 46.979946, 0.0 ], [ 34.086327, 47.613056, 0.0 ], [ 30.647652, 49.05429, 0.0 ], [ 26.492144, 51.16238, 0.0 ], [ 22.026497, 53.731163, 0.0 ], [ 17.68786, 56.509075, 0.0 ], [ 13.900996, 59.22423, 0.0 ], [ 11.036511, 61.610836, 0.0 ], [ 9.374834, 63.435368, 0.0 ], [ 9.078633, 64.519165, 0.0 ], [ 10.176826, 64.75596, 0.0 ], [ 12.561998, 64.12283, 0.0 ], [ 16.00068, 62.681698, 0.0 ], [ 20.15617, 60.5735, 0.0 ], [ 24.621826, 58.00482, 0.0 ], [ 28.960447, 55.226887, 0.0 ], [ 32.74731, 52.51169, 0.0 ], [ 35.6118, 50.1251, 0.0 ], [ 37.273468, 48.3006, 0.0 ]] 
boundary 0: [[ 39.303062, 77.5226, 0.0 ], [ 38.8852, 76.47971, 0.0 ], [ 37.026337, 74.85658, 0.0 ], [ 33.908417, 72.812096, 0.0 ], [ 29.836634, 70.54651, 0.0 ], [ 25.209599, 68.281334, 0.0 ], [ 20.480202, 66.23853, 0.0 ], [ 16.1114, 64.61795, 0.0 ], [ 12.530849, 63.57826, 0.0 ], [ 10.089043, 63.221226, 0.0 ], [ 9.024992, 63.581795, 0.0 ], [ 9.44284, 64.624725, 0.0 ], [ 11.301723, 66.24783, 0.0 ], [ 14.419653, 68.29222, 0.0 ], [ 18.49141, 70.55794, 0.0 ], [ 23.118473, 72.823044, 0.0 ], [ 27.847893, 74.86588, 0.0 ], [ 32.21664, 76.48647, 0.0 ], [ 35.797226, 77.52614, 0.0 ], [ 38.239044, 77.88319, 0.0 ]] 
boundary 1: [[ 39.30307, 50.47739, 0.0 ], [ 38.239037, 50.116814, 0.0 ], [ 35.79724, 50.47384, 0.0 ], [ 32.21666, 51.513596, 0.0 ], [ 27.84789, 53.134132, 0.0 ], [ 23.118477, 55.17699, 0.0 ], [ 18.491396, 57.442093, 0.0 ], [ 14.419649, 59.707764, 0.0 ], [ 11.301727, 61.752205, 0.0 ], [ 9.442857, 63.375366, 0.0 ], [ 9.025013, 64.41832, 0.0 ], [ 10.089046, 64.77879, 0.0 ], [ 12.530851, 64.42175, 0.0 ], [ 16.111427, 63.382084, 0.0 ], [ 20.480186, 61.76145, 0.0 ], [ 25.209599, 59.718697, 0.0 ], [ 29.836662, 57.45356, 0.0 ], [ 33.908417, 55.18786, 0.0 ], [ 37.026337, 53.143436, 0.0 ], [ 38.8852, 51.52029, 0.0 ]] 
boundary 0: [[ 40.449917, 74.685486, 0.0 ], [ 39.935333, 73.68679, 0.0 ], [ 37.931343, 72.24664, 0.0 ], [ 34.63411, 70.50608, 0.0 ], [ 30.366383, 68.63558, 0.0 ], [ 25.545929, 66.81798, 0.0 ], [ 20.644588, 65.23143, 0.0 ], [ 16.142149, 64.03113, 0.0 ], [ 12.479345, 63.334587, 0.0 ], [ 10.014721, 63.21, 0.0 ], [ 8.989524, 63.66954, 0.0 ], [ 9.504097, 64.6683, 0.0 ], [ 11.5081, 66.1084, 0.0 ], [ 14.805336, 67.84887, 0.0 ], [ 19.073048, 69.71951, 0.0 ], [ 23.89353, 71.53704, 0.0 ], [ 28.794893, 73.12363, 0.0 ], [ 33.29727, 74.323944, 0.0 ], [ 36.960117, 75.02045, 0.0 ], [ 39.42475, 75.14506, 0.0 ]] 
boundary 1: [[ 40.449924, 53.31449, 0.0 ], [ 39.424744, 52.85495, 0.0 ], [ 36.960133, 52.979534, 0.0 ], [ 33.297295, 53.676132, 0.0 ], [ 28.79489, 54.8764, 0.0 ], [ 23.893532, 56.462997, 0.0 ], [ 19.073032, 58.280525, 0.0 ], [ 14.805332, 60.151115, 0.0 ], [ 11.5081005, 61.891636, 0.0 ], [ 9.504106, 63.3318, 0.0 ], [ 8.989534, 64.33059, 0.0 ], [ 10.014723, 64.79002, 0.0 ], [ 12.479345, 64.66543, 0.0 ], [ 16.142176, 63.968914, 0.0 ], [ 20.644575, 62.768547, 0.0 ], [ 25.545927, 61.182053, 0.0 ], [ 30.366404, 59.364494, 0.0 ], [ 34.63411, 57.493874, 0.0 ], [ 37.931343, 55.75337, 0.0 ], [ 39.935333, 54.313225, 0.0 ]] 
boundary 0: [[ 41.023464, 72.87946, 0.0 ], [ 40.451263, 71.912636, 0.0 ], [ 38.36635, 70.59235, 0.0 ], [ 34.97281, 69.04793, 0.0 ], [ 30.602844, 67.43065, 0.0 ], [ 25.684193, 65.89853, 0.0 ], [ 20.698326, 64.60185, 0.0 ], [ 16.133308, 63.66736, 0.0 ], [ 12.435993, 63.186584, 0.0 ], [ 9.968304, 63.2066, 0.0 ], [ 8.9717865, 63.725395, 0.0 ], [ 9.543983, 64.69229, 0.0 ], [ 11.628905, 66.01253, 0.0 ], [ 15.022437, 67.55686, 0.0 ], [ 19.392399, 69.17429, 0.0 ], [ 24.311073, 70.70631, 0.0 ], [ 29.296967, 72.00304, 0.0 ], [ 33.86193, 72.93754, 0.0 ], [ 37.55928, 73.41828, 0.0 ], [ 40.026985, 73.3983, 0.0 ]] 
boundary 1: [[ 41.02347, 55.120518, 0.0 ], [ 40.026978, 54.601707, 0.0 ], [ 37.559296, 54.581703, 0.0 ], [ 33.86195, 55.06254, 0.0 ], [ 29.296963, 55.996986, 0.0 ], [ 24.311073, 57.29373, 0.0 ], [ 19.392384, 58.82576, 0.0 ], [ 15.022434, 60.44313, 0.0 ], [ 11.628905, 61.987503, 0.0 ], [ 9.543984, 63.307804, 0.0 ], [ 8.971789, 64.274734, 0.0 ], [ 9.968304, 64.79343, 0.0 ], [ 12.435992, 64.81343, 0.0 ], [ 16.133333, 64.33269, 0.0 ], [ 20.698315, 63.398136, 0.0 ], [ 25.684185, 62.101486, 0.0 ], [ 30.60286, 60.56943, 0.0 ], [ 34.972824, 58.95203, 0.0 ], [ 38.36635, 57.40767, 0.0 ], [ 40.451263, 56.087387, 0.0 ]] 
boundary 0: [[ 41.275803, 71.94303, 0.0 ], [ 40.67485, 70.993805, 0.0 ], [ 38.55129, 69.736626, 0.0 ], [ 35.112946, 68.29468, 0.0 ], [ 30.69644, 66.8092, 0.0 ], [ 25.73405, 65.42528, 0.0 ], [ 20.711536, 64.27873, 0.0 ], [ 16.120546, 63.481556, 0.0 ], [ 12.410472, 63.111893, 0.0 ], [ 9.944493, 63.20591, 0.0 ], [ 8.963983, 63.75436, 0.0 ], [ 9.564921, 64.70366, 0.0 ], [ 11.688502, 65.96077, 0.0 ], [ 15.126823, 67.40263, 0.0 ], [ 19.543331, 68.888275, 0.0 ], [ 24.505741, 70.27207, 0.0 ], [ 29.52828, 71.4187, 0.0 ], [ 34.119217, 72.21586, 0.0 ], [ 37.829327, 72.58552, 0.0 ], [ 40.295326, 72.49152, 0.0 ]] 
boundary 1: [[ 41.27581, 56.056946, 0.0 ], [ 40.29532, 55.508488, 0.0 ], [ 37.82934, 55.414486, 0.0 ], [ 34.11924, 55.784214, 0.0 ], [ 29.528276, 56.581337, 0.0 ], [ 24.505741, 57.727955, 0.0 ], [ 19.543316, 59.11178, 0.0 ], [ 15.1268215, 60.59736, 0.0 ], [ 11.688502, 62.03926, 0.0 ], [ 9.5649185, 63.296436, 0.0 ], [ 8.963983, 64.24578, 0.0 ], [ 9.944492, 64.79412, 0.0 ], [ 12.410472, 64.88812, 0.0 ], [ 16.12057, 64.518486, 0.0 ], [ 20.711525, 63.721268, 0.0 ], [ 25.734043, 62.57473, 0.0 ], [ 30.696455, 61.190887, 0.0 ], [ 35.11296, 59.705265, 0.0 ], [ 38.55129, 58.263386, 0.0 ], [ 40.67485, 57.00622, 0.0 ]] 
boundary 0: [[ 41.550797, 70.76596, 0.0 ], [ 40.91479, 69.83985, 0.0 ], [ 38.745728, 68.66292, 0.0 ], [ 35.255882, 67.3505, 0.0 ], [ 30.786934, 66.03115, 0.0 ], [ 25.776283, 64.83368, 0.0 ], [ 20.71442, 63.875668, 0.0 ], [ 16.096846, 63.250652, 0.0 ], [ 12.3755455, 63.019924, 0.0 ], [ 9.914803, 63.206047, 0.0 ], [ 8.955479, 63.79077, 0.0 ], [ 9.591481, 64.716934, 0.0 ], [ 11.760567, 65.89379, 0.0 ], [ 15.25038, 67.20613, 0.0 ], [ 19.719334, 68.52566, 0.0 ], [ 24.729998, 69.723, 0.0 ], [ 29.791891, 70.6811, 0.0 ], [ 34.40942, 71.30609, 0.0 ], [ 38.130756, 71.5368, 0.0 ], [ 40.591507, 71.35071, 0.0 ]] 
boundary 1: [[ 41.550804, 57.23402, 0.0 ], [ 40.5915, 56.6493, 0.0 ], [ 38.13077, 56.46319, 0.0 ], [ 34.409435, 56.69398, 0.0 ], [ 29.791885, 57.318947, 0.0 ], [ 24.729998, 58.27703, 0.0 ], [ 19.719315, 59.474396, 0.0 ], [ 15.250378, 60.793858, 0.0 ], [ 11.760565, 62.106236, 0.0 ], [ 9.591473, 63.283157, 0.0 ], [ 8.955472, 64.20938, 0.0 ], [ 9.914801, 64.79398, 0.0 ], [ 12.375544, 64.98008, 0.0 ], [ 16.096865, 64.74939, 0.0 ], [ 20.714409, 64.12433, 0.0 ], [ 25.776276, 63.16633, 0.0 ], [ 30.78695, 61.96894, 0.0 ], [ 35.255898, 60.649433, 0.0 ], [ 38.745728, 59.33708, 0.0 ], [ 40.91479, 58.16017, 0.0 ]] 
boundary 0: [[ 41.657722, 70.24541, 0.0 ], [ 41.00659, 69.329865, 0.0 ], [ 38.818474, 68.18876, 0.0 ], [ 35.30753, 66.93386, 0.0 ], [ 30.8175, 65.68814, 0.0 ], [ 25.787846, 64.57319, 0.0 ], [ 20.710918, 63.698498, 0.0 ], [ 16.083696, 63.149456, 0.0 ], [ 12.359107, 62.97991, 0.0 ], [ 9.901756, 63.20646, 0.0 ], [ 8.952171, 63.806873, 0.0 ], [ 9.603311, 64.72245, 0.0 ], [ 11.791445, 65.8635, 0.0 ], [ 15.302354, 67.1183, 0.0 ], [ 19.792393, 68.36422, 0.0 ], [ 24.822056, 69.47904, 0.0 ], [ 29.899017, 70.35381, 0.0 ], [ 34.52618, 70.90284, 0.0 ], [ 38.250828, 71.07234, 0.0 ], [ 40.708168, 70.84584, 0.0 ]] 
boundary 1: [[ 41.65773, 57.754574, 0.0 ], [ 40.70816, 57.154163, 0.0 ], [ 38.250843, 56.92764, 0.0 ], [ 34.526196, 57.09724, 0.0 ], [ 29.899012, 57.64623, 0.0 ], [ 24.822056, 58.52099, 0.0 ], [ 19.792374, 59.63584, 0.0 ], [ 15.302353, 60.88167, 0.0 ], [ 11.791443, 62.136524, 0.0 ], [ 9.6033, 63.277634, 0.0 ], [ 8.952163, 64.19328, 0.0 ], [ 9.901753, 64.793564, 0.0 ], [ 12.359105, 65.02008, 0.0 ], [ 16.083715, 64.850586, 0.0 ], [ 20.710907, 64.3015, 0.0 ], [ 25.787838, 63.426823, 0.0 ], [ 30.817513, 62.31195, 0.0 ], [ 35.307545, 61.06607, 0.0 ], [ 38.818474, 59.81125, 0.0 ], [ 41.00659, 58.67015, 0.0 ]] 
boundary 0: [[ 41.61199, 70.47331, 0.0 ], [ 40.967453, 69.55311, 0.0 ], [ 38.78762, 68.3963, 0.0 ], [ 35.285774, 67.1162, 0.0 ], [ 30.80482, 65.83824, 0.0 ], [ 25.783314, 64.68713, 0.0 ], [ 20.712805, 63.77599, 0.0 ], [ 16.08965, 63.193695, 0.0 ], [ 12.366375, 62.99738, 0.0 ], [ 9.907458, 63.206253, 0.0 ], [ 8.953586, 63.799835, 0.0 ], [ 9.598125, 64.72006, 0.0 ], [ 11.778, 65.876816, 0.0 ], [ 15.279798, 67.156815, 0.0 ], [ 19.760757, 68.434975, 0.0 ], [ 24.782272, 69.58594, 0.0 ], [ 29.852814, 70.49718, 0.0 ], [ 34.475906, 71.07946, 0.0 ], [ 38.199253, 71.275734, 0.0 ], [ 40.658134, 71.0669, 0.0 ]] 
boundary 1: [[ 41.612, 57.526672, 0.0 ], [ 40.658127, 56.9331, 0.0 ], [ 38.19927, 56.724247, 0.0 ], [ 34.47593, 56.920616, 0.0 ], [ 29.852808, 57.50286, 0.0 ], [ 24.782272, 58.4141, 0.0 ], [ 19.760738, 59.56508, 0.0 ], [ 15.279796, 60.843155, 0.0 ], [ 11.777998, 62.12322, 0.0 ], [ 9.598115, 63.280025, 0.0 ], [ 8.953579, 64.200325, 0.0 ], [ 9.907455, 64.79376, 0.0 ], [ 12.366373, 65.00262, 0.0 ], [ 16.089668, 64.80636, 0.0 ], [ 20.712793, 64.22401, 0.0 ], [ 25.783306, 63.31286, 0.0 ], [ 30.804832, 62.161858, 0.0 ], [ 35.28579, 60.88373, 0.0 ], [ 38.78762, 59.603703, 0.0 ], [ 40.967453, 58.446903, 0.0 ]] 
boundary 0: [[ 41.631332, 70.37799, 0.0 ], [ 40.98401, 69.45972, 0.0 ], [ 38.800713, 68.30947, 0.0 ], [ 35.29502, 67.03995, 0.0 ], [ 30.810244, 65.775475, 0.0 ], [ 25.785313, 64.63946, 0.0 ], [ 20.712078, 63.743576, 0.0 ], [ 16.087196, 63.175194, 0.0 ], [ 12.363348, 62.99007, 0.0 ], [ 9.90507, 63.206345, 0.0 ], [ 8.95299, 63.802784, 0.0 ], [ 9.600292, 64.721085, 0.0 ], [ 11.783637, 65.87128, 0.0 ], [ 15.289267, 67.1407, 0.0 ], [ 19.774048, 68.40537, 0.0 ], [ 24.799007, 69.54125, 0.0 ], [ 29.872257, 70.437225, 0.0 ], [ 34.497086, 71.00561, 0.0 ], [ 38.22101, 71.190674, 0.0 ], [ 40.679256, 70.97444, 0.0 ]] 
boundary 1: [[ 41.63134, 57.621994, 0.0 ], [ 40.67925, 57.025555, 0.0 ], [ 38.221024, 56.809303, 0.0 ], [ 34.49711, 56.994473, 0.0 ], [ 29.872252, 57.562817, 0.0 ], [ 24.799007, 58.45879, 0.0 ], [ 19.774029, 59.59466, 0.0 ], [ 15.289265, 60.859257, 0.0 ], [ 11.783635, 62.128788, 0.0 ], [ 9.600282, 63.279034, 0.0 ], [ 8.952982, 64.19741, 0.0 ], [ 9.905067, 64.79367, 0.0 ], [ 12.363346, 65.009926, 0.0 ], [ 16.087215, 64.8249, 0.0 ], [ 20.712067, 64.25642, 0.0 ], [ 25.785305, 63.36054, 0.0 ], [ 30.810255, 62.224655, 0.0 ], [ 35.295036, 60.960007, 0.0 ], [ 38.800713, 59.69052, 0.0 ], [ 40.98401, 58.540283, 0.0 ]] 
boundary 0: [[ 41.684177, 70.109505, 0.0 ], [ 41.029106, 69.19674, 0.0 ], [ 38.836143, 68.06501, 0.0 ], [ 35.319847, 66.82522, 0.0 ], [ 30.824528, 65.59873, 0.0 ], [ 25.790157, 64.505264, 0.0 ], [ 20.709524, 63.652355, 0.0 ], [ 16.079998, 63.123146, 0.0 ], [ 12.354715, 62.969543, 0.0 ], [ 9.898356, 63.20661, 0.0 ], [ 8.951356, 63.81109, 0.0 ], [ 9.606406, 64.72389, 0.0 ], [ 11.799407, 65.85555, 0.0 ], [ 15.315657, 67.09526, 0.0 ], [ 19.810982, 68.32194, 0.0 ], [ 24.84537, 69.415245, 0.0 ], [ 29.926027, 70.26826, 0.0 ], [ 34.555496, 70.79748, 0.0 ], [ 38.28086, 70.95102, 0.0 ], [ 40.737175, 70.714, 0.0 ]] 
boundary 1: [[ 41.684185, 57.890472, 0.0 ], [ 40.737167, 57.286003, 0.0 ], [ 38.280876, 57.04895, 0.0 ], [ 34.55552, 57.2026, 0.0 ], [ 29.926022, 57.73179, 0.0 ], [ 24.84537, 58.584793, 0.0 ], [ 19.810963, 59.678104, 0.0 ], [ 15.315655, 60.904694, 0.0 ], [ 11.799404, 62.144516, 0.0 ], [ 9.606396, 63.27624, 0.0 ], [ 8.951345, 64.189125, 0.0 ], [ 9.898354, 64.79341, 0.0 ], [ 12.354713, 65.03045, 0.0 ], [ 16.080017, 64.876945, 0.0 ], [ 20.709513, 64.3476, 0.0 ], [ 25.79015, 63.494717, 0.0 ], [ 30.82454, 62.4014, 0.0 ], [ 35.319862, 61.174744, 0.0 ], [ 38.836143, 59.934982, 0.0 ], [ 41.02911, 58.80325, 0.0 ]] 
boundary 0: [[ 41.745872, 69.7796, 0.0 ], [ 41.081375, 68.87371, 0.0 ], [ 38.87677, 67.764786, 0.0 ], [ 35.34781, 66.561554, 0.0 ], [ 30.840004, 65.3818, 0.0 ], [ 25.794542, 64.34065, 0.0 ], [ 20.705334, 63.54052, 0.0 ], [ 16.070564, 63.059395, 0.0 ], [ 12.343887, 62.944466, 0.0 ], [ 9.890123, 63.207016, 0.0 ], [ 8.949449, 63.821293, 0.0 ], [ 9.613939, 64.72725, 0.0 ], [ 11.818563, 65.83608, 0.0 ], [ 15.347494, 67.03923, 0.0 ], [ 19.855309, 68.21918, 0.0 ], [ 24.90078, 69.26016, 0.0 ], [ 29.990017, 70.060394, 0.0 ], [ 34.624725, 70.541534, 0.0 ], [ 38.35147, 70.6564, 0.0 ], [ 40.805195, 70.3939, 0.0 ]] 
boundary 1: [[ 41.74588, 58.22037, 0.0 ], [ 40.805187, 57.606102, 0.0 ], [ 38.351486, 57.343567, 0.0 ], [ 34.62475, 57.45854, 0.0 ], [ 29.990011, 57.939648, 0.0 ], [ 24.90078, 58.73987, 0.0 ], [ 19.85529, 59.780865, 0.0 ], [ 15.347492, 60.96073, 0.0 ], [ 11.818561, 62.163982, 0.0 ], [ 9.613925, 63.27289, 0.0 ], [ 8.949435, 64.17894, 0.0 ], [ 9.8901205, 64.793, 0.0 ], [ 12.343885, 65.055534, 0.0 ], [ 16.070581, 64.940704, 0.0 ], [ 20.705322, 64.45944, 0.0 ], [ 25.794535, 63.659332, 0.0 ], [ 30.840012, 62.618332, 0.0 ], [ 35.347824, 61.438404, 0.0 ], [ 38.87677, 60.23521, 0.0 ], [ 41.081375, 59.126286, 0.0 ]] 
boundary 0: [[ 41.691406, 70.07175, 0.0 ], [ 41.03527, 69.15978, 0.0 ], [ 38.840935, 68.03064, 0.0 ], [ 35.32318, 66.79503, 0.0 ], [ 30.826424, 65.57389, 0.0 ], [ 25.790741, 64.48644, 0.0 ], [ 20.7091, 63.639538, 0.0 ], [ 16.078945, 63.11584, 0.0 ], [ 12.353487, 62.966663, 0.0 ], [ 9.897415, 63.206654, 0.0 ], [ 8.951133, 63.81225, 0.0 ], [ 9.607268, 64.7243, 0.0 ], [ 11.801607, 65.85333, 0.0 ], [ 15.319332, 67.08887, 0.0 ], [ 19.816109, 68.31019, 0.0 ], [ 24.8518, 69.3975, 0.0 ], [ 29.933466, 70.24447, 0.0 ], [ 34.563545, 70.768196, 0.0 ], [ 38.289104, 70.91732, 0.0 ], [ 40.745125, 70.67736, 0.0 ]] 
boundary 1: [[ 41.691414, 57.928234, 0.0 ], [ 40.745117, 57.322628, 0.0 ], [ 38.28912, 57.082664, 0.0 ], [ 34.56357, 57.23189, 0.0 ], [ 29.933462, 57.755566, 0.0 ], [ 24.8518, 58.602528, 0.0 ], [ 19.81609, 59.689854, 0.0 ], [ 15.31933, 60.9111, 0.0 ], [ 11.801606, 62.146736, 0.0 ], [ 9.607255, 63.275856, 0.0 ], [ 8.951123, 64.18798, 0.0 ], [ 9.897412, 64.793365, 0.0 ], [ 12.353485, 65.03333, 0.0 ], [ 16.078966, 64.88425, 0.0 ], [ 20.70909, 64.3604, 0.0 ], [ 25.790733, 63.513577, 0.0 ], [ 30.826435, 62.426243, 0.0 ], [ 35.323196, 61.204933, 0.0 ], [ 38.840935, 59.969357, 0.0 ], [ 41.03527, 58.840214, 0.0 ]] 
boundary 0: [[ 41.51141, 70.94742, 0.0 ], [ 40.880745, 70.01766, 0.0 ], [ 38.718456, 68.82829, 0.0 ], [ 35.236206, 67.4959, 0.0 ], [ 30.774927, 66.15091, 0.0 ], [ 25.771229, 64.92466, 0.0 ], [ 20.71495, 63.937588, 0.0 ], [ 16.101036, 63.286083, 0.0 ], [ 12.381129, 63.033966, 0.0 ], [ 9.919362, 63.205963, 0.0 ], [ 8.956698, 63.785164, 0.0 ], [ 9.587368, 64.715004, 0.0 ], [ 11.749657, 65.90428, 0.0 ], [ 15.231876, 67.236595, 0.0 ], [ 19.693172, 68.581764, 0.0 ], [ 24.696884, 69.807884, 0.0 ], [ 29.753191, 70.79502, 0.0 ], [ 34.367012, 71.44655, 0.0 ], [ 38.087036, 71.698616, 0.0 ], [ 40.548744, 71.52664, 0.0 ]] 
boundary 1: [[ 41.511417, 57.05256, 0.0 ], [ 40.548737, 56.473343, 0.0 ], [ 38.08705, 56.301376, 0.0 ], [ 34.367035, 56.55353, 0.0 ], [ 29.753187, 57.20502, 0.0 ], [ 24.696884, 58.19215, 0.0 ], [ 19.693155, 59.418274, 0.0 ], [ 15.231874, 60.763374, 0.0 ], [ 11.749656, 62.095802, 0.0 ], [ 9.58736, 63.28515, 0.0 ], [ 8.956696, 64.21506, 0.0 ], [ 9.91936, 64.79405, 0.0 ], [ 12.381127, 64.96603, 0.0 ], [ 16.101059, 64.714005, 0.0 ], [ 20.714935, 64.06235, 0.0 ], [ 25.771221, 63.075367, 0.0 ], [ 30.77494, 61.849224, 0.0 ], [ 35.23622, 60.504055, 0.0 ], [ 38.718456, 59.171703, 0.0 ], [ 40.880745, 57.98233, 0.0 ]] 
boundary 0: [[ 41.133644, 72.48423, 0.0 ], [ 40.549232, 71.52473, 0.0 ], [ 38.44773, 70.23097, 0.0 ], [ 35.034836, 68.72979, 0.0 ], [ 30.64472, 67.16813, 0.0 ], [ 25.70702, 65.69852, 0.0 ], [ 20.705097, 64.46521, 0.0 ], [ 16.128582, 63.58873, 0.0 ], [ 12.425467, 63.154892, 0.0 ], [ 9.958232, 63.20623, 0.0 ], [ 8.96838, 63.737637, 0.0 ], [ 9.552796, 64.69723, 0.0 ], [ 11.654304, 65.99087, 0.0 ], [ 15.067163, 67.49197, 0.0 ], [ 19.457294, 69.05384, 0.0 ], [ 24.39502, 70.52333, 0.0 ], [ 29.396975, 71.75667, 0.0 ], [ 33.97338, 72.63317, 0.0 ], [ 37.676613, 73.06698, 0.0 ], [ 40.143806, 73.015656, 0.0 ]] 
boundary 1: [[ 41.13365, 55.515747, 0.0 ], [ 40.1438, 54.98434, 0.0 ], [ 37.67663, 54.933018, 0.0 ], [ 33.973404, 55.36689, 0.0 ], [ 29.396973, 56.243366, 0.0 ], [ 24.395023, 57.476723, 0.0 ], [ 19.45728, 58.94621, 0.0 ], [ 15.06716, 60.50799, 0.0 ], [ 11.654309, 62.009205, 0.0 ], [ 9.552797, 63.302944, 0.0 ], [ 8.968388, 64.262596, 0.0 ], [ 9.958231, 64.793785, 0.0 ], [ 12.425465, 64.8451, 0.0 ], [ 16.128607, 64.41136, 0.0 ], [ 20.705078, 63.53473, 0.0 ], [ 25.707012, 62.301525, 0.0 ], [ 30.644745, 60.83201, 0.0 ], [ 35.03485, 59.270157, 0.0 ], [ 38.44773, 57.76902, 0.0 ], [ 40.549232, 56.47527, 0.0 ]] 
boundary 0: [[ 40.95133, 73.1283, 0.0 ], [ 40.38691, 72.156906, 0.0 ], [ 38.312614, 70.81994, 0.0 ], [ 34.93155, 69.24841, 0.0 ], [ 30.574696, 67.596214, 0.0 ], [ 25.668482, 66.02468, 0.0 ], [ 20.693161, 64.6881, 0.0 ], [ 16.135769, 63.71707, 0.0 ], [ 12.442429, 63.206673, 0.0 ], [ 9.974659, 63.20692, 0.0 ], [ 8.974017, 63.71772, 0.0 ], [ 9.5384445, 64.6892, 0.0 ], [ 11.6127205, 66.02607, 0.0 ], [ 14.993774, 67.597496, 0.0 ], [ 19.350628, 69.24992, 0.0 ], [ 24.256884, 70.82131, 0.0 ], [ 29.232233, 72.15791, 0.0 ], [ 33.78952, 73.129, 0.0 ], [ 37.48297, 73.63937, 0.0 ], [ 39.9507, 73.63913, 0.0 ]] 
boundary 1: [[ 40.951336, 54.87167, 0.0 ], [ 39.95069, 54.360867, 0.0 ], [ 37.482986, 54.36062, 0.0 ], [ 33.789543, 54.87108, 0.0 ], [ 29.232231, 55.8421, 0.0 ], [ 24.256887, 57.178745, 0.0 ], [ 19.350613, 58.75013, 0.0 ], [ 14.993771, 60.40246, 0.0 ], [ 11.612729, 61.974007, 0.0 ], [ 9.538447, 63.31097, 0.0 ], [ 8.9740305, 64.28252, 0.0 ], [ 9.974659, 64.79311, 0.0 ], [ 12.442427, 64.793335, 0.0 ], [ 16.135796, 64.28302, 0.0 ], [ 20.693142, 63.311836, 0.0 ], [ 25.668474, 61.975353, 0.0 ], [ 30.574724, 60.403934, 0.0 ], [ 34.931564, 58.751537, 0.0 ], [ 38.312614, 57.180058, 0.0 ], [ 40.38691, 55.843082, 0.0 ]] 
boundary 0: [[ 40.833298, 73.5201, 0.0 ], [ 40.281223, 72.54169, 0.0 ], [ 38.224033, 71.17854, 0.0 ], [ 34.86313, 69.56437, 0.0 ], [ 30.527529, 67.857155, 0.0 ], [ 25.64159, 66.223656, 0.0 ], [ 20.683592, 64.82423, 0.0 ], [ 16.138851, 63.795593, 0.0 ], [ 12.452267, 63.23849, 0.0 ], [ 9.984691, 63.207508, 0.0 ], [ 8.977667, 63.705605, 0.0 ], [ 9.529754, 64.68415, 0.0 ], [ 11.586943, 66.047165, 0.0 ], [ 14.94784, 67.661255, 0.0 ], [ 19.283432, 69.36869, 0.0 ], [ 24.169405, 71.002045, 0.0 ], [ 29.127436, 72.40152, 0.0 ], [ 33.67206, 73.43017, 0.0 ], [ 37.35877, 73.98726, 0.0 ], [ 39.8263, 74.018234, 0.0 ]] 
boundary 1: [[ 40.833305, 54.47985, 0.0 ], [ 39.826294, 53.981747, 0.0 ], [ 37.358784, 54.012737, 0.0 ], [ 33.67208, 54.5699, 0.0 ], [ 29.127434, 55.598515, 0.0 ], [ 24.16941, 56.99802, 0.0 ], [ 19.283417, 58.631367, 0.0 ], [ 14.947836, 60.338707, 0.0 ], [ 11.586954, 61.952915, 0.0 ], [ 9.529759, 63.316025, 0.0 ], [ 8.977684, 64.29463, 0.0 ], [ 9.984692, 64.79253, 0.0 ], [ 12.452265, 64.76152, 0.0 ], [ 16.13888, 64.20449, 0.0 ], [ 20.68357, 63.175716, 0.0 ], [ 25.641582, 61.776375, 0.0 ], [ 30.527557, 60.14299, 0.0 ], [ 34.863144, 58.435585, 0.0 ], [ 38.224026, 56.82144, 0.0 ], [ 40.281223, 55.45832, 0.0 ]] 
boundary 0: [[ 40.41567, 74.78271, 0.0 ], [ 39.904312, 73.78241, 0.0 ], [ 37.904907, 72.33582, 0.0 ], [ 34.613228, 70.58481, 0.0 ], [ 30.351494, 68.70075, 0.0 ], [ 25.536858, 66.86773, 0.0 ], [ 20.640602, 65.265594, 0.0 ], [ 16.142004, 64.05095, 0.0 ], [ 12.48145, 63.342716, 0.0 ], [ 10.017237, 63.21029, 0.0 ], [ 8.9905815, 63.66656, 0.0 ], [ 9.501961, 64.66699, 0.0 ], [ 11.50136, 66.113434, 0.0 ], [ 14.793041, 67.86436, 0.0 ], [ 19.054752, 69.74864, 0.0 ], [ 23.869429, 71.581535, 0.0 ], [ 28.765717, 73.18371, 0.0 ], [ 33.26419, 74.39835, 0.0 ], [ 36.924873, 75.106575, 0.0 ], [ 39.389046, 75.239, 0.0 ]] 
boundary 1: [[ 40.415676, 53.21726, 0.0 ], [ 39.389038, 52.760986, 0.0 ], [ 36.92489, 52.89341, 0.0 ], [ 33.264214, 53.601707, 0.0 ], [ 28.765717, 54.81633, 0.0 ], [ 23.869436, 56.418533, 0.0 ], [ 19.05474, 58.25142, 0.0 ], [ 14.793037, 60.1356, 0.0 ], [ 11.501378, 61.886646, 0.0 ], [ 9.501975, 63.333202, 0.0 ], [ 8.99061, 64.33369, 0.0 ], [ 10.017239, 64.78975, 0.0 ], [ 12.481448, 64.657295, 0.0 ], [ 16.142038, 63.949135, 0.0 ], [ 20.64058, 62.734344, 0.0 ], [ 25.53685, 61.132317, 0.0 ], [ 30.351528, 59.29939, 0.0 ], [ 34.613243, 57.41514, 0.0 ], [ 37.9049, 55.664158, 0.0 ], [ 39.904312, 54.217598, 0.0 ]] 
boundary 0: [[ 39.940277, 76.04255, 0.0 ], [ 39.471016, 75.02183, 0.0 ], [ 37.53358, 73.493256, 0.0 ], [ 34.317665, 71.6067, 0.0 ], [ 30.138062, 69.54682, 0.0 ], [ 25.403923, 67.51491, 0.0 ], [ 20.578625, 65.71032, 0.0 ], [ 16.134499, 64.309425, 0.0 ], [ 12.506607, 63.44938, 0.0 ], [ 10.050045, 63.214466, 0.0 ], [ 9.0052805, 63.627594, 0.0 ], [ 9.474564, 64.64845, 0.0 ], [ 11.4120035, 66.17688, 0.0 ], [ 14.627928, 68.063354, 0.0 ], [ 18.807487, 70.12344, 0.0 ], [ 23.541674, 72.15522, 0.0 ], [ 28.36701, 73.95988, 0.0 ], [ 32.81101, 75.36077, 0.0 ], [ 36.43903, 76.220795, 0.0 ], [ 38.895546, 76.455696, 0.0 ]] 
boundary 1: [[ 39.940285, 51.957417, 0.0 ], [ 38.89554, 51.54428, 0.0 ], [ 36.439045, 51.77919, 0.0 ], [ 32.81103, 52.639297, 0.0 ], [ 28.36701, 54.04017, 0.0 ], [ 23.541681, 55.844852, 0.0 ], [ 18.807476, 57.876614, 0.0 ], [ 14.627924, 59.936607, 0.0 ], [ 11.412024, 61.82319, 0.0 ], [ 9.474586, 63.351738, 0.0 ], [ 9.005321, 64.37265, 0.0 ], [ 10.050049, 64.78557, 0.0 ], [ 12.506605, 64.55063, 0.0 ], [ 16.13454, 63.690666, 0.0 ], [ 20.578602, 62.289627, 0.0 ], [ 25.403915, 60.485115, 0.0 ], [ 30.13811, 58.453316, 0.0 ], [ 34.31768, 56.393246, 0.0 ], [ 37.53357, 54.506733, 0.0 ], [ 39.471016, 52.978176, 0.0 ]] 
boundary 0: [[ 39.1352, 77.88133, 0.0 ], [ 38.730164, 76.83347, 0.0 ], [ 36.891327, 75.187614, 0.0 ], [ 33.798668, 73.10515, 0.0 ], [ 29.754934, 70.78988, 0.0 ], [ 25.156006, 68.468124, 0.0 ], [ 20.451984, 66.36759, 0.0 ], [ 16.103352, 64.69362, 0.0 ], [ 12.535817, 63.61012, 0.0 ], [ 10.098563, 63.22322, 0.0 ], [ 9.030179, 63.570717, 0.0 ], [ 9.43521, 64.618744, 0.0 ], [ 11.274073, 66.26445, 0.0 ], [ 14.366741, 68.346825, 0.0 ], [ 18.410416, 70.66231, 0.0 ], [ 23.009403, 72.98393, 0.0 ], [ 27.713457, 75.08453, 0.0 ], [ 32.061966, 76.758484, 0.0 ], [ 35.629627, 77.84198, 0.0 ], [ 38.066833, 78.22886, 0.0 ]] 
boundary 1: [[ 39.13521, 50.118626, 0.0 ], [ 38.066826, 49.771107, 0.0 ], [ 35.629642, 50.158, 0.0 ], [ 32.061996, 51.241577, 0.0 ], [ 27.713459, 52.91552, 0.0 ], [ 23.009418, 55.016132, 0.0 ], [ 18.410408, 57.337757, 0.0 ], [ 14.366737, 59.653122, 0.0 ], [ 11.274098, 61.735626, 0.0 ], [ 9.435245, 63.381462, 0.0 ], [ 9.030232, 64.42951, 0.0 ], [ 10.09857, 64.77682, 0.0 ], [ 12.535815, 64.38989, 0.0 ], [ 16.103397, 63.306465, 0.0 ], [ 20.451954, 61.632362, 0.0 ], [ 25.156, 59.531906, 0.0 ], [ 29.754993, 57.210255, 0.0 ], [ 33.798683, 54.894802, 0.0 ], [ 36.89132, 52.812374, 0.0 ], [ 38.730164, 51.166534, 0.0 ]] 
boundary 0: [[ 37.372543, 81.103485, 0.0 ], [ 37.088966, 80.01645, 0.0 ], [ 35.44865, 78.17266, 0.0 ], [ 32.612106, 75.752914, 0.0 ], [ 28.857035, 72.99398, 0.0 ], [ 24.55108, 70.165665, 0.0 ], [ 20.11562, 67.54521, 0.0 ], [ 15.984884, 65.38888, 0.0 ], [ 12.563243, 63.90778, 0.0 ], [ 10.185591, 63.24697, 0.0 ], [ 9.084691, 63.471066, 0.0 ], [ 9.368253, 64.55826, 0.0 ], [ 11.008617, 66.40189, 0.0 ], [ 13.845179, 68.82155, 0.0 ], [ 17.600168, 71.580696, 0.0 ], [ 21.9062, 74.4089, 0.0 ], [ 26.341679, 77.02943, 0.0 ], [ 30.472296, 79.18572, 0.0 ], [ 33.894062, 80.666824, 0.0 ], [ 36.271667, 81.32761, 0.0 ]] 
boundary 1: [[ 37.37255, 46.896477, 0.0 ], [ 36.27166, 46.672356, 0.0 ], [ 33.894077, 47.333145, 0.0 ], [ 30.472332, 48.81433, 0.0 ], [ 26.341686, 50.970634, 0.0 ], [ 21.906223, 53.591167, 0.0 ], [ 17.600172, 56.419373, 0.0 ], [ 13.845167, 59.178387, 0.0 ], [ 11.008651, 61.59818, 0.0 ], [ 9.368311, 63.44194, 0.0 ], [ 9.08477, 64.52916, 0.0 ], [ 10.185599, 64.75306, 0.0 ], [ 12.563241, 64.09223, 0.0 ], [ 15.984936, 62.61121, 0.0 ], [ 20.115587, 60.45475, 0.0 ], [ 24.551077, 57.834366, 0.0 ], [ 28.85711, 55.006138, 0.0 ], [ 32.612114, 52.247032, 0.0 ], [ 35.448635, 49.82732, 0.0 ], [ 37.088966, 47.983555, 0.0 ]] 
boundary 0: [[ 37.56916, 80.783936, 0.0 ], [ 37.272987, 79.700264, 0.0 ], [ 35.61139, 77.87563, 0.0 ], [ 32.746956, 75.48897, 0.0 ], [ 28.960125, 72.77379, 0.0 ], [ 24.621641, 69.99563, 0.0 ], [ 20.15607, 67.42682, 0.0 ], [ 16.000593, 65.318565, 0.0 ], [ 12.5619955, 63.87727, 0.0 ], [ 10.176836, 63.244095, 0.0 ], [ 9.07861, 63.48095, 0.0 ], [ 9.374769, 64.56478, 0.0 ], [ 11.036416, 66.38925, 0.0 ], [ 13.900864, 68.77583, 0.0 ], [ 17.687616, 71.49122, 0.0 ], [ 22.026176, 74.269264, 0.0 ], [ 26.491764, 76.83815, 0.0 ], [ 30.647123, 78.94637, 0.0 ], [ 34.085846, 80.387665, 0.0 ], [ 36.47096, 81.02081, 0.0 ]] 
boundary 1: [[ 37.569168, 47.216026, 0.0 ], [ 36.47095, 46.979145, 0.0 ], [ 34.08586, 47.612305, 0.0 ], [ 30.64716, 49.05368, 0.0 ], [ 26.491772, 51.16191, 0.0 ], [ 22.026197, 53.730797, 0.0 ], [ 17.687618, 56.508846, 0.0 ], [ 13.900852, 59.224102, 0.0 ], [ 11.0364485, 61.610817, 0.0 ], [ 9.374825, 63.43542, 0.0 ], [ 9.078687, 64.51928, 0.0 ], [ 10.176844, 64.755936, 0.0 ], [ 12.561994, 64.12274, 0.0 ], [ 16.000643, 62.681526, 0.0 ], [ 20.15604, 60.573143, 0.0 ], [ 24.621637, 58.004402, 0.0 ], [ 28.960197, 55.22633, 0.0 ], [ 32.746964, 52.510983, 0.0 ], [ 35.611374, 50.124348, 0.0 ], [ 37.272987, 48.299744, 0.0 ]] 
boundary 0: [[ 39.302616, 77.52345, 0.0 ], [ 38.88482, 76.48061, 0.0 ], [ 37.02601, 74.85734, 0.0 ], [ 33.908134, 72.81284, 0.0 ], [ 29.836418, 70.54714, 0.0 ], [ 25.209465, 68.28177, 0.0 ], [ 20.480125, 66.238884, 0.0 ], [ 16.111362, 64.61818, 0.0 ], [ 12.530859, 63.578354, 0.0 ], [ 10.089058, 63.221256, 0.0 ], [ 9.0250025, 63.58179, 0.0 ], [ 9.442807, 64.62479, 0.0 ], [ 11.301642, 66.2479, 0.0 ], [ 14.419526, 68.29232, 0.0 ], [ 18.49119, 70.55821, 0.0 ], [ 23.118202, 72.82347, 0.0 ], [ 27.847572, 74.86644, 0.0 ], [ 32.21621, 76.48713, 0.0 ], [ 35.796844, 77.52693, 0.0 ], [ 38.238594, 77.884, 0.0 ]] 
boundary 1: [[ 39.30264, 50.47651, 0.0 ], [ 38.238586, 50.115955, 0.0 ], [ 35.79686, 50.473038, 0.0 ], [ 32.21624, 51.51294, 0.0 ], [ 27.847574, 53.13362, 0.0 ], [ 23.11822, 55.176598, 0.0 ], [ 18.491184, 57.44184, 0.0 ], [ 14.419523, 59.707626, 0.0 ], [ 11.301667, 61.75218, 0.0 ], [ 9.44284, 63.37542, 0.0 ], [ 9.025051, 64.41845, 0.0 ], [ 10.089064, 64.77877, 0.0 ], [ 12.530856, 64.42166, 0.0 ], [ 16.111408, 63.381912, 0.0 ], [ 20.480103, 61.761078, 0.0 ], [ 25.209461, 59.718266, 0.0 ], [ 29.836473, 57.452984, 0.0 ], [ 33.908142, 55.187115, 0.0 ], [ 37.025993, 53.14264, 0.0 ], [ 38.88482, 51.519382, 0.0 ]] 
boundary 0: [[ 40.449554, 74.68638, 0.0 ], [ 39.93504, 73.687706, 0.0 ], [ 37.93109, 72.24744, 0.0 ], [ 34.633892, 70.50686, 0.0 ], [ 30.366226, 68.636215, 0.0 ], [ 25.545837, 66.81843, 0.0 ], [ 20.644547, 65.23178, 0.0 ], [ 16.142134, 64.031364, 0.0 ], [ 12.479363, 63.334682, 0.0 ], [ 10.014739, 63.21003, 0.0 ], [ 8.989534, 63.669537, 0.0 ], [ 9.504069, 64.66836, 0.0 ], [ 11.508024, 66.10847, 0.0 ], [ 14.805218, 67.84898, 0.0 ], [ 19.07286, 69.71979, 0.0 ], [ 23.893303, 71.53748, 0.0 ], [ 28.794626, 73.12421, 0.0 ], [ 33.296913, 74.324615, 0.0 ], [ 36.95981, 75.02126, 0.0 ], [ 39.42438, 75.14591, 0.0 ]] 
boundary 1: [[ 40.449585, 53.313576, 0.0 ], [ 39.424374, 52.854053, 0.0 ], [ 36.95983, 52.9787, 0.0 ], [ 33.296936, 53.675438, 0.0 ], [ 28.794624, 54.875862, 0.0 ], [ 23.89331, 56.46258, 0.0 ], [ 19.07285, 58.280254, 0.0 ], [ 14.80522, 60.15097, 0.0 ], [ 11.508042, 61.89161, 0.0 ], [ 9.504082, 63.331852, 0.0 ], [ 8.98956, 64.33072, 0.0 ], [ 10.014742, 64.79, 0.0 ], [ 12.479358, 64.66534, 0.0 ], [ 16.14217, 63.968742, 0.0 ], [ 20.644527, 62.76817, 0.0 ], [ 25.54583, 61.18161, 0.0 ], [ 30.366272, 59.363903, 0.0 ], [ 34.633907, 57.493103, 0.0 ], [ 37.931076, 55.752544, 0.0 ], [ 39.93504, 54.31229, 0.0 ]] 
boundary 0: [[ 41.023155, 72.88036, 0.0 ], [ 40.451023, 71.91355, 0.0 ], [ 38.366146, 70.593155, 0.0 ], [ 34.97264, 69.04871, 0.0 ], [ 30.602726, 67.43128, 0.0 ], [ 25.684126, 65.89899, 0.0 ], [ 20.698307, 64.6022, 0.0 ], [ 16.133303, 63.6676, 0.0 ], [ 12.436016, 63.186676, 0.0 ], [ 9.968323, 63.20663, 0.0 ], [ 8.971797, 63.72539, 0.0 ], [ 9.543959, 64.69236, 0.0 ], [ 11.628835, 66.012596, 0.0 ], [ 15.0223255, 67.556984, 0.0 ], [ 19.392233, 69.174576, 0.0 ], [ 24.310871, 70.70676, 0.0 ], [ 29.296734, 72.003624, 0.0 ], [ 33.861603, 72.938225, 0.0 ], [ 37.559017, 73.41911, 0.0 ], [ 40.026665, 73.39916, 0.0 ]] 
boundary 1: [[ 41.023186, 55.11959, 0.0 ], [ 40.026657, 54.6008, 0.0 ], [ 37.55904, 54.580853, 0.0 ], [ 33.86162, 55.061817, 0.0 ], [ 29.296726, 55.996437, 0.0 ], [ 24.310877, 57.293312, 0.0 ], [ 19.392221, 58.825478, 0.0 ], [ 15.022329, 60.442974, 0.0 ], [ 11.628848, 61.987473, 0.0 ], [ 9.543959, 63.307854, 0.0 ], [ 8.971807, 64.274864, 0.0 ], [ 9.968325, 64.7934, 0.0 ], [ 12.436008, 64.81334, 0.0 ], [ 16.133335, 64.33251, 0.0 ], [ 20.698288, 63.397755, 0.0 ], [ 25.684118, 62.101032, 0.0 ], [ 30.602764, 60.568836, 0.0 ], [ 34.972656, 58.951252, 0.0 ], [ 38.36613, 57.406837, 0.0 ], [ 40.451023, 56.086437, 0.0 ]] 
boundary 0: [[ 41.27552, 71.94394, 0.0 ], [ 40.674633, 70.994736, 0.0 ], [ 38.551113, 69.737434, 0.0 ], [ 35.1128, 68.29547, 0.0 ], [ 30.696342, 66.80984, 0.0 ], [ 25.733997, 65.425735, 0.0 ], [ 20.711529, 64.27908, 0.0 ], [ 16.120548, 63.481796, 0.0 ], [ 12.410496, 63.111984, 0.0 ], [ 9.944512, 63.20594, 0.0 ], [ 8.963992, 63.754356, 0.0 ], [ 9.5648985, 64.70373, 0.0 ], [ 11.688433, 65.96084, 0.0 ], [ 15.126717, 67.402756, 0.0 ], [ 19.543167, 68.888565, 0.0 ], [ 24.50555, 70.27254, 0.0 ], [ 29.528067, 71.41929, 0.0 ], [ 34.11891, 72.21655, 0.0 ], [ 37.829086, 72.58635, 0.0 ], [ 40.295036, 72.4924, 0.0 ]] 
boundary 1: [[ 41.27555, 56.05602, 0.0 ], [ 40.29503, 55.50757, 0.0 ], [ 37.82911, 55.413616, 0.0 ], [ 34.118927, 55.783485, 0.0 ], [ 29.528059, 56.580776, 0.0 ], [ 24.505558, 57.72753, 0.0 ], [ 19.543156, 59.111492, 0.0 ], [ 15.12672, 60.5972, 0.0 ], [ 11.688445, 62.03923, 0.0 ], [ 9.564893, 63.296486, 0.0 ], [ 8.963996, 64.24591, 0.0 ], [ 9.944514, 64.7941, 0.0 ], [ 12.410488, 64.88803, 0.0 ], [ 16.120573, 64.51831, 0.0 ], [ 20.71151, 63.720882, 0.0 ], [ 25.73399, 62.574272, 0.0 ], [ 30.696379, 61.19029, 0.0 ], [ 35.112816, 59.704487, 0.0 ], [ 38.551098, 58.262535, 0.0 ], [ 40.674633, 57.005272, 0.0 ]] 
boundary 0: [[ 41.550568, 70.76687, 0.0 ], [ 40.914604, 69.84079, 0.0 ], [ 38.745567, 68.66374, 0.0 ], [ 35.255764, 67.3513, 0.0 ], [ 30.786861, 66.03179, 0.0 ], [ 25.77625, 64.83414, 0.0 ], [ 20.714428, 63.87602, 0.0 ], [ 16.096855, 63.250893, 0.0 ], [ 12.375572, 63.02001, 0.0 ], [ 9.914823, 63.206078, 0.0 ], [ 8.955488, 63.790768, 0.0 ], [ 9.591459, 64.717, 0.0 ], [ 11.760499, 65.89387, 0.0 ], [ 15.250278, 67.20626, 0.0 ], [ 19.719181, 68.52595, 0.0 ], [ 24.729828, 69.723465, 0.0 ], [ 29.791695, 70.68169, 0.0 ], [ 34.409134, 71.30681, 0.0 ], [ 38.13054, 71.53766, 0.0 ], [ 40.59126, 71.351585, 0.0 ]] 
boundary 1: [[ 41.5506, 57.23309, 0.0 ], [ 40.59125, 56.64837, 0.0 ], [ 38.13056, 56.46231, 0.0 ], [ 34.40915, 56.693245, 0.0 ], [ 29.791687, 57.318375, 0.0 ], [ 24.729836, 58.276604, 0.0 ], [ 19.719166, 59.474106, 0.0 ], [ 15.250284, 60.793697, 0.0 ], [ 11.7605095, 62.1062, 0.0 ], [ 9.591447, 63.283207, 0.0 ], [ 8.955482, 64.20951, 0.0 ], [ 9.914824, 64.79396, 0.0 ], [ 12.375565, 64.979996, 0.0 ], [ 16.096874, 64.749214, 0.0 ], [ 20.714409, 64.12394, 0.0 ], [ 25.776243, 63.16587, 0.0 ], [ 30.786892, 61.968338, 0.0 ], [ 35.25578, 60.648655, 0.0 ], [ 38.745552, 59.336224, 0.0 ], [ 40.914604, 58.159214, 0.0 ]] 
boundary 0: [[ 41.65751, 70.246315, 0.0 ], [ 41.00641, 69.33081, 0.0 ], [ 38.81833, 68.18958, 0.0 ], [ 35.30742, 66.93467, 0.0 ], [ 30.817438, 65.68878, 0.0 ], [ 25.787817, 64.57365, 0.0 ], [ 20.71093, 63.69885, 0.0 ], [ 16.083712, 63.149696, 0.0 ], [ 12.359134, 62.979996, 0.0 ], [ 9.901776, 63.20649, 0.0 ], [ 8.952181, 63.80687, 0.0 ], [ 9.60329, 64.72252, 0.0 ], [ 11.791378, 65.86358, 0.0 ], [ 15.302256, 67.11843, 0.0 ], [ 19.792244, 68.36451, 0.0 ], [ 24.821896, 69.47951, 0.0 ], [ 29.89883, 70.35441, 0.0 ], [ 34.525906, 70.90356, 0.0 ], [ 38.250614, 71.07321, 0.0 ], [ 40.70793, 70.84672, 0.0 ]] 
boundary 1: [[ 41.65754, 57.75364, 0.0 ], [ 40.707924, 57.153233, 0.0 ], [ 38.250637, 56.926754, 0.0 ], [ 34.52592, 57.096504, 0.0 ], [ 29.898823, 57.645653, 0.0 ], [ 24.821903, 58.52056, 0.0 ], [ 19.792229, 59.63555, 0.0 ], [ 15.302263, 60.88151, 0.0 ], [ 11.791388, 62.13649, 0.0 ], [ 9.603273, 63.277683, 0.0 ], [ 8.95217, 64.19341, 0.0 ], [ 9.901777, 64.79354, 0.0 ], [ 12.359126, 65.02, 0.0 ], [ 16.083727, 64.85041, 0.0 ], [ 20.71091, 64.30111, 0.0 ], [ 25.787807, 63.426365, 0.0 ], [ 30.817469, 62.311348, 0.0 ], [ 35.307434, 61.065292, 0.0 ], [ 38.818314, 59.810394, 0.0 ], [ 41.00641, 58.66919, 0.0 ]] 
boundary 0: [[ 41.61178, 70.47421, 0.0 ], [ 40.967262, 69.554054, 0.0 ], [ 38.787468, 68.397125, 0.0 ], [ 35.285667, 67.117004, 0.0 ], [ 30.804752, 65.838875, 0.0 ], [ 25.78328, 64.68759, 0.0 ], [ 20.712812, 63.77634, 0.0 ], [ 16.089664, 63.193935, 0.0 ], [ 12.366402, 62.997463, 0.0 ], [ 9.907478, 63.206284, 0.0 ], [ 8.953595, 63.79983, 0.0 ], [ 9.5981045, 64.72013, 0.0 ], [ 11.777933, 65.87689, 0.0 ], [ 15.279698, 67.156944, 0.0 ], [ 19.760609, 68.435265, 0.0 ], [ 24.782112, 69.5864, 0.0 ], [ 29.852623, 70.49777, 0.0 ], [ 34.47563, 71.08018, 0.0 ], [ 38.199036, 71.2766, 0.0 ], [ 40.657898, 71.06777, 0.0 ]] 
boundary 1: [[ 41.61181, 57.525745, 0.0 ], [ 40.65789, 56.93217, 0.0 ], [ 38.19906, 56.723362, 0.0 ], [ 34.475647, 56.919888, 0.0 ], [ 29.852615, 57.50229, 0.0 ], [ 24.78212, 58.413685, 0.0 ], [ 19.760593, 59.56479, 0.0 ], [ 15.279706, 60.842995, 0.0 ], [ 11.777943, 62.123184, 0.0 ], [ 9.598088, 63.280075, 0.0 ], [ 8.953587, 64.200455, 0.0 ], [ 9.907479, 64.79374, 0.0 ], [ 12.366394, 65.00253, 0.0 ], [ 16.08968, 64.80618, 0.0 ], [ 20.712793, 64.22362, 0.0 ], [ 25.783268, 63.312405, 0.0 ], [ 30.804783, 62.161255, 0.0 ], [ 35.285683, 60.882954, 0.0 ], [ 38.787453, 59.60285, 0.0 ], [ 40.967262, 58.445942, 0.0 ]] 
boundary 0: [[ 41.63112, 70.37889, 0.0 ], [ 40.983826, 69.46066, 0.0 ], [ 38.80056, 68.310295, 0.0 ], [ 35.29493, 67.04075, 0.0 ], [ 30.81018, 65.77611, 0.0 ], [ 25.785278, 64.639915, 0.0 ], [ 20.712086, 63.743927, 0.0 ], [ 16.087212, 63.175434, 0.0 ], [ 12.363375, 62.990154, 0.0 ], [ 9.90509, 63.206375, 0.0 ], [ 8.952999, 63.80278, 0.0 ], [ 9.600271, 64.72115, 0.0 ], [ 11.78357, 65.87135, 0.0 ], [ 15.289167, 67.14083, 0.0 ], [ 19.7739, 68.40566, 0.0 ], [ 24.798847, 69.54172, 0.0 ], [ 29.872068, 70.43782, 0.0 ], [ 34.49681, 71.006325, 0.0 ], [ 38.220795, 71.19154, 0.0 ], [ 40.67902, 70.97531, 0.0 ]] 
boundary 1: [[ 41.63115, 57.621063, 0.0 ], [ 40.679012, 57.024624, 0.0 ], [ 38.220818, 56.80842, 0.0 ], [ 34.496826, 56.993748, 0.0 ], [ 29.872059, 57.56224, 0.0 ], [ 24.798855, 58.458378, 0.0 ], [ 19.773884, 59.59437, 0.0 ], [ 15.289176, 60.859097, 0.0 ], [ 11.78358, 62.12875, 0.0 ], [ 9.600255, 63.279076, 0.0 ], [ 8.95299, 64.19754, 0.0 ], [ 9.905091, 64.79365, 0.0 ], [ 12.363367, 65.00984, 0.0 ], [ 16.087227, 64.82472, 0.0 ], [ 20.712067, 64.25603, 0.0 ], [ 25.785267, 63.360085, 0.0 ], [ 30.810211, 62.224052, 0.0 ], [ 35.294945, 60.95923, 0.0 ], [ 38.800545, 59.689667, 0.0 ], [ 40.983826, 58.53932, 0.0 ]] 
boundary 0: [[ 41.683968, 70.110405, 0.0 ], [ 41.028927, 69.19769, 0.0 ], [ 38.836002, 68.065834, 0.0 ], [ 35.31976, 66.82602, 0.0 ], [ 30.824474, 65.599365, 0.0 ], [ 25.790127, 64.50572, 0.0 ], [ 20.709536, 63.652706, 0.0 ], [ 16.080017, 63.123386, 0.0 ], [ 12.354742, 62.969627, 0.0 ], [ 9.898376, 63.206642, 0.0 ], [ 8.951365, 63.811085, 0.0 ], [ 9.606386, 64.72396, 0.0 ], [ 11.799341, 65.85563, 0.0 ], [ 15.3155575, 67.09539, 0.0 ], [ 19.810835, 68.32223, 0.0 ], [ 24.845215, 69.41572, 0.0 ], [ 29.925842, 70.26886, 0.0 ], [ 34.55523, 70.798195, 0.0 ], [ 38.280663, 70.95189, 0.0 ], [ 40.73696, 70.71487, 0.0 ]] 
boundary 1: [[ 41.684, 57.889538, 0.0 ], [ 40.736954, 57.285072, 0.0 ], [ 38.280685, 57.048065, 0.0 ], [ 34.555244, 57.201874, 0.0 ], [ 29.925833, 57.73121, 0.0 ], [ 24.845222, 58.58438, 0.0 ], [ 19.81082, 59.67781, 0.0 ], [ 15.315567, 60.904533, 0.0 ], [ 11.79935, 62.144478, 0.0 ], [ 9.606368, 63.276283, 0.0 ], [ 8.951353, 64.189255, 0.0 ], [ 9.898377, 64.79339, 0.0 ], [ 12.354734, 65.030365, 0.0 ], [ 16.08003, 64.87677, 0.0 ], [ 20.709517, 64.34721, 0.0 ], [ 25.790115, 63.494263, 0.0 ], [ 30.824503, 62.4008, 0.0 ], [ 35.319775, 61.173965, 0.0 ], [ 38.835987, 59.934124, 0.0 ], [ 41.028927, 58.802288, 0.0 ]] 
boundary 0: [[ 41.74568, 69.7805, 0.0 ], [ 41.0812, 68.874664, 0.0 ], [ 38.876633, 67.76561, 0.0 ], [ 35.347733, 66.562355, 0.0 ], [ 30.839956, 65.38243, 0.0 ], [ 25.794523, 64.34111, 0.0 ], [ 20.705349, 63.54087, 0.0 ], [ 16.070587, 63.059635, 0.0 ], [ 12.343916, 62.94455, 0.0 ], [ 9.890143, 63.207047, 0.0 ], [ 8.949458, 63.82129, 0.0 ], [ 9.61392, 64.72732, 0.0 ], [ 11.818502, 65.83617, 0.0 ], [ 15.347395, 67.03935, 0.0 ], [ 19.855171, 68.21947, 0.0 ], [ 24.90063, 69.26064, 0.0 ], [ 29.989832, 70.061005, 0.0 ], [ 34.62446, 70.54225, 0.0 ], [ 38.35128, 70.65727, 0.0 ], [ 40.80499, 70.39477, 0.0 ]] 
boundary 1: [[ 41.745712, 58.219437, 0.0 ], [ 40.80498, 57.60517, 0.0 ], [ 38.351303, 57.34268, 0.0 ], [ 34.624474, 57.457817, 0.0 ], [ 29.989822, 57.93906, 0.0 ], [ 24.900639, 58.739456, 0.0 ], [ 19.855156, 59.780575, 0.0 ], [ 15.347406, 60.960564, 0.0 ], [ 11.818506, 62.163944, 0.0 ], [ 9.613897, 63.272926, 0.0 ], [ 8.949442, 64.17907, 0.0 ], [ 9.890144, 64.79298, 0.0 ], [ 12.343908, 65.05544, 0.0 ], [ 16.070599, 64.94053, 0.0 ], [ 20.70533, 64.45905, 0.0 ], [ 25.794512, 63.65888, 0.0 ], [ 30.839983, 62.61773, 0.0 ], [ 35.347748, 61.437626, 0.0 ], [ 38.876617, 60.23435, 0.0 ], [ 41.0812, 59.125324, 0.0 ]] 
boundary 0: [[ 41.69121, 70.07264, 0.0 ], [ 41.03508, 69.16073, 0.0 ], [ 38.840786, 68.03146, 0.0 ], [ 35.323105, 66.79582, 0.0 ], [ 30.826368, 65.57452, 0.0 ], [ 25.790716, 64.4869, 0.0 ], [ 20.709114, 63.63989, 0.0 ], [ 16.078968, 63.11608, 0.0 ], [ 12.353515, 62.966747, 0.0 ], [ 9.897435, 63.206684, 0.0 ], [ 8.951142, 63.812244, 0.0 ], [ 9.607249, 64.724365, 0.0 ], [ 11.801546, 65.853424, 0.0 ], [ 15.319233, 67.08898, 0.0 ], [ 19.815971, 68.31047, 0.0 ], [ 24.851645, 69.39798, 0.0 ], [ 29.933277, 70.24508, 0.0 ], [ 34.563274, 70.76891, 0.0 ], [ 38.288895, 70.91819, 0.0 ], [ 40.74492, 70.67823, 0.0 ]] 
boundary 1: [[ 41.691235, 57.927303, 0.0 ], [ 40.74491, 57.3217, 0.0 ], [ 38.288918, 57.08178, 0.0 ], [ 34.56329, 57.231167, 0.0 ], [ 29.933268, 57.75498, 0.0 ], [ 24.851654, 58.602116, 0.0 ], [ 19.815956, 59.689564, 0.0 ], [ 15.319244, 60.91093, 0.0 ], [ 11.80155, 62.146698, 0.0 ], [ 9.607228, 63.275894, 0.0 ], [ 8.95113, 64.18811, 0.0 ], [ 9.897436, 64.79334, 0.0 ], [ 12.353507, 65.03324, 0.0 ], [ 16.07898, 64.88407, 0.0 ], [ 20.709095, 64.36001, 0.0 ], [ 25.790705, 63.513123, 0.0 ], [ 30.826397, 62.42564, 0.0 ], [ 35.32312, 61.204155, 0.0 ], [ 38.84077, 59.968494, 0.0 ], [ 41.035072, 58.839252, 0.0 ]] 
boundary 0: [[ 41.511185, 70.94831, 0.0 ], [ 40.880527, 70.01861, 0.0 ], [ 38.71828, 68.82911, 0.0 ], [ 35.236107, 67.4967, 0.0 ], [ 30.774853, 66.151535, 0.0 ], [ 25.77119, 64.92512, 0.0 ], [ 20.714954, 63.93794, 0.0 ], [ 16.101059, 63.286324, 0.0 ], [ 12.381155, 63.03405, 0.0 ], [ 9.919382, 63.205994, 0.0 ], [ 8.956708, 63.78516, 0.0 ], [ 9.587347, 64.71507, 0.0 ], [ 11.74959, 65.90437, 0.0 ], [ 15.231775, 67.23671, 0.0 ], [ 19.693024, 68.582054, 0.0 ], [ 24.696712, 69.80836, 0.0 ], [ 29.752987, 70.79563, 0.0 ], [ 34.366714, 71.447266, 0.0 ], [ 38.0868, 71.699486, 0.0 ], [ 40.548515, 71.52751, 0.0 ]] 
boundary 1: [[ 41.511208, 57.051636, 0.0 ], [ 40.548508, 56.47242, 0.0 ], [ 38.086823, 56.30049, 0.0 ], [ 34.36673, 56.55282, 0.0 ], [ 29.752977, 57.204437, 0.0 ], [ 24.696728, 58.191742, 0.0 ], [ 19.693012, 59.417995, 0.0 ], [ 15.231785, 60.76321, 0.0 ], [ 11.749599, 62.095764, 0.0 ], [ 9.587334, 63.285187, 0.0 ], [ 8.956705, 64.21519, 0.0 ], [ 9.919383, 64.79403, 0.0 ], [ 12.381147, 64.965935, 0.0 ], [ 16.10107, 64.71383, 0.0 ], [ 20.714931, 64.06196, 0.0 ], [ 25.77118, 63.074913, 0.0 ], [ 30.774889, 61.84862, 0.0 ], [ 35.236122, 60.50328, 0.0 ], [ 38.71826, 59.170845, 0.0 ], [ 40.88052, 57.98137, 0.0 ]] 
boundary 0: [[ 41.133392, 72.48511, 0.0 ], [ 40.548973, 71.52567, 0.0 ], [ 38.447517, 70.23179, 0.0 ], [ 35.034714, 68.73058, 0.0 ], [ 30.644617, 67.168755, 0.0 ], [ 25.706957, 65.698975, 0.0 ], [ 20.705088, 64.46556, 0.0 ], [ 16.128592, 63.58897, 0.0 ], [ 12.425488, 63.154976, 0.0 ], [ 9.95825, 63.20626, 0.0 ], [ 8.9683895, 63.737633, 0.0 ], [ 9.552774, 64.697296, 0.0 ], [ 11.654234, 65.99096, 0.0 ], [ 15.067057, 67.49208, 0.0 ], [ 19.457134, 69.054115, 0.0 ], [ 24.394827, 70.52378, 0.0 ], [ 29.39674, 71.75727, 0.0 ], [ 33.97307, 72.63387, 0.0 ], [ 37.676346, 73.06783, 0.0 ], [ 40.143528, 73.016525, 0.0 ]] 
boundary 1: [[ 41.133408, 55.51484, 0.0 ], [ 40.143505, 54.983418, 0.0 ], [ 37.67637, 54.932148, 0.0 ], [ 33.973083, 55.366203, 0.0 ], [ 29.396732, 56.242798, 0.0 ], [ 24.394846, 57.47632, 0.0 ], [ 19.457125, 58.94594, 0.0 ], [ 15.06706, 60.50783, 0.0 ], [ 11.654247, 62.00917, 0.0 ], [ 9.5527725, 63.302982, 0.0 ], [ 8.968405, 64.262726, 0.0 ], [ 9.958252, 64.793755, 0.0 ], [ 12.425481, 64.84501, 0.0 ], [ 16.128609, 64.41119, 0.0 ], [ 20.705055, 63.53434, 0.0 ], [ 25.706947, 62.30107, 0.0 ], [ 30.644659, 60.831413, 0.0 ], [ 35.03473, 59.269386, 0.0 ], [ 38.447495, 57.76817, 0.0 ], [ 40.548965, 56.474316, 0.0 ]] 
boundary 0: [[ 40.95105, 73.12918, 0.0 ], [ 40.386627, 72.15784, 0.0 ], [ 38.312386, 70.820755, 0.0 ], [ 34.93141, 69.24921, 0.0 ], [ 30.574581, 67.59684, 0.0 ], [ 25.668411, 66.02514, 0.0 ], [ 20.693146, 64.68845, 0.0 ], [ 16.135775, 63.717308, 0.0 ], [ 12.442449, 63.206757, 0.0 ], [ 9.974676, 63.20695, 0.0 ], [ 8.974027, 63.717716, 0.0 ], [ 9.538423, 64.68927, 0.0 ], [ 11.612651, 66.02615, 0.0 ], [ 14.993668, 67.5976, 0.0 ], [ 19.350468, 69.250175, 0.0 ], [ 24.256683, 70.821754, 0.0 ], [ 29.231995, 72.15851, 0.0 ], [ 33.789192, 73.129684, 0.0 ], [ 37.48269, 73.64023, 0.0 ], [ 39.950386, 73.64, 0.0 ]] 
boundary 1: [[ 40.951065, 54.87076, 0.0 ], [ 39.950363, 54.359962, 0.0 ], [ 37.48271, 54.359756, 0.0 ], [ 33.789207, 54.87039, 0.0 ], [ 29.231987, 55.841534, 0.0 ], [ 24.256702, 57.178345, 0.0 ], [ 19.350456, 58.749855, 0.0 ], [ 14.9936695, 60.402298, 0.0 ], [ 11.612666, 61.973972, 0.0 ], [ 9.5384245, 63.31101, 0.0 ], [ 8.9740505, 64.282646, 0.0 ], [ 9.974679, 64.79308, 0.0 ], [ 12.442441, 64.79324, 0.0 ], [ 16.135796, 64.282845, 0.0 ], [ 20.693111, 63.311447, 0.0 ], [ 25.668404, 61.9749, 0.0 ], [ 30.574629, 60.40334, 0.0 ], [ 34.931427, 58.750767, 0.0 ], [ 38.312363, 57.179226, 0.0 ], [ 40.38662, 55.84213, 0.0 ]] 
boundary 0: [[ 40.83302, 73.52099, 0.0 ], [ 40.28093, 72.54261, 0.0 ], [ 38.22378, 71.17936, 0.0 ], [ 34.862972, 69.565155, 0.0 ], [ 30.527407, 67.85778, 0.0 ], [ 25.641516, 66.22411, 0.0 ], [ 20.683573, 64.82458, 0.0 ], [ 16.138853, 63.79583, 0.0 ], [ 12.452287, 63.238575, 0.0 ], [ 9.984708, 63.20754, 0.0 ], [ 8.977676, 63.7056, 0.0 ], [ 9.529732, 64.68422, 0.0 ], [ 11.586874, 66.04725, 0.0 ], [ 14.947733, 67.66136, 0.0 ], [ 19.283266, 69.368935, 0.0 ], [ 24.1692, 71.00247, 0.0 ], [ 29.127192, 72.40211, 0.0 ], [ 33.67173, 73.430855, 0.0 ], [ 37.358482, 73.9881, 0.0 ], [ 39.825977, 74.019104, 0.0 ]] 
boundary 1: [[ 40.833035, 54.47895, 0.0 ], [ 39.825954, 53.980854, 0.0 ], [ 37.358505, 54.011875, 0.0 ], [ 33.671745, 54.56922, 0.0 ], [ 29.127184, 55.59795, 0.0 ], [ 24.169224, 56.997616, 0.0 ], [ 19.283255, 58.631096, 0.0 ], [ 14.947731, 60.338547, 0.0 ], [ 11.586889, 61.95288, 0.0 ], [ 9.5297365, 63.316063, 0.0 ], [ 8.977704, 64.29476, 0.0 ], [ 9.984711, 64.792496, 0.0 ], [ 12.452279, 64.76143, 0.0 ], [ 16.138876, 64.204315, 0.0 ], [ 20.683538, 63.175327, 0.0 ], [ 25.64151, 61.77592, 0.0 ], [ 30.527454, 60.1424, 0.0 ], [ 34.862988, 58.434814, 0.0 ], [ 38.22376, 56.820614, 0.0 ], [ 40.280922, 55.45738, 0.0 ]] 
boundary 0: [[ 40.415356, 74.78357, 0.0 ], [ 39.903973, 73.78331, 0.0 ], [ 37.904625, 72.336624, 0.0 ], [ 34.613037, 70.585594, 0.0 ], [ 30.351347, 68.70138, 0.0 ], [ 25.53677, 66.86817, 0.0 ], [ 20.640572, 65.265945, 0.0 ], [ 16.141998, 64.051186, 0.0 ], [ 12.481466, 63.3428, 0.0 ], [ 10.01725, 63.21032, 0.0 ], [ 8.990591, 63.666557, 0.0 ], [ 9.501938, 64.667046, 0.0 ], [ 11.50129, 66.11351, 0.0 ], [ 14.792932, 67.864456, 0.0 ], [ 19.054577, 69.74888, 0.0 ], [ 23.869205, 71.581955, 0.0 ], [ 28.765446, 73.18429, 0.0 ], [ 33.26384, 74.39904, 0.0 ], [ 36.924557, 75.10741, 0.0 ], [ 39.388683, 75.239845, 0.0 ]] 
boundary 1: [[ 40.41537, 53.216366, 0.0 ], [ 39.388657, 52.7601, 0.0 ], [ 36.92458, 52.89256, 0.0 ], [ 33.263855, 53.601036, 0.0 ], [ 28.765438, 54.815784, 0.0 ], [ 23.869232, 56.41814, 0.0 ], [ 19.054565, 58.251152, 0.0 ], [ 14.792925, 60.135445, 0.0 ], [ 11.501308, 61.886612, 0.0 ], [ 9.501953, 63.33324, 0.0 ], [ 8.990633, 64.33382, 0.0 ], [ 10.017257, 64.78972, 0.0 ], [ 12.48146, 64.6572, 0.0 ], [ 16.142029, 63.94896, 0.0 ], [ 20.640533, 62.73396, 0.0 ], [ 25.536762, 61.131863, 0.0 ], [ 30.3514, 59.2988, 0.0 ], [ 34.613052, 57.414383, 0.0 ], [ 37.904602, 55.663345, 0.0 ], [ 39.903965, 54.216675, 0.0 ]] 
boundary 0: [[ 39.939934, 76.0434, 0.0 ], [ 39.470642, 75.022705, 0.0 ], [ 37.533257, 73.49405, 0.0 ], [ 34.31743, 71.60747, 0.0 ], [ 30.137892, 69.54745, 0.0 ], [ 25.40382, 67.51535, 0.0 ], [ 20.578587, 65.71066, 0.0 ], [ 16.134483, 64.30966, 0.0 ], [ 12.50662, 63.449463, 0.0 ], [ 10.050058, 63.214497, 0.0 ], [ 9.005291, 63.62759, 0.0 ], [ 9.474538, 64.648506, 0.0 ], [ 11.411931, 66.176956, 0.0 ], [ 14.627813, 68.063446, 0.0 ], [ 18.8073, 70.123665, 0.0 ], [ 23.541431, 72.15563, 0.0 ], [ 28.366716, 73.960434, 0.0 ], [ 32.81063, 75.361435, 0.0 ], [ 36.43867, 76.22162, 0.0 ], [ 38.895153, 76.456535, 0.0 ]] 
boundary 1: [[ 39.93994, 51.95654, 0.0 ], [ 38.895123, 51.54341, 0.0 ], [ 36.438694, 51.778347, 0.0 ], [ 32.810654, 52.638634, 0.0 ], [ 28.366709, 54.039635, 0.0 ], [ 23.541466, 55.844467, 0.0 ], [ 18.807291, 57.876354, 0.0 ], [ 14.627804, 59.93646, 0.0 ], [ 11.411953, 61.823154, 0.0 ], [ 9.4745655, 63.351776, 0.0 ], [ 9.00535, 64.37278, 0.0 ], [ 10.050065, 64.78554, 0.0 ], [ 12.506615, 64.55054, 0.0 ], [ 16.134521, 63.69049, 0.0 ], [ 20.578539, 62.28924, 0.0 ], [ 25.403816, 60.48467, 0.0 ], [ 30.137953, 58.452736, 0.0 ], [ 34.317444, 56.392498, 0.0 ], [ 37.533234, 54.50593, 0.0 ], [ 39.470634, 52.977276, 0.0 ]] 
boundary 0: [[ 39.13479, 77.88217, 0.0 ], [ 38.729736, 76.83433, 0.0 ], [ 36.89094, 75.18837, 0.0 ], [ 33.798378, 73.1059, 0.0 ], [ 29.754728, 70.7905, 0.0 ], [ 25.155876, 68.46856, 0.0 ], [ 20.451927, 66.36793, 0.0 ], [ 16.103317, 64.69385, 0.0 ], [ 12.535824, 63.610203, 0.0 ], [ 10.098575, 63.223255, 0.0 ], [ 9.0301895, 63.570713, 0.0 ], [ 9.43518, 64.6188, 0.0 ], [ 11.273996, 66.26451, 0.0 ], [ 14.366621, 68.34692, 0.0 ], [ 18.41022, 70.662506, 0.0 ], [ 23.009136, 72.98433, 0.0 ], [ 27.71313, 75.08507, 0.0 ], [ 32.061543, 76.759125, 0.0 ], [ 35.62922, 77.84279, 0.0 ], [ 38.06639, 78.2297, 0.0 ]] 
boundary 1: [[ 39.13479, 50.11778, 0.0 ], [ 38.06636, 49.77027, 0.0 ], [ 35.629242, 50.157173, 0.0 ], [ 32.061577, 51.240944, 0.0 ], [ 27.713129, 52.915, 0.0 ], [ 23.009176, 55.015766, 0.0 ], [ 18.410208, 57.3375, 0.0 ], [ 14.366608, 59.65299, 0.0 ], [ 11.274027, 61.7356, 0.0 ], [ 9.435226, 63.3815, 0.0 ], [ 9.030271, 64.42964, 0.0 ], [ 10.098583, 64.77679, 0.0 ], [ 12.535818, 64.3898, 0.0 ], [ 16.103363, 63.30629, 0.0 ], [ 20.451874, 61.631985, 0.0 ], [ 25.155872, 59.53147, 0.0 ], [ 29.754803, 57.209682, 0.0 ], [ 33.798393, 54.894073, 0.0 ], [ 36.890915, 52.811592, 0.0 ], [ 38.72973, 51.165665, 0.0 ]] 
boundary 0: [[ 37.372055, 81.10427, 0.0 ], [ 37.088448, 80.017265, 0.0 ], [ 35.44818, 78.173386, 0.0 ], [ 32.611732, 75.75363, 0.0 ], [ 28.85676, 72.99459, 0.0 ], [ 24.5509, 70.16608, 0.0 ], [ 20.115528, 67.54554, 0.0 ], [ 15.984821, 65.38911, 0.0 ], [ 12.563239, 63.907864, 0.0 ], [ 10.185596, 63.247005, 0.0 ], [ 9.084702, 63.47106, 0.0 ], [ 9.368218, 64.558304, 0.0 ], [ 11.008533, 66.401955, 0.0 ], [ 13.845048, 68.82163, 0.0 ], [ 17.59995, 71.58087, 0.0 ], [ 21.905888, 74.409256, 0.0 ], [ 26.341293, 77.02992, 0.0 ], [ 30.471804, 79.18632, 0.0 ], [ 33.893562, 80.66759, 0.0 ], [ 36.27114, 81.328384, 0.0 ]] 
boundary 1: [[ 37.372047, 46.895683, 0.0 ], [ 36.27111, 46.67158, 0.0 ], [ 33.89358, 47.33237, 0.0 ], [ 30.471844, 48.81375, 0.0 ], [ 26.3413, 50.97016, 0.0 ], [ 21.90594, 53.59083, 0.0 ], [ 17.599945, 56.419147, 0.0 ], [ 13.84502, 59.17827, 0.0 ], [ 11.008576, 61.598167, 0.0 ], [ 9.3682995, 63.441982, 0.0 ], [ 9.084821, 64.52929, 0.0 ], [ 10.185611, 64.75303, 0.0 ], [ 12.563233, 64.09214, 0.0 ], [ 15.98488, 62.611042, 0.0 ], [ 20.11546, 60.454384, 0.0 ], [ 24.550903, 57.83395, 0.0 ], [ 28.856852, 55.005592, 0.0 ], [ 32.611748, 52.24634, 0.0 ], [ 35.44815, 49.826584, 0.0 ], [ 37.088432, 47.98274, 0.0 ]] 
