boundary 0: [[ 26.860096, 91.54868, 0.0 ], [ 27.091276, 90.44917, 0.0 ], [ 26.44574, 88.06735, 0.0 ], [ 24.986736, 84.63623, 0.0 ], [ 22.856949, 80.491745, 0.0 ], [ 20.265007, 76.039505, 0.0 ], [ 17.464548, 71.715454, 0.0 ], [ 14.729723, 67.942726, 0.0 ], [ 12.3281975, 65.0907, 0.0 ], [ 10.495061, 63.438587, 0.0 ], [ 9.409839, 63.147972, 0.0 ], [ 9.17864, 64.24743, 0.0 ], [ 9.824148, 66.6293, 0.0 ], [ 11.283224, 70.060356, 0.0 ], [ 13.412928, 74.204926, 0.0 ], [ 16.004925, 78.65708, 0.0 ], [ 18.805353, 82.98115, 0.0 ], [ 21.540218, 86.7539, 0.0 ], [ 23.941708, 89.605865, 0.0 ], [ 25.77483, 91.25807, 0.0 ]] 
boundary 1: [[ 26.8601, 36.45133, 0.0 ], [ 25.774836, 36.74198, 0.0 ], [ 23.941711, 38.39411, 0.0 ], [ 21.54021, 41.246124, 0.0 ], [ 18.805365, 45.01886, 0.0 ], [ 16.00492, 49.342903, 0.0 ], [ 13.412944, 53.795147, 0.0 ], [ 11.283195, 57.939606, 0.0 ], [ 9.824172, 61.370735, 0.0 ], [ 9.178643, 63.752567, 0.0 ], [ 9.409851, 64.85204, 0.0 ], [ 10.495087, 64.56144, 0.0 ], [ 12.328168, 62.909225, 0.0 ], [ 14.729734, 60.057247, 0.0 ], [ 17.464514, 56.284496, 0.0 ], [ 20.264984, 51.96044, 0.0 ], [ 22.856972, 47.50824, 0.0 ], [ 24.986694, 43.363747, 0.0 ], [ 26.445713, 39.93264, 0.0 ], [ 27.091255, 37.550797, 0.0 ]] 
boundary 0: [[ 32.37954, 87.27257, 0.0 ], [ 32.369293, 86.14908, 0.0 ], [ 31.227482, 83.96138, 0.0 ], [ 29.065905, 80.923454, 0.0 ], [ 26.096048, 77.332825, 0.0 ], [ 22.608736, 73.540825, 0.0 ], [ 18.945297, 69.91877, 0.0 ], [ 15.464309, 66.82112, 0.0 ], [ 12.506509, 64.55113, 0.0 ], [ 10.361442, 63.331085, 0.0 ], [ 9.239134, 63.280224, 0.0 ], [ 9.2493515, 64.40366, 0.0 ], [ 10.391148, 66.59144, 0.0 ], [ 12.552774, 69.629265, 0.0 ], [ 15.5225725, 73.22002, 0.0 ], [ 19.009914, 77.01192, 0.0 ], [ 22.67334, 80.633995, 0.0 ], [ 26.154358, 83.73164, 0.0 ], [ 29.112116, 86.00159, 0.0 ], [ 31.257189, 87.221725, 0.0 ]] 
boundary 1: [[ 32.37954, 40.727436, 0.0 ], [ 31.257185, 40.778328, 0.0 ], [ 29.112122, 41.998398, 0.0 ], [ 26.154346, 44.268375, 0.0 ], [ 22.673347, 47.366035, 0.0 ], [ 19.00991, 50.98807, 0.0 ], [ 15.522572, 54.78007, 0.0 ], [ 12.552755, 58.37069, 0.0 ], [ 10.391163, 61.4086, 0.0 ], [ 9.249357, 63.596317, 0.0 ], [ 9.23914, 64.71981, 0.0 ], [ 10.361461, 64.668945, 0.0 ], [ 12.506497, 63.448772, 0.0 ], [ 15.464328, 61.178852, 0.0 ], [ 18.945274, 58.081165, 0.0 ], [ 22.60873, 54.45912, 0.0 ], [ 26.096073, 50.667168, 0.0 ], [ 29.065876, 47.076508, 0.0 ], [ 31.227459, 44.038612, 0.0 ], [ 32.36927, 41.85089, 0.0 ]] 
boundary 0: [[ 35.099495, 84.300476, 0.0 ], [ 34.949615, 83.18698, 0.0 ], [ 33.544594, 81.15827, 0.0 ], [ 31.022001, 78.41274, 0.0 ], [ 27.628666, 75.21931, 0.0 ], [ 23.696846, 71.890434, 0.0 ], [ 19.6114, 68.75209, 0.0 ], [ 15.77221, 66.11138, 0.0 ], [ 12.555072, 64.22685, 0.0 ], [ 10.274932, 63.28304, 0.0 ], [ 9.15501, 63.372147, 0.0 ], [ 9.304861, 64.48559, 0.0 ], [ 10.7098675, 66.51438, 0.0 ], [ 13.232502, 69.25981, 0.0 ], [ 16.625795, 72.453354, 0.0 ], [ 20.557634, 75.78214, 0.0 ], [ 24.64307, 78.9205, 0.0 ], [ 28.48229, 81.56121, 0.0 ], [ 31.699379, 83.445694, 0.0 ], [ 33.979538, 84.3896, 0.0 ]] 
boundary 1: [[ 35.099495, 43.69954, 0.0 ], [ 33.979523, 43.610443, 0.0 ], [ 31.699387, 44.554287, 0.0 ], [ 28.482275, 46.438812, 0.0 ], [ 24.64307, 49.07953, 0.0 ], [ 20.55763, 52.217857, 0.0 ], [ 16.625786, 55.54673, 0.0 ], [ 13.23249, 58.740143, 0.0 ], [ 10.709879, 61.485653, 0.0 ], [ 9.304868, 63.514393, 0.0 ], [ 9.155011, 64.6279, 0.0 ], [ 10.274945, 64.717, 0.0 ], [ 12.555075, 63.77305, 0.0 ], [ 15.772234, 61.88859, 0.0 ], [ 19.611387, 59.24785, 0.0 ], [ 23.696848, 56.109512, 0.0 ], [ 27.62869, 52.780693, 0.0 ], [ 31.021976, 49.587227, 0.0 ], [ 33.54457, 46.84172, 0.0 ], [ 34.949593, 44.81299, 0.0 ]] 
boundary 0: [[ 37.26893, 81.26875, 0.0 ], [ 36.991882, 80.17993, 0.0 ], [ 35.36269, 78.32641, 0.0 ], [ 32.540825, 75.889496, 0.0 ], [ 28.802462, 73.107895, 0.0 ], [ 24.513601, 70.25372, 0.0 ], [ 20.094065, 67.606476, 0.0 ], [ 15.976433, 65.42525, 0.0 ], [ 12.563758, 63.923573, 0.0 ], [ 10.190136, 63.248486, 0.0 ], [ 9.087912, 63.465908, 0.0 ], [ 9.364933, 64.55471, 0.0 ], [ 10.994128, 66.40829, 0.0 ], [ 13.81601, 68.84509, 0.0 ], [ 17.554346, 71.62682, 0.0 ], [ 21.843212, 74.4809, 0.0 ], [ 26.26274, 77.12814, 0.0 ], [ 30.380405, 79.30939, 0.0 ], [ 33.79303, 80.81102, 0.0 ], [ 36.16668, 81.48622, 0.0 ]] 
boundary 1: [[ 37.268925, 46.731262, 0.0 ], [ 36.166664, 46.51383, 0.0 ], [ 33.793037, 47.18895, 0.0 ], [ 30.380388, 48.690643, 0.0 ], [ 26.262737, 50.871883, 0.0 ], [ 21.843208, 53.519096, 0.0 ], [ 17.554325, 56.373257, 0.0 ], [ 13.816004, 59.154858, 0.0 ], [ 10.994135, 61.59175, 0.0 ], [ 9.364942, 63.445274, 0.0 ], [ 9.087911, 64.53413, 0.0 ], [ 10.190143, 64.751564, 0.0 ], [ 12.563771, 64.07633, 0.0 ], [ 15.976461, 62.57472, 0.0 ], [ 20.094059, 60.39344, 0.0 ], [ 24.51361, 57.746223, 0.0 ], [ 28.802486, 54.89211, 0.0 ], [ 32.540802, 52.110466, 0.0 ], [ 35.362667, 49.673576, 0.0 ], [ 36.99186, 47.82005, 0.0 ]] 
boundary 0: [[ 39.28511, 77.56166, 0.0 ], [ 38.868614, 76.51818, 0.0 ], [ 37.011906, 74.892624, 0.0 ], [ 33.896706, 72.84397, 0.0 ], [ 29.827915, 70.572914, 0.0 ], [ 25.203873, 68.30161, 0.0 ], [ 20.477215, 66.25249, 0.0 ], [ 16.110582, 64.6261, 0.0 ], [ 12.531402, 63.581654, 0.0 ], [ 10.090077, 63.221447, 0.0 ], [ 9.025555, 63.580555, 0.0 ], [ 9.442018, 64.624016, 0.0 ], [ 11.298737, 66.24964, 0.0 ], [ 14.4139385, 68.298164, 0.0 ], [ 18.482712, 70.56935, 0.0 ], [ 23.106752, 72.84056, 0.0 ], [ 27.833397, 74.88969, 0.0 ], [ 32.200073, 76.51609, 0.0 ], [ 35.779194, 77.56051, 0.0 ], [ 38.220562, 77.92083, 0.0 ]] 
boundary 1: [[ 39.2851, 50.438362, 0.0 ], [ 38.220543, 50.079224, 0.0 ], [ 35.779205, 50.439472, 0.0 ], [ 32.20005, 51.483932, 0.0 ], [ 27.833393, 53.110332, 0.0 ], [ 23.10675, 55.15943, 0.0 ], [ 18.48268, 57.430725, 0.0 ], [ 14.4139385, 59.701775, 0.0 ], [ 11.298736, 61.75042, 0.0 ], [ 9.442027, 63.375977, 0.0 ], [ 9.02555, 64.41947, 0.0 ], [ 10.0900755, 64.77861, 0.0 ], [ 12.531429, 64.41825, 0.0 ], [ 16.110615, 63.37388, 0.0 ], [ 20.477224, 61.747433, 0.0 ], [ 25.20389, 59.69833, 0.0 ], [ 29.82794, 57.427082, 0.0 ], [ 33.896683, 55.155975, 0.0 ], [ 37.01189, 53.10735, 0.0 ], [ 38.86859, 51.481785, 0.0 ]] 
boundary 0: [[ 40.608295, 74.22211, 0.0 ], [ 40.078617, 73.23128, 0.0 ], [ 38.053047, 71.82169, 0.0 ], [ 34.72984, 70.131256, 0.0 ], [ 30.434244, 68.32554, 0.0 ], [ 25.586792, 66.58118, 0.0 ], [ 20.662004, 65.069, 0.0 ], [ 16.14191, 63.93702, 0.0 ], [ 12.468963, 63.296043, 0.0 ], [ 10.0027485, 63.208862, 0.0 ], [ 8.98463, 63.683846, 0.0 ], [ 9.514268, 64.67465, 0.0 ], [ 11.539851, 66.084305, 0.0 ], [ 14.863059, 67.77461, 0.0 ], [ 19.15866, 69.58047, 0.0 ], [ 24.006098, 71.32474, 0.0 ], [ 28.93087, 72.836914, 0.0 ], [ 33.451004, 73.9689, 0.0 ], [ 37.123894, 74.60987, 0.0 ], [ 39.590157, 74.69715, 0.0 ]] 
boundary 1: [[ 40.60828, 53.777912, 0.0 ], [ 39.59014, 53.30291, 0.0 ], [ 37.12391, 53.39012, 0.0 ], [ 33.45098, 54.03112, 0.0 ], [ 28.930862, 55.16311, 0.0 ], [ 24.006096, 56.67525, 0.0 ], [ 19.158617, 58.4196, 0.0 ], [ 14.86307, 60.22531, 0.0 ], [ 11.539844, 61.915756, 0.0 ], [ 9.514278, 63.32533, 0.0 ], [ 8.984622, 64.31619, 0.0 ], [ 10.002743, 64.7912, 0.0 ], [ 12.469001, 64.70386, 0.0 ], [ 16.141945, 64.06296, 0.0 ], [ 20.662016, 62.930916, 0.0 ], [ 25.586815, 61.418762, 0.0 ], [ 30.434269, 59.674465, 0.0 ], [ 34.72982, 57.868694, 0.0 ], [ 38.053032, 56.17827, 0.0 ], [ 40.07861, 54.76869, 0.0 ]] 
boundary 0: [[ 41.297806, 71.85585, 0.0 ], [ 40.6942, 70.90826, 0.0 ], [ 38.567135, 69.65706, 0.0 ], [ 35.12483, 68.22466, 0.0 ], [ 30.704168, 66.7514, 0.0 ], [ 25.737926, 65.38134, 0.0 ], [ 20.712263, 64.24868, 0.0 ], [ 16.119074, 63.46429, 0.0 ], [ 12.407974, 63.10495, 0.0 ], [ 9.942286, 63.20587, 0.0 ], [ 8.963305, 63.757027, 0.0 ], [ 9.566874, 64.704605, 0.0 ], [ 11.693947, 65.95588, 0.0 ], [ 15.136254, 67.38814, 0.0 ], [ 19.556932, 68.86156, 0.0 ], [ 24.523144, 70.231514, 0.0 ], [ 29.548794, 71.364174, 0.0 ], [ 34.14202, 72.14857, 0.0 ], [ 37.853065, 72.50791, 0.0 ], [ 40.31881, 72.40708, 0.0 ]] 
boundary 1: [[ 41.29779, 56.14416, 0.0 ], [ 40.31879, 55.59298, 0.0 ], [ 37.85308, 55.49208, 0.0 ], [ 34.142, 55.851456, 0.0 ], [ 29.548786, 56.63584, 0.0 ], [ 24.523144, 57.76847, 0.0 ], [ 19.556879, 59.138515, 0.0 ], [ 15.1362705, 60.611774, 0.0 ], [ 11.693936, 62.044178, 0.0 ], [ 9.566887, 63.295372, 0.0 ], [ 8.963293, 64.243004, 0.0 ], [ 9.942275, 64.79419, 0.0 ], [ 12.40802, 64.89496, 0.0 ], [ 16.119114, 64.53569, 0.0 ], [ 20.712282, 63.75124, 0.0 ], [ 25.737953, 62.6186, 0.0 ], [ 30.704193, 61.24861, 0.0 ], [ 35.124805, 59.775288, 0.0 ], [ 38.567123, 58.342907, 0.0 ], [ 40.69419, 57.091705, 0.0 ]] 
boundary 0: [[ 41.54382, 70.79865, 0.0 ], [ 40.908745, 69.87186, 0.0 ], [ 38.740875, 68.69276, 0.0 ], [ 35.25243, 67.37671, 0.0 ], [ 30.784817, 66.052666, 0.0 ], [ 25.775383, 64.85006, 0.0 ], [ 20.714535, 63.886738, 0.0 ], [ 16.0976, 63.256966, 0.0 ], [ 12.376538, 63.02239, 0.0 ], [ 9.9156275, 63.20602, 0.0 ], [ 8.955696, 63.789722, 0.0 ], [ 9.590732, 64.71651, 0.0 ], [ 11.758604, 65.89569, 0.0 ], [ 15.247046, 67.21159, 0.0 ], [ 19.714687, 68.53579, 0.0 ], [ 24.72409, 69.73827, 0.0 ], [ 29.784922, 70.701614, 0.0 ], [ 34.40188, 71.33139, 0.0 ], [ 38.122902, 71.56598, 0.0 ], [ 40.58387, 71.38242, 0.0 ]] 
boundary 1: [[ 41.543804, 57.201355, 0.0 ], [ 40.583847, 56.61763, 0.0 ], [ 38.122917, 56.434017, 0.0 ], [ 34.401855, 56.668625, 0.0 ], [ 29.784914, 57.298397, 0.0 ], [ 24.72409, 58.2617, 0.0 ], [ 19.714634, 59.464275, 0.0 ], [ 15.2470665, 60.788322, 0.0 ], [ 11.758592, 62.104374, 0.0 ], [ 9.590746, 63.283466, 0.0 ], [ 8.955683, 64.210304, 0.0 ], [ 9.91561, 64.794044, 0.0 ], [ 12.376585, 64.977516, 0.0 ], [ 16.097643, 64.74302, 0.0 ], [ 20.714558, 64.11318, 0.0 ], [ 25.77541, 63.149868, 0.0 ], [ 30.784842, 61.947353, 0.0 ], [ 35.252407, 60.623234, 0.0 ], [ 38.740868, 59.307205, 0.0 ], [ 40.908737, 58.128105, 0.0 ]] 
boundary 0: [[ 41.590767, 70.576645, 0.0 ], [ 40.949196, 69.654335, 0.0 ], [ 38.77311, 68.49048, 0.0 ], [ 35.275505, 67.19894, 0.0 ], [ 30.798714, 65.90628, 0.0 ], [ 25.780962, 64.73887, 0.0 ], [ 20.71348, 63.811073, 0.0 ], [ 16.092236, 63.213722, 0.0 ], [ 12.369616, 63.005264, 0.0 ], [ 9.910059, 63.20616, 0.0 ], [ 8.954244, 63.796585, 0.0 ], [ 9.595769, 64.718895, 0.0 ], [ 11.771864, 65.882835, 0.0 ], [ 15.269457, 67.174225, 0.0 ], [ 19.746277, 68.46704, 0.0 ], [ 24.764002, 69.63433, 0.0 ], [ 29.831463, 70.56213, 0.0 ], [ 34.45272, 71.1595, 0.0 ], [ 38.175316, 71.367966, 0.0 ], [ 40.634933, 71.167145, 0.0 ]] 
boundary 1: [[ 41.59075, 57.42336, 0.0 ], [ 40.634907, 56.832916, 0.0 ], [ 38.17533, 56.632034, 0.0 ], [ 34.452698, 56.840523, 0.0 ], [ 29.831455, 57.437874, 0.0 ], [ 24.764002, 58.365643, 0.0 ], [ 19.746223, 59.53303, 0.0 ], [ 15.269476, 60.82569, 0.0 ], [ 11.771852, 62.11723, 0.0 ], [ 9.595783, 63.28108, 0.0 ], [ 8.95423, 64.20345, 0.0 ], [ 9.910039, 64.79391, 0.0 ], [ 12.369662, 64.99464, 0.0 ], [ 16.092278, 64.78626, 0.0 ], [ 20.713503, 64.18881, 0.0 ], [ 25.780989, 63.26107, 0.0 ], [ 30.798738, 62.093735, 0.0 ], [ 35.275482, 60.801006, 0.0 ], [ 38.7731, 59.50949, 0.0 ], [ 40.94919, 58.345634, 0.0 ]] 
boundary 0: [[ 41.52423, 70.88918, 0.0 ], [ 40.891796, 69.96058, 0.0 ], [ 38.72732, 68.775276, 0.0 ], [ 35.24265, 67.44924, 0.0 ], [ 30.778849, 66.112404, 0.0 ], [ 25.77288, 64.895454, 0.0 ], [ 20.714819, 63.91762, 0.0 ], [ 16.099705, 63.274628, 0.0 ], [ 12.379328, 63.029392, 0.0 ], [ 9.917903, 63.20597, 0.0 ], [ 8.956301, 63.78691, 0.0 ], [ 9.58868, 64.71553, 0.0 ], [ 11.753167, 65.90091, 0.0 ], [ 15.237827, 67.22681, 0.0 ], [ 19.701649, 68.56381, 0.0 ], [ 24.707592, 69.780624, 0.0 ], [ 29.765636, 70.75847, 0.0 ], [ 34.38076, 71.401474, 0.0 ], [ 38.10112, 71.64671, 0.0 ], [ 40.562607, 71.470215, 0.0 ]] 
boundary 1: [[ 41.524216, 57.110817, 0.0 ], [ 40.562584, 56.52985, 0.0 ], [ 38.101135, 56.353287, 0.0 ], [ 34.380737, 56.59855, 0.0 ], [ 29.765629, 57.241543, 0.0 ], [ 24.707592, 58.219345, 0.0 ], [ 19.701595, 59.43627, 0.0 ], [ 15.237846, 60.773113, 0.0 ], [ 11.753154, 62.099155, 0.0 ], [ 9.588695, 63.28445, 0.0 ], [ 8.956289, 64.21313, 0.0 ], [ 9.917886, 64.79409, 0.0 ], [ 12.379374, 64.97052, 0.0 ], [ 16.099747, 64.725365, 0.0 ], [ 20.71484, 64.08226, 0.0 ], [ 25.772907, 63.10449, 0.0 ], [ 30.778873, 61.887623, 0.0 ], [ 35.242626, 60.55071, 0.0 ], [ 38.727314, 59.224693, 0.0 ], [ 40.89179, 58.039383, 0.0 ]] 
boundary 0: [[ 41.356323, 71.618484, 0.0 ], [ 40.745533, 70.67548, 0.0 ], [ 38.60907, 69.4404, 0.0 ], [ 35.156033, 68.03407, 0.0 ], [ 30.72437, 66.59428, 0.0 ], [ 25.747906, 65.261795, 0.0 ], [ 20.713837, 64.16718, 0.0 ], [ 16.11484, 63.417538, 0.0 ], [ 12.4011345, 63.08626, 0.0 ], [ 9.936284, 63.205837, 0.0 ], [ 8.961494, 63.764355, 0.0 ], [ 9.572212, 64.70736, 0.0 ], [ 11.708684, 65.94252, 0.0 ], [ 15.161722, 67.34873, 0.0 ], [ 19.593414, 68.78867, 0.0 ], [ 24.569843, 70.12101, 0.0 ], [ 29.603895, 71.21565, 0.0 ], [ 34.202908, 71.9653, 0.0 ], [ 37.916595, 72.29658, 0.0 ], [ 40.38151, 72.17709, 0.0 ]] 
boundary 1: [[ 41.356308, 56.38153, 0.0 ], [ 40.38149, 55.822968, 0.0 ], [ 37.91661, 55.70343, 0.0 ], [ 34.202885, 56.03472, 0.0 ], [ 29.603888, 56.784355, 0.0 ], [ 24.569843, 57.87896, 0.0 ], [ 19.59336, 59.211422, 0.0 ], [ 15.161741, 60.651215, 0.0 ], [ 11.708673, 62.05755, 0.0 ], [ 9.572227, 63.29262, 0.0 ], [ 8.961483, 64.23569, 0.0 ], [ 9.936267, 64.794235, 0.0 ], [ 12.401179, 64.91364, 0.0 ], [ 16.114882, 64.58246, 0.0 ], [ 20.713852, 63.832706, 0.0 ], [ 25.747929, 62.73814, 0.0 ], [ 30.724394, 61.40574, 0.0 ], [ 35.15601, 59.965878, 0.0 ], [ 38.609062, 58.559566, 0.0 ], [ 40.745525, 57.32448, 0.0 ]] 
boundary 0: [[ 41.044823, 72.80455, 0.0 ], [ 40.47023, 71.839066, 0.0 ], [ 38.382153, 70.52386, 0.0 ], [ 34.98493, 68.98761, 0.0 ], [ 30.611046, 67.38081, 0.0 ], [ 25.688684, 65.860565, 0.0 ], [ 20.699738, 64.57586, 0.0 ], [ 16.132483, 63.65236, 0.0 ], [ 12.43401, 63.1805, 0.0 ], [ 9.966396, 63.20652, 0.0 ], [ 8.971129, 63.727673, 0.0 ], [ 9.545648, 64.69316, 0.0 ], [ 11.633746, 66.008446, 0.0 ], [ 15.030977, 67.544586, 0.0 ], [ 19.404875, 69.15153, 0.0 ], [ 24.32721, 70.67162, 0.0 ], [ 29.316128, 71.95637, 0.0 ], [ 33.883408, 72.87987, 0.0 ], [ 37.581863, 73.35174, 0.0 ], [ 40.04953, 73.3258, 0.0 ]] 
boundary 1: [[ 41.044807, 55.195454, 0.0 ], [ 40.049507, 54.67426, 0.0 ], [ 37.58188, 54.648277, 0.0 ], [ 33.883385, 55.120155, 0.0 ], [ 29.31612, 56.043636, 0.0 ], [ 24.327206, 57.328346, 0.0 ], [ 19.404827, 58.848557, 0.0 ], [ 15.0309925, 60.455368, 0.0 ], [ 11.633736, 61.991627, 0.0 ], [ 9.545662, 63.306828, 0.0 ], [ 8.971118, 64.27237, 0.0 ], [ 9.966381, 64.79355, 0.0 ], [ 12.434051, 64.819405, 0.0 ], [ 16.132524, 64.34764, 0.0 ], [ 20.699749, 63.424034, 0.0 ], [ 25.688704, 62.13936, 0.0 ], [ 30.61107, 60.619217, 0.0 ], [ 34.9849, 59.01234, 0.0 ], [ 38.382145, 57.476097, 0.0 ], [ 40.470222, 56.160885, 0.0 ]] 
boundary 0: [[ 40.5074, 74.520065, 0.0 ], [ 39.987343, 73.52415, 0.0 ], [ 37.975594, 72.09491, 0.0 ], [ 34.669014, 70.37222, 0.0 ], [ 30.39119, 68.52482, 0.0 ], [ 25.560928, 66.733345, 0.0 ], [ 20.651089, 65.173355, 0.0 ], [ 16.142225, 63.997437, 0.0 ], [ 12.475692, 63.320744, 0.0 ], [ 10.010446, 63.20959, 0.0 ], [ 8.987753, 63.674614, 0.0 ], [ 9.507723, 64.67054, 0.0 ], [ 11.519492, 66.09985, 0.0 ], [ 14.826099, 67.82242, 0.0 ], [ 19.103924, 69.66999, 0.0 ], [ 23.93416, 71.461296, 0.0 ], [ 28.843971, 73.02135, 0.0 ], [ 33.35286, 74.19725, 0.0 ], [ 37.019375, 74.87393, 0.0 ], [ 39.48467, 74.98519, 0.0 ]] 
boundary 1: [[ 40.507385, 53.479935, 0.0 ], [ 39.484653, 53.014862, 0.0 ], [ 37.019398, 53.126076, 0.0 ], [ 33.352837, 53.802773, 0.0 ], [ 28.843964, 54.978672, 0.0 ], [ 23.934155, 56.538673, 0.0 ], [ 19.103878, 58.33011, 0.0 ], [ 14.82611, 60.177525, 0.0 ], [ 11.519484, 61.900223, 0.0 ], [ 9.507736, 63.32944, 0.0 ], [ 8.987743, 64.32543, 0.0 ], [ 10.010435, 64.790474, 0.0 ], [ 12.475728, 64.67914, 0.0 ], [ 16.142267, 64.00258, 0.0 ], [ 20.651096, 62.826546, 0.0 ], [ 25.56094, 61.26658, 0.0 ], [ 30.391214, 59.47521, 0.0 ], [ 34.668976, 57.62772, 0.0 ], [ 37.975586, 55.90504, 0.0 ], [ 39.987335, 54.47581, 0.0 ]] 
boundary 0: [[ 39.670216, 76.69502, 0.0 ], [ 39.223248, 75.66421, 0.0 ], [ 37.31967, 74.09379, 0.0 ], [ 34.145767, 72.1374, 0.0 ], [ 30.012121, 69.986664, 0.0 ], [ 25.323448, 67.851906, 0.0 ], [ 20.53873, 65.942314, 0.0 ], [ 16.126278, 64.444664, 0.0 ], [ 12.518015, 63.50563, 0.0 ], [ 10.067179, 63.217197, 0.0 ], [ 9.013646, 63.60735, 0.0 ], [ 9.460529, 64.63814, 0.0 ], [ 11.364119, 66.20865, 0.0 ], [ 14.538061, 68.16492, 0.0 ], [ 18.671688, 70.31583, 0.0 ], [ 23.360348, 72.4504, 0.0 ], [ 28.145037, 74.36005, 0.0 ], [ 32.557518, 75.85768, 0.0 ], [ 36.165764, 76.7967, 0.0 ], [ 38.616623, 77.08526, 0.0 ]] 
boundary 1: [[ 39.6702, 51.305, 0.0 ], [ 38.61663, 50.914803, 0.0 ], [ 36.165787, 51.2033, 0.0 ], [ 32.557495, 52.142334, 0.0 ], [ 28.14503, 53.63996, 0.0 ], [ 23.360344, 55.549572, 0.0 ], [ 18.671654, 57.68428, 0.0 ], [ 14.538065, 59.835026, 0.0 ], [ 11.364115, 61.791424, 0.0 ], [ 9.460541, 63.36184, 0.0 ], [ 9.013639, 64.39271, 0.0 ], [ 10.067175, 64.78287, 0.0 ], [ 12.518043, 64.49424, 0.0 ], [ 16.12632, 63.55534, 0.0 ], [ 20.538729, 62.057587, 0.0 ], [ 25.323456, 60.148018, 0.0 ], [ 30.012148, 58.013374, 0.0 ], [ 34.14573, 55.862556, 0.0 ], [ 37.319664, 53.906174, 0.0 ], [ 39.22324, 52.335747, 0.0 ]] 
boundary 0: [[ 38.57984, 78.99412, 0.0 ], [ 38.215317, 77.93134, 0.0 ], [ 36.441124, 76.216095, 0.0 ], [ 33.4309, 74.01619, 0.0 ], [ 29.479174, 71.54706, 0.0 ], [ 24.972895, 69.0502, 0.0 ], [ 20.353157, 66.77027, 0.0 ], [ 16.072136, 64.930275, 0.0 ], [ 12.548887, 63.710415, 0.0 ], [ 10.128321, 63.23014, 0.0 ], [ 9.047372, 63.53624, 0.0 ], [ 9.411812, 64.598976, 0.0 ], [ 11.1860075, 66.31432, 0.0 ], [ 14.196287, 68.514114, 0.0 ], [ 18.147976, 70.98344, 0.0 ], [ 22.654259, 73.480095, 0.0 ], [ 27.273966, 75.76008, 0.0 ], [ 31.555014, 77.60006, 0.0 ], [ 35.078243, 78.8199, 0.0 ], [ 37.498817, 79.3003, 0.0 ]] 
boundary 1: [[ 38.579826, 49.005905, 0.0 ], [ 37.498837, 48.69976, 0.0 ], [ 35.078266, 49.180096, 0.0 ], [ 31.55499, 50.399967, 0.0 ], [ 27.27396, 52.239933, 0.0 ], [ 22.654251, 54.519882, 0.0 ], [ 18.147947, 57.016685, 0.0 ], [ 14.196286, 59.485817, 0.0 ], [ 11.18601, 61.685757, 0.0 ], [ 9.411822, 63.401, 0.0 ], [ 9.047369, 64.463806, 0.0 ], [ 10.128323, 64.76992, 0.0 ], [ 12.548904, 64.28945, 0.0 ], [ 16.072178, 63.069717, 0.0 ], [ 20.353146, 61.229626, 0.0 ], [ 24.972893, 58.949715, 0.0 ], [ 29.479202, 56.45298, 0.0 ], [ 33.43085, 53.98376, 0.0 ], [ 36.441116, 51.783855, 0.0 ], [ 38.2153, 50.06861, 0.0 ]] 
boundary 0: [[ 37.226654, 81.33552, 0.0 ], [ 36.95221, 80.24601, 0.0 ], [ 35.32756, 78.388504, 0.0 ], [ 32.511703, 75.94473, 0.0 ], [ 28.780128, 73.15401, 0.0 ], [ 24.498264, 70.28932, 0.0 ], [ 20.085209, 67.63132, 0.0 ], [ 15.972923, 65.44001, 0.0 ], [ 12.563936, 63.929996, 0.0 ], [ 10.191973, 63.24913, 0.0 ], [ 9.089225, 63.463825, 0.0 ], [ 9.363582, 64.55331, 0.0 ], [ 10.988228, 66.41092, 0.0 ], [ 13.804153, 68.85455, 0.0 ], [ 17.535667, 71.64548, 0.0 ], [ 21.817554, 74.50995, 0.0 ], [ 26.230577, 77.168015, 0.0 ], [ 30.342886, 79.359314, 0.0 ], [ 33.751854, 80.869316, 0.0 ], [ 36.123817, 81.55029, 0.0 ]] 
boundary 1: [[ 37.22664, 46.664497, 0.0 ], [ 36.123844, 46.449757, 0.0 ], [ 33.751877, 47.13069, 0.0 ], [ 30.342865, 48.640717, 0.0 ], [ 26.230572, 50.83199, 0.0 ], [ 21.817545, 53.49001, 0.0 ], [ 17.535652, 56.354652, 0.0 ], [ 13.804146, 59.145374, 0.0 ], [ 10.988238, 61.589172, 0.0 ], [ 9.36359, 63.446674, 0.0 ], [ 9.089227, 64.536224, 0.0 ], [ 10.191978, 64.75093, 0.0 ], [ 12.563944, 64.06986, 0.0 ], [ 15.972963, 62.559967, 0.0 ], [ 20.08519, 60.368584, 0.0 ], [ 24.498253, 57.710598, 0.0 ], [ 28.780159, 54.846016, 0.0 ], [ 32.51165, 52.055214, 0.0 ], [ 35.327553, 49.611454, 0.0 ], [ 36.952187, 47.753944, 0.0 ]] 
boundary 0: [[ 35.73593, 83.48518, 0.0 ], [ 35.55045, 82.377045, 0.0 ], [ 34.081287, 80.39427, 0.0 ], [ 31.472193, 77.73086, 0.0 ], [ 27.97844, 74.64761, 0.0 ], [ 23.942165, 71.44617, 0.0 ], [ 19.758427, 68.4401, 0.0 ], [ 15.836747, 65.92354, 0.0 ], [ 12.5609865, 64.14288, 0.0 ], [ 10.251828, 63.2725, 0.0 ], [ 9.135331, 63.397343, 0.0 ], [ 9.320717, 64.50544, 0.0 ], [ 10.789877, 66.488304, 0.0 ], [ 13.399046, 69.15157, 0.0 ], [ 16.892727, 72.23502, 0.0 ], [ 20.929043, 75.43627, 0.0 ], [ 25.112743, 78.44238, 0.0 ], [ 29.034449, 80.95894, 0.0 ], [ 32.31019, 82.73959, 0.0 ], [ 34.619343, 83.61009, 0.0 ]] 
boundary 1: [[ 35.735924, 44.51485, 0.0 ], [ 34.61937, 44.389957, 0.0 ], [ 32.31021, 45.260418, 0.0 ], [ 29.034428, 47.04108, 0.0 ], [ 25.11274, 49.55762, 0.0 ], [ 20.929031, 52.56369, 0.0 ], [ 16.892727, 55.7651, 0.0 ], [ 13.399031, 58.848347, 0.0 ], [ 10.789894, 61.51178, 0.0 ], [ 9.3207245, 63.49454, 0.0 ], [ 9.135337, 64.60271, 0.0 ], [ 10.251837, 64.72757, 0.0 ], [ 12.560983, 63.85697, 0.0 ], [ 15.836784, 62.07644, 0.0 ], [ 19.758404, 59.55979, 0.0 ], [ 23.94215, 56.553753, 0.0 ], [ 27.978474, 53.35241, 0.0 ], [ 31.47214, 50.26908, 0.0 ], [ 34.08128, 47.605686, 0.0 ], [ 35.550426, 45.622917, 0.0 ]] 
boundary 0: [[ 34.22751, 85.336365, 0.0 ], [ 34.124313, 84.21755, 0.0 ], [ 32.805496, 82.13175, 0.0 ], [ 30.400078, 79.28304, 0.0 ], [ 27.1434, 75.95035, 0.0 ], [ 23.354412, 72.459755, 0.0 ], [ 19.40394, 69.15312, 0.0 ], [ 15.678688, 66.35397, 0.0 ], [ 12.543279, 64.33642, 0.0 ], [ 10.30465, 63.29799, 0.0 ], [ 9.181985, 63.340088, 0.0 ], [ 9.285085, 64.458855, 0.0 ], [ 10.603899, 66.54473, 0.0 ], [ 13.009396, 69.393295, 0.0 ], [ 16.265982, 72.72617, 0.0 ], [ 20.055023, 76.216606, 0.0 ], [ 24.005459, 79.52327, 0.0 ], [ 27.730738, 82.3224, 0.0 ], [ 30.866125, 84.339966, 0.0 ], [ 33.104736, 85.378525, 0.0 ]] 
boundary 1: [[ 34.227505, 42.663677, 0.0 ], [ 33.104767, 42.621536, 0.0 ], [ 30.86615, 43.66005, 0.0 ], [ 27.730719, 45.677612, 0.0 ], [ 24.005455, 48.47673, 0.0 ], [ 20.055012, 51.783363, 0.0 ], [ 16.265987, 55.273933, 0.0 ], [ 13.009371, 58.606617, 0.0 ], [ 10.60392, 61.455353, 0.0 ], [ 9.2850895, 63.54113, 0.0 ], [ 9.181994, 64.65997, 0.0 ], [ 10.304666, 64.70208, 0.0 ], [ 12.543261, 63.663433, 0.0 ], [ 15.678722, 61.64599, 0.0 ], [ 19.403908, 58.846783, 0.0 ], [ 23.354393, 55.54017, 0.0 ], [ 27.143435, 52.049664, 0.0 ], [ 30.40002, 48.7169, 0.0 ], [ 32.80549, 45.868202, 0.0 ], [ 34.12429, 43.78242, 0.0 ]] 
boundary 0: [[ 31.464952, 88.12128, 0.0 ], [ 31.497988, 86.99822, 0.0 ], [ 30.441465, 84.76806, 0.0 ], [ 28.398716, 81.649025, 0.0 ], [ 25.569592, 77.94648, 0.0 ], [ 22.231188, 74.022736, 0.0 ], [ 18.710215, 70.26206, 0.0 ], [ 15.351345, 67.032394, 0.0 ], [ 12.483332, 64.649994, 0.0 ], [ 10.3869295, 63.348114, 0.0 ], [ 9.267427, 63.253956, 0.0 ], [ 9.234289, 64.376976, 0.0 ], [ 10.290804, 66.607216, 0.0 ], [ 12.333643, 69.7261, 0.0 ], [ 15.162661, 73.428825, 0.0 ], [ 18.501137, 77.3524, 0.0 ], [ 22.022076, 81.11313, 0.0 ], [ 25.380966, 84.34277, 0.0 ], [ 28.248959, 86.725174, 0.0 ], [ 30.34533, 88.02716, 0.0 ]] 
boundary 1: [[ 31.464952, 39.87875, 0.0 ], [ 30.345367, 39.972885, 0.0 ], [ 28.248983, 41.274837, 0.0 ], [ 25.380947, 43.657238, 0.0 ], [ 22.022072, 46.88688, 0.0 ], [ 18.501125, 50.647568, 0.0 ], [ 15.162682, 54.57129, 0.0 ], [ 12.333611, 58.27381, 0.0 ], [ 10.290835, 61.39287, 0.0 ], [ 9.234293, 63.623005, 0.0 ], [ 9.267445, 64.7461, 0.0 ], [ 10.386953, 64.65194, 0.0 ], [ 12.483294, 63.349854, 0.0 ], [ 15.351372, 60.967564, 0.0 ], [ 18.710169, 57.73785, 0.0 ], [ 22.231155, 53.977177, 0.0 ], [ 25.569626, 50.05352, 0.0 ], [ 28.398655, 46.350925, 0.0 ], [ 30.44145, 43.231895, 0.0 ], [ 31.497965, 41.001762, 0.0 ]] 
boundary 0: [[ 26.231838, 91.92499, 0.0 ], [ 26.487791, 90.831, 0.0 ], [ 25.896406, 88.435135, 0.0 ], [ 24.515491, 84.971855, 0.0 ], [ 22.480106, 80.78021, 0.0 ], [ 19.989674, 76.27039, 0.0 ], [ 17.28786, 71.88403, 0.0 ], [ 14.639196, 68.05032, 0.0 ], [ 12.302886, 65.14464, 0.0 ], [ 10.507629, 63.45147, 0.0 ], [ 9.429282, 63.136322, 0.0 ], [ 9.173233, 64.23026, 0.0 ], [ 9.764598, 66.626205, 0.0 ], [ 11.145634, 70.08933, 0.0 ], [ 13.180876, 74.28115, 0.0 ], [ 15.671408, 78.790825, 0.0 ], [ 18.37318, 83.177216, 0.0 ], [ 21.021866, 87.0109, 0.0 ], [ 23.358158, 89.91658, 0.0 ], [ 25.153366, 91.60986, 0.0 ]] 
boundary 1: [[ 26.231844, 36.075035, 0.0 ], [ 25.153412, 36.390182, 0.0 ], [ 23.358185, 38.08342, 0.0 ], [ 21.021847, 40.989105, 0.0 ], [ 18.373177, 44.822792, 0.0 ], [ 15.671396, 49.209156, 0.0 ], [ 13.18092, 53.71896, 0.0 ], [ 11.145584, 57.910583, 0.0 ], [ 9.764647, 61.373882, 0.0 ], [ 9.173233, 63.76972, 0.0 ], [ 9.429309, 64.86373, 0.0 ], [ 10.507663, 64.54858, 0.0 ], [ 12.30282, 62.855225, 0.0 ], [ 14.639215, 59.94963, 0.0 ], [ 17.287802, 56.115894, 0.0 ], [ 19.98963, 51.729538, 0.0 ], [ 22.48014, 47.219788, 0.0 ], [ 24.515419, 43.028095, 0.0 ], [ 25.896381, 39.56482, 0.0 ], [ 26.487766, 37.16899, 0.0 ]] 
boundary 0: [[ 26.859858, 91.54885, 0.0 ], [ 27.090977, 90.44935, 0.0 ], [ 26.445503, 88.06748, 0.0 ], [ 24.986538, 84.63635, 0.0 ], [ 22.85678, 80.49187, 0.0 ], [ 20.264885, 76.03958, 0.0 ], [ 17.464462, 71.715515, 0.0 ], [ 14.729686, 67.94275, 0.0 ], [ 12.328192, 65.0907, 0.0 ], [ 10.495064, 63.43861, 0.0 ], [ 9.409859, 63.147953, 0.0 ], [ 9.17864, 64.24741, 0.0 ], [ 9.824096, 66.62935, 0.0 ], [ 11.28318, 70.060326, 0.0 ], [ 13.412799, 74.204994, 0.0 ], [ 16.004787, 78.65713, 0.0 ], [ 18.805172, 82.98123, 0.0 ], [ 21.53997, 86.75397, 0.0 ], [ 23.941444, 89.60601, 0.0 ], [ 25.774527, 91.258224, 0.0 ]] 
boundary 1: [[ 26.859861, 36.45117, 0.0 ], [ 25.77457, 36.74183, 0.0 ], [ 23.941471, 38.39399, 0.0 ], [ 21.539951, 41.246037, 0.0 ], [ 18.805168, 45.018776, 0.0 ], [ 16.004776, 49.34285, 0.0 ], [ 13.41284, 53.795116, 0.0 ], [ 11.283133, 57.93959, 0.0 ], [ 9.824142, 61.370735, 0.0 ], [ 9.178641, 63.75257, 0.0 ], [ 9.4098835, 64.8521, 0.0 ], [ 10.495096, 64.56144, 0.0 ], [ 12.32813, 62.90916, 0.0 ], [ 14.729706, 60.057205, 0.0 ], [ 17.464405, 56.284412, 0.0 ], [ 20.264843, 51.96035, 0.0 ], [ 22.856813, 47.508137, 0.0 ], [ 24.986465, 43.363594, 0.0 ], [ 26.44548, 39.932472, 0.0 ], [ 27.090952, 37.550644, 0.0 ]] 
boundary 0: [[ 32.37934, 87.2728, 0.0 ], [ 32.36903, 86.14931, 0.0 ], [ 31.227278, 83.96156, 0.0 ], [ 29.06574, 80.92363, 0.0 ], [ 26.095907, 77.33298, 0.0 ], [ 22.608635, 73.540924, 0.0 ], [ 18.945225, 69.91886, 0.0 ], [ 15.464281, 66.82116, 0.0 ], [ 12.506503, 64.55113, 0.0 ], [ 10.361447, 63.33111, 0.0 ], [ 9.239147, 63.2802, 0.0 ], [ 9.249349, 64.40365, 0.0 ], [ 10.391105, 66.5915, 0.0 ], [ 12.552727, 69.62925, 0.0 ], [ 15.522461, 73.2201, 0.0 ], [ 19.00979, 77.01198, 0.0 ], [ 22.673168, 80.63408, 0.0 ], [ 26.154133, 83.731766, 0.0 ], [ 29.111887, 86.001785, 0.0 ], [ 31.25693, 87.22194, 0.0 ]] 
boundary 1: [[ 32.37934, 40.727226, 0.0 ], [ 31.256956, 40.778122, 0.0 ], [ 29.111912, 41.99823, 0.0 ], [ 26.154114, 44.268234, 0.0 ], [ 22.673164, 47.36592, 0.0 ], [ 19.009787, 50.987984, 0.0 ], [ 15.522478, 54.780014, 0.0 ], [ 12.552698, 58.370663, 0.0 ], [ 10.391133, 61.40859, 0.0 ], [ 9.249354, 63.59632, 0.0 ], [ 9.2391615, 64.71987, 0.0 ], [ 10.361468, 64.66896, 0.0 ], [ 12.506474, 63.448704, 0.0 ], [ 15.464308, 61.178806, 0.0 ], [ 18.945183, 58.08105, 0.0 ], [ 22.608608, 54.458996, 0.0 ], [ 26.095938, 50.66703, 0.0 ], [ 29.065681, 47.07631, 0.0 ], [ 31.227266, 44.0384, 0.0 ], [ 32.36901, 41.850677, 0.0 ]] 
boundary 0: [[ 35.099327, 84.30072, 0.0 ], [ 34.94938, 83.18723, 0.0 ], [ 33.54442, 81.15848, 0.0 ], [ 31.021858, 78.412926, 0.0 ], [ 27.628546, 75.21948, 0.0 ], [ 23.696758, 71.89056, 0.0 ], [ 19.611338, 68.75219, 0.0 ], [ 15.772188, 66.11142, 0.0 ], [ 12.555066, 64.22685, 0.0 ], [ 10.2749405, 63.283062, 0.0 ], [ 9.155021, 63.372116, 0.0 ], [ 9.304857, 64.48557, 0.0 ], [ 10.709833, 66.51444, 0.0 ], [ 13.232454, 69.2598, 0.0 ], [ 16.625694, 72.45346, 0.0 ], [ 20.557518, 75.78222, 0.0 ], [ 24.642908, 78.92061, 0.0 ], [ 28.48208, 81.56135, 0.0 ], [ 31.699177, 83.445915, 0.0 ], [ 33.979313, 84.38985, 0.0 ]] 
boundary 1: [[ 35.099327, 43.699303, 0.0 ], [ 33.979324, 43.61022, 0.0 ], [ 31.6992, 44.5541, 0.0 ], [ 28.482063, 46.438644, 0.0 ], [ 24.642904, 49.07939, 0.0 ], [ 20.557518, 52.21776, 0.0 ], [ 16.625698, 55.54667, 0.0 ], [ 13.232435, 58.74011, 0.0 ], [ 10.709849, 61.48564, 0.0 ], [ 9.304865, 63.514397, 0.0 ], [ 9.155026, 64.62796, 0.0 ], [ 10.274951, 64.71702, 0.0 ], [ 12.5550585, 63.77298, 0.0 ], [ 15.772218, 61.888546, 0.0 ], [ 19.611313, 59.247726, 0.0 ], [ 23.696743, 56.109375, 0.0 ], [ 27.628574, 52.780537, 0.0 ], [ 31.02181, 49.587006, 0.0 ], [ 33.54442, 46.84149, 0.0 ], [ 34.949364, 44.812744, 0.0 ]] 
boundary 0: [[ 37.268803, 81.26901, 0.0 ], [ 36.991676, 80.18021, 0.0 ], [ 35.362534, 78.326645, 0.0 ], [ 32.54071, 75.889694, 0.0 ], [ 28.80236, 73.108086, 0.0 ], [ 24.513529, 70.25385, 0.0 ], [ 20.09402, 67.60661, 0.0 ], [ 15.976416, 65.425285, 0.0 ], [ 12.563752, 63.923573, 0.0 ], [ 10.1901455, 63.248505, 0.0 ], [ 9.087921, 63.465874, 0.0 ], [ 9.364928, 64.554695, 0.0 ], [ 10.9941025, 66.408356, 0.0 ], [ 13.815963, 68.84509, 0.0 ], [ 17.554264, 71.62694, 0.0 ], [ 21.84311, 74.481, 0.0 ], [ 26.262592, 77.128265, 0.0 ], [ 30.380215, 79.30955, 0.0 ], [ 33.792847, 80.81128, 0.0 ], [ 36.16648, 81.48649, 0.0 ]] 
boundary 1: [[ 37.268803, 46.73101, 0.0 ], [ 36.16648, 46.51359, 0.0 ], [ 33.79287, 47.188736, 0.0 ], [ 30.380198, 48.690445, 0.0 ], [ 26.262589, 50.87173, 0.0 ], [ 21.843113, 53.518986, 0.0 ], [ 17.55425, 56.373188, 0.0 ], [ 13.815953, 59.15482, 0.0 ], [ 10.994107, 61.59174, 0.0 ], [ 9.364938, 63.44528, 0.0 ], [ 9.087918, 64.53419, 0.0 ], [ 10.1901455, 64.75158, 0.0 ], [ 12.563764, 64.07626, 0.0 ], [ 15.97645, 62.574673, 0.0 ], [ 20.094002, 60.393314, 0.0 ], [ 24.51352, 57.74608, 0.0 ], [ 28.802387, 54.891937, 0.0 ], [ 32.54067, 52.11022, 0.0 ], [ 35.362534, 49.67332, 0.0 ], [ 36.99166, 47.819786, 0.0 ]] 
boundary 0: [[ 39.285007, 77.56193, 0.0 ], [ 38.868454, 76.51849, 0.0 ], [ 37.01178, 74.892876, 0.0 ], [ 33.896618, 72.84419, 0.0 ], [ 29.82784, 70.573135, 0.0 ], [ 25.20382, 68.30174, 0.0 ], [ 20.477188, 66.252625, 0.0 ], [ 16.110569, 64.62614, 0.0 ], [ 12.531396, 63.581654, 0.0 ], [ 10.090088, 63.221466, 0.0 ], [ 9.02556, 63.58052, 0.0 ], [ 9.44201, 64.624, 0.0 ], [ 11.298718, 66.24971, 0.0 ], [ 14.413891, 68.298164, 0.0 ], [ 18.482647, 70.56947, 0.0 ], [ 23.106663, 72.840675, 0.0 ], [ 27.833267, 74.88984, 0.0 ], [ 32.199905, 76.5163, 0.0 ], [ 35.77905, 77.56078, 0.0 ], [ 38.22039, 77.921104, 0.0 ]] 
boundary 1: [[ 39.285007, 50.438087, 0.0 ], [ 38.220375, 50.078964, 0.0 ], [ 35.77907, 50.43923, 0.0 ], [ 32.199883, 51.483707, 0.0 ], [ 27.833265, 53.11016, 0.0 ], [ 23.106667, 55.1593, 0.0 ], [ 18.482616, 57.430645, 0.0 ], [ 14.413893, 59.701736, 0.0 ], [ 11.29871, 61.750404, 0.0 ], [ 9.442023, 63.37598, 0.0 ], [ 9.025549, 64.41953, 0.0 ], [ 10.090076, 64.778625, 0.0 ], [ 12.531429, 64.41818, 0.0 ], [ 16.110607, 63.373833, 0.0 ], [ 20.477173, 61.7473, 0.0 ], [ 25.20382, 59.698174, 0.0 ], [ 29.827866, 57.4269, 0.0 ], [ 33.896587, 55.155724, 0.0 ], [ 37.011787, 53.107082, 0.0 ], [ 38.86844, 51.481503, 0.0 ]] 
boundary 0: [[ 40.608223, 74.22239, 0.0 ], [ 40.07849, 73.231606, 0.0 ], [ 38.05296, 71.82195, 0.0 ], [ 34.729782, 70.131485, 0.0 ], [ 30.434193, 68.32576, 0.0 ], [ 25.58675, 66.58131, 0.0 ], [ 20.661991, 65.069145, 0.0 ], [ 16.1419, 63.937057, 0.0 ], [ 12.468957, 63.296043, 0.0 ], [ 10.002763, 63.20888, 0.0 ], [ 8.984632, 63.68381, 0.0 ], [ 9.514257, 64.67464, 0.0 ], [ 11.539842, 66.08437, 0.0 ], [ 14.863015, 67.77464, 0.0 ], [ 19.15861, 69.5806, 0.0 ], [ 24.00602, 71.324875, 0.0 ], [ 28.930756, 72.83707, 0.0 ], [ 33.450863, 73.96912, 0.0 ], [ 37.12376, 74.610146, 0.0 ], [ 39.59002, 74.697426, 0.0 ]] 
boundary 1: [[ 40.608223, 53.77763, 0.0 ], [ 39.590004, 53.30262, 0.0 ], [ 37.123783, 53.38987, 0.0 ], [ 33.45084, 54.030876, 0.0 ], [ 28.930754, 55.162918, 0.0 ], [ 24.006023, 56.675117, 0.0 ], [ 19.158566, 58.41952, 0.0 ], [ 14.8630295, 60.22527, 0.0 ], [ 11.539821, 61.91574, 0.0 ], [ 9.514275, 63.325333, 0.0 ], [ 8.984613, 64.31625, 0.0 ], [ 10.002738, 64.791214, 0.0 ], [ 12.4690075, 64.70379, 0.0 ], [ 16.141941, 64.06291, 0.0 ], [ 20.661983, 62.93077, 0.0 ], [ 25.586758, 61.418602, 0.0 ], [ 30.434216, 59.67427, 0.0 ], [ 34.72975, 57.868435, 0.0 ], [ 38.052967, 56.17799, 0.0 ], [ 40.078476, 54.76839, 0.0 ]] 
boundary 0: [[ 41.297768, 71.85614, 0.0 ], [ 40.6941, 70.9086, 0.0 ], [ 38.56707, 69.65732, 0.0 ], [ 35.124786, 68.22489, 0.0 ], [ 30.704134, 66.751625, 0.0 ], [ 25.737892, 65.38147, 0.0 ], [ 20.71226, 64.248825, 0.0 ], [ 16.119068, 63.46433, 0.0 ], [ 12.4079685, 63.10495, 0.0 ], [ 9.942302, 63.20589, 0.0 ], [ 8.963303, 63.756992, 0.0 ], [ 9.566863, 64.70459, 0.0 ], [ 11.693944, 65.95595, 0.0 ], [ 15.136212, 67.38818, 0.0 ], [ 19.556889, 68.861694, 0.0 ], [ 24.523079, 70.23166, 0.0 ], [ 29.548695, 71.36434, 0.0 ], [ 34.14189, 72.148796, 0.0 ], [ 37.852955, 72.508194, 0.0 ], [ 40.318695, 72.40738, 0.0 ]] 
boundary 1: [[ 41.29776, 56.14387, 0.0 ], [ 40.31868, 55.59268, 0.0 ], [ 37.852978, 55.491825, 0.0 ], [ 34.14187, 55.851196, 0.0 ], [ 29.548695, 56.635647, 0.0 ], [ 24.523083, 57.768337, 0.0 ], [ 19.556837, 59.13843, 0.0 ], [ 15.136232, 60.611732, 0.0 ], [ 11.693915, 62.044163, 0.0 ], [ 9.566883, 63.295376, 0.0 ], [ 8.963281, 64.243065, 0.0 ], [ 9.942268, 64.794205, 0.0 ], [ 12.408033, 64.89489, 0.0 ], [ 16.11911, 64.535645, 0.0 ], [ 20.71226, 63.75109, 0.0 ], [ 25.73791, 62.61844, 0.0 ], [ 30.704151, 61.248417, 0.0 ], [ 35.124756, 59.775017, 0.0 ], [ 38.567085, 58.34263, 0.0 ], [ 40.694084, 57.0914, 0.0 ]] 
boundary 0: [[ 41.54379, 70.79894, 0.0 ], [ 40.90866, 69.8722, 0.0 ], [ 38.740814, 68.693016, 0.0 ], [ 35.252396, 67.37694, 0.0 ], [ 30.784792, 66.05288, 0.0 ], [ 25.775349, 64.85019, 0.0 ], [ 20.714535, 63.886883, 0.0 ], [ 16.097599, 63.257004, 0.0 ], [ 12.376533, 63.02239, 0.0 ], [ 9.915644, 63.20604, 0.0 ], [ 8.955692, 63.78969, 0.0 ], [ 9.590721, 64.71649, 0.0 ], [ 11.758606, 65.89576, 0.0 ], [ 15.247007, 67.21164, 0.0 ], [ 19.714651, 68.53593, 0.0 ], [ 24.724026, 69.73843, 0.0 ], [ 29.784826, 70.70178, 0.0 ], [ 34.401768, 71.33162, 0.0 ], [ 38.122803, 71.56626, 0.0 ], [ 40.583763, 71.38272, 0.0 ]] 
boundary 1: [[ 41.54378, 57.201065, 0.0 ], [ 40.583748, 56.617332, 0.0 ], [ 38.122826, 56.433765, 0.0 ], [ 34.401745, 56.668365, 0.0 ], [ 29.784826, 57.298206, 0.0 ], [ 24.72403, 58.26156, 0.0 ], [ 19.714596, 59.46419, 0.0 ], [ 15.24703, 60.788284, 0.0 ], [ 11.758573, 62.10436, 0.0 ], [ 9.590741, 63.28347, 0.0 ], [ 8.95567, 64.210365, 0.0 ], [ 9.915604, 64.79406, 0.0 ], [ 12.376602, 64.97745, 0.0 ], [ 16.097645, 64.74297, 0.0 ], [ 20.714539, 64.11303, 0.0 ], [ 25.775372, 63.149708, 0.0 ], [ 30.784805, 61.947155, 0.0 ], [ 35.252373, 60.622963, 0.0 ], [ 38.740833, 59.306923, 0.0 ], [ 40.908646, 58.1278, 0.0 ]] 
boundary 0: [[ 41.590736, 70.576935, 0.0 ], [ 40.949112, 69.65467, 0.0 ], [ 38.773056, 68.49074, 0.0 ], [ 35.275475, 67.199165, 0.0 ], [ 30.798689, 65.906494, 0.0 ], [ 25.780928, 64.739, 0.0 ], [ 20.71348, 63.81122, 0.0 ], [ 16.092236, 63.21376, 0.0 ], [ 12.36961, 63.005264, 0.0 ], [ 9.910075, 63.20618, 0.0 ], [ 8.95424, 63.79655, 0.0 ], [ 9.595758, 64.71888, 0.0 ], [ 11.771866, 65.882904, 0.0 ], [ 15.269417, 67.17427, 0.0 ], [ 19.746243, 68.46718, 0.0 ], [ 24.763937, 69.63448, 0.0 ], [ 29.831373, 70.5623, 0.0 ], [ 34.452614, 71.15973, 0.0 ], [ 38.175217, 71.36825, 0.0 ], [ 40.634827, 71.167435, 0.0 ]] 
boundary 1: [[ 41.59073, 57.42307, 0.0 ], [ 40.63481, 56.832615, 0.0 ], [ 38.17524, 56.631786, 0.0 ], [ 34.45259, 56.840263, 0.0 ], [ 29.831373, 57.437683, 0.0 ], [ 24.76394, 58.365498, 0.0 ], [ 19.746185, 59.532948, 0.0 ], [ 15.269442, 60.825653, 0.0 ], [ 11.771832, 62.117214, 0.0 ], [ 9.595778, 63.281082, 0.0 ], [ 8.954218, 64.203514, 0.0 ], [ 9.910031, 64.79392, 0.0 ], [ 12.369679, 64.99457, 0.0 ], [ 16.092281, 64.78622, 0.0 ], [ 20.713484, 64.18866, 0.0 ], [ 25.780954, 63.26091, 0.0 ], [ 30.798702, 62.093536, 0.0 ], [ 35.27545, 60.80073, 0.0 ], [ 38.77308, 59.50921, 0.0 ], [ 40.949097, 58.34533, 0.0 ]] 
boundary 0: [[ 41.5242, 70.88947, 0.0 ], [ 40.891705, 69.960915, 0.0 ], [ 38.72727, 68.775536, 0.0 ], [ 35.24262, 67.44947, 0.0 ], [ 30.778824, 66.11262, 0.0 ], [ 25.772846, 64.895584, 0.0 ], [ 20.714817, 63.917767, 0.0 ], [ 16.099705, 63.274666, 0.0 ], [ 12.379322, 63.029392, 0.0 ], [ 9.917918, 63.20599, 0.0 ], [ 8.956299, 63.786877, 0.0 ], [ 9.58867, 64.715515, 0.0 ], [ 11.753167, 65.90098, 0.0 ], [ 15.237787, 67.22685, 0.0 ], [ 19.701614, 68.56395, 0.0 ], [ 24.707525, 69.78078, 0.0 ], [ 29.765543, 70.75864, 0.0 ], [ 34.380653, 71.4017, 0.0 ], [ 38.10102, 71.646996, 0.0 ], [ 40.562496, 71.470505, 0.0 ]] 
boundary 1: [[ 41.524193, 57.110527, 0.0 ], [ 40.56248, 56.529545, 0.0 ], [ 38.101044, 56.353035, 0.0 ], [ 34.38063, 56.59829, 0.0 ], [ 29.765543, 57.241352, 0.0 ], [ 24.70753, 58.2192, 0.0 ], [ 19.701557, 59.436188, 0.0 ], [ 15.23781, 60.773075, 0.0 ], [ 11.753135, 62.09914, 0.0 ], [ 9.58869, 63.284454, 0.0 ], [ 8.956278, 64.21319, 0.0 ], [ 9.917879, 64.794106, 0.0 ], [ 12.379389, 64.97045, 0.0 ], [ 16.09975, 64.72532, 0.0 ], [ 20.71482, 64.08211, 0.0 ], [ 25.772873, 63.10433, 0.0 ], [ 30.778837, 61.887424, 0.0 ], [ 35.242596, 60.550434, 0.0 ], [ 38.72729, 59.22441, 0.0 ], [ 40.89169, 58.039085, 0.0 ]] 
boundary 0: [[ 41.35629, 71.618774, 0.0 ], [ 40.74543, 70.67581, 0.0 ], [ 38.609016, 69.44066, 0.0 ], [ 35.155994, 68.0343, 0.0 ], [ 30.72434, 66.59449, 0.0 ], [ 25.747868, 65.261925, 0.0 ], [ 20.713829, 64.16733, 0.0 ], [ 16.11484, 63.417576, 0.0 ], [ 12.401129, 63.08626, 0.0 ], [ 9.936299, 63.205856, 0.0 ], [ 8.961493, 63.76432, 0.0 ], [ 9.572203, 64.707344, 0.0 ], [ 11.708683, 65.94259, 0.0 ], [ 15.161682, 67.34878, 0.0 ], [ 19.59338, 68.78881, 0.0 ], [ 24.569775, 70.121155, 0.0 ], [ 29.6038, 71.21582, 0.0 ], [ 34.202797, 71.96553, 0.0 ], [ 37.91649, 72.29685, 0.0 ], [ 40.381386, 72.17738, 0.0 ]] 
boundary 1: [[ 41.35628, 56.381245, 0.0 ], [ 40.38137, 55.822662, 0.0 ], [ 37.91652, 55.70318, 0.0 ], [ 34.202774, 56.034462, 0.0 ], [ 29.6038, 56.78417, 0.0 ], [ 24.569777, 57.878822, 0.0 ], [ 19.593323, 59.211338, 0.0 ], [ 15.161705, 60.65118, 0.0 ], [ 11.708653, 62.057533, 0.0 ], [ 9.572222, 63.29262, 0.0 ], [ 8.961473, 64.23575, 0.0 ], [ 9.936261, 64.79425, 0.0 ], [ 12.401194, 64.913574, 0.0 ], [ 16.114885, 64.58241, 0.0 ], [ 20.713829, 63.832554, 0.0 ], [ 25.747894, 62.73798, 0.0 ], [ 30.724356, 61.40554, 0.0 ], [ 35.15596, 59.965603, 0.0 ], [ 38.60904, 58.55929, 0.0 ], [ 40.745415, 57.32419, 0.0 ]] 
boundary 0: [[ 41.04478, 72.80484, 0.0 ], [ 40.470123, 71.839386, 0.0 ], [ 38.38208, 70.52412, 0.0 ], [ 34.98487, 68.98784, 0.0 ], [ 30.611006, 67.38102, 0.0 ], [ 25.688639, 65.860695, 0.0 ], [ 20.699726, 64.576004, 0.0 ], [ 16.132477, 63.652397, 0.0 ], [ 12.434004, 63.1805, 0.0 ], [ 9.966412, 63.20654, 0.0 ], [ 8.9711275, 63.72764, 0.0 ], [ 9.54564, 64.693146, 0.0 ], [ 11.633743, 66.008514, 0.0 ], [ 15.030933, 67.54463, 0.0 ], [ 19.404835, 69.151665, 0.0 ], [ 24.327133, 70.671776, 0.0 ], [ 29.316025, 71.956535, 0.0 ], [ 33.883286, 72.8801, 0.0 ], [ 37.58174, 73.352005, 0.0 ], [ 40.049393, 73.32609, 0.0 ]] 
boundary 1: [[ 41.044773, 55.195164, 0.0 ], [ 40.049377, 54.673958, 0.0 ], [ 37.58178, 54.648026, 0.0 ], [ 33.883263, 55.119896, 0.0 ], [ 29.316023, 56.04346, 0.0 ], [ 24.327133, 57.328213, 0.0 ], [ 19.404783, 58.848476, 0.0 ], [ 15.030956, 60.455334, 0.0 ], [ 11.633717, 61.99161, 0.0 ], [ 9.545657, 63.306828, 0.0 ], [ 8.971112, 64.27243, 0.0 ], [ 9.966375, 64.793564, 0.0 ], [ 12.434059, 64.819336, 0.0 ], [ 16.132523, 64.347595, 0.0 ], [ 20.699724, 63.42388, 0.0 ], [ 25.688663, 62.139202, 0.0 ], [ 30.611021, 60.61902, 0.0 ], [ 34.984833, 59.012066, 0.0 ], [ 38.382095, 57.475822, 0.0 ], [ 40.470108, 56.160595, 0.0 ]] 
boundary 0: [[ 40.50734, 74.520355, 0.0 ], [ 39.98723, 73.52446, 0.0 ], [ 37.97551, 72.09516, 0.0 ], [ 34.66894, 70.37244, 0.0 ], [ 30.391134, 68.525024, 0.0 ], [ 25.560875, 66.733475, 0.0 ], [ 20.651072, 65.1735, 0.0 ], [ 16.142216, 63.997475, 0.0 ], [ 12.475686, 63.320744, 0.0 ], [ 10.010459, 63.20961, 0.0 ], [ 8.987753, 63.67458, 0.0 ], [ 9.507715, 64.670525, 0.0 ], [ 11.519486, 66.099915, 0.0 ], [ 14.826051, 67.822464, 0.0 ], [ 19.103882, 69.67013, 0.0 ], [ 23.934078, 71.46144, 0.0 ], [ 28.843851, 73.021484, 0.0 ], [ 33.352734, 74.19747, 0.0 ], [ 37.01924, 74.8742, 0.0 ], [ 39.484512, 74.98548, 0.0 ]] 
boundary 1: [[ 40.50733, 53.479656, 0.0 ], [ 39.484505, 53.01456, 0.0 ], [ 37.01928, 53.125828, 0.0 ], [ 33.352707, 53.80252, 0.0 ], [ 28.84385, 54.978497, 0.0 ], [ 23.934078, 56.538544, 0.0 ], [ 19.103832, 58.33003, 0.0 ], [ 14.826073, 60.177486, 0.0 ], [ 11.5194645, 61.90021, 0.0 ], [ 9.507731, 63.32944, 0.0 ], [ 8.9877405, 64.32549, 0.0 ], [ 10.010429, 64.79049, 0.0 ], [ 12.47573, 64.67907, 0.0 ], [ 16.142262, 64.00253, 0.0 ], [ 20.651058, 62.826393, 0.0 ], [ 25.560892, 61.266422, 0.0 ], [ 30.391151, 59.475014, 0.0 ], [ 34.66889, 57.627445, 0.0 ], [ 37.975517, 55.90477, 0.0 ], [ 39.987213, 54.475536, 0.0 ]] 
boundary 0: [[ 39.670128, 76.695305, 0.0 ], [ 39.223106, 75.66452, 0.0 ], [ 37.319565, 74.09403, 0.0 ], [ 34.14568, 72.13761, 0.0 ], [ 30.01205, 69.98687, 0.0 ], [ 25.323391, 67.852036, 0.0 ], [ 20.538706, 65.94246, 0.0 ], [ 16.126265, 64.4447, 0.0 ], [ 12.518009, 63.50563, 0.0 ], [ 10.067192, 63.217216, 0.0 ], [ 9.013648, 63.607315, 0.0 ], [ 9.460524, 64.63812, 0.0 ], [ 11.364107, 66.20871, 0.0 ], [ 14.538008, 68.16496, 0.0 ], [ 18.671638, 70.31596, 0.0 ], [ 23.360258, 72.45054, 0.0 ], [ 28.144905, 74.36018, 0.0 ], [ 32.557373, 75.8579, 0.0 ], [ 36.165607, 76.79696, 0.0 ], [ 38.61646, 77.08553, 0.0 ]] 
boundary 1: [[ 39.67012, 51.304718, 0.0 ], [ 38.616463, 50.91451, 0.0 ], [ 36.165646, 51.203068, 0.0 ], [ 32.55735, 52.1421, 0.0 ], [ 28.144903, 53.639793, 0.0 ], [ 23.360258, 55.549446, 0.0 ], [ 18.6716, 57.684204, 0.0 ], [ 14.538025, 59.834988, 0.0 ], [ 11.364096, 61.791416, 0.0 ], [ 9.460536, 63.36184, 0.0 ], [ 9.013643, 64.39277, 0.0 ], [ 10.06717, 64.78288, 0.0 ], [ 12.51804, 64.49417, 0.0 ], [ 16.12631, 63.555294, 0.0 ], [ 20.538685, 62.057438, 0.0 ], [ 25.323395, 60.147865, 0.0 ], [ 30.01207, 58.01318, 0.0 ], [ 34.145634, 55.862286, 0.0 ], [ 37.319572, 53.905907, 0.0 ], [ 39.22309, 52.33548, 0.0 ]] 
boundary 0: [[ 38.579735, 78.9944, 0.0 ], [ 38.215153, 77.93165, 0.0 ], [ 36.440994, 76.21634, 0.0 ], [ 33.43079, 74.016396, 0.0 ], [ 29.479086, 71.547264, 0.0 ], [ 24.972824, 69.05033, 0.0 ], [ 20.353115, 66.77042, 0.0 ], [ 16.072119, 64.93031, 0.0 ], [ 12.548882, 63.710415, 0.0 ], [ 10.128333, 63.23016, 0.0 ], [ 9.047376, 63.536205, 0.0 ], [ 9.411809, 64.59896, 0.0 ], [ 11.185991, 66.314384, 0.0 ], [ 14.196231, 68.51416, 0.0 ], [ 18.147915, 70.983574, 0.0 ], [ 22.654156, 73.48023, 0.0 ], [ 27.273823, 75.7602, 0.0 ], [ 31.554848, 77.600266, 0.0 ], [ 35.078064, 78.820145, 0.0 ], [ 37.498642, 79.300545, 0.0 ]] 
boundary 1: [[ 38.579727, 49.005634, 0.0 ], [ 37.498646, 48.699474, 0.0 ], [ 35.078102, 49.17987, 0.0 ], [ 31.554825, 50.399746, 0.0 ], [ 27.273819, 52.239777, 0.0 ], [ 22.654152, 54.519768, 0.0 ], [ 18.147888, 57.01661, 0.0 ], [ 14.196245, 59.485786, 0.0 ], [ 11.18599, 61.68575, 0.0 ], [ 9.411817, 63.401, 0.0 ], [ 9.047376, 64.46387, 0.0 ], [ 10.12832, 64.769936, 0.0 ], [ 12.548897, 64.28938, 0.0 ], [ 16.072163, 63.06967, 0.0 ], [ 20.353094, 61.229477, 0.0 ], [ 24.972824, 58.94957, 0.0 ], [ 29.479109, 56.45279, 0.0 ], [ 33.43074, 53.983505, 0.0 ], [ 36.440994, 51.7836, 0.0 ], [ 38.215137, 50.068348, 0.0 ]] 
boundary 0: [[ 37.226524, 81.33579, 0.0 ], [ 36.952023, 80.24631, 0.0 ], [ 35.32741, 78.38873, 0.0 ], [ 32.511574, 75.94494, 0.0 ], [ 28.780024, 73.154205, 0.0 ], [ 24.498184, 70.28945, 0.0 ], [ 20.08516, 67.631454, 0.0 ], [ 15.972905, 65.44005, 0.0 ], [ 12.5639305, 63.929996, 0.0 ], [ 10.191985, 63.24915, 0.0 ], [ 9.0892315, 63.46379, 0.0 ], [ 9.363581, 64.55329, 0.0 ], [ 10.988207, 66.41097, 0.0 ], [ 13.804091, 68.8546, 0.0 ], [ 17.535597, 71.645615, 0.0 ], [ 21.817436, 74.510086, 0.0 ], [ 26.230423, 77.16812, 0.0 ], [ 30.342703, 79.3595, 0.0 ], [ 33.751656, 80.86953, 0.0 ], [ 36.12363, 81.55053, 0.0 ]] 
boundary 1: [[ 37.226517, 46.66424, 0.0 ], [ 36.123642, 46.449486, 0.0 ], [ 33.751694, 47.130478, 0.0 ], [ 30.34268, 48.640507, 0.0 ], [ 26.230417, 50.83185, 0.0 ], [ 21.817432, 53.489914, 0.0 ], [ 17.535583, 56.354588, 0.0 ], [ 13.804102, 59.145344, 0.0 ], [ 10.988216, 61.589165, 0.0 ], [ 9.363585, 63.446682, 0.0 ], [ 9.089238, 64.536285, 0.0 ], [ 10.191978, 64.750946, 0.0 ], [ 12.5639305, 64.06979, 0.0 ], [ 15.972946, 62.55992, 0.0 ], [ 20.085123, 60.36844, 0.0 ], [ 24.498177, 57.710457, 0.0 ], [ 28.780052, 54.84583, 0.0 ], [ 32.511513, 52.05497, 0.0 ], [ 35.327404, 49.611206, 0.0 ], [ 36.952007, 47.7537, 0.0 ]] 
boundary 0: [[ 35.735783, 83.48543, 0.0 ], [ 35.550247, 82.377304, 0.0 ], [ 34.08114, 80.394485, 0.0 ], [ 31.472054, 77.731064, 0.0 ], [ 27.97832, 74.647804, 0.0 ], [ 23.942078, 71.44629, 0.0 ], [ 19.75837, 68.44024, 0.0 ], [ 15.836727, 65.92357, 0.0 ], [ 12.560981, 64.14288, 0.0 ], [ 10.251837, 63.27252, 0.0 ], [ 9.135342, 63.39731, 0.0 ], [ 9.320717, 64.505424, 0.0 ], [ 10.789853, 66.48836, 0.0 ], [ 13.398979, 69.15161, 0.0 ], [ 16.892645, 72.23516, 0.0 ], [ 20.92891, 75.4364, 0.0 ], [ 25.112583, 78.44248, 0.0 ], [ 29.03425, 80.95911, 0.0 ], [ 32.30997, 82.739784, 0.0 ], [ 34.61914, 83.610306, 0.0 ]] 
boundary 1: [[ 35.735783, 44.51461, 0.0 ], [ 34.619156, 44.3897, 0.0 ], [ 32.31001, 45.260216, 0.0 ], [ 29.034227, 47.040894, 0.0 ], [ 25.112572, 49.557503, 0.0 ], [ 20.928905, 52.563606, 0.0 ], [ 16.89265, 55.765045, 0.0 ], [ 13.398986, 58.848316, 0.0 ], [ 10.789872, 61.511776, 0.0 ], [ 9.32072, 63.49455, 0.0 ], [ 9.135354, 64.60277, 0.0 ], [ 10.251838, 64.727585, 0.0 ], [ 12.560964, 63.856903, 0.0 ], [ 15.836765, 62.076397, 0.0 ], [ 19.758326, 59.559654, 0.0 ], [ 23.942066, 56.55362, 0.0 ], [ 27.978354, 53.35223, 0.0 ], [ 31.471992, 50.26885, 0.0 ], [ 34.08111, 47.605442, 0.0 ], [ 35.550232, 45.622696, 0.0 ]] 
boundary 0: [[ 34.22734, 85.33659, 0.0 ], [ 34.124092, 84.21779, 0.0 ], [ 32.805336, 82.13194, 0.0 ], [ 30.399927, 79.28324, 0.0 ], [ 27.143267, 75.95053, 0.0 ], [ 23.35432, 72.45988, 0.0 ], [ 19.403873, 69.15326, 0.0 ], [ 15.678663, 66.354004, 0.0 ], [ 12.543273, 64.33642, 0.0 ], [ 10.304659, 63.29801, 0.0 ], [ 9.181999, 63.340057, 0.0 ], [ 9.285086, 64.45884, 0.0 ], [ 10.603868, 66.544785, 0.0 ], [ 13.009324, 69.39333, 0.0 ], [ 16.265888, 72.72631, 0.0 ], [ 20.054882, 76.21672, 0.0 ], [ 24.005295, 79.52337, 0.0 ], [ 27.730532, 82.322556, 0.0 ], [ 30.8659, 84.34013, 0.0 ], [ 33.104523, 85.37871, 0.0 ]] 
boundary 1: [[ 34.22734, 42.663452, 0.0 ], [ 33.104538, 42.621292, 0.0 ], [ 30.865936, 43.659866, 0.0 ], [ 27.730509, 45.67744, 0.0 ], [ 24.00528, 48.476616, 0.0 ], [ 20.054882, 51.78329, 0.0 ], [ 16.26591, 55.27389, 0.0 ], [ 13.009326, 58.606594, 0.0 ], [ 10.603897, 61.455353, 0.0 ], [ 9.285086, 63.541138, 0.0 ], [ 9.182017, 64.660034, 0.0 ], [ 10.304668, 64.702095, 0.0 ], [ 12.543236, 63.663364, 0.0 ], [ 15.6786995, 61.64595, 0.0 ], [ 19.403824, 58.846653, 0.0 ], [ 23.354298, 55.54005, 0.0 ], [ 27.143301, 52.04949, 0.0 ], [ 30.399855, 48.71668, 0.0 ], [ 32.80529, 45.867973, 0.0 ], [ 34.124077, 43.78221, 0.0 ]] 
boundary 0: [[ 31.464739, 88.12149, 0.0 ], [ 31.497746, 86.998436, 0.0 ], [ 30.441282, 84.768234, 0.0 ], [ 28.398544, 81.64921, 0.0 ], [ 25.569439, 77.94665, 0.0 ], [ 22.231083, 74.02286, 0.0 ], [ 18.710129, 70.26219, 0.0 ], [ 15.3513155, 67.032425, 0.0 ], [ 12.483326, 64.649994, 0.0 ], [ 10.386935, 63.34814, 0.0 ], [ 9.267446, 63.25393, 0.0 ], [ 9.234292, 64.37696, 0.0 ], [ 10.290766, 66.60726, 0.0 ], [ 12.3335705, 69.72612, 0.0 ], [ 15.162554, 73.428925, 0.0 ], [ 18.500988, 77.35249, 0.0 ], [ 22.021898, 81.11321, 0.0 ], [ 25.380743, 84.34289, 0.0 ], [ 28.248716, 86.7253, 0.0 ], [ 30.345095, 88.02733, 0.0 ]] 
boundary 1: [[ 31.464756, 39.87855, 0.0 ], [ 30.34511, 39.972668, 0.0 ], [ 28.24875, 41.27469, 0.0 ], [ 25.38072, 43.657097, 0.0 ], [ 22.021883, 46.886787, 0.0 ], [ 18.500988, 50.647507, 0.0 ], [ 15.1626, 54.571255, 0.0 ], [ 12.333561, 58.273792, 0.0 ], [ 10.2908125, 61.392876, 0.0 ], [ 9.23429, 63.623013, 0.0 ], [ 9.267474, 64.74616, 0.0 ], [ 10.386956, 64.651955, 0.0 ], [ 12.483262, 63.349785, 0.0 ], [ 15.351345, 60.967525, 0.0 ], [ 18.710068, 57.737724, 0.0 ], [ 22.231049, 53.977074, 0.0 ], [ 25.569473, 50.05337, 0.0 ], [ 28.398464, 46.350723, 0.0 ], [ 30.44123, 43.231697, 0.0 ], [ 31.49773, 41.00158, 0.0 ]] 
boundary 0: [[ 26.231588, 91.92516, 0.0 ], [ 26.487514, 90.831154, 0.0 ], [ 25.896189, 88.435265, 0.0 ], [ 24.515285, 84.972015, 0.0 ], [ 22.479923, 80.78033, 0.0 ], [ 19.989544, 76.27049, 0.0 ], [ 17.287752, 71.88415, 0.0 ], [ 14.639161, 68.05035, 0.0 ], [ 12.30288, 65.14464, 0.0 ], [ 10.5076275, 63.451496, 0.0 ], [ 9.429303, 63.1363, 0.0 ], [ 9.173238, 64.230255, 0.0 ], [ 9.764552, 66.62624, 0.0 ], [ 11.145557, 70.08935, 0.0 ], [ 13.180751, 74.28123, 0.0 ], [ 15.6712475, 78.790886, 0.0 ], [ 18.37299, 83.17727, 0.0 ], [ 21.021633, 87.01097, 0.0 ], [ 23.357899, 89.916664, 0.0 ], [ 25.153103, 91.609985, 0.0 ]] 
boundary 1: [[ 26.231613, 36.074875, 0.0 ], [ 25.153114, 36.390015, 0.0 ], [ 23.357927, 38.08332, 0.0 ], [ 21.021603, 40.989014, 0.0 ], [ 18.372974, 44.82274, 0.0 ], [ 15.6712475, 49.209126, 0.0 ], [ 13.180833, 53.71894, 0.0 ], [ 11.145532, 57.910576, 0.0 ], [ 9.764626, 61.373894, 0.0 ], [ 9.173231, 63.769726, 0.0 ], [ 9.42935, 64.863785, 0.0 ], [ 10.507666, 64.54859, 0.0 ], [ 12.302773, 62.85516, 0.0 ], [ 14.639181, 59.9496, 0.0 ], [ 17.287674, 56.115788, 0.0 ], [ 19.9895, 51.729454, 0.0 ], [ 22.479963, 47.219673, 0.0 ], [ 24.51519, 43.02794, 0.0 ], [ 25.896126, 39.564674, 0.0 ], [ 26.487503, 37.168865, 0.0 ]] 
