boundary 0: [[ 31.635326, 87.96803, 0.0 ], [ 31.660465, 86.84487, 0.0 ], [ 30.588211, 84.62222, 0.0 ], [ 28.523342, 81.517715, 0.0 ], [ 25.668087, 77.83536, 0.0 ], [ 22.30196, 73.93537, 0.0 ], [ 18.754389, 70.19977, 0.0 ], [ 15.372701, 66.993965, 0.0 ], [ 12.4878845, 64.63193, 0.0 ], [ 10.382311, 63.344864, 0.0 ], [ 9.262165, 63.258686, 0.0 ], [ 9.236995, 64.3819, 0.0 ], [ 10.309326, 66.60453, 0.0 ], [ 12.374149, 69.70903, 0.0 ], [ 15.229377, 73.39147, 0.0 ], [ 18.595573, 77.291306, 0.0 ], [ 22.143093, 81.027054, 0.0 ], [ 25.524757, 84.23282, 0.0 ], [ 28.40965, 86.594864, 0.0 ], [ 30.51515, 87.8819, 0.0 ]] 
boundary 1: [[ 31.635317, 40.031982, 0.0 ], [ 30.51515, 40.11811, 0.0 ], [ 28.409668, 41.405178, 0.0 ], [ 25.5248, 43.76725, 0.0 ], [ 22.143085, 46.972942, 0.0 ], [ 18.595541, 50.70864, 0.0 ], [ 15.229404, 54.608585, 0.0 ], [ 12.374157, 58.29098, 0.0 ], [ 10.30929, 61.395447, 0.0 ], [ 9.236971, 63.618065, 0.0 ], [ 9.262096, 64.74123, 0.0 ], [ 10.382324, 64.65513, 0.0 ], [ 12.487863, 63.36801, 0.0 ], [ 15.372704, 61.006023, 0.0 ], [ 18.754398, 57.80027, 0.0 ], [ 22.301926, 54.0646, 0.0 ], [ 25.668087, 50.164646, 0.0 ], [ 28.523336, 46.482265, 0.0 ], [ 30.588203, 43.377735, 0.0 ], [ 31.66049, 41.155197, 0.0 ]] 
boundary 0: [[ 38.435047, 79.26748, 0.0 ], [ 38.080772, 78.20138, 0.0 ], [ 36.323112, 76.46916, 0.0 ], [ 33.333992, 74.24053, 0.0 ], [ 29.406116, 71.73371, 0.0 ], [ 24.923933, 69.193886, 0.0 ], [ 20.32621, 66.86991, 0.0 ], [ 16.06297, 64.98899, 0.0 ], [ 12.551557, 63.735462, 0.0 ], [ 10.135672, 63.231987, 0.0 ], [ 9.051851, 63.52777, 0.0 ], [ 9.406112, 64.59394, 0.0 ], [ 11.163834, 66.32612, 0.0 ], [ 14.152916, 68.55475, 0.0 ], [ 18.080784, 71.06164, 0.0 ], [ 22.56298, 73.60131, 0.0 ], [ 27.160711, 75.92545, 0.0 ], [ 31.42391, 77.80633, 0.0 ], [ 34.935402, 79.059845, 0.0 ], [ 37.35121, 79.563324, 0.0 ]] 
boundary 1: [[ 38.435024, 48.73252, 0.0 ], [ 37.35121, 48.436687, 0.0 ], [ 34.93541, 48.940193, 0.0 ], [ 31.42393, 50.19375, 0.0 ], [ 27.160706, 52.07454, 0.0 ], [ 22.562967, 54.39862, 0.0 ], [ 18.080788, 56.93842, 0.0 ], [ 14.152918, 59.44526, 0.0 ], [ 11.163805, 61.67385, 0.0 ], [ 9.406103, 63.406006, 0.0 ], [ 9.051817, 64.47213, 0.0 ], [ 10.135691, 64.768, 0.0 ], [ 12.551556, 64.26447, 0.0 ], [ 16.062979, 63.010986, 0.0 ], [ 20.326206, 61.13014, 0.0 ], [ 24.923916, 58.806072, 0.0 ], [ 29.406118, 56.26628, 0.0 ], [ 33.333984, 53.75945, 0.0 ], [ 36.323128, 51.530796, 0.0 ], [ 38.080772, 49.7987, 0.0 ]] 
boundary 0: [[ 40.91859, 73.23893, 0.0 ], [ 40.357628, 72.26559, 0.0 ], [ 38.288177, 70.9212, 0.0 ], [ 34.912712, 69.33758, 0.0 ], [ 30.561771, 67.66976, 0.0 ], [ 25.661173, 66.08081, 0.0 ], [ 20.690681, 64.726494, 0.0 ], [ 16.13676, 63.739132, 0.0 ], [ 12.445251, 63.21557, 0.0 ], [ 9.977474, 63.207, 0.0 ], [ 8.975035, 63.714226, 0.0 ], [ 9.53599, 64.687645, 0.0 ], [ 11.605492, 66.03196, 0.0 ], [ 14.980917, 67.6156, 0.0 ], [ 19.331867, 69.28348, 0.0 ], [ 24.232452, 70.872284, 0.0 ], [ 29.202986, 72.22677, 0.0 ], [ 33.756855, 73.214096, 0.0 ], [ 37.44844, 73.73763, 0.0 ], [ 39.916145, 73.74621, 0.0 ]] 
boundary 1: [[ 40.91856, 54.761066, 0.0 ], [ 39.916145, 54.2538, 0.0 ], [ 37.44844, 54.262405, 0.0 ], [ 33.75686, 54.785988, 0.0 ], [ 29.20298, 55.77323, 0.0 ], [ 24.232456, 57.12764, 0.0 ], [ 19.331863, 58.716576, 0.0 ], [ 14.980917, 60.384407, 0.0 ], [ 11.60547, 61.968006, 0.0 ], [ 9.535991, 63.31231, 0.0 ], [ 8.975018, 64.285675, 0.0 ], [ 9.977499, 64.79297, 0.0 ], [ 12.445263, 64.784386, 0.0 ], [ 16.136772, 64.26086, 0.0 ], [ 20.690664, 63.27355, 0.0 ], [ 25.661158, 61.919147, 0.0 ], [ 30.561775, 60.330235, 0.0 ], [ 34.91271, 58.662395, 0.0 ], [ 38.288208, 57.078743, 0.0 ], [ 40.357616, 55.7345, 0.0 ]] 
boundary 0: [[ 41.503128, 70.98513, 0.0 ], [ 40.87358, 70.05468, 0.0 ], [ 38.712738, 68.8627, 0.0 ], [ 35.23205, 67.52609, 0.0 ], [ 30.772379, 66.17571, 0.0 ], [ 25.770142, 64.943565, 0.0 ], [ 20.715069, 63.950462, 0.0 ], [ 16.101904, 63.293385, 0.0 ], [ 12.382286, 63.036835, 0.0 ], [ 9.920292, 63.20588, 0.0 ], [ 8.956953, 63.783928, 0.0 ], [ 9.586506, 64.714455, 0.0 ], [ 11.747385, 65.90634, 0.0 ], [ 15.228025, 67.242966, 0.0 ], [ 19.687721, 68.59341, 0.0 ], [ 24.689941, 69.82543, 0.0 ], [ 29.745062, 70.8187, 0.0 ], [ 34.35817, 71.47575, 0.0 ], [ 38.077873, 71.73228, 0.0 ], [ 40.539795, 71.56323, 0.0 ]] 
boundary 1: [[ 41.503098, 57.01487, 0.0 ], [ 40.539795, 56.43677, 0.0 ], [ 38.077866, 56.267773, 0.0 ], [ 34.35817, 56.524326, 0.0 ], [ 29.745056, 57.181297, 0.0 ], [ 24.689953, 58.174496, 0.0 ], [ 19.687714, 59.406647, 0.0 ], [ 15.228025, 60.757027, 0.0 ], [ 11.747367, 62.09361, 0.0 ], [ 9.58651, 63.2855, 0.0 ], [ 8.956945, 64.21596, 0.0 ], [ 9.920319, 64.79409, 0.0 ], [ 12.382302, 64.96312, 0.0 ], [ 16.101915, 64.70662, 0.0 ], [ 20.715054, 64.049576, 0.0 ], [ 25.770126, 63.056396, 0.0 ], [ 30.772383, 61.824272, 0.0 ], [ 35.232056, 60.473858, 0.0 ], [ 38.712772, 59.13724, 0.0 ], [ 40.87355, 57.945404, 0.0 ]] 
boundary 0: [[ 41.89924, 68.860535, 0.0 ], [ 41.20894, 67.97422, 0.0 ], [ 38.973293, 66.92925, 0.0 ], [ 35.411095, 65.82815, 0.0 ], [ 30.871174, 64.77871, 0.0 ], [ 25.797796, 63.883484, 0.0 ], [ 20.68768, 63.23031, 0.0 ], [ 16.040916, 62.882874, 0.0 ], [ 12.312472, 62.875385, 0.0 ], [ 9.8672695, 63.20852, 0.0 ], [ 8.944699, 63.849636, 0.0 ], [ 9.635009, 64.73602, 0.0 ], [ 11.870684, 65.78091, 0.0 ], [ 15.43284, 66.882, 0.0 ], [ 19.97279, 67.93152, 0.0 ], [ 25.046135, 68.82661, 0.0 ], [ 30.156319, 69.47996, 0.0 ], [ 34.803017, 69.82738, 0.0 ], [ 38.531544, 69.83483, 0.0 ], [ 40.97667, 69.5017, 0.0 ]] 
boundary 1: [[ 41.899208, 59.13946, 0.0 ], [ 40.97667, 58.498302, 0.0 ], [ 38.531536, 58.165226, 0.0 ], [ 34.80301, 58.17271, 0.0 ], [ 30.156313, 58.52003, 0.0 ], [ 25.04615, 59.173317, 0.0 ], [ 19.972782, 60.068542, 0.0 ], [ 15.43284, 61.11798, 0.0 ], [ 11.870668, 62.219055, 0.0 ], [ 9.6350155, 63.263924, 0.0 ], [ 8.944699, 64.150246, 0.0 ], [ 9.867299, 64.79146, 0.0 ], [ 12.31249, 65.124565, 0.0 ], [ 16.040928, 65.11713, 0.0 ], [ 20.68766, 64.76973, 0.0 ], [ 25.797783, 64.11647, 0.0 ], [ 30.87118, 63.221268, 0.0 ], [ 35.411095, 62.17179, 0.0 ], [ 38.97334, 61.070694, 0.0 ], [ 41.208893, 60.02587, 0.0 ]] 
boundary 0: [[ 42.078945, 67.478935, 0.0 ], [ 41.351105, 66.6232, 0.0 ], [ 39.072525, 65.67549, 0.0 ], [ 35.4662, 64.72889, 0.0 ], [ 30.885286, 63.876003, 0.0 ], [ 25.778048, 63.200153, 0.0 ], [ 20.644535, 62.767727, 0.0 ], [ 15.987119, 62.6208, 0.0 ], [ 12.261816, 62.77394, 0.0 ], [ 9.833236, 63.2121, 0.0 ], [ 8.939139, 63.892365, 0.0 ], [ 9.666993, 64.74819, 0.0 ], [ 11.945606, 65.6958, 0.0 ], [ 15.551891, 66.64241, 0.0 ], [ 20.13284, 67.495384, 0.0 ], [ 25.240032, 68.17106, 0.0 ], [ 30.37362, 68.60367, 0.0 ], [ 35.030975, 68.750595, 0.0 ], [ 38.756363, 68.59742, 0.0 ], [ 41.184856, 68.15925, 0.0 ]] 
boundary 1: [[ 42.078915, 60.52105, 0.0 ], [ 41.184856, 59.840744, 0.0 ], [ 38.756355, 59.402645, 0.0 ], [ 35.03096, 59.249504, 0.0 ], [ 30.373613, 59.39631, 0.0 ], [ 25.240055, 59.82885, 0.0 ], [ 20.132832, 60.504692, 0.0 ], [ 15.551891, 61.35757, 0.0 ], [ 11.945592, 62.30417, 0.0 ], [ 9.667003, 63.251755, 0.0 ], [ 8.939144, 64.10751, 0.0 ], [ 9.833265, 64.78787, 0.0 ], [ 12.261835, 65.226006, 0.0 ], [ 15.98713, 65.3792, 0.0 ], [ 20.644516, 65.232315, 0.0 ], [ 25.778042, 64.79978, 0.0 ], [ 30.885292, 64.12399, 0.0 ], [ 35.4662, 63.271072, 0.0 ], [ 39.07258, 62.324448, 0.0 ], [ 41.35106, 61.376904, 0.0 ]] 
boundary 0: [[ 42.126957, 67.00227, 0.0 ], [ 41.3865, 66.15742, 0.0 ], [ 39.094162, 65.243576, 0.0 ], [ 35.474197, 64.35051, 0.0 ], [ 30.88115, 63.565582, 0.0 ], [ 25.76445, 62.96548, 0.0 ], [ 20.625103, 62.60916, 0.0 ], [ 15.966018, 62.531258, 0.0 ], [ 12.243397, 62.73958, 0.0 ], [ 9.821572, 63.21367, 0.0 ], [ 8.937654, 63.90711, 0.0 ], [ 9.678108, 64.75205, 0.0 ], [ 11.97051, 65.665794, 0.0 ], [ 15.590425, 66.55887, 0.0 ], [ 20.183508, 67.34389, 0.0 ], [ 25.300156, 67.94382, 0.0 ], [ 30.43958, 68.30031, 0.0 ], [ 35.098602, 68.378204, 0.0 ], [ 38.82131, 68.169876, 0.0 ], [ 41.243034, 67.69576, 0.0 ]] 
boundary 1: [[ 42.126926, 60.99772, 0.0 ], [ 41.243034, 60.304237, 0.0 ], [ 38.8213, 59.830208, 0.0 ], [ 35.098587, 59.62189, 0.0 ], [ 30.439575, 59.69967, 0.0 ], [ 25.300179, 60.0561, 0.0 ], [ 20.1835, 60.65619, 0.0 ], [ 15.590425, 61.441105, 0.0 ], [ 11.970497, 62.33417, 0.0 ], [ 9.678119, 63.24789, 0.0 ], [ 8.93766, 64.09276, 0.0 ], [ 9.821604, 64.7863, 0.0 ], [ 12.243416, 65.26037, 0.0 ], [ 15.966029, 65.46875, 0.0 ], [ 20.625084, 65.390884, 0.0 ], [ 25.764446, 65.03446, 0.0 ], [ 30.881155, 64.434395, 0.0 ], [ 35.474197, 63.649456, 0.0 ], [ 39.094215, 62.75637, 0.0 ], [ 41.38645, 61.842697, 0.0 ]] 
boundary 0: [[ 42.20415, 66.00938, 0.0 ], [ 41.438015, 65.18773, 0.0 ], [ 39.118614, 64.34491, 0.0 ], [ 35.47288, 63.563763, 0.0 ], [ 30.857834, 62.92065, 0.0 ], [ 25.725079, 62.47842, 0.0 ], [ 20.577198, 62.28055, 0.0 ], [ 15.917923, 62.346165, 0.0 ], [ 12.203486, 62.66903, 0.0 ], [ 9.797409, 63.21748, 0.0 ], [ 8.935266, 63.937817, 0.0 ], [ 9.70139, 64.75956, 0.0 ], [ 12.020845, 65.602264, 0.0 ], [ 15.666547, 66.38343, 0.0 ], [ 20.281631, 67.02663, 0.0 ], [ 25.414322, 67.46869, 0.0 ], [ 30.56229, 67.66673, 0.0 ], [ 35.221493, 67.60111, 0.0 ], [ 38.936028, 67.27822, 0.0 ], [ 41.341995, 66.72975, 0.0 ]] 
boundary 1: [[ 42.20412, 61.990612, 0.0 ], [ 41.341995, 61.27024, 0.0 ], [ 38.936012, 60.721855, 0.0 ], [ 35.221478, 60.398987, 0.0 ], [ 30.562284, 60.33325, 0.0 ], [ 25.414345, 60.531223, 0.0 ], [ 20.28162, 60.97345, 0.0 ], [ 15.666547, 61.61654, 0.0 ], [ 12.020834, 62.397697, 0.0 ], [ 9.701403, 63.240387, 0.0 ], [ 8.935277, 64.06205, 0.0 ], [ 9.7974415, 64.782486, 0.0 ], [ 12.2035055, 65.33091, 0.0 ], [ 15.917934, 65.65385, 0.0 ], [ 20.577179, 65.719505, 0.0 ], [ 25.725075, 65.52153, 0.0 ], [ 30.85784, 65.07931, 0.0 ], [ 35.47289, 64.4362, 0.0 ], [ 39.118668, 63.655033, 0.0 ], [ 41.43796, 62.812393, 0.0 ]] 
boundary 0: [[ 42.217876, 65.77507, 0.0 ], [ 41.44581, 64.95901, 0.0 ], [ 39.12036, 64.13306, 0.0 ], [ 35.469048, 63.378387, 0.0 ], [ 30.849451, 62.76879, 0.0 ], [ 25.71362, 62.36383, 0.0 ], [ 20.564438, 62.203335, 0.0 ], [ 15.905759, 62.30277, 0.0 ], [ 12.193764, 62.652588, 0.0 ], [ 9.791731, 63.218487, 0.0 ], [ 8.934839, 63.945053, 0.0 ], [ 9.70691, 64.76122, 0.0 ], [ 12.032422, 65.58707, 0.0 ], [ 15.683701, 66.34176, 0.0 ], [ 20.303326, 66.95143, 0.0 ], [ 25.439093, 67.35622, 0.0 ], [ 30.588362, 67.5169, 0.0 ], [ 35.24697, 67.417465, 0.0 ], [ 38.95906, 67.067604, 0.0 ], [ 41.360985, 66.50168, 0.0 ]] 
boundary 1: [[ 42.217846, 62.22492, 0.0 ], [ 41.360985, 61.498306, 0.0 ], [ 38.959045, 60.932472, 0.0 ], [ 35.246956, 60.58265, 0.0 ], [ 30.588356, 60.48309, 0.0 ], [ 25.439116, 60.64369, 0.0 ], [ 20.303314, 61.048645, 0.0 ], [ 15.683701, 61.658215, 0.0 ], [ 12.032411, 62.41289, 0.0 ], [ 9.706923, 63.238724, 0.0 ], [ 8.934852, 64.05481, 0.0 ], [ 9.791764, 64.78148, 0.0 ], [ 12.193783, 65.34736, 0.0 ], [ 15.90577, 65.69724, 0.0 ], [ 20.56442, 65.79672, 0.0 ], [ 25.713615, 65.636116, 0.0 ], [ 30.849457, 65.23117, 0.0 ], [ 35.469055, 64.62159, 0.0 ], [ 39.120415, 63.86689, 0.0 ], [ 41.445755, 63.041115, 0.0 ]] 
boundary 0: [[ 42.171986, 66.472176, 0.0 ], [ 41.417725, 65.63962, 0.0 ], [ 39.110683, 64.763626, 0.0 ], [ 35.47651, 63.93024, 0.0 ], [ 30.871168, 63.220974, 0.0 ], [ 25.745283, 62.705154, 0.0 ], [ 20.600773, 62.43345, 0.0 ], [ 15.941032, 62.43219, 0.0 ], [ 12.222347, 62.701736, 0.0 ], [ 9.808648, 63.215622, 0.0 ], [ 8.93626, 63.923492, 0.0 ], [ 9.690516, 64.75615, 0.0 ], [ 11.9976425, 65.63202, 0.0 ], [ 15.6317625, 66.465454, 0.0 ], [ 20.237135, 67.17478, 0.0 ], [ 25.362953, 67.69044, 0.0 ], [ 30.50755, 67.96233, 0.0 ], [ 35.167217, 67.96358, 0.0 ], [ 38.886005, 67.694, 0.0 ], [ 41.2996, 67.1801, 0.0 ]] 
boundary 1: [[ 42.171955, 61.527817, 0.0 ], [ 41.2996, 60.819885, 0.0 ], [ 38.88599, 60.306084, 0.0 ], [ 35.167202, 60.036537, 0.0 ], [ 30.507544, 60.03765, 0.0 ], [ 25.362976, 60.309464, 0.0 ], [ 20.237123, 60.825287, 0.0 ], [ 15.6317625, 61.534534, 0.0 ], [ 11.997631, 62.367905, 0.0 ], [ 9.690527, 63.243786, 0.0 ], [ 8.936268, 64.076355, 0.0 ], [ 9.8086815, 64.78436, 0.0 ], [ 12.222364, 65.2982, 0.0 ], [ 15.941044, 65.56779, 0.0 ], [ 20.600754, 65.566605, 0.0 ], [ 25.745277, 65.29479, 0.0 ], [ 30.871172, 64.778984, 0.0 ], [ 35.476517, 64.06974, 0.0 ], [ 39.110733, 63.236324, 0.0 ], [ 41.417686, 62.360508, 0.0 ]] 
boundary 0: [[ 42.124367, 67.02963, 0.0 ], [ 41.38466, 66.184135, 0.0 ], [ 39.0931, 65.26837, 0.0 ], [ 35.473892, 64.37222, 0.0 ], [ 30.881514, 63.583378, 0.0 ], [ 25.76532, 62.978947, 0.0 ], [ 20.626282, 62.61826, 0.0 ], [ 15.967264, 62.536373, 0.0 ], [ 12.244471, 62.741535, 0.0 ], [ 9.822238, 63.213577, 0.0 ], [ 8.937734, 63.90625, 0.0 ], [ 9.677468, 64.75183, 0.0 ], [ 11.969093, 65.667496, 0.0 ], [ 15.588249, 66.56368, 0.0 ], [ 20.180664, 67.35259, 0.0 ], [ 25.29678, 67.95687, 0.0 ], [ 30.435915, 68.31774, 0.0 ], [ 35.094856, 68.39962, 0.0 ], [ 38.817753, 68.19441, 0.0 ], [ 41.2399, 67.72237, 0.0 ]] 
boundary 1: [[ 42.124336, 60.970352, 0.0 ], [ 41.2399, 60.277622, 0.0 ], [ 38.817745, 59.805664, 0.0 ], [ 35.09484, 59.600506, 0.0 ], [ 30.43591, 59.68225, 0.0 ], [ 25.296803, 60.043034, 0.0 ], [ 20.180656, 60.647476, 0.0 ], [ 15.588249, 61.4363, 0.0 ], [ 11.969082, 62.332428, 0.0 ], [ 9.677478, 63.248104, 0.0 ], [ 8.937739, 64.09361, 0.0 ], [ 9.82227, 64.7864, 0.0 ], [ 12.244488, 65.2584, 0.0 ], [ 15.967276, 65.46359, 0.0 ], [ 20.626266, 65.38179, 0.0 ], [ 25.765312, 65.021, 0.0 ], [ 30.881517, 64.41658, 0.0 ], [ 35.4739, 63.627754, 0.0 ], [ 39.093155, 62.731586, 0.0 ], [ 41.38462, 61.815968, 0.0 ]] 
boundary 0: [[ 42.150593, 66.73653, 0.0 ], [ 41.40323, 65.89781, 0.0 ], [ 39.103443, 65.00294, 0.0 ], [ 35.47622, 64.139755, 0.0 ], [ 30.876858, 63.39275, 0.0 ], [ 25.75537, 62.834904, 0.0 ], [ 20.613264, 62.521, 0.0 ], [ 15.953695, 62.481525, 0.0 ], [ 12.232923, 62.720554, 0.0 ], [ 9.815085, 63.214622, 0.0 ], [ 8.936921, 63.915306, 0.0 ], [ 9.684321, 64.75412, 0.0 ], [ 11.984184, 65.6489, 0.0 ], [ 15.611346, 66.51211, 0.0 ], [ 20.210752, 67.259186, 0.0 ], [ 25.332153, 67.816895, 0.0 ], [ 30.474361, 68.13097, 0.0 ], [ 35.133854, 68.17044, 0.0 ], [ 38.854736, 67.93136, 0.0 ], [ 41.272472, 67.437294, 0.0 ]] 
boundary 1: [[ 42.150562, 61.263435, 0.0 ], [ 41.272472, 60.56269, 0.0 ], [ 38.85473, 60.06871, 0.0 ], [ 35.13384, 59.82968, 0.0 ], [ 30.474356, 59.869026, 0.0 ], [ 25.332176, 60.18302, 0.0 ], [ 20.210747, 60.74087, 0.0 ], [ 15.611346, 61.487865, 0.0 ], [ 11.984174, 62.351025, 0.0 ], [ 9.684331, 63.245808, 0.0 ], [ 8.936929, 64.08452, 0.0 ], [ 9.815118, 64.785355, 0.0 ], [ 12.23294, 65.27939, 0.0 ], [ 15.953707, 65.51844, 0.0 ], [ 20.613249, 65.47905, 0.0 ], [ 25.755363, 65.16505, 0.0 ], [ 30.876862, 64.6072, 0.0 ], [ 35.476227, 63.860207, 0.0 ], [ 39.103497, 62.997017, 0.0 ], [ 41.40319, 62.10229, 0.0 ]] 
boundary 0: [[ 42.104492, 67.23381, 0.0 ], [ 41.370163, 66.383644, 0.0 ], [ 39.084476, 65.45336, 0.0 ], [ 35.47101, 64.53426, 0.0 ], [ 30.88374, 63.716305, 0.0 ], [ 25.771482, 63.07942, 0.0 ], [ 20.634838, 62.686134, 0.0 ], [ 15.976431, 62.574696, 0.0 ], [ 12.252409, 62.756218, 0.0 ], [ 9.8272295, 63.21289, 0.0 ], [ 8.93835, 63.899914, 0.0 ], [ 9.672704, 64.750175, 0.0 ], [ 11.958472, 65.68038, 0.0 ], [ 15.571872, 66.599525, 0.0 ], [ 20.159191, 67.41754, 0.0 ], [ 25.271362, 68.054276, 0.0 ], [ 30.408106, 68.44774, 0.0 ], [ 35.06645, 68.55917, 0.0 ], [ 38.790565, 68.377594, 0.0 ], [ 41.21564, 67.92093, 0.0 ]] 
boundary 1: [[ 42.10446, 60.76615, 0.0 ], [ 41.215633, 60.079056, 0.0 ], [ 38.790565, 59.622475, 0.0 ], [ 35.066433, 59.440952, 0.0 ], [ 30.4081, 59.552254, 0.0 ], [ 25.271385, 59.945637, 0.0 ], [ 20.159187, 60.582523, 0.0 ], [ 15.571872, 61.40047, 0.0 ], [ 11.958462, 62.319542, 0.0 ], [ 9.672711, 63.24974, 0.0 ], [ 8.938353, 64.09988, 0.0 ], [ 9.827262, 64.787094, 0.0 ], [ 12.252426, 65.24372, 0.0 ], [ 15.976442, 65.42528, 0.0 ], [ 20.634823, 65.31392, 0.0 ], [ 25.771473, 64.920525, 0.0 ], [ 30.883743, 64.28365, 0.0 ], [ 35.471016, 63.465702, 0.0 ], [ 39.084526, 62.54659, 0.0 ], [ 41.370125, 61.61645, 0.0 ]] 
boundary 0: [[ 41.926826, 68.67529, 0.0 ], [ 41.231403, 67.793, 0.0 ], [ 38.989807, 66.761024, 0.0 ], [ 35.421257, 65.68056, 0.0 ], [ 30.875338, 64.65743, 0.0 ], [ 25.79685, 63.791603, 0.0 ], [ 20.683044, 63.16804, 0.0 ], [ 16.034342, 62.84752, 0.0 ], [ 12.305927, 62.861618, 0.0 ], [ 9.862683, 63.20892, 0.0 ], [ 8.943847, 63.85533, 0.0 ], [ 9.639277, 64.73769, 0.0 ], [ 11.880968, 65.76963, 0.0 ], [ 15.449446, 66.85012, 0.0 ], [ 19.9954, 67.873314, 0.0 ], [ 25.073818, 68.73898, 0.0 ], [ 30.187714, 69.36273, 0.0 ], [ 34.83635, 69.68325, 0.0 ], [ 38.564865, 69.66908, 0.0 ], [ 41.007996, 69.3218, 0.0 ]] 
boundary 1: [[ 41.926796, 59.324677, 0.0 ], [ 41.007988, 58.678196, 0.0 ], [ 38.564873, 58.33097, 0.0 ], [ 34.83634, 58.316875, 0.0 ], [ 30.187708, 58.63726, 0.0 ], [ 25.073841, 59.26093, 0.0 ], [ 19.995396, 60.12675, 0.0 ], [ 15.449446, 61.149876, 0.0 ], [ 11.880952, 62.23029, 0.0 ], [ 9.63928, 63.262207, 0.0 ], [ 8.943842, 64.14446, 0.0 ], [ 9.862715, 64.79106, 0.0 ], [ 12.305941, 65.13832, 0.0 ], [ 16.034353, 65.15246, 0.0 ], [ 20.683033, 64.83202, 0.0 ], [ 25.796837, 64.20834, 0.0 ], [ 30.875341, 63.342525, 0.0 ], [ 35.421265, 62.319397, 0.0 ], [ 38.989853, 61.238937, 0.0 ], [ 41.231365, 60.207092, 0.0 ]] 
boundary 0: [[ 41.70242, 70.01393, 0.0 ], [ 41.044632, 69.10323, 0.0 ], [ 38.848335, 67.97807, 0.0 ], [ 35.32827, 66.748795, 0.0 ], [ 30.829294, 65.53579, 0.0 ], [ 25.791615, 64.457565, 0.0 ], [ 20.70849, 63.619934, 0.0 ], [ 16.077337, 63.104588, 0.0 ], [ 12.351615, 62.96219, 0.0 ], [ 9.8959465, 63.206654, 0.0 ], [ 8.950789, 63.81393, 0.0 ], [ 9.608577, 64.72469, 0.0 ], [ 11.804981, 65.8498, 0.0 ], [ 15.324968, 67.07911, 0.0 ], [ 19.823975, 68.29222, 0.0 ], [ 24.861584, 69.37025, 0.0 ], [ 29.944798, 70.20808, 0.0 ], [ 34.57589, 70.72342, 0.0 ], [ 38.301712, 70.86574, 0.0 ], [ 40.757263, 70.62131, 0.0 ]] 
boundary 1: [[ 41.70239, 57.98604, 0.0 ], [ 40.757256, 57.37869, 0.0 ], [ 38.30172, 57.134308, 0.0 ], [ 34.575882, 57.27672, 0.0 ], [ 29.944792, 57.791916, 0.0 ], [ 24.861607, 58.62967, 0.0 ], [ 19.823975, 59.707863, 0.0 ], [ 15.324968, 60.920876, 0.0 ], [ 11.804963, 62.150105, 0.0 ], [ 9.608575, 63.275196, 0.0 ], [ 8.950775, 64.18587, 0.0 ], [ 9.895976, 64.79333, 0.0 ], [ 12.351624, 65.037735, 0.0 ], [ 16.077345, 64.895386, 0.0 ], [ 20.708479, 64.38013, 0.0 ], [ 25.7916, 63.542377, 0.0 ], [ 30.829296, 62.464176, 0.0 ], [ 35.328278, 61.251156, 0.0 ], [ 38.848373, 60.021873, 0.0 ], [ 41.0446, 58.89686, 0.0 ]] 
boundary 0: [[ 41.39592, 71.45301, 0.0 ], [ 40.78025, 70.51334, 0.0 ], [ 38.637413, 69.28941, 0.0 ], [ 35.176926, 67.901276, 0.0 ], [ 30.737783, 66.484856, 0.0 ], [ 25.754385, 65.17855, 0.0 ], [ 20.71462, 64.110535, 0.0 ], [ 16.111713, 63.385033, 0.0 ], [ 12.396325, 63.07328, 0.0 ], [ 9.932077, 63.205776, 0.0 ], [ 8.960269, 63.769417, 0.0 ], [ 9.575944, 64.70918, 0.0 ], [ 11.718887, 65.93302, 0.0 ], [ 15.179303, 67.321205, 0.0 ], [ 19.618458, 68.73775, 0.0 ], [ 24.601807, 70.04383, 0.0 ], [ 29.64164, 71.11206, 0.0 ], [ 34.244484, 71.837555, 0.0 ], [ 37.959988, 72.14923, 0.0 ], [ 40.424114, 72.01676, 0.0 ]] 
boundary 1: [[ 41.39588, 56.54696, 0.0 ], [ 40.424107, 55.983234, 0.0 ], [ 37.96, 55.85082, 0.0 ], [ 34.244484, 56.162594, 0.0 ], [ 29.641634, 56.88793, 0.0 ], [ 24.601826, 57.956078, 0.0 ], [ 19.618462, 59.26234, 0.0 ], [ 15.179303, 60.67878, 0.0 ], [ 11.718865, 62.066864, 0.0 ], [ 9.575937, 63.29072, 0.0 ], [ 8.960245, 64.23038, 0.0 ], [ 9.932106, 64.794205, 0.0 ], [ 12.396331, 64.92664, 0.0 ], [ 16.11172, 64.61495, 0.0 ], [ 20.71461, 63.889523, 0.0 ], [ 25.754362, 62.821384, 0.0 ], [ 30.737785, 61.515125, 0.0 ], [ 35.176933, 60.098682, 0.0 ], [ 38.63745, 58.71052, 0.0 ], [ 40.780228, 57.486767, 0.0 ]] 
boundary 0: [[ 41.003967, 72.947464, 0.0 ], [ 40.43389, 71.97946, 0.0 ], [ 38.35196, 70.65456, 0.0 ], [ 34.961742, 69.10271, 0.0 ], [ 30.59533, 67.475845, 0.0 ], [ 25.68002, 65.93297, 0.0 ], [ 20.697033, 64.62542, 0.0 ], [ 16.13404, 63.680874, 0.0 ], [ 12.437781, 63.191994, 0.0 ], [ 9.970017, 63.206623, 0.0 ], [ 8.972395, 63.723198, 0.0 ], [ 9.542476, 64.6913, 0.0 ], [ 11.624511, 66.01611, 0.0 ], [ 15.01466, 67.568016, 0.0 ], [ 19.381077, 69.195, 0.0 ], [ 24.296349, 70.73764, 0.0 ], [ 29.279392, 72.045395, 0.0 ], [ 33.84233, 72.98994, 0.0 ], [ 37.538704, 73.47875, 0.0 ], [ 40.00634, 73.46415, 0.0 ]] 
boundary 1: [[ 41.00392, 55.052513, 0.0 ], [ 40.006332, 54.535847, 0.0 ], [ 37.53872, 54.521294, 0.0 ], [ 33.84233, 55.0102, 0.0 ], [ 29.279387, 55.954594, 0.0 ], [ 24.296362, 57.26227, 0.0 ], [ 19.381084, 58.805096, 0.0 ], [ 15.01466, 60.431976, 0.0 ], [ 11.62448, 61.983776, 0.0 ], [ 9.542462, 63.308605, 0.0 ], [ 8.972361, 64.276596, 0.0 ], [ 9.970046, 64.79336, 0.0 ], [ 12.437785, 64.80792, 0.0 ], [ 16.134045, 64.31911, 0.0 ], [ 20.697021, 63.374626, 0.0 ], [ 25.679993, 62.066963, 0.0 ], [ 30.595331, 60.52414, 0.0 ], [ 34.961742, 58.897255, 0.0 ], [ 38.351997, 57.345375, 0.0 ], [ 40.43387, 56.020653, 0.0 ]] 
boundary 0: [[ 40.439934, 74.71393, 0.0 ], [ 39.926292, 73.71483, 0.0 ], [ 37.923744, 72.27276, 0.0 ], [ 34.628056, 70.52911, 0.0 ], [ 30.362091, 68.6546, 0.0 ], [ 25.54331, 66.83249, 0.0 ], [ 20.643475, 65.24144, 0.0 ], [ 16.142141, 64.036865, 0.0 ], [ 12.479982, 63.336895, 0.0 ], [ 10.015438, 63.21003, 0.0 ], [ 8.989843, 63.668564, 0.0 ], [ 9.503489, 64.667755, 0.0 ], [ 11.506154, 66.10975, 0.0 ], [ 14.801761, 67.85345, 0.0 ], [ 19.06773, 69.72806, 0.0 ], [ 23.886486, 71.549934, 0.0 ], [ 28.78636, 73.14121, 0.0 ], [ 33.287643, 74.34578, 0.0 ], [ 36.94992, 75.045685, 0.0 ], [ 39.41432, 75.17258, 0.0 ]] 
boundary 1: [[ 40.439888, 53.286057, 0.0 ], [ 39.414314, 52.827427, 0.0 ], [ 36.949936, 52.954365, 0.0 ], [ 33.287655, 53.65437, 0.0 ], [ 28.786354, 54.85878, 0.0 ], [ 23.886488, 56.44997, 0.0 ], [ 19.067738, 58.272034, 0.0 ], [ 14.801762, 60.14656, 0.0 ], [ 11.506115, 61.890144, 0.0 ], [ 9.503469, 63.332146, 0.0 ], [ 8.989797, 64.33123, 0.0 ], [ 10.015466, 64.789955, 0.0 ], [ 12.479981, 64.66302, 0.0 ], [ 16.142145, 63.963127, 0.0 ], [ 20.643467, 62.758614, 0.0 ], [ 25.543278, 61.167442, 0.0 ], [ 30.362091, 59.345375, 0.0 ], [ 34.62805, 57.47085, 0.0 ], [ 37.923782, 55.72717, 0.0 ], [ 39.926273, 54.28529, 0.0 ]] 
boundary 0: [[ 38.03705, 79.988205, 0.0 ], [ 37.710037, 78.91345, 0.0 ], [ 35.9971, 77.137024, 0.0 ], [ 33.06566, 74.833, 0.0 ], [ 29.202894, 72.227005, 0.0 ], [ 24.786839, 69.57385, 0.0 ], [ 20.249767, 67.133606, 0.0 ], [ 16.035809, 65.14474, 0.0 ], [ 12.557455, 63.802204, 0.0 ], [ 10.155153, 63.23738, 0.0 ], [ 9.064174, 63.505444, 0.0 ], [ 9.391178, 64.58029, 0.0 ], [ 11.10423, 66.35665, 0.0 ], [ 14.035583, 68.66071, 0.0 ], [ 17.898342, 71.266815, 0.0 ], [ 22.314419, 73.919716, 0.0 ], [ 26.85147, 76.36022, 0.0 ], [ 31.06539, 78.349045, 0.0 ], [ 34.543884, 79.69155, 0.0 ], [ 36.946037, 80.25636, 0.0 ]] 
boundary 1: [[ 38.037003, 48.011787, 0.0 ], [ 36.94603, 47.74363, 0.0 ], [ 34.543907, 48.3085, 0.0 ], [ 31.065426, 49.651104, 0.0 ], [ 26.851463, 51.63978, 0.0 ], [ 22.3144, 54.08018, 0.0 ], [ 17.898361, 56.73328, 0.0 ], [ 14.0355835, 59.339302, 0.0 ], [ 11.104173, 61.643257, 0.0 ], [ 9.391144, 63.41962, 0.0 ], [ 9.06409, 64.49436, 0.0 ], [ 10.155179, 64.76261, 0.0 ], [ 12.557435, 64.19769, 0.0 ], [ 16.035812, 62.855247, 0.0 ], [ 20.249775, 60.86646, 0.0 ], [ 24.786797, 58.426075, 0.0 ], [ 29.202887, 55.772972, 0.0 ], [ 33.06565, 53.166958, 0.0 ], [ 35.997135, 50.862896, 0.0 ], [ 37.710033, 49.086674, 0.0 ]] 
boundary 0: [[ 30.765295, 88.72794, 0.0 ], [ 30.830532, 87.60644, 0.0 ], [ 29.838404, 85.346886, 0.0 ], [ 27.885727, 82.170586, 0.0 ], [ 25.163832, 78.388596, 0.0 ], [ 21.939178, 74.37084, 0.0 ], [ 18.527288, 70.51094, 0.0 ], [ 15.262295, 67.18635, 0.0 ], [ 12.463697, 64.72277, 0.0 ], [ 10.405424, 63.361305, 0.0 ], [ 9.289099, 63.235153, 0.0 ], [ 9.223828, 64.35674, 0.0 ], [ 10.216086, 66.61627, 0.0 ], [ 12.168663, 69.79259, 0.0 ], [ 14.890514, 73.57468, 0.0 ], [ 18.115276, 77.592186, 0.0 ], [ 21.527063, 81.45233, 0.0 ], [ 24.792032, 84.77688, 0.0 ], [ 27.590767, 87.24046, 0.0 ], [ 29.648912, 88.60187, 0.0 ]] 
boundary 1: [[ 30.76525, 39.272068, 0.0 ], [ 29.648905, 39.398125, 0.0 ], [ 27.590809, 40.759583, 0.0 ], [ 24.792118, 43.223267, 0.0 ], [ 21.527056, 46.54767, 0.0 ], [ 18.115223, 50.407707, 0.0 ], [ 14.890568, 54.42541, 0.0 ], [ 12.168667, 58.207428, 0.0 ], [ 10.216, 61.38367, 0.0 ], [ 9.223763, 63.643185, 0.0 ], [ 9.28895, 64.764694, 0.0 ], [ 10.405443, 64.63868, 0.0 ], [ 12.463638, 63.277126, 0.0 ], [ 15.262291, 60.813633, 0.0 ], [ 18.52732, 57.489124, 0.0 ], [ 21.939108, 53.629105, 0.0 ], [ 25.16382, 49.611393, 0.0 ], [ 27.885704, 45.829376, 0.0 ], [ 29.838404, 42.653015, 0.0 ], [ 30.83057, 40.39368, 0.0 ]] 
boundary 0: [[ 31.635317, 87.96802, 0.0 ], [ 31.66045, 86.844894, 0.0 ], [ 30.588242, 84.62222, 0.0 ], [ 28.523348, 81.5177, 0.0 ], [ 25.668093, 77.83536, 0.0 ], [ 22.301977, 73.935356, 0.0 ], [ 18.754383, 70.1998, 0.0 ], [ 15.372715, 66.99396, 0.0 ], [ 12.487901, 64.63192, 0.0 ], [ 10.382308, 63.34485, 0.0 ], [ 9.262189, 63.258656, 0.0 ], [ 9.237024, 64.38186, 0.0 ], [ 10.309362, 66.6045, 0.0 ], [ 12.374156, 69.70904, 0.0 ], [ 15.229372, 73.39149, 0.0 ], [ 18.595587, 77.291245, 0.0 ], [ 22.143085, 81.027054, 0.0 ], [ 25.524729, 84.23285, 0.0 ], [ 28.40968, 86.59488, 0.0 ], [ 30.515142, 87.8819, 0.0 ]] 
boundary 1: [[ 31.635271, 40.031994, 0.0 ], [ 30.515135, 40.118095, 0.0 ], [ 28.409721, 41.405163, 0.0 ], [ 25.52481, 43.767303, 0.0 ], [ 22.143078, 46.97295, 0.0 ], [ 18.595537, 50.70865, 0.0 ], [ 15.229422, 54.6086, 0.0 ], [ 12.374159, 58.290974, 0.0 ], [ 10.3092785, 61.39544, 0.0 ], [ 9.236962, 63.618065, 0.0 ], [ 9.262045, 64.74119, 0.0 ], [ 10.382327, 64.655136, 0.0 ], [ 12.487845, 63.367973, 0.0 ], [ 15.372711, 61.006023, 0.0 ], [ 18.754414, 57.80027, 0.0 ], [ 22.301908, 54.064587, 0.0 ], [ 25.668081, 50.16463, 0.0 ], [ 28.523327, 46.482254, 0.0 ], [ 30.588245, 43.377678, 0.0 ], [ 31.660484, 41.155228, 0.0 ]] 
boundary 0: [[ 38.43502, 79.26746, 0.0 ], [ 38.080765, 78.20139, 0.0 ], [ 36.323143, 76.46915, 0.0 ], [ 33.33399, 74.24052, 0.0 ], [ 29.406122, 71.73371, 0.0 ], [ 24.923948, 69.19386, 0.0 ], [ 20.326218, 66.86994, 0.0 ], [ 16.062983, 64.98898, 0.0 ], [ 12.551568, 63.735447, 0.0 ], [ 10.135666, 63.23197, 0.0 ], [ 9.051865, 63.527733, 0.0 ], [ 9.406126, 64.593895, 0.0 ], [ 11.1638565, 66.32607, 0.0 ], [ 14.152924, 68.55475, 0.0 ], [ 18.080784, 71.06165, 0.0 ], [ 22.562973, 73.60125, 0.0 ], [ 27.160704, 75.92545, 0.0 ], [ 31.423895, 77.80639, 0.0 ], [ 34.935432, 79.059845, 0.0 ], [ 37.351204, 79.563324, 0.0 ]] 
boundary 1: [[ 38.43498, 48.732525, 0.0 ], [ 37.351196, 48.436672, 0.0 ], [ 34.935463, 48.9402, 0.0 ], [ 31.42392, 50.1938, 0.0 ], [ 27.160696, 52.074543, 0.0 ], [ 22.562962, 54.39863, 0.0 ], [ 18.0808, 56.938435, 0.0 ], [ 14.1529255, 59.44525, 0.0 ], [ 11.1637945, 61.673843, 0.0 ], [ 9.406094, 63.406006, 0.0 ], [ 9.051783, 64.47206, 0.0 ], [ 10.135691, 64.768, 0.0 ], [ 12.551551, 64.264435, 0.0 ], [ 16.062984, 63.01099, 0.0 ], [ 20.326221, 61.130146, 0.0 ], [ 24.923903, 58.806057, 0.0 ], [ 29.406118, 56.266266, 0.0 ], [ 33.333984, 53.759438, 0.0 ], [ 36.32319, 51.53076, 0.0 ], [ 38.08075, 49.79873, 0.0 ]] 
boundary 0: [[ 40.918552, 73.23894, 0.0 ], [ 40.357624, 72.2656, 0.0 ], [ 38.288208, 70.92119, 0.0 ], [ 34.912704, 69.33756, 0.0 ], [ 30.561777, 67.66976, 0.0 ], [ 25.661186, 66.08079, 0.0 ], [ 20.690693, 64.726524, 0.0 ], [ 16.136776, 63.739124, 0.0 ], [ 12.445259, 63.215546, 0.0 ], [ 9.977466, 63.206985, 0.0 ], [ 8.975039, 63.714184, 0.0 ], [ 9.535995, 64.687584, 0.0 ], [ 11.605505, 66.03191, 0.0 ], [ 14.980925, 67.6156, 0.0 ], [ 19.331867, 69.28349, 0.0 ], [ 24.23243, 70.87222, 0.0 ], [ 29.202978, 72.22677, 0.0 ], [ 33.756847, 73.21416, 0.0 ], [ 37.44847, 73.737625, 0.0 ], [ 39.916138, 73.74621, 0.0 ]] 
boundary 1: [[ 40.91852, 54.76106, 0.0 ], [ 39.91613, 54.253784, 0.0 ], [ 37.448494, 54.26242, 0.0 ], [ 33.756836, 54.78604, 0.0 ], [ 29.202972, 55.77323, 0.0 ], [ 24.232445, 57.127647, 0.0 ], [ 19.331867, 58.71659, 0.0 ], [ 14.9809265, 60.3844, 0.0 ], [ 11.60546, 61.967995, 0.0 ], [ 9.535981, 63.31231, 0.0 ], [ 8.975, 64.28559, 0.0 ], [ 9.977499, 64.79297, 0.0 ], [ 12.445266, 64.78435, 0.0 ], [ 16.13678, 64.26086, 0.0 ], [ 20.69068, 63.27356, 0.0 ], [ 25.661152, 61.919132, 0.0 ], [ 30.561783, 60.33022, 0.0 ], [ 34.912716, 58.66238, 0.0 ], [ 38.28827, 57.07872, 0.0 ], [ 40.357586, 55.73452, 0.0 ]] 
boundary 0: [[ 41.50309, 70.98514, 0.0 ], [ 40.873573, 70.054695, 0.0 ], [ 38.71277, 68.862686, 0.0 ], [ 35.232044, 67.52608, 0.0 ], [ 30.772385, 66.17571, 0.0 ], [ 25.770153, 64.94354, 0.0 ], [ 20.71508, 63.950493, 0.0 ], [ 16.101917, 63.293373, 0.0 ], [ 12.382294, 63.03681, 0.0 ], [ 9.920283, 63.205868, 0.0 ], [ 8.956954, 63.783886, 0.0 ], [ 9.586507, 64.71439, 0.0 ], [ 11.747395, 65.906296, 0.0 ], [ 15.228033, 67.242966, 0.0 ], [ 19.687725, 68.59342, 0.0 ], [ 24.689915, 69.82537, 0.0 ], [ 29.745054, 70.8187, 0.0 ], [ 34.35817, 71.475815, 0.0 ], [ 38.077904, 71.732254, 0.0 ], [ 40.539787, 71.56323, 0.0 ]] 
boundary 1: [[ 41.50306, 57.014843, 0.0 ], [ 40.53978, 56.436756, 0.0 ], [ 38.07792, 56.26779, 0.0 ], [ 34.358147, 56.52438, 0.0 ], [ 29.745049, 57.181297, 0.0 ], [ 24.689941, 58.174503, 0.0 ], [ 19.687717, 59.406662, 0.0 ], [ 15.228035, 60.757023, 0.0 ], [ 11.747358, 62.093597, 0.0 ], [ 9.5865, 63.2855, 0.0 ], [ 8.956932, 64.21587, 0.0 ], [ 9.920319, 64.79409, 0.0 ], [ 12.382307, 64.96308, 0.0 ], [ 16.101923, 64.70662, 0.0 ], [ 20.715069, 64.04959, 0.0 ], [ 25.770123, 63.05638, 0.0 ], [ 30.772392, 61.824257, 0.0 ], [ 35.232063, 60.473846, 0.0 ], [ 38.712833, 59.13722, 0.0 ], [ 40.87352, 57.945423, 0.0 ]] 
boundary 0: [[ 41.8992, 68.86054, 0.0 ], [ 41.20893, 67.974236, 0.0 ], [ 38.973316, 66.92923, 0.0 ], [ 35.411087, 65.82813, 0.0 ], [ 30.87118, 64.77871, 0.0 ], [ 25.797804, 63.88346, 0.0 ], [ 20.68769, 63.23034, 0.0 ], [ 16.040928, 62.882862, 0.0 ], [ 12.312478, 62.875362, 0.0 ], [ 9.867261, 63.20851, 0.0 ], [ 8.944697, 63.849594, 0.0 ], [ 9.635004, 64.73596, 0.0 ], [ 11.870691, 65.78086, 0.0 ], [ 15.432848, 66.882, 0.0 ], [ 19.972794, 67.93153, 0.0 ], [ 25.046108, 68.82655, 0.0 ], [ 30.156311, 69.47996, 0.0 ], [ 34.803017, 69.82744, 0.0 ], [ 38.531574, 69.83481, 0.0 ], [ 40.97666, 69.5017, 0.0 ]] 
boundary 1: [[ 41.89917, 59.13944, 0.0 ], [ 40.976654, 58.498287, 0.0 ], [ 38.53159, 58.165245, 0.0 ], [ 34.80298, 58.172764, 0.0 ], [ 30.156305, 58.52003, 0.0 ], [ 25.046139, 59.173325, 0.0 ], [ 19.972782, 60.068558, 0.0 ], [ 15.43285, 61.117977, 0.0 ], [ 11.870661, 62.219044, 0.0 ], [ 9.635006, 63.263924, 0.0 ], [ 8.944693, 64.15016, 0.0 ], [ 9.867299, 64.79146, 0.0 ], [ 12.312496, 65.12453, 0.0 ], [ 16.040936, 65.11713, 0.0 ], [ 20.687672, 64.769745, 0.0 ], [ 25.797783, 64.116455, 0.0 ], [ 30.87119, 63.221252, 0.0 ], [ 35.411106, 62.17178, 0.0 ], [ 38.9734, 61.07067, 0.0 ], [ 41.208862, 60.025887, 0.0 ]] 
boundary 0: [[ 42.078907, 67.47895, 0.0 ], [ 41.351097, 66.623215, 0.0 ], [ 39.072548, 65.67547, 0.0 ], [ 35.466194, 64.728874, 0.0 ], [ 30.885292, 63.876003, 0.0 ], [ 25.778055, 63.20013, 0.0 ], [ 20.644547, 62.767754, 0.0 ], [ 15.98713, 62.620792, 0.0 ], [ 12.261822, 62.77392, 0.0 ], [ 9.833226, 63.212093, 0.0 ], [ 8.939136, 63.892323, 0.0 ], [ 9.666986, 64.74813, 0.0 ], [ 11.945613, 65.695755, 0.0 ], [ 15.551899, 66.64241, 0.0 ], [ 20.132843, 67.4954, 0.0 ], [ 25.240002, 68.17101, 0.0 ], [ 30.373611, 68.60367, 0.0 ], [ 35.030975, 68.750656, 0.0 ], [ 38.756393, 68.5974, 0.0 ], [ 41.18485, 68.15925, 0.0 ]] 
boundary 1: [[ 42.07888, 60.521023, 0.0 ], [ 41.18484, 59.840725, 0.0 ], [ 38.75641, 59.402668, 0.0 ], [ 35.030922, 59.249557, 0.0 ], [ 30.373606, 59.39631, 0.0 ], [ 25.240044, 59.828857, 0.0 ], [ 20.132832, 60.504707, 0.0 ], [ 15.551901, 61.357563, 0.0 ], [ 11.945584, 62.304157, 0.0 ], [ 9.666993, 63.251755, 0.0 ], [ 8.939141, 64.10743, 0.0 ], [ 9.833265, 64.78787, 0.0 ], [ 12.261844, 65.22597, 0.0 ], [ 15.987138, 65.3792, 0.0 ], [ 20.644524, 65.23233, 0.0 ], [ 25.778042, 64.79977, 0.0 ], [ 30.885303, 64.12398, 0.0 ], [ 35.466225, 63.27106, 0.0 ], [ 39.07264, 62.324425, 0.0 ], [ 41.35103, 61.37692, 0.0 ]] 
boundary 0: [[ 42.12692, 67.00229, 0.0 ], [ 41.386494, 66.15743, 0.0 ], [ 39.094185, 65.24355, 0.0 ], [ 35.47419, 64.350494, 0.0 ], [ 30.881155, 63.565582, 0.0 ], [ 25.764458, 62.965458, 0.0 ], [ 20.625114, 62.609188, 0.0 ], [ 15.966029, 62.53125, 0.0 ], [ 12.2434025, 62.739555, 0.0 ], [ 9.821563, 63.21366, 0.0 ], [ 8.937649, 63.907066, 0.0 ], [ 9.6781, 64.75199, 0.0 ], [ 11.970517, 65.66575, 0.0 ], [ 15.590432, 66.55887, 0.0 ], [ 20.183512, 67.3439, 0.0 ], [ 25.300125, 67.94377, 0.0 ], [ 30.439573, 68.30031, 0.0 ], [ 35.098602, 68.378265, 0.0 ], [ 38.82134, 68.16985, 0.0 ], [ 41.243027, 67.69576, 0.0 ]] 
boundary 1: [[ 42.126892, 60.99769, 0.0 ], [ 41.24302, 60.304222, 0.0 ], [ 38.821354, 59.83023, 0.0 ], [ 35.09855, 59.621944, 0.0 ], [ 30.439568, 59.69967, 0.0 ], [ 25.300167, 60.056107, 0.0 ], [ 20.1835, 60.656204, 0.0 ], [ 15.590434, 61.441097, 0.0 ], [ 11.9704895, 62.334156, 0.0 ], [ 9.678109, 63.24789, 0.0 ], [ 8.937658, 64.092674, 0.0 ], [ 9.821604, 64.7863, 0.0 ], [ 12.243424, 65.26033, 0.0 ], [ 15.966037, 65.46875, 0.0 ], [ 20.625092, 65.3909, 0.0 ], [ 25.764446, 65.03445, 0.0 ], [ 30.881166, 64.43438, 0.0 ], [ 35.47422, 63.649445, 0.0 ], [ 39.094276, 62.756348, 0.0 ], [ 41.38642, 61.842712, 0.0 ]] 
boundary 0: [[ 42.204113, 66.00939, 0.0 ], [ 41.438007, 65.187744, 0.0 ], [ 39.118637, 64.34489, 0.0 ], [ 35.472874, 63.563747, 0.0 ], [ 30.85784, 62.92065, 0.0 ], [ 25.725086, 62.478394, 0.0 ], [ 20.57721, 62.280575, 0.0 ], [ 15.917934, 62.346157, 0.0 ], [ 12.203487, 62.669006, 0.0 ], [ 9.7973995, 63.217472, 0.0 ], [ 8.93526, 63.937775, 0.0 ], [ 9.70138, 64.7595, 0.0 ], [ 12.020851, 65.60222, 0.0 ], [ 15.666554, 66.38343, 0.0 ], [ 20.281635, 67.02664, 0.0 ], [ 25.414291, 67.46864, 0.0 ], [ 30.562283, 67.66673, 0.0 ], [ 35.221493, 67.60117, 0.0 ], [ 38.936058, 67.2782, 0.0 ], [ 41.341988, 66.72975, 0.0 ]] 
boundary 1: [[ 42.204086, 61.99058, 0.0 ], [ 41.34198, 61.270226, 0.0 ], [ 38.936066, 60.721878, 0.0 ], [ 35.22144, 60.39904, 0.0 ], [ 30.562277, 60.33325, 0.0 ], [ 25.414333, 60.531227, 0.0 ], [ 20.28162, 60.973465, 0.0 ], [ 15.666556, 61.61653, 0.0 ], [ 12.020826, 62.397682, 0.0 ], [ 9.701393, 63.240387, 0.0 ], [ 8.935276, 64.061966, 0.0 ], [ 9.7974415, 64.782486, 0.0 ], [ 12.203515, 65.33087, 0.0 ], [ 15.917942, 65.65385, 0.0 ], [ 20.577187, 65.71952, 0.0 ], [ 25.725075, 65.521515, 0.0 ], [ 30.857851, 65.07929, 0.0 ], [ 35.47291, 64.43619, 0.0 ], [ 39.11873, 63.655014, 0.0 ], [ 41.43793, 62.81241, 0.0 ]] 
boundary 0: [[ 42.21784, 65.775085, 0.0 ], [ 41.4458, 64.95902, 0.0 ], [ 39.120377, 64.13303, 0.0 ], [ 35.46904, 63.378372, 0.0 ], [ 30.849457, 62.76879, 0.0 ], [ 25.713627, 62.3638, 0.0 ], [ 20.564453, 62.20336, 0.0 ], [ 15.90577, 62.30276, 0.0 ], [ 12.193767, 62.65256, 0.0 ], [ 9.791721, 63.21848, 0.0 ], [ 8.934834, 63.94501, 0.0 ], [ 9.7069, 64.76116, 0.0 ], [ 12.032428, 65.58702, 0.0 ], [ 15.683708, 66.34176, 0.0 ], [ 20.30333, 66.95145, 0.0 ], [ 25.439064, 67.35617, 0.0 ], [ 30.588354, 67.5169, 0.0 ], [ 35.24697, 67.41753, 0.0 ], [ 38.95909, 67.06758, 0.0 ], [ 41.360977, 66.50168, 0.0 ]] 
boundary 1: [[ 42.21781, 62.224888, 0.0 ], [ 41.36097, 61.49829, 0.0 ], [ 38.9591, 60.932495, 0.0 ], [ 35.246918, 60.582703, 0.0 ], [ 30.588348, 60.48309, 0.0 ], [ 25.439104, 60.643696, 0.0 ], [ 20.303314, 61.04866, 0.0 ], [ 15.68371, 61.65821, 0.0 ], [ 12.032403, 62.412876, 0.0 ], [ 9.706913, 63.238724, 0.0 ], [ 8.934853, 64.054726, 0.0 ], [ 9.791764, 64.78148, 0.0 ], [ 12.193795, 65.34732, 0.0 ], [ 15.905778, 65.69724, 0.0 ], [ 20.564428, 65.79674, 0.0 ], [ 25.713615, 65.6361, 0.0 ], [ 30.849468, 65.231155, 0.0 ], [ 35.469078, 64.621574, 0.0 ], [ 39.120476, 63.866875, 0.0 ], [ 41.445724, 63.04113, 0.0 ]] 
boundary 0: [[ 42.171947, 66.47219, 0.0 ], [ 41.417717, 65.63963, 0.0 ], [ 39.1107, 64.7636, 0.0 ], [ 35.4765, 63.930225, 0.0 ], [ 30.871174, 63.220974, 0.0 ], [ 25.74529, 62.705124, 0.0 ], [ 20.600788, 62.433475, 0.0 ], [ 15.941044, 62.432182, 0.0 ], [ 12.222351, 62.70171, 0.0 ], [ 9.808639, 63.215614, 0.0 ], [ 8.9362545, 63.92345, 0.0 ], [ 9.690506, 64.75609, 0.0 ], [ 11.99765, 65.63197, 0.0 ], [ 15.63177, 66.465454, 0.0 ], [ 20.237135, 67.1748, 0.0 ], [ 25.362926, 67.69039, 0.0 ], [ 30.507542, 67.96233, 0.0 ], [ 35.167217, 67.96364, 0.0 ], [ 38.886036, 67.69398, 0.0 ], [ 41.29959, 67.1801, 0.0 ]] 
boundary 1: [[ 42.17192, 61.527786, 0.0 ], [ 41.299583, 60.81987, 0.0 ], [ 38.886044, 60.306107, 0.0 ], [ 35.167164, 60.036594, 0.0 ], [ 30.507536, 60.03765, 0.0 ], [ 25.362965, 60.30947, 0.0 ], [ 20.237123, 60.825302, 0.0 ], [ 15.631772, 61.53453, 0.0 ], [ 11.9976225, 62.36789, 0.0 ], [ 9.690517, 63.243786, 0.0 ], [ 8.936269, 64.07627, 0.0 ], [ 9.8086815, 64.78436, 0.0 ], [ 12.222376, 65.298164, 0.0 ], [ 15.9410515, 65.56779, 0.0 ], [ 20.600761, 65.56662, 0.0 ], [ 25.745277, 65.29478, 0.0 ], [ 30.871183, 64.77897, 0.0 ], [ 35.47654, 64.069725, 0.0 ], [ 39.110794, 63.23631, 0.0 ], [ 41.417656, 62.360523, 0.0 ]] 
boundary 0: [[ 42.12433, 67.02965, 0.0 ], [ 41.38465, 66.18415, 0.0 ], [ 39.093117, 65.26835, 0.0 ], [ 35.473885, 64.37221, 0.0 ], [ 30.88152, 63.583378, 0.0 ], [ 25.765327, 62.978916, 0.0 ], [ 20.626297, 62.618282, 0.0 ], [ 15.967276, 62.536366, 0.0 ], [ 12.244474, 62.74151, 0.0 ], [ 9.82223, 63.21357, 0.0 ], [ 8.93773, 63.906208, 0.0 ], [ 9.677459, 64.75177, 0.0 ], [ 11.969102, 65.66745, 0.0 ], [ 15.588257, 66.56368, 0.0 ], [ 20.180664, 67.35261, 0.0 ], [ 25.296753, 67.956825, 0.0 ], [ 30.435907, 68.31774, 0.0 ], [ 35.094856, 68.39968, 0.0 ], [ 38.817783, 68.1944, 0.0 ], [ 41.23989, 67.72237, 0.0 ]] 
boundary 1: [[ 42.124302, 60.97032, 0.0 ], [ 41.239883, 60.277607, 0.0 ], [ 38.8178, 59.805687, 0.0 ], [ 35.094803, 59.600567, 0.0 ], [ 30.435902, 59.68225, 0.0 ], [ 25.296791, 60.04304, 0.0 ], [ 20.180656, 60.64749, 0.0 ], [ 15.588259, 61.4363, 0.0 ], [ 11.969073, 62.332413, 0.0 ], [ 9.677468, 63.248104, 0.0 ], [ 8.937737, 64.09353, 0.0 ], [ 9.82227, 64.7864, 0.0 ], [ 12.244497, 65.25836, 0.0 ], [ 15.967283, 65.46359, 0.0 ], [ 20.626274, 65.381805, 0.0 ], [ 25.765312, 65.02099, 0.0 ], [ 30.881529, 64.416565, 0.0 ], [ 35.473923, 63.62774, 0.0 ], [ 39.093216, 62.731567, 0.0 ], [ 41.38459, 61.815983, 0.0 ]] 
boundary 0: [[ 42.150555, 66.73654, 0.0 ], [ 41.40322, 65.89783, 0.0 ], [ 39.10346, 65.002914, 0.0 ], [ 35.47621, 64.13974, 0.0 ], [ 30.876863, 63.39275, 0.0 ], [ 25.755377, 62.834873, 0.0 ], [ 20.61328, 62.521023, 0.0 ], [ 15.953707, 62.481518, 0.0 ], [ 12.232926, 62.720528, 0.0 ], [ 9.815078, 63.214615, 0.0 ], [ 8.936917, 63.915264, 0.0 ], [ 9.684312, 64.75406, 0.0 ], [ 11.98419, 65.64886, 0.0 ], [ 15.611354, 66.51211, 0.0 ], [ 20.210752, 67.2592, 0.0 ], [ 25.332127, 67.81685, 0.0 ], [ 30.474354, 68.13097, 0.0 ], [ 35.133854, 68.1705, 0.0 ], [ 38.854767, 67.93134, 0.0 ], [ 41.272465, 67.437294, 0.0 ]] 
boundary 1: [[ 42.150528, 61.263405, 0.0 ], [ 41.272457, 60.562675, 0.0 ], [ 38.854782, 60.068733, 0.0 ], [ 35.1338, 59.829742, 0.0 ], [ 30.474348, 59.869026, 0.0 ], [ 25.332165, 60.18302, 0.0 ], [ 20.210743, 60.740887, 0.0 ], [ 15.611356, 61.487865, 0.0 ], [ 11.984166, 62.35101, 0.0 ], [ 9.684321, 63.245808, 0.0 ], [ 8.936928, 64.084435, 0.0 ], [ 9.815118, 64.785355, 0.0 ], [ 12.232949, 65.27934, 0.0 ], [ 15.953714, 65.51844, 0.0 ], [ 20.613256, 65.479065, 0.0 ], [ 25.755363, 65.16503, 0.0 ], [ 30.876873, 64.607185, 0.0 ], [ 35.47625, 63.86019, 0.0 ], [ 39.103558, 62.996998, 0.0 ], [ 41.40316, 62.102306, 0.0 ]] 
boundary 0: [[ 42.104454, 67.23382, 0.0 ], [ 41.370155, 66.38366, 0.0 ], [ 39.08449, 65.45334, 0.0 ], [ 35.471, 64.53425, 0.0 ], [ 30.883745, 63.716305, 0.0 ], [ 25.771492, 63.079388, 0.0 ], [ 20.634853, 62.686157, 0.0 ], [ 15.976442, 62.574688, 0.0 ], [ 12.252415, 62.75619, 0.0 ], [ 9.827222, 63.212883, 0.0 ], [ 8.938346, 63.89987, 0.0 ], [ 9.672694, 64.750114, 0.0 ], [ 11.958478, 65.680336, 0.0 ], [ 15.571879, 66.599525, 0.0 ], [ 20.159191, 67.41756, 0.0 ], [ 25.27134, 68.05423, 0.0 ], [ 30.408098, 68.44774, 0.0 ], [ 35.06645, 68.559235, 0.0 ], [ 38.790604, 68.37758, 0.0 ], [ 41.215633, 67.92093, 0.0 ]] 
boundary 1: [[ 42.104427, 60.76612, 0.0 ], [ 41.21562, 60.079044, 0.0 ], [ 38.79062, 59.622498, 0.0 ], [ 35.066395, 59.441013, 0.0 ], [ 30.408092, 59.552254, 0.0 ], [ 25.271374, 59.945637, 0.0 ], [ 20.159184, 60.58254, 0.0 ], [ 15.571881, 61.40047, 0.0 ], [ 11.958453, 62.319527, 0.0 ], [ 9.672702, 63.24974, 0.0 ], [ 8.93835, 64.09979, 0.0 ], [ 9.827262, 64.787094, 0.0 ], [ 12.252434, 65.243675, 0.0 ], [ 15.97645, 65.42528, 0.0 ], [ 20.63483, 65.313934, 0.0 ], [ 25.771473, 64.92051, 0.0 ], [ 30.883755, 64.28364, 0.0 ], [ 35.47104, 63.465687, 0.0 ], [ 39.084587, 62.54657, 0.0 ], [ 41.370094, 61.616467, 0.0 ]] 
boundary 0: [[ 41.92679, 68.67529, 0.0 ], [ 41.231396, 67.793015, 0.0 ], [ 38.989822, 66.761, 0.0 ], [ 35.42125, 65.68054, 0.0 ], [ 30.875343, 64.65743, 0.0 ], [ 25.796864, 63.791573, 0.0 ], [ 20.68306, 63.168064, 0.0 ], [ 16.034353, 62.84751, 0.0 ], [ 12.305933, 62.86159, 0.0 ], [ 9.862677, 63.20891, 0.0 ], [ 8.943847, 63.85529, 0.0 ], [ 9.639273, 64.73763, 0.0 ], [ 11.880975, 65.769585, 0.0 ], [ 15.449453, 66.85012, 0.0 ], [ 19.9954, 67.87333, 0.0 ], [ 25.073803, 68.73894, 0.0 ], [ 30.187706, 69.36273, 0.0 ], [ 34.83635, 69.68331, 0.0 ], [ 38.564903, 69.66908, 0.0 ], [ 41.007988, 69.3218, 0.0 ]] 
boundary 1: [[ 41.926758, 59.324646, 0.0 ], [ 41.007973, 58.67818, 0.0 ], [ 38.564926, 58.330994, 0.0 ], [ 34.836304, 58.316936, 0.0 ], [ 30.1877, 58.63726, 0.0 ], [ 25.07383, 59.260937, 0.0 ], [ 19.995392, 60.126766, 0.0 ], [ 15.449455, 61.149876, 0.0 ], [ 11.880942, 62.230274, 0.0 ], [ 9.639271, 63.262207, 0.0 ], [ 8.943835, 64.14438, 0.0 ], [ 9.862715, 64.79106, 0.0 ], [ 12.305944, 65.138275, 0.0 ], [ 16.03436, 65.15246, 0.0 ], [ 20.68304, 64.83204, 0.0 ], [ 25.796833, 64.20833, 0.0 ], [ 30.875349, 63.342506, 0.0 ], [ 35.421288, 62.31938, 0.0 ], [ 38.989906, 61.23892, 0.0 ], [ 41.231335, 60.207108, 0.0 ]] 
boundary 0: [[ 41.70238, 70.01393, 0.0 ], [ 41.044624, 69.10325, 0.0 ], [ 38.84835, 67.97805, 0.0 ], [ 35.328262, 66.74878, 0.0 ], [ 30.8293, 65.53579, 0.0 ], [ 25.79163, 64.45754, 0.0 ], [ 20.708506, 63.619957, 0.0 ], [ 16.077349, 63.10458, 0.0 ], [ 12.351621, 62.962162, 0.0 ], [ 9.895941, 63.206642, 0.0 ], [ 8.95079, 63.81389, 0.0 ], [ 9.608573, 64.72463, 0.0 ], [ 11.80499, 65.849754, 0.0 ], [ 15.324976, 67.07911, 0.0 ], [ 19.82397, 68.29224, 0.0 ], [ 24.861576, 69.3702, 0.0 ], [ 29.94479, 70.20808, 0.0 ], [ 34.575882, 70.72348, 0.0 ], [ 38.30175, 70.86574, 0.0 ], [ 40.757256, 70.62131, 0.0 ]] 
boundary 1: [[ 41.70235, 57.986008, 0.0 ], [ 40.75724, 57.378674, 0.0 ], [ 38.301773, 57.13433, 0.0 ], [ 34.575844, 57.27678, 0.0 ], [ 29.944784, 57.791916, 0.0 ], [ 24.861595, 58.629677, 0.0 ], [ 19.82397, 59.70788, 0.0 ], [ 15.324978, 60.920876, 0.0 ], [ 11.804953, 62.15009, 0.0 ], [ 9.608565, 63.275196, 0.0 ], [ 8.9507675, 64.18578, 0.0 ], [ 9.895976, 64.79333, 0.0 ], [ 12.351627, 65.03769, 0.0 ], [ 16.077353, 64.895386, 0.0 ], [ 20.708488, 64.38014, 0.0 ], [ 25.791595, 63.542362, 0.0 ], [ 30.829304, 62.464157, 0.0 ], [ 35.3283, 61.25114, 0.0 ], [ 38.848427, 60.02185, 0.0 ], [ 41.04457, 58.89688, 0.0 ]] 
boundary 0: [[ 41.39588, 71.45301, 0.0 ], [ 40.780243, 70.51336, 0.0 ], [ 38.63743, 69.28939, 0.0 ], [ 35.176918, 67.90126, 0.0 ], [ 30.73779, 66.484856, 0.0 ], [ 25.754404, 65.17853, 0.0 ], [ 20.714636, 64.11056, 0.0 ], [ 16.111725, 63.38503, 0.0 ], [ 12.396332, 63.073254, 0.0 ], [ 9.932073, 63.205765, 0.0 ], [ 8.960277, 63.76938, 0.0 ], [ 9.575942, 64.70912, 0.0 ], [ 11.718898, 65.932976, 0.0 ], [ 15.179311, 67.321205, 0.0 ], [ 19.618454, 68.73776, 0.0 ], [ 24.601803, 70.04378, 0.0 ], [ 29.641632, 71.11206, 0.0 ], [ 34.244476, 71.837616, 0.0 ], [ 37.960026, 72.14923, 0.0 ], [ 40.424107, 72.01676, 0.0 ]] 
boundary 1: [[ 41.395844, 56.54693, 0.0 ], [ 40.424088, 55.98322, 0.0 ], [ 37.960052, 55.85084, 0.0 ], [ 34.244453, 56.162655, 0.0 ], [ 29.641626, 56.88793, 0.0 ], [ 24.601814, 57.956085, 0.0 ], [ 19.618458, 59.262356, 0.0 ], [ 15.179313, 60.67878, 0.0 ], [ 11.718852, 62.06685, 0.0 ], [ 9.575928, 63.29072, 0.0 ], [ 8.9602375, 64.23029, 0.0 ], [ 9.932106, 64.794205, 0.0 ], [ 12.396332, 64.9266, 0.0 ], [ 16.111727, 64.61495, 0.0 ], [ 20.714622, 63.889538, 0.0 ], [ 25.754358, 62.82137, 0.0 ], [ 30.737793, 61.515106, 0.0 ], [ 35.176956, 60.098667, 0.0 ], [ 38.637505, 58.710495, 0.0 ], [ 40.780197, 57.48679, 0.0 ]] 
boundary 0: [[ 41.00393, 72.94746, 0.0 ], [ 40.433884, 71.97948, 0.0 ], [ 38.351974, 70.65453, 0.0 ], [ 34.961735, 69.10269, 0.0 ], [ 30.595335, 67.475845, 0.0 ], [ 25.680038, 65.93295, 0.0 ], [ 20.697044, 64.62544, 0.0 ], [ 16.134052, 63.68087, 0.0 ], [ 12.437787, 63.191967, 0.0 ], [ 9.970014, 63.20661, 0.0 ], [ 8.9724045, 63.72316, 0.0 ], [ 9.542475, 64.69124, 0.0 ], [ 11.624522, 66.01607, 0.0 ], [ 15.0146675, 67.568016, 0.0 ], [ 19.381073, 69.195015, 0.0 ], [ 24.296345, 70.737595, 0.0 ], [ 29.279385, 72.045395, 0.0 ], [ 33.842323, 72.99, 0.0 ], [ 37.538742, 73.47875, 0.0 ], [ 40.006332, 73.46415, 0.0 ]] 
boundary 1: [[ 41.003883, 55.052483, 0.0 ], [ 40.00631, 54.53583, 0.0 ], [ 37.538773, 54.521317, 0.0 ], [ 33.8423, 55.01026, 0.0 ], [ 29.279379, 55.954594, 0.0 ], [ 24.29635, 57.26228, 0.0 ], [ 19.38108, 58.805115, 0.0 ], [ 15.014669, 60.431976, 0.0 ], [ 11.624467, 61.98376, 0.0 ], [ 9.542453, 63.308605, 0.0 ], [ 8.972349, 64.27651, 0.0 ], [ 9.970046, 64.79336, 0.0 ], [ 12.437784, 64.80788, 0.0 ], [ 16.134052, 64.31911, 0.0 ], [ 20.697037, 63.37464, 0.0 ], [ 25.679989, 62.066948, 0.0 ], [ 30.595337, 60.52412, 0.0 ], [ 34.961765, 58.89724, 0.0 ], [ 38.35205, 57.345345, 0.0 ], [ 40.433838, 56.020676, 0.0 ]] 
boundary 0: [[ 40.439896, 74.713905, 0.0 ], [ 39.926285, 73.71484, 0.0 ], [ 37.92376, 72.27274, 0.0 ], [ 34.628048, 70.5291, 0.0 ], [ 30.362097, 68.6546, 0.0 ], [ 25.543331, 66.83248, 0.0 ], [ 20.643486, 65.24146, 0.0 ], [ 16.142153, 64.03686, 0.0 ], [ 12.47999, 63.33687, 0.0 ], [ 10.015434, 63.21002, 0.0 ], [ 8.989855, 63.668526, 0.0 ], [ 9.503492, 64.667694, 0.0 ], [ 11.506167, 66.1097, 0.0 ], [ 14.801768, 67.85345, 0.0 ], [ 19.067726, 69.72807, 0.0 ], [ 23.886486, 71.54989, 0.0 ], [ 28.786352, 73.141205, 0.0 ], [ 33.287636, 74.34584, 0.0 ], [ 36.94996, 75.045685, 0.0 ], [ 39.414314, 75.17256, 0.0 ]] 
boundary 1: [[ 40.43985, 53.286026, 0.0 ], [ 39.41429, 52.82741, 0.0 ], [ 36.94999, 52.954376, 0.0 ], [ 33.28763, 53.65443, 0.0 ], [ 28.786346, 54.85878, 0.0 ], [ 23.886477, 56.449978, 0.0 ], [ 19.067736, 58.272057, 0.0 ], [ 14.801771, 60.14656, 0.0 ], [ 11.506102, 61.89013, 0.0 ], [ 9.50346, 63.332146, 0.0 ], [ 8.989781, 64.33115, 0.0 ], [ 10.015466, 64.789955, 0.0 ], [ 12.479979, 64.66297, 0.0 ], [ 16.142153, 63.963127, 0.0 ], [ 20.643482, 62.75863, 0.0 ], [ 25.543274, 61.167427, 0.0 ], [ 30.362095, 59.34536, 0.0 ], [ 34.628075, 57.470837, 0.0 ], [ 37.92383, 55.727135, 0.0 ], [ 39.92625, 54.28532, 0.0 ]] 
boundary 0: [[ 38.037018, 79.98818, 0.0 ], [ 37.710022, 78.91347, 0.0 ], [ 35.997124, 77.13701, 0.0 ], [ 33.06566, 74.832985, 0.0 ], [ 29.2029, 72.227005, 0.0 ], [ 24.786861, 69.57385, 0.0 ], [ 20.249777, 67.13363, 0.0 ], [ 16.035822, 65.14474, 0.0 ], [ 12.557466, 63.802185, 0.0 ], [ 10.155153, 63.237366, 0.0 ], [ 9.064192, 63.505405, 0.0 ], [ 9.391193, 64.58024, 0.0 ], [ 11.10425, 66.356606, 0.0 ], [ 14.03559, 68.66071, 0.0 ], [ 17.89833, 71.26683, 0.0 ], [ 22.314426, 73.91967, 0.0 ], [ 26.851465, 76.36022, 0.0 ], [ 31.06537, 78.349106, 0.0 ], [ 34.543922, 79.69155, 0.0 ], [ 36.94603, 80.25635, 0.0 ]] 
boundary 1: [[ 38.036957, 48.011772, 0.0 ], [ 36.945995, 47.74362, 0.0 ], [ 34.54396, 48.308502, 0.0 ], [ 31.065414, 49.651165, 0.0 ], [ 26.851456, 51.63978, 0.0 ], [ 22.314388, 54.08019, 0.0 ], [ 17.898367, 56.7333, 0.0 ], [ 14.035593, 59.339302, 0.0 ], [ 11.1041565, 61.643246, 0.0 ], [ 9.391134, 63.41962, 0.0 ], [ 9.064059, 64.494286, 0.0 ], [ 10.155179, 64.76261, 0.0 ], [ 12.557425, 64.19765, 0.0 ], [ 16.03582, 62.855247, 0.0 ], [ 20.249794, 60.866467, 0.0 ], [ 24.786789, 58.426067, 0.0 ], [ 29.202888, 55.772957, 0.0 ], [ 33.065666, 53.16694, 0.0 ], [ 35.99717, 50.862858, 0.0 ], [ 37.710014, 49.086708, 0.0 ]] 
boundary 0: [[ 30.765276, 88.727905, 0.0 ], [ 30.830507, 87.60645, 0.0 ], [ 29.838434, 85.346886, 0.0 ], [ 27.88573, 82.17057, 0.0 ], [ 25.163837, 78.388596, 0.0 ], [ 21.939201, 74.37084, 0.0 ], [ 18.527287, 70.51097, 0.0 ], [ 15.262308, 67.18635, 0.0 ], [ 12.463713, 64.72276, 0.0 ], [ 10.405427, 63.361294, 0.0 ], [ 9.289127, 63.23513, 0.0 ], [ 9.223861, 64.3567, 0.0 ], [ 10.216117, 66.61624, 0.0 ], [ 12.168671, 69.79259, 0.0 ], [ 14.890494, 73.57469, 0.0 ], [ 18.115303, 77.59215, 0.0 ], [ 21.527056, 81.45233, 0.0 ], [ 24.791988, 84.776924, 0.0 ], [ 27.590805, 87.24048, 0.0 ], [ 29.648905, 88.60185, 0.0 ]] 
boundary 1: [[ 30.765203, 39.27206, 0.0 ], [ 29.648867, 39.398132, 0.0 ], [ 27.59086, 40.75956, 0.0 ], [ 24.79213, 43.223328, 0.0 ], [ 21.527048, 46.54767, 0.0 ], [ 18.115215, 50.407726, 0.0 ], [ 14.890576, 54.425423, 0.0 ], [ 12.168676, 58.207424, 0.0 ], [ 10.2159815, 61.38366, 0.0 ], [ 9.223754, 63.643185, 0.0 ], [ 9.288899, 64.76463, 0.0 ], [ 10.405443, 64.63868, 0.0 ], [ 12.463615, 63.277092, 0.0 ], [ 15.262299, 60.813633, 0.0 ], [ 18.52734, 57.48913, 0.0 ], [ 21.939102, 53.629112, 0.0 ], [ 25.163818, 49.611378, 0.0 ], [ 27.885712, 45.829353, 0.0 ], [ 29.838428, 42.652977, 0.0 ], [ 30.830566, 40.393723, 0.0 ]] 
