boundary 0: [[ 35.56181, 83.713615, 0.0 ], [ 35.386253, 82.60396, 0.0 ], [ 33.93477, 80.60815, 0.0 ], [ 31.349363, 77.9217, 0.0 ], [ 27.88319, 74.807465, 0.0 ], [ 23.875507, 71.5704, 0.0 ], [ 19.718632, 68.52716, 0.0 ], [ 15.819426, 65.97592, 0.0 ], [ 12.559625, 64.166245, 0.0 ], [ 10.258301, 63.275295, 0.0 ], [ 9.140704, 63.390312, 0.0 ], [ 9.316263, 64.49997, 0.0 ], [ 10.767756, 66.495766, 0.0 ], [ 13.353141, 69.182274, 0.0 ], [ 16.819317, 72.29644, 0.0 ], [ 20.826996, 75.533516, 0.0 ], [ 24.983902, 78.5766, 0.0 ], [ 28.883085, 81.12794, 0.0 ], [ 32.142944, 82.93761, 0.0 ], [ 34.444252, 83.82853, 0.0 ]] 
boundary 1: [[ 35.56181, 44.2864, 0.0 ], [ 34.44422, 44.171425, 0.0 ], [ 32.142914, 45.062355, 0.0 ], [ 28.883076, 46.872055, 0.0 ], [ 24.98389, 49.423332, 0.0 ], [ 20.827003, 52.466484, 0.0 ], [ 16.819313, 55.703587, 0.0 ], [ 13.3531475, 58.817787, 0.0 ], [ 10.767764, 61.504242, 0.0 ], [ 9.31625, 63.499992, 0.0 ], [ 9.140715, 64.60973, 0.0 ], [ 10.25828, 64.72468, 0.0 ], [ 12.559632, 63.833755, 0.0 ], [ 15.819452, 62.024094, 0.0 ], [ 19.718647, 59.4728, 0.0 ], [ 23.875507, 56.429634, 0.0 ], [ 27.883194, 53.192528, 0.0 ], [ 31.349379, 50.078335, 0.0 ], [ 33.934746, 47.391846, 0.0 ], [ 35.386276, 45.396103, 0.0 ]] 
boundary 0: [[ 36.1993, 82.855896, 0.0 ], [ 35.987156, 81.752655, 0.0 ], [ 34.47052, 79.8059, 0.0 ], [ 31.797739, 77.20637, 0.0 ], [ 28.230541, 74.208374, 0.0 ], [ 24.118076, 71.10551, 0.0 ], [ 19.8629, 68.20131, 0.0 ], [ 15.881512, 65.78032, 0.0 ], [ 12.563686, 64.07936, 0.0 ], [ 10.234174, 63.26495, 0.0 ], [ 9.120987, 63.41684, 0.0 ], [ 9.333123, 64.52009, 0.0 ], [ 10.849779, 66.46682, 0.0 ], [ 13.5225315, 69.06644, 0.0 ], [ 17.089731, 72.06435, 0.0 ], [ 21.202194, 75.16721, 0.0 ], [ 25.457394, 78.071266, 0.0 ], [ 29.438765, 80.49236, 0.0 ], [ 32.756653, 82.193306, 0.0 ], [ 35.086147, 83.00769, 0.0 ]] 
boundary 1: [[ 36.1993, 45.144104, 0.0 ], [ 35.086117, 44.992256, 0.0 ], [ 32.756622, 45.80665, 0.0 ], [ 29.438755, 47.507637, 0.0 ], [ 25.45739, 49.92866, 0.0 ], [ 21.202202, 52.83278, 0.0 ], [ 17.089727, 55.935673, 0.0 ], [ 13.522537, 58.93363, 0.0 ], [ 10.849785, 61.533176, 0.0 ], [ 9.333112, 63.47987, 0.0 ], [ 9.120996, 64.583206, 0.0 ], [ 10.234155, 64.735016, 0.0 ], [ 12.563694, 63.92064, 0.0 ], [ 15.881538, 62.219692, 0.0 ], [ 19.862919, 59.798653, 0.0 ], [ 24.118076, 56.894524, 0.0 ], [ 28.230547, 53.79162, 0.0 ], [ 31.797752, 50.79367, 0.0 ], [ 34.470497, 48.194096, 0.0 ], [ 35.98718, 46.247406, 0.0 ]] 
boundary 0: [[ 37.506546, 80.88678, 0.0 ], [ 37.214363, 79.80199, 0.0 ], [ 35.559586, 77.97124, 0.0 ], [ 32.704056, 75.573906, 0.0 ], [ 28.927376, 72.84449, 0.0 ], [ 24.599236, 70.05033, 0.0 ], [ 20.143272, 67.464714, 0.0 ], [ 15.995672, 65.34105, 0.0 ], [ 12.562455, 63.886997, 0.0 ], [ 10.179675, 63.244946, 0.0 ], [ 9.080558, 63.477737, 0.0 ], [ 9.37272, 64.562546, 0.0 ], [ 11.02753, 66.39328, 0.0 ], [ 13.883043, 68.79072, 0.0 ], [ 17.659712, 71.52003, 0.0 ], [ 21.987846, 74.31418, 0.0 ], [ 26.44382, 76.89964, 0.0 ], [ 30.591417, 79.02343, 0.0 ], [ 34.02469, 80.47745, 0.0 ], [ 36.407455, 81.11951, 0.0 ]] 
boundary 1: [[ 37.506546, 47.113205, 0.0 ], [ 36.407425, 46.88044, 0.0 ], [ 34.024662, 47.5225, 0.0 ], [ 30.591408, 48.97657, 0.0 ], [ 26.443823, 51.100285, 0.0 ], [ 21.987854, 53.6858, 0.0 ], [ 17.659708, 56.47999, 0.0 ], [ 13.883046, 59.209362, 0.0 ], [ 11.027535, 61.606716, 0.0 ], [ 9.372711, 63.437412, 0.0 ], [ 9.0805645, 64.52231, 0.0 ], [ 10.179659, 64.75504, 0.0 ], [ 12.562463, 64.11299, 0.0 ], [ 15.995699, 62.65896, 0.0 ], [ 20.143295, 60.535233, 0.0 ], [ 24.599232, 57.949703, 0.0 ], [ 28.927382, 55.155506, 0.0 ], [ 32.704063, 52.426147, 0.0 ], [ 35.559563, 50.028755, 0.0 ], [ 37.214386, 48.198067, 0.0 ]] 
boundary 0: [[ 38.901012, 78.3638, 0.0 ], [ 38.513367, 77.30936, 0.0 ], [ 36.702114, 75.63327, 0.0 ], [ 33.6444, 73.499794, 0.0 ], [ 29.639635, 71.11759, 0.0 ], [ 25.07983, 68.72005, 0.0 ], [ 20.411287, 66.54157, 0.0 ], [ 16.091022, 64.79575, 0.0 ], [ 12.54194, 63.653275, 0.0 ], [ 10.111447, 63.226, 0.0 ], [ 9.03743, 63.555767, 0.0 ], [ 9.425052, 64.61025, 0.0 ], [ 11.236341, 66.28631, 0.0 ], [ 14.29404, 68.4199, 0.0 ], [ 18.298788, 70.80199, 0.0 ], [ 22.858587, 73.19954, 0.0 ], [ 27.52713, 75.377846, 0.0 ], [ 31.847408, 77.12377, 0.0 ], [ 35.396538, 78.26623, 0.0 ], [ 37.827023, 78.693504, 0.0 ]] 
boundary 1: [[ 38.90102, 49.636177, 0.0 ], [ 37.826992, 49.30644, 0.0 ], [ 35.396515, 49.733723, 0.0 ], [ 31.847399, 50.87623, 0.0 ], [ 27.527142, 52.62209, 0.0 ], [ 22.858595, 54.80045, 0.0 ], [ 18.298784, 57.198044, 0.0 ], [ 14.294035, 59.58019, 0.0 ], [ 11.236348, 61.713688, 0.0 ], [ 9.425048, 63.389717, 0.0 ], [ 9.037435, 64.444275, 0.0 ], [ 10.111431, 64.77398, 0.0 ], [ 12.54195, 64.34671, 0.0 ], [ 16.09105, 63.204243, 0.0 ], [ 20.411314, 61.45838, 0.0 ], [ 25.079826, 59.279987, 0.0 ], [ 29.639643, 56.8824, 0.0 ], [ 33.64441, 54.50026, 0.0 ], [ 36.70209, 52.366726, 0.0 ], [ 38.51339, 50.690704, 0.0 ]] 
boundary 0: [[ 40.204063, 75.36344, 0.0 ], [ 39.71187, 74.35357, 0.0 ], [ 37.740532, 72.869064, 0.0 ], [ 34.4829, 71.05545, 0.0 ], [ 30.257936, 69.09008, 0.0 ], [ 25.479225, 67.16551, 0.0 ], [ 20.614464, 65.46988, 0.0 ], [ 16.139912, 64.169525, 0.0 ], [ 12.493558, 63.39148, 0.0 ], [ 10.032332, 63.211964, 0.0 ], [ 8.997131, 63.648563, 0.0 ], [ 9.489311, 64.65849, 0.0 ], [ 11.460678, 66.14295, 0.0 ], [ 14.718304, 67.95669, 0.0 ], [ 18.943237, 69.92195, 0.0 ], [ 23.721947, 71.84651, 0.0 ], [ 28.586693, 73.54198, 0.0 ], [ 33.06127, 74.842445, 0.0 ], [ 36.707672, 75.62047, 0.0 ], [ 39.168884, 75.79997, 0.0 ]] 
boundary 1: [[ 40.20408, 52.636528, 0.0 ], [ 39.16886, 52.19995, 0.0 ], [ 36.70765, 52.379494, 0.0 ], [ 33.061264, 53.157547, 0.0 ], [ 28.586706, 54.45796, 0.0 ], [ 23.721958, 56.15347, 0.0 ], [ 18.94323, 58.078087, 0.0 ], [ 14.718288, 60.04341, 0.0 ], [ 11.460685, 61.85704, 0.0 ], [ 9.48931, 63.341484, 0.0 ], [ 8.99713, 64.35148, 0.0 ], [ 10.032318, 64.788025, 0.0 ], [ 12.493567, 64.60852, 0.0 ], [ 16.139938, 63.830486, 0.0 ], [ 20.614494, 62.530064, 0.0 ], [ 25.479221, 60.83452, 0.0 ], [ 30.257944, 58.90992, 0.0 ], [ 34.482895, 56.9446, 0.0 ], [ 37.74051, 55.130936, 0.0 ], [ 39.71189, 53.6465, 0.0 ]] 
boundary 0: [[ 40.979897, 73.030815, 0.0 ], [ 40.4124, 72.061264, 0.0 ], [ 38.333977, 70.73082, 0.0 ], [ 34.947975, 69.16994, 0.0 ], [ 30.585905, 67.531235, 0.0 ], [ 25.67479, 65.97529, 0.0 ], [ 20.695267, 64.65413, 0.0 ], [ 16.134853, 63.6975, 0.0 ], [ 12.439927, 63.19873, 0.0 ], [ 9.972176, 63.20672, 0.0 ], [ 8.973138, 63.720707, 0.0 ], [ 9.540622, 64.69032, 0.0 ], [ 11.619072, 66.02073, 0.0 ], [ 15.005077, 67.58172, 0.0 ], [ 19.367107, 69.220314, 0.0 ], [ 24.278225, 70.77627, 0.0 ], [ 29.25772, 72.09724, 0.0 ], [ 33.818172, 73.054, 0.0 ], [ 37.513138, 73.552734, 0.0 ], [ 39.980877, 73.54472, 0.0 ]] 
boundary 1: [[ 40.97992, 54.969154, 0.0 ], [ 39.980858, 54.455185, 0.0 ], [ 37.513123, 54.44722, 0.0 ], [ 33.818165, 54.945995, 0.0 ], [ 29.257738, 55.902702, 0.0 ], [ 24.278236, 57.22372, 0.0 ], [ 19.3671, 58.779716, 0.0 ], [ 15.005054, 60.41838, 0.0 ], [ 11.61908, 61.97928, 0.0 ], [ 9.540624, 63.309654, 0.0 ], [ 8.973132, 64.279335, 0.0 ], [ 9.972162, 64.79327, 0.0 ], [ 12.439937, 64.80128, 0.0 ], [ 16.134876, 64.30251, 0.0 ], [ 20.695297, 63.345795, 0.0 ], [ 25.674786, 62.024742, 0.0 ], [ 30.585913, 60.468758, 0.0 ], [ 34.947964, 58.830112, 0.0 ], [ 38.333954, 57.269184, 0.0 ], [ 40.412415, 55.93881, 0.0 ]] 
boundary 0: [[ 41.429047, 71.311935, 0.0 ], [ 40.80915, 70.37502, 0.0 ], [ 38.6608, 69.160736, 0.0 ], [ 35.194176, 67.788185, 0.0 ], [ 30.748682, 66.39156, 0.0 ], [ 25.759521, 65.1077, 0.0 ], [ 20.71495, 64.062035, 0.0 ], [ 16.108875, 63.357334, 0.0 ], [ 12.392132, 63.06226, 0.0 ], [ 9.928548, 63.205788, 0.0 ], [ 8.959247, 63.77387, 0.0 ], [ 9.579131, 64.710846, 0.0 ], [ 11.727515, 65.925095, 0.0 ], [ 15.194147, 67.297745, 0.0 ], [ 19.639591, 68.694275, 0.0 ], [ 24.62876, 69.97815, 0.0 ], [ 29.673292, 71.023605, 0.0 ], [ 34.279415, 71.728455, 0.0 ], [ 37.996193, 72.02348, 0.0 ], [ 40.459763, 71.879944, 0.0 ]] 
boundary 1: [[ 41.429077, 56.68803, 0.0 ], [ 40.459747, 56.11996, 0.0 ], [ 37.996178, 55.976467, 0.0 ], [ 34.279408, 56.271545, 0.0 ], [ 29.673313, 56.976326, 0.0 ], [ 24.62877, 58.02185, 0.0 ], [ 19.639584, 59.30575, 0.0 ], [ 15.1941185, 60.702354, 0.0 ], [ 11.727522, 62.07492, 0.0 ], [ 9.579133, 63.289127, 0.0 ], [ 8.959239, 64.22618, 0.0 ], [ 9.9285345, 64.7942, 0.0 ], [ 12.392141, 64.93774, 0.0 ], [ 16.108898, 64.64268, 0.0 ], [ 20.714989, 63.937885, 0.0 ], [ 25.759518, 62.89233, 0.0 ], [ 30.74869, 61.608437, 0.0 ], [ 35.19416, 60.211853, 0.0 ], [ 38.660778, 58.839256, 0.0 ], [ 40.809166, 57.625057, 0.0 ]] 
boundary 0: [[ 41.48359, 71.0729, 0.0 ], [ 40.856613, 70.14072, 0.0 ], [ 38.69912, 68.94274, 0.0 ], [ 35.222176, 67.59653, 0.0 ], [ 30.766218, 66.23366, 0.0 ], [ 25.76747, 64.987656, 0.0 ], [ 20.71511, 63.980286, 0.0 ], [ 16.103827, 63.310524, 0.0 ], [ 12.384953, 63.04364, 0.0 ], [ 9.922527, 63.20584, 0.0 ], [ 8.95756, 63.781265, 0.0 ], [ 9.584532, 64.7135, 0.0 ], [ 11.742063, 65.91144, 0.0 ], [ 15.219002, 67.25777, 0.0 ], [ 19.674904, 68.62054, 0.0 ], [ 24.673666, 69.86655, 0.0 ], [ 29.725983, 70.87372, 0.0 ], [ 34.33731, 71.54362, 0.0 ], [ 38.056236, 71.810455, 0.0 ], [ 40.518642, 71.64824, 0.0 ]] 
boundary 1: [[ 41.48362, 56.927067, 0.0 ], [ 40.518623, 56.35167, 0.0 ], [ 38.05622, 56.18949, 0.0 ], [ 34.337303, 56.456387, 0.0 ], [ 29.726004, 57.12621, 0.0 ], [ 24.673677, 58.133453, 0.0 ], [ 19.674894, 59.37949, 0.0 ], [ 15.218973, 60.742336, 0.0 ], [ 11.742068, 62.088577, 0.0 ], [ 9.584534, 63.28646, 0.0 ], [ 8.957552, 64.21881, 0.0 ], [ 9.922514, 64.79413, 0.0 ], [ 12.384962, 64.95636, 0.0 ], [ 16.10385, 64.68949, 0.0 ], [ 20.715149, 64.01965, 0.0 ], [ 25.767466, 63.012367, 0.0 ], [ 30.766226, 61.766346, 0.0 ], [ 35.22216, 60.40351, 0.0 ], [ 38.699097, 59.05723, 0.0 ], [ 40.85663, 57.859367, 0.0 ]] 
boundary 0: [[ 41.44587, 71.2391, 0.0 ], [ 40.823814, 70.303635, 0.0 ], [ 38.672665, 69.0943, 0.0 ], [ 35.202866, 67.72976, 0.0 ], [ 30.754145, 66.34344, 0.0 ], [ 25.762043, 65.071106, 0.0 ], [ 20.715061, 64.0371, 0.0 ], [ 16.107372, 63.343067, 0.0 ], [ 12.389957, 63.056564, 0.0 ], [ 9.926716, 63.205784, 0.0 ], [ 8.958725, 63.776115, 0.0 ], [ 9.580777, 64.71166, 0.0 ], [ 11.731963, 65.92096, 0.0 ], [ 15.201756, 67.285576, 0.0 ], [ 19.65041, 68.67181, 0.0 ], [ 24.64254, 69.944176, 0.0 ], [ 29.689466, 70.977936, 0.0 ], [ 34.297203, 71.67213, 0.0 ], [ 38.014683, 71.95858, 0.0 ], [ 40.4779, 71.80934, 0.0 ]] 
boundary 1: [[ 41.4459, 56.760864, 0.0 ], [ 40.47788, 56.190556, 0.0 ], [ 38.014668, 56.041367, 0.0 ], [ 34.297195, 56.32786, 0.0 ], [ 29.689487, 57.02198, 0.0 ], [ 24.642551, 58.05584, 0.0 ], [ 19.650398, 59.328217, 0.0 ], [ 15.201727, 60.71452, 0.0 ], [ 11.731969, 62.07907, 0.0 ], [ 9.580779, 63.2883, 0.0 ], [ 8.958717, 64.22396, 0.0 ], [ 9.9267025, 64.79415, 0.0 ], [ 12.389967, 64.943436, 0.0 ], [ 16.107395, 64.65698, 0.0 ], [ 20.7151, 63.962845, 0.0 ], [ 25.76204, 62.928917, 0.0 ], [ 30.754152, 61.65657, 0.0 ], [ 35.20285, 60.270264, 0.0 ], [ 38.67264, 58.905678, 0.0 ], [ 40.82383, 57.696457, 0.0 ]] 
boundary 0: [[ 41.220856, 72.15691, 0.0 ], [ 40.626404, 71.20368, 0.0 ], [ 38.51152, 69.931984, 0.0 ], [ 35.08307, 68.466644, 0.0 ], [ 30.676767, 66.950905, 0.0 ], [ 25.72398, 65.533226, 0.0 ], [ 20.709373, 64.35216, 0.0 ], [ 16.123932, 63.523777, 0.0 ], [ 12.416479, 63.128773, 0.0 ], [ 9.949928, 63.205933, 0.0 ], [ 8.965684, 63.747723, 0.0 ], [ 9.56013, 64.70105, 0.0 ], [ 11.675057, 65.9727, 0.0 ], [ 15.103487, 67.43814, 0.0 ], [ 19.509731, 68.95378, 0.0 ], [ 24.462547, 70.37149, 0.0 ], [ 29.477106, 71.55229, 0.0 ], [ 34.06259, 72.38085, 0.0 ], [ 37.77011, 72.77582, 0.0 ], [ 40.236637, 72.69865, 0.0 ]] 
boundary 1: [[ 41.220886, 55.843037, 0.0 ], [ 40.236614, 55.301258, 0.0 ], [ 37.770096, 55.22412, 0.0 ], [ 34.062584, 55.61914, 0.0 ], [ 29.477123, 56.44761, 0.0 ], [ 24.462559, 57.628525, 0.0 ], [ 19.50972, 59.04624, 0.0 ], [ 15.10346, 60.561962, 0.0 ], [ 11.675063, 62.027332, 0.0 ], [ 9.560131, 63.29891, 0.0 ], [ 8.965677, 64.25235, 0.0 ], [ 9.949911, 64.794, 0.0 ], [ 12.416489, 64.87123, 0.0 ], [ 16.123962, 64.476265, 0.0 ], [ 20.70941, 63.647778, 0.0 ], [ 25.723976, 62.466793, 0.0 ], [ 30.676775, 61.049103, 0.0 ], [ 35.083054, 59.533386, 0.0 ], [ 38.511494, 58.067978, 0.0 ], [ 40.62642, 56.796413, 0.0 ]] 
boundary 0: [[ 40.932457, 73.19231, 0.0 ], [ 40.370014, 72.21985, 0.0 ], [ 38.298576, 70.87856, 0.0 ], [ 34.920715, 69.30008, 0.0 ], [ 30.567223, 67.638725, 0.0 ], [ 25.66429, 66.05722, 0.0 ], [ 20.691711, 64.71013, 0.0 ], [ 16.136337, 63.729797, 0.0 ], [ 12.444063, 63.211784, 0.0 ], [ 9.976312, 63.20692, 0.0 ], [ 8.974604, 63.715702, 0.0 ], [ 9.537036, 64.688255, 0.0 ], [ 11.608529, 66.029495, 0.0 ], [ 14.986357, 67.608086, 0.0 ], [ 19.339792, 69.26933, 0.0 ], [ 24.242748, 70.850876, 0.0 ], [ 29.215296, 72.19769, 0.0 ], [ 33.7707, 73.178215, 0.0 ], [ 37.463043, 73.69618, 0.0 ], [ 39.930775, 73.70103, 0.0 ]] 
boundary 1: [[ 40.932487, 54.807648, 0.0 ], [ 39.930748, 54.29888, 0.0 ], [ 37.463028, 54.303757, 0.0 ], [ 33.77069, 54.821793, 0.0 ], [ 29.21531, 55.802208, 0.0 ], [ 24.24276, 57.14914, 0.0 ], [ 19.33978, 58.73069, 0.0 ], [ 14.986334, 60.39203, 0.0 ], [ 11.608535, 61.97053, 0.0 ], [ 9.537035, 63.3117, 0.0 ], [ 8.974599, 64.28438, 0.0 ], [ 9.976293, 64.793015, 0.0 ], [ 12.444073, 64.788216, 0.0 ], [ 16.136368, 64.27024, 0.0 ], [ 20.69175, 63.28981, 0.0 ], [ 25.664286, 61.942806, 0.0 ], [ 30.567232, 60.361286, 0.0 ], [ 34.9207, 58.69996, 0.0 ], [ 38.298553, 57.12141, 0.0 ], [ 40.370033, 55.780247, 0.0 ]] 
boundary 0: [[ 40.535706, 74.4374, 0.0 ], [ 40.013012, 73.44302, 0.0 ], [ 37.997467, 72.019135, 0.0 ], [ 34.686153, 70.305435, 0.0 ], [ 30.403345, 68.46953, 0.0 ], [ 25.568317, 66.6912, 0.0 ], [ 20.654236, 65.14427, 0.0 ], [ 16.142185, 63.980667, 0.0 ], [ 12.473862, 63.313885, 0.0 ], [ 10.008325, 63.2093, 0.0 ], [ 8.986876, 63.677193, 0.0 ], [ 9.509549, 64.671684, 0.0 ], [ 11.525153, 66.09553, 0.0 ], [ 14.836433, 67.80932, 0.0 ], [ 19.11919, 69.64511, 0.0 ], [ 23.954233, 71.42349, 0.0 ], [ 28.868296, 72.97014, 0.0 ], [ 33.380356, 74.13395, 0.0 ], [ 37.04876, 74.80068, 0.0 ], [ 39.51428, 74.905235, 0.0 ]] 
boundary 1: [[ 40.535736, 53.562534, 0.0 ], [ 39.51425, 53.09467, 0.0 ], [ 37.048744, 53.19925, 0.0 ], [ 33.38035, 53.866066, 0.0 ], [ 28.868307, 55.029762, 0.0 ], [ 23.954245, 56.57652, 0.0 ], [ 19.119183, 58.354893, 0.0 ], [ 14.836418, 60.190792, 0.0 ], [ 11.52516, 61.9045, 0.0 ], [ 9.509545, 63.328274, 0.0 ], [ 8.986873, 64.32289, 0.0 ], [ 10.008303, 64.790634, 0.0 ], [ 12.473871, 64.68612, 0.0 ], [ 16.14222, 64.01937, 0.0 ], [ 20.654266, 62.855667, 0.0 ], [ 25.568314, 61.30883, 0.0 ], [ 30.403355, 59.53048, 0.0 ], [ 34.68614, 57.6946, 0.0 ], [ 37.997444, 55.980846, 0.0 ], [ 40.013035, 54.55707, 0.0 ]] 
boundary 0: [[ 39.986412, 75.92716, 0.0 ], [ 39.51317, 74.9083, 0.0 ], [ 37.56995, 73.3872, 0.0 ], [ 34.346756, 71.513, 0.0 ], [ 30.159245, 69.46906, 0.0 ], [ 25.417347, 67.45551, 0.0 ], [ 20.58513, 65.6692, 0.0 ], [ 16.135649, 64.28549, 0.0 ], [ 12.504482, 63.439434, 0.0 ], [ 10.047051, 63.213936, 0.0 ], [ 9.003864, 63.631126, 0.0 ], [ 9.477085, 64.65007, 0.0 ], [ 11.42036, 66.17115, 0.0 ], [ 14.643514, 68.04543, 0.0 ], [ 18.830978, 70.08926, 0.0 ], [ 23.572893, 72.10285, 0.0 ], [ 28.405098, 73.888885, 0.0 ], [ 32.854576, 75.27279, 0.0 ], [ 36.48582, 76.11882, 0.0 ], [ 38.943237, 76.34428, 0.0 ]] 
boundary 1: [[ 39.986443, 52.072784, 0.0 ], [ 38.943214, 51.655624, 0.0 ], [ 36.485806, 51.881115, 0.0 ], [ 32.85457, 52.727222, 0.0 ], [ 28.405104, 54.111023, 0.0 ], [ 23.572905, 55.897144, 0.0 ], [ 18.83097, 57.910744, 0.0 ], [ 14.643501, 59.954685, 0.0 ], [ 11.420368, 61.82888, 0.0 ], [ 9.477079, 63.349888, 0.0 ], [ 9.003867, 64.36897, 0.0 ], [ 10.047027, 64.785995, 0.0 ], [ 12.504492, 64.560585, 0.0 ], [ 16.135683, 63.714542, 0.0 ], [ 20.58516, 62.33073, 0.0 ], [ 25.417347, 60.54452, 0.0 ], [ 30.159254, 58.530945, 0.0 ], [ 34.34674, 56.48703, 0.0 ], [ 37.569927, 54.61278, 0.0 ], [ 39.51319, 53.091778, 0.0 ]] 
boundary 0: [[ 39.252148, 77.63277, 0.0 ], [ 38.838173, 76.58841, 0.0 ], [ 36.985474, 74.95827, 0.0 ], [ 33.875195, 72.90213, 0.0 ], [ 29.81192, 70.62116, 0.0 ], [ 25.193438, 68.33871, 0.0 ], [ 20.47174, 66.27794, 0.0 ], [ 16.109028, 64.64108, 0.0 ], [ 12.532424, 63.587963, 0.0 ], [ 10.091989, 63.22175, 0.0 ], [ 9.026574, 63.57838, 0.0 ], [ 9.440518, 64.6228, 0.0 ], [ 11.293268, 66.252914, 0.0 ], [ 14.403509, 68.30916, 0.0 ], [ 18.466736, 70.59001, 0.0 ], [ 23.085236, 72.87249, 0.0 ], [ 27.806936, 74.933, 0.0 ], [ 32.16964, 76.570045, 0.0 ], [ 35.74632, 77.62313, 0.0 ], [ 38.186745, 77.989296, 0.0 ]] 
boundary 1: [[ 39.252167, 50.367184, 0.0 ], [ 38.186714, 50.010597, 0.0 ], [ 35.746304, 50.376797, 0.0 ], [ 32.169632, 51.42997, 0.0 ], [ 27.80694, 53.06692, 0.0 ], [ 23.085247, 55.127495, 0.0 ], [ 18.466728, 57.409996, 0.0 ], [ 14.4035015, 59.690964, 0.0 ], [ 11.293279, 61.747093, 0.0 ], [ 9.440511, 63.37715, 0.0 ], [ 9.026581, 64.42172, 0.0 ], [ 10.091962, 64.77817, 0.0 ], [ 12.532434, 64.41206, 0.0 ], [ 16.109064, 63.358955, 0.0 ], [ 20.471764, 61.721992, 0.0 ], [ 25.193438, 59.66132, 0.0 ], [ 29.81193, 57.378845, 0.0 ], [ 33.87518, 55.097916, 0.0 ], [ 36.98545, 53.041718, 0.0 ], [ 38.838203, 51.411667, 0.0 ]] 
boundary 0: [[ 38.56476, 79.02285, 0.0 ], [ 38.20134, 77.95984, 0.0 ], [ 36.428925, 76.24274, 0.0 ], [ 33.420815, 74.03984, 0.0 ], [ 29.47158, 71.56668, 0.0 ], [ 24.967852, 69.06541, 0.0 ], [ 20.350395, 66.7806, 0.0 ], [ 16.071182, 64.93645, 0.0 ], [ 12.549189, 63.71306, 0.0 ], [ 10.129122, 63.230255, 0.0 ], [ 9.0478325, 63.53539, 0.0 ], [ 9.411224, 64.59846, 0.0 ], [ 11.1836815, 66.31553, 0.0 ], [ 14.1917515, 68.51854, 0.0 ], [ 18.140945, 70.99157, 0.0 ], [ 22.644691, 73.492874, 0.0 ], [ 27.262163, 75.77742, 0.0 ], [ 31.541357, 77.621765, 0.0 ], [ 35.063423, 78.84512, 0.0 ], [ 37.48349, 79.32789, 0.0 ]] 
boundary 1: [[ 38.56478, 48.9771, 0.0 ], [ 37.48346, 48.672012, 0.0 ], [ 35.063408, 49.154793, 0.0 ], [ 31.54135, 50.37825, 0.0 ], [ 27.262165, 52.22251, 0.0 ], [ 22.644703, 54.507095, 0.0 ], [ 18.140932, 57.008423, 0.0 ], [ 14.1917515, 59.481586, 0.0 ], [ 11.183693, 61.68448, 0.0 ], [ 9.411215, 63.401497, 0.0 ], [ 9.047845, 64.464714, 0.0 ], [ 10.129088, 64.76967, 0.0 ], [ 12.549202, 64.28696, 0.0 ], [ 16.071224, 63.063576, 0.0 ], [ 20.350414, 61.21932, 0.0 ], [ 24.967855, 58.934628, 0.0 ], [ 29.471592, 56.433327, 0.0 ], [ 33.420807, 53.9602, 0.0 ], [ 36.4289, 51.757233, 0.0 ], [ 38.20137, 50.040222, 0.0 ]] 
boundary 0: [[ 37.715096, 80.54141, 0.0 ], [ 37.409393, 79.46038, 0.0 ], [ 35.73192, 77.65042, 0.0 ], [ 32.84668, 75.28889, 0.0 ], [ 29.036211, 72.60684, 0.0 ], [ 24.673576, 69.8669, 0.0 ], [ 20.185722, 67.33699, 0.0 ], [ 16.011913, 65.26528, 0.0 ], [ 12.560838, 63.854206, 0.0 ], [ 10.170248, 63.241905, 0.0 ], [ 9.074111, 63.48842, 0.0 ], [ 9.379784, 64.569496, 0.0 ], [ 11.057301, 66.37945, 0.0 ], [ 13.942495, 68.7411, 0.0 ], [ 17.752928, 71.423004, 0.0 ], [ 22.115582, 74.16297, 0.0 ], [ 26.60347, 76.69261, 0.0 ], [ 30.777239, 78.76451, 0.0 ], [ 34.228386, 80.17557, 0.0 ], [ 36.61898, 80.78783, 0.0 ]] 
boundary 1: [[ 37.71511, 47.458538, 0.0 ], [ 36.61895, 47.212063, 0.0 ], [ 34.22837, 47.82434, 0.0 ], [ 30.777233, 49.235504, 0.0 ], [ 26.603464, 51.307312, 0.0 ], [ 22.115593, 53.836998, 0.0 ], [ 17.752914, 56.576992, 0.0 ], [ 13.942504, 59.25904, 0.0 ], [ 11.057312, 61.620567, 0.0 ], [ 9.379771, 63.43045, 0.0 ], [ 9.074129, 64.51166, 0.0 ], [ 10.170212, 64.75803, 0.0 ], [ 12.560853, 64.145805, 0.0 ], [ 16.011955, 62.734726, 0.0 ], [ 20.185736, 60.662926, 0.0 ], [ 24.67358, 58.133125, 0.0 ], [ 29.036222, 55.39317, 0.0 ], [ 32.846672, 52.71116, 0.0 ], [ 35.731895, 50.349556, 0.0 ], [ 37.409428, 48.539673, 0.0 ]] 
boundary 0: [[ 36.99518, 81.69467, 0.0 ], [ 36.735195, 80.601746, 0.0 ], [ 35.135284, 78.72288, 0.0 ], [ 32.351875, 76.242134, 0.0 ], [ 28.657522, 73.40228, 0.0 ], [ 24.413923, 70.48135, 0.0 ], [ 20.03638, 67.76504, 0.0 ], [ 15.953355, 65.51969, 0.0 ], [ 12.564645, 63.96479, 0.0 ], [ 10.201907, 63.25254, 0.0 ], [ 9.096377, 63.45275, 0.0 ], [ 9.356333, 64.54572, 0.0 ], [ 10.956282, 66.42459, 0.0 ], [ 13.739647, 68.90544, 0.0 ], [ 17.433971, 71.74516, 0.0 ], [ 21.677593, 74.66609, 0.0 ], [ 26.05517, 77.38217, 0.0 ], [ 30.138155, 79.627686, 0.0 ], [ 33.52694, 81.18258, 0.0 ], [ 35.88968, 81.89478, 0.0 ]] 
boundary 1: [[ 36.995186, 46.305283, 0.0 ], [ 35.88964, 46.105103, 0.0 ], [ 33.52691, 46.817337, 0.0 ], [ 30.13815, 48.372322, 0.0 ], [ 26.055164, 50.617756, 0.0 ], [ 21.6776, 53.333862, 0.0 ], [ 17.433956, 56.254837, 0.0 ], [ 13.739662, 59.0947, 0.0 ], [ 10.956295, 61.57542, 0.0 ], [ 9.3563175, 63.454224, 0.0 ], [ 9.096397, 64.547325, 0.0 ], [ 10.201868, 64.747406, 0.0 ], [ 12.56466, 64.03522, 0.0 ], [ 15.953397, 62.48031, 0.0 ], [ 20.036396, 60.23489, 0.0 ], [ 24.413927, 57.51867, 0.0 ], [ 28.657534, 54.597736, 0.0 ], [ 32.351868, 51.757904, 0.0 ], [ 35.13526, 49.277107, 0.0 ], [ 36.735245, 47.3983, 0.0 ]] 
boundary 0: [[ 36.26134, 82.76916, 0.0 ], [ 36.045547, 81.66667, 0.0 ], [ 34.522514, 79.72493, 0.0 ], [ 31.84117, 77.1342, 0.0 ], [ 28.264067, 74.14802, 0.0 ], [ 24.141424, 71.0587, 0.0 ], [ 19.876715, 68.16848, 0.0 ], [ 15.887339, 65.760666, 0.0 ], [ 12.56393, 64.07068, 0.0 ], [ 10.231763, 63.26395, 0.0 ], [ 9.119074, 63.41952, 0.0 ], [ 9.334844, 64.522064, 0.0 ], [ 10.857901, 66.46379, 0.0 ], [ 13.539196, 69.05461, 0.0 ], [ 17.11628, 72.04068, 0.0 ], [ 21.238941, 75.129974, 0.0 ], [ 25.503696, 78.01998, 0.0 ], [ 29.493025, 80.42796, 0.0 ], [ 32.816505, 82.11794, 0.0 ], [ 35.14869, 82.92462, 0.0 ]] 
boundary 1: [[ 36.26135, 45.230804, 0.0 ], [ 35.148643, 45.07527, 0.0 ], [ 32.816475, 45.88199, 0.0 ], [ 29.49302, 47.572052, 0.0 ], [ 25.503685, 49.979946, 0.0 ], [ 21.238949, 52.869972, 0.0 ], [ 17.116264, 55.959328, 0.0 ], [ 13.53922, 58.94552, 0.0 ], [ 10.857915, 61.53623, 0.0 ], [ 9.334826, 63.477886, 0.0 ], [ 9.119097, 64.58056, 0.0 ], [ 10.231722, 64.736, 0.0 ], [ 12.563947, 63.929325, 0.0 ], [ 15.887381, 62.23933, 0.0 ], [ 19.876726, 59.831455, 0.0 ], [ 24.141432, 56.9413, 0.0 ], [ 28.264078, 53.851997, 0.0 ], [ 31.841162, 50.86583, 0.0 ], [ 34.52249, 48.27505, 0.0 ], [ 36.045593, 46.33338, 0.0 ]] 
boundary 0: [[ 35.790207, 83.413086, 0.0 ], [ 35.601677, 82.3056, 0.0 ], [ 34.12704, 80.326866, 0.0 ], [ 31.51042, 77.67077, 0.0 ], [ 28.008095, 74.59723, 0.0 ], [ 23.962929, 71.40713, 0.0 ], [ 19.770832, 68.41256, 0.0 ], [ 15.84208, 65.90704, 0.0 ], [ 12.561386, 64.13557, 0.0 ], [ 10.249833, 63.271538, 0.0 ], [ 9.133644, 63.399616, 0.0 ], [ 9.3221445, 64.50713, 0.0 ], [ 10.796827, 66.485855, 0.0 ], [ 13.413378, 69.142044, 0.0 ], [ 16.915693, 72.215485, 0.0 ], [ 20.960873, 75.40554, 0.0 ], [ 25.153023, 78.3999, 0.0 ], [ 29.081718, 80.905594, 0.0 ], [ 32.362484, 82.67707, 0.0 ], [ 34.674057, 83.54103, 0.0 ]] 
boundary 1: [[ 35.790215, 44.58688, 0.0 ], [ 34.67401, 44.45886, 0.0 ], [ 32.362453, 45.32287, 0.0 ], [ 29.081715, 47.09443, 0.0 ], [ 25.153008, 49.60002, 0.0 ], [ 20.96088, 52.594406, 0.0 ], [ 16.91568, 55.78453, 0.0 ], [ 13.413406, 58.85808, 0.0 ], [ 10.796842, 61.514164, 0.0 ], [ 9.322125, 63.49281, 0.0 ], [ 9.133669, 64.60048, 0.0 ], [ 10.249791, 64.72841, 0.0 ], [ 12.561403, 63.864437, 0.0 ], [ 15.842124, 62.092957, 0.0 ], [ 19.770842, 59.58737, 0.0 ], [ 23.962936, 56.592865, 0.0 ], [ 28.008106, 53.402782, 0.0 ], [ 31.510414, 50.32926, 0.0 ], [ 34.127018, 47.67312, 0.0 ], [ 35.60173, 45.694454, 0.0 ]] 
boundary 0: [[ 35.504593, 83.78778, 0.0 ], [ 35.33222, 82.67766, 0.0 ], [ 33.88658, 80.67766, 0.0 ], [ 31.308937, 77.9837, 0.0 ], [ 27.851776, 74.85946, 0.0 ], [ 23.85352, 71.610756, 0.0 ], [ 19.705494, 68.555435, 0.0 ], [ 15.813668, 65.99294, 0.0 ], [ 12.559134, 64.17384, 0.0 ], [ 10.260413, 63.276234, 0.0 ], [ 9.142477, 63.388027, 0.0 ], [ 9.31482, 64.49818, 0.0 ], [ 10.760515, 66.49818, 0.0 ], [ 13.338085, 69.1922, 0.0 ], [ 16.795246, 72.31636, 0.0 ], [ 20.79352, 75.56499, 0.0 ], [ 24.941593, 78.62011, 0.0 ], [ 28.833364, 81.182785, 0.0 ], [ 32.087963, 83.00189, 0.0 ], [ 34.386707, 83.89943, 0.0 ]] 
boundary 1: [[ 35.5046, 44.212196, 0.0 ], [ 34.386658, 44.100452, 0.0 ], [ 32.087933, 44.998055, 0.0 ], [ 28.83336, 46.81723, 0.0 ], [ 24.941576, 49.37979, 0.0 ], [ 20.793524, 52.434944, 0.0 ], [ 16.79523, 55.683662, 0.0 ], [ 13.338115, 58.80792, 0.0 ], [ 10.7605295, 61.501842, 0.0 ], [ 9.3148, 63.50177, 0.0 ], [ 9.142503, 64.61207, 0.0 ], [ 10.260371, 64.72372, 0.0 ], [ 12.559151, 63.82616, 0.0 ], [ 15.813712, 62.00707, 0.0 ], [ 19.705502, 59.444508, 0.0 ], [ 23.853527, 56.38923, 0.0 ], [ 27.851788, 53.140556, 0.0 ], [ 31.308931, 50.01633, 0.0 ], [ 33.88656, 47.322334, 0.0 ], [ 35.33227, 45.32241, 0.0 ]] 
boundary 0: [[ 35.56144, 83.7141, 0.0 ], [ 35.385868, 82.604485, 0.0 ], [ 33.93448, 80.60865, 0.0 ], [ 31.349094, 77.92213, 0.0 ], [ 27.882956, 74.807846, 0.0 ], [ 23.875366, 71.57066, 0.0 ], [ 19.718563, 68.52729, 0.0 ], [ 15.81938, 65.97601, 0.0 ], [ 12.559623, 64.16628, 0.0 ], [ 10.258328, 63.275295, 0.0 ], [ 9.140719, 63.390305, 0.0 ], [ 9.3162565, 64.499954, 0.0 ], [ 10.767701, 66.49579, 0.0 ], [ 13.353014, 69.18238, 0.0 ], [ 16.819153, 72.29658, 0.0 ], [ 20.82676, 75.53368, 0.0 ], [ 24.983608, 78.57686, 0.0 ], [ 28.882738, 81.12832, 0.0 ], [ 32.14256, 82.93805, 0.0 ], [ 34.44388, 83.82897, 0.0 ]] 
boundary 1: [[ 35.561447, 44.285873, 0.0 ], [ 34.443825, 44.170914, 0.0 ], [ 32.14253, 45.061893, 0.0 ], [ 28.882734, 46.871696, 0.0 ], [ 24.983591, 49.423046, 0.0 ], [ 20.826763, 52.466248, 0.0 ], [ 16.819138, 55.703445, 0.0 ], [ 13.353044, 58.817738, 0.0 ], [ 10.767715, 61.504234, 0.0 ], [ 9.3162365, 63.499992, 0.0 ], [ 9.140744, 64.60979, 0.0 ], [ 10.258287, 64.724655, 0.0 ], [ 12.55964, 63.833717, 0.0 ], [ 15.819424, 62.024002, 0.0 ], [ 19.718573, 59.47265, 0.0 ], [ 23.875374, 56.42932, 0.0 ], [ 27.882967, 53.19217, 0.0 ], [ 31.349089, 50.077908, 0.0 ], [ 33.934456, 47.391342, 0.0 ], [ 35.38592, 45.395584, 0.0 ]] 
boundary 0: [[ 36.198944, 82.85641, 0.0 ], [ 35.986794, 81.75319, 0.0 ], [ 34.47024, 79.80641, 0.0 ], [ 31.797487, 77.206795, 0.0 ], [ 28.230324, 74.20876, 0.0 ], [ 24.117943, 71.105774, 0.0 ], [ 19.862837, 68.20144, 0.0 ], [ 15.881466, 65.78041, 0.0 ], [ 12.563685, 64.0794, 0.0 ], [ 10.234201, 63.26495, 0.0 ], [ 9.121001, 63.416832, 0.0 ], [ 9.333116, 64.52007, 0.0 ], [ 10.849725, 66.46685, 0.0 ], [ 13.52241, 69.06654, 0.0 ], [ 17.089573, 72.06448, 0.0 ], [ 21.20197, 75.1674, 0.0 ], [ 25.457111, 78.07153, 0.0 ], [ 29.438435, 80.492744, 0.0 ], [ 32.75628, 82.19376, 0.0 ], [ 35.085796, 83.00815, 0.0 ]] 
boundary 1: [[ 36.19895, 45.14357, 0.0 ], [ 35.085743, 44.99173, 0.0 ], [ 32.756256, 45.806175, 0.0 ], [ 29.438429, 47.50727, 0.0 ], [ 25.4571, 49.928368, 0.0 ], [ 21.201973, 52.832542, 0.0 ], [ 17.089558, 55.935535, 0.0 ], [ 13.522434, 58.93358, 0.0 ], [ 10.849737, 61.53317, 0.0 ], [ 9.333098, 63.47987, 0.0 ], [ 9.121026, 64.58326, 0.0 ], [ 10.234162, 64.73499, 0.0 ], [ 12.563703, 63.9206, 0.0 ], [ 15.88151, 62.2196, 0.0 ], [ 19.86285, 59.798492, 0.0 ], [ 24.117952, 56.894196, 0.0 ], [ 28.230335, 53.79125, 0.0 ], [ 31.797482, 50.79323, 0.0 ], [ 34.47022, 48.19358, 0.0 ], [ 35.986847, 46.24687, 0.0 ]] 
boundary 0: [[ 37.506226, 80.88733, 0.0 ], [ 37.214058, 79.80256, 0.0 ], [ 35.559338, 77.97177, 0.0 ], [ 32.703827, 75.57435, 0.0 ], [ 28.92719, 72.84489, 0.0 ], [ 24.599121, 70.0506, 0.0 ], [ 20.143225, 67.46484, 0.0 ], [ 15.995632, 65.34114, 0.0 ], [ 12.56246, 63.887035, 0.0 ], [ 10.179704, 63.244946, 0.0 ], [ 9.080571, 63.47773, 0.0 ], [ 9.37271, 64.56253, 0.0 ], [ 11.027481, 66.39332, 0.0 ], [ 13.882931, 68.790825, 0.0 ], [ 17.659561, 71.52017, 0.0 ], [ 21.98764, 74.31439, 0.0 ], [ 26.443562, 76.89993, 0.0 ], [ 30.591114, 79.02384, 0.0 ], [ 34.024353, 80.47794, 0.0 ], [ 36.407135, 81.11997, 0.0 ]] 
boundary 1: [[ 37.506233, 47.112656, 0.0 ], [ 36.4071, 46.879898, 0.0 ], [ 34.024338, 47.521996, 0.0 ], [ 30.591108, 48.976177, 0.0 ], [ 26.443554, 51.099968, 0.0 ], [ 21.987654, 53.685555, 0.0 ], [ 17.659544, 56.479836, 0.0 ], [ 13.882944, 59.2093, 0.0 ], [ 11.027489, 61.606697, 0.0 ], [ 9.372698, 63.437412, 0.0 ], [ 9.080588, 64.52236, 0.0 ], [ 10.179667, 64.75502, 0.0 ], [ 12.562477, 64.11295, 0.0 ], [ 15.995674, 62.658863, 0.0 ], [ 20.143242, 60.535072, 0.0 ], [ 24.599134, 57.949364, 0.0 ], [ 28.9272, 55.155113, 0.0 ], [ 32.70382, 52.42568, 0.0 ], [ 35.559315, 50.028225, 0.0 ], [ 37.214104, 48.19751, 0.0 ]] 
boundary 0: [[ 38.90074, 78.36437, 0.0 ], [ 38.513123, 77.309944, 0.0 ], [ 36.701912, 75.633804, 0.0 ], [ 33.64422, 73.50025, 0.0 ], [ 29.639484, 71.118004, 0.0 ], [ 25.079746, 68.72032, 0.0 ], [ 20.411247, 66.5417, 0.0 ], [ 16.090992, 64.79586, 0.0 ], [ 12.54195, 63.65331, 0.0 ], [ 10.111476, 63.226, 0.0 ], [ 9.037442, 63.55576, 0.0 ], [ 9.42504, 64.61024, 0.0 ], [ 11.236299, 66.28635, 0.0 ], [ 14.29394, 68.420006, 0.0 ], [ 18.298655, 70.80214, 0.0 ], [ 22.858404, 73.199776, 0.0 ], [ 27.526903, 75.378136, 0.0 ], [ 31.847143, 77.12421, 0.0 ], [ 35.396255, 78.26674, 0.0 ], [ 37.826736, 78.69399, 0.0 ]] 
boundary 1: [[ 38.90075, 49.635605, 0.0 ], [ 37.826714, 49.305878, 0.0 ], [ 35.39624, 49.7332, 0.0 ], [ 31.84713, 50.875813, 0.0 ], [ 27.526901, 52.621754, 0.0 ], [ 22.858421, 54.80018, 0.0 ], [ 18.298635, 57.197876, 0.0 ], [ 14.293939, 59.580116, 0.0 ], [ 11.236306, 61.71366, 0.0 ], [ 9.4250345, 63.389717, 0.0 ], [ 9.03745, 64.44433, 0.0 ], [ 10.111442, 64.77396, 0.0 ], [ 12.541967, 64.34667, 0.0 ], [ 16.09103, 63.20414, 0.0 ], [ 20.411272, 61.45821, 0.0 ], [ 25.079758, 59.279644, 0.0 ], [ 29.639494, 56.88199, 0.0 ], [ 33.64421, 54.49977, 0.0 ], [ 36.70189, 52.36618, 0.0 ], [ 38.51316, 50.690125, 0.0 ]] 
boundary 0: [[ 40.203857, 75.36406, 0.0 ], [ 39.71168, 74.35418, 0.0 ], [ 37.740383, 72.86961, 0.0 ], [ 34.48277, 71.05592, 0.0 ], [ 30.25783, 69.090515, 0.0 ], [ 25.479166, 67.165794, 0.0 ], [ 20.614437, 65.47001, 0.0 ], [ 16.139893, 64.16963, 0.0 ], [ 12.49357, 63.391514, 0.0 ], [ 10.032361, 63.211964, 0.0 ], [ 8.997143, 63.648556, 0.0 ], [ 9.489299, 64.65848, 0.0 ], [ 11.460639, 66.143, 0.0 ], [ 14.718216, 67.9568, 0.0 ], [ 18.943121, 69.92211, 0.0 ], [ 23.721794, 71.84678, 0.0 ], [ 28.586498, 73.54229, 0.0 ], [ 33.061047, 74.8429, 0.0 ], [ 36.707436, 75.62102, 0.0 ], [ 39.168648, 75.80048, 0.0 ]] 
boundary 1: [[ 40.203865, 52.635937, 0.0 ], [ 39.16863, 52.19938, 0.0 ], [ 36.707428, 52.378937, 0.0 ], [ 33.06103, 53.157112, 0.0 ], [ 28.586504, 54.457603, 0.0 ], [ 23.721813, 56.15318, 0.0 ], [ 18.943102, 58.0779, 0.0 ], [ 14.718203, 60.04332, 0.0 ], [ 11.460646, 61.857006, 0.0 ], [ 9.489297, 63.34148, 0.0 ], [ 8.99714, 64.35154, 0.0 ], [ 10.03233, 64.788, 0.0 ], [ 12.493589, 64.60848, 0.0 ], [ 16.13993, 63.830383, 0.0 ], [ 20.614471, 62.529892, 0.0 ], [ 25.479181, 60.83417, 0.0 ], [ 30.25784, 58.90949, 0.0 ], [ 34.482758, 56.9441, 0.0 ], [ 37.74036, 55.130356, 0.0 ], [ 39.71171, 53.645893, 0.0 ]] 
boundary 0: [[ 40.979744, 73.03144, 0.0 ], [ 40.412262, 72.06189, 0.0 ], [ 38.333862, 70.73137, 0.0 ], [ 34.947876, 69.170425, 0.0 ], [ 30.585833, 67.53167, 0.0 ], [ 25.674753, 65.97558, 0.0 ], [ 20.69525, 64.65427, 0.0 ], [ 16.134844, 63.697605, 0.0 ], [ 12.439943, 63.198765, 0.0 ], [ 9.972204, 63.20672, 0.0 ], [ 8.973148, 63.7207, 0.0 ], [ 9.540608, 64.69031, 0.0 ], [ 11.619036, 66.020775, 0.0 ], [ 15.005001, 67.58184, 0.0 ], [ 19.367004, 69.22048, 0.0 ], [ 24.278088, 70.776535, 0.0 ], [ 29.25755, 72.09756, 0.0 ], [ 33.817978, 73.05447, 0.0 ], [ 37.512943, 73.5533, 0.0 ], [ 39.98068, 73.54527, 0.0 ]] 
boundary 1: [[ 40.97975, 54.968544, 0.0 ], [ 39.980667, 54.454597, 0.0 ], [ 37.512943, 54.446655, 0.0 ], [ 33.817963, 54.945557, 0.0 ], [ 29.25756, 55.90233, 0.0 ], [ 24.278116, 57.223423, 0.0 ], [ 19.366985, 58.779522, 0.0 ], [ 15.004974, 60.418278, 0.0 ], [ 11.619042, 61.97924, 0.0 ], [ 9.54061, 63.309643, 0.0 ], [ 8.973139, 64.279396, 0.0 ], [ 9.972177, 64.79324, 0.0 ], [ 12.439961, 64.80125, 0.0 ], [ 16.13488, 64.30241, 0.0 ], [ 20.695293, 63.345623, 0.0 ], [ 25.67477, 62.024395, 0.0 ], [ 30.585842, 60.468323, 0.0 ], [ 34.94787, 58.8296, 0.0 ], [ 38.33384, 57.268597, 0.0 ], [ 40.412285, 55.938194, 0.0 ]] 
boundary 0: [[ 41.42894, 71.31257, 0.0 ], [ 40.80905, 70.375656, 0.0 ], [ 38.660717, 69.1613, 0.0 ], [ 35.1941, 67.78868, 0.0 ], [ 30.748634, 66.392, 0.0 ], [ 25.759499, 65.10799, 0.0 ], [ 20.714943, 64.06218, 0.0 ], [ 16.108871, 63.35744, 0.0 ], [ 12.392149, 63.062294, 0.0 ], [ 9.928576, 63.205788, 0.0 ], [ 8.959257, 63.77386, 0.0 ], [ 9.579118, 64.710846, 0.0 ], [ 11.727484, 65.92514, 0.0 ], [ 15.194078, 67.29787, 0.0 ], [ 19.639498, 68.69446, 0.0 ], [ 24.628635, 69.97842, 0.0 ], [ 29.673138, 71.02394, 0.0 ], [ 34.279247, 71.72893, 0.0 ], [ 37.996025, 72.02406, 0.0 ], [ 40.459587, 71.88051, 0.0 ]] 
boundary 1: [[ 41.428947, 56.687412, 0.0 ], [ 40.459587, 56.11936, 0.0 ], [ 37.996033, 55.9759, 0.0 ], [ 34.279224, 56.27109, 0.0 ], [ 29.67316, 56.975945, 0.0 ], [ 24.628666, 58.021545, 0.0 ], [ 19.639479, 59.30555, 0.0 ], [ 15.194046, 60.702248, 0.0 ], [ 11.727489, 62.07488, 0.0 ], [ 9.579122, 63.289116, 0.0 ], [ 8.959243, 64.22624, 0.0 ], [ 9.92855, 64.794174, 0.0 ], [ 12.392168, 64.937706, 0.0 ], [ 16.108906, 64.64257, 0.0 ], [ 20.71499, 63.937714, 0.0 ], [ 25.759521, 62.89198, 0.0 ], [ 30.748644, 61.608, 0.0 ], [ 35.19409, 60.211334, 0.0 ], [ 38.660694, 58.83866, 0.0 ], [ 40.80906, 57.624428, 0.0 ]] 
boundary 0: [[ 41.483482, 71.07353, 0.0 ], [ 40.856514, 70.14134, 0.0 ], [ 38.699036, 68.943306, 0.0 ], [ 35.222107, 67.59702, 0.0 ], [ 30.766174, 66.23409, 0.0 ], [ 25.767448, 64.987946, 0.0 ], [ 20.715103, 63.98043, 0.0 ], [ 16.103823, 63.31063, 0.0 ], [ 12.38497, 63.043674, 0.0 ], [ 9.922556, 63.20584, 0.0 ], [ 8.957571, 63.781258, 0.0 ], [ 9.584518, 64.7135, 0.0 ], [ 11.742031, 65.91148, 0.0 ], [ 15.218935, 67.25789, 0.0 ], [ 19.674812, 68.62072, 0.0 ], [ 24.673544, 69.86681, 0.0 ], [ 29.72583, 70.874054, 0.0 ], [ 34.33716, 71.54409, 0.0 ], [ 38.05607, 71.811035, 0.0 ], [ 40.518463, 71.6488, 0.0 ]] 
boundary 1: [[ 41.48349, 56.926445, 0.0 ], [ 40.518463, 56.351067, 0.0 ], [ 38.056076, 56.188927, 0.0 ], [ 34.337128, 56.45593, 0.0 ], [ 29.725855, 57.125828, 0.0 ], [ 24.673574, 58.13315, 0.0 ], [ 19.674793, 59.379284, 0.0 ], [ 15.218901, 60.74223, 0.0 ], [ 11.742037, 62.088535, 0.0 ], [ 9.584522, 63.28645, 0.0 ], [ 8.957555, 64.21887, 0.0 ], [ 9.922529, 64.794106, 0.0 ], [ 12.384989, 64.95633, 0.0 ], [ 16.103857, 64.689384, 0.0 ], [ 20.715157, 64.01948, 0.0 ], [ 25.767475, 63.012016, 0.0 ], [ 30.766184, 61.76591, 0.0 ], [ 35.222095, 60.402992, 0.0 ], [ 38.699013, 59.056637, 0.0 ], [ 40.85652, 57.858734, 0.0 ]] 
boundary 0: [[ 41.44576, 71.23974, 0.0 ], [ 40.823715, 70.30426, 0.0 ], [ 38.67258, 69.094864, 0.0 ], [ 35.202797, 67.730255, 0.0 ], [ 30.754097, 66.343864, 0.0 ], [ 25.76202, 65.071396, 0.0 ], [ 20.715054, 64.03725, 0.0 ], [ 16.107367, 63.343174, 0.0 ], [ 12.389975, 63.0566, 0.0 ], [ 9.926744, 63.205784, 0.0 ], [ 8.958736, 63.776108, 0.0 ], [ 9.580764, 64.71166, 0.0 ], [ 11.73193, 65.921005, 0.0 ], [ 15.201688, 67.2857, 0.0 ], [ 19.650318, 68.67199, 0.0 ], [ 24.642414, 69.944435, 0.0 ], [ 29.689312, 70.97827, 0.0 ], [ 34.29705, 71.6726, 0.0 ], [ 38.01451, 71.95916, 0.0 ], [ 40.477715, 71.809906, 0.0 ]] 
boundary 1: [[ 41.445766, 56.760246, 0.0 ], [ 40.477715, 56.18996, 0.0 ], [ 38.01452, 56.040806, 0.0 ], [ 34.29702, 56.327408, 0.0 ], [ 29.689335, 57.0216, 0.0 ], [ 24.642445, 58.055534, 0.0 ], [ 19.6503, 59.32801, 0.0 ], [ 15.2016535, 60.714413, 0.0 ], [ 11.731936, 62.079033, 0.0 ], [ 9.580768, 63.28829, 0.0 ], [ 8.958721, 64.22402, 0.0 ], [ 9.926718, 64.79413, 0.0 ], [ 12.389994, 64.943405, 0.0 ], [ 16.1074, 64.656876, 0.0 ], [ 20.715107, 63.96267, 0.0 ], [ 25.762047, 62.928566, 0.0 ], [ 30.754107, 61.656136, 0.0 ], [ 35.20278, 60.269745, 0.0 ], [ 38.672554, 58.905083, 0.0 ], [ 40.823723, 57.695824, 0.0 ]] 
boundary 0: [[ 41.22073, 72.15755, 0.0 ], [ 40.62629, 71.20431, 0.0 ], [ 38.511406, 69.93255, 0.0 ], [ 35.082993, 68.46714, 0.0 ], [ 30.67671, 66.95133, 0.0 ], [ 25.72395, 65.53351, 0.0 ], [ 20.70936, 64.3523, 0.0 ], [ 16.123924, 63.523884, 0.0 ], [ 12.416494, 63.128807, 0.0 ], [ 9.949957, 63.205933, 0.0 ], [ 8.965695, 63.74772, 0.0 ], [ 9.560117, 64.70105, 0.0 ], [ 11.675022, 65.97274, 0.0 ], [ 15.103416, 67.438255, 0.0 ], [ 19.509634, 68.953964, 0.0 ], [ 24.462414, 70.37175, 0.0 ], [ 29.476944, 71.55263, 0.0 ], [ 34.06242, 72.38132, 0.0 ], [ 37.76992, 72.77639, 0.0 ], [ 40.236435, 72.6992, 0.0 ]] 
boundary 1: [[ 41.220737, 55.842426, 0.0 ], [ 40.236427, 55.300663, 0.0 ], [ 37.769928, 55.223568, 0.0 ], [ 34.06239, 55.618687, 0.0 ], [ 29.476963, 56.447235, 0.0 ], [ 24.462444, 57.62822, 0.0 ], [ 19.509615, 59.046043, 0.0 ], [ 15.103386, 60.561855, 0.0 ], [ 11.675031, 62.027294, 0.0 ], [ 9.56012, 63.298897, 0.0 ], [ 8.965685, 64.25241, 0.0 ], [ 9.949926, 64.793976, 0.0 ], [ 12.416513, 64.8712, 0.0 ], [ 16.123962, 64.47616, 0.0 ], [ 20.709412, 63.6476, 0.0 ], [ 25.723976, 62.466442, 0.0 ], [ 30.67672, 61.048668, 0.0 ], [ 35.082977, 59.53287, 0.0 ], [ 38.511383, 58.067383, 0.0 ], [ 40.626297, 56.795784, 0.0 ]] 
boundary 0: [[ 40.932304, 73.19295, 0.0 ], [ 40.36988, 72.22047, 0.0 ], [ 38.29844, 70.87912, 0.0 ], [ 34.920616, 69.300575, 0.0 ], [ 30.567154, 67.639145, 0.0 ], [ 25.66425, 66.057495, 0.0 ], [ 20.691694, 64.71027, 0.0 ], [ 16.13633, 63.729904, 0.0 ], [ 12.4440775, 63.211823, 0.0 ], [ 9.97634, 63.206924, 0.0 ], [ 8.974615, 63.7157, 0.0 ], [ 9.537023, 64.68825, 0.0 ], [ 11.608494, 66.02953, 0.0 ], [ 14.986282, 67.60819, 0.0 ], [ 19.339687, 69.269516, 0.0 ], [ 24.24261, 70.85112, 0.0 ], [ 29.215122, 72.19801, 0.0 ], [ 33.770515, 73.17867, 0.0 ], [ 37.462837, 73.69674, 0.0 ], [ 39.930565, 73.70157, 0.0 ]] 
boundary 1: [[ 40.932312, 54.80704, 0.0 ], [ 39.930553, 54.298294, 0.0 ], [ 37.462845, 54.303223, 0.0 ], [ 33.770485, 54.82134, 0.0 ], [ 29.215136, 55.80184, 0.0 ], [ 24.242641, 57.148838, 0.0 ], [ 19.339668, 58.73049, 0.0 ], [ 14.986256, 60.391922, 0.0 ], [ 11.608502, 61.970497, 0.0 ], [ 9.537024, 63.311687, 0.0 ], [ 8.974608, 64.28444, 0.0 ], [ 9.976307, 64.79299, 0.0 ], [ 12.444097, 64.788185, 0.0 ], [ 16.136368, 64.270134, 0.0 ], [ 20.691742, 63.28963, 0.0 ], [ 25.664276, 61.942455, 0.0 ], [ 30.567163, 60.36085, 0.0 ], [ 34.9206, 58.699448, 0.0 ], [ 38.298416, 57.120815, 0.0 ], [ 40.36989, 55.77962, 0.0 ]] 
boundary 0: [[ 40.535522, 74.43804, 0.0 ], [ 40.01285, 73.443634, 0.0 ], [ 37.997307, 72.019684, 0.0 ], [ 34.686028, 70.30593, 0.0 ], [ 30.403261, 68.46994, 0.0 ], [ 25.568264, 66.691475, 0.0 ], [ 20.654211, 65.14442, 0.0 ], [ 16.142176, 63.980774, 0.0 ], [ 12.473876, 63.313923, 0.0 ], [ 10.008353, 63.20931, 0.0 ], [ 8.986887, 63.67719, 0.0 ], [ 9.509536, 64.67168, 0.0 ], [ 11.525117, 66.095566, 0.0 ], [ 14.836355, 67.809425, 0.0 ], [ 19.119081, 69.645294, 0.0 ], [ 23.954086, 71.42373, 0.0 ], [ 28.86811, 72.97046, 0.0 ], [ 33.38015, 74.13439, 0.0 ], [ 37.04853, 74.80122, 0.0 ], [ 39.514053, 74.90578, 0.0 ]] 
boundary 1: [[ 40.53553, 53.561943, 0.0 ], [ 39.514038, 53.094093, 0.0 ], [ 37.048534, 53.198727, 0.0 ], [ 33.38012, 53.865627, 0.0 ], [ 28.868118, 55.029396, 0.0 ], [ 23.954115, 56.57622, 0.0 ], [ 19.119062, 58.354702, 0.0 ], [ 14.836334, 60.19069, 0.0 ], [ 11.525126, 61.904465, 0.0 ], [ 9.509533, 63.328266, 0.0 ], [ 8.986884, 64.32295, 0.0 ], [ 10.008316, 64.79061, 0.0 ], [ 12.473895, 64.68609, 0.0 ], [ 16.142214, 64.01927, 0.0 ], [ 20.654253, 62.855488, 0.0 ], [ 25.56829, 61.30848, 0.0 ], [ 30.40327, 59.530056, 0.0 ], [ 34.686012, 57.694088, 0.0 ], [ 37.997284, 55.980255, 0.0 ], [ 40.012867, 54.556458, 0.0 ]] 
boundary 0: [[ 39.98619, 75.92779, 0.0 ], [ 39.512966, 74.90891, 0.0 ], [ 37.569763, 73.38774, 0.0 ], [ 34.346603, 71.51349, 0.0 ], [ 30.159142, 69.46947, 0.0 ], [ 25.417282, 67.45578, 0.0 ], [ 20.585094, 65.66934, 0.0 ], [ 16.135633, 64.2856, 0.0 ], [ 12.504495, 63.439472, 0.0 ], [ 10.04708, 63.213943, 0.0 ], [ 9.003876, 63.631123, 0.0 ], [ 9.477073, 64.65006, 0.0 ], [ 11.420321, 66.171196, 0.0 ], [ 14.643428, 68.04553, 0.0 ], [ 18.830864, 70.089424, 0.0 ], [ 23.572733, 72.10309, 0.0 ], [ 28.404896, 73.88919, 0.0 ], [ 32.854355, 75.273224, 0.0 ], [ 36.48558, 76.11934, 0.0 ], [ 38.942997, 76.34482, 0.0 ]] 
boundary 1: [[ 39.9862, 52.072205, 0.0 ], [ 38.942966, 51.655067, 0.0 ], [ 36.48558, 51.8806, 0.0 ], [ 32.854324, 52.726788, 0.0 ], [ 28.404898, 54.110657, 0.0 ], [ 23.572758, 55.89686, 0.0 ], [ 18.830845, 57.910557, 0.0 ], [ 14.643415, 59.954586, 0.0 ], [ 11.420331, 61.828846, 0.0 ], [ 9.477066, 63.34988, 0.0 ], [ 9.0038805, 64.36903, 0.0 ], [ 10.047038, 64.78597, 0.0 ], [ 12.504515, 64.560555, 0.0 ], [ 16.135674, 63.714443, 0.0 ], [ 20.585136, 62.33055, 0.0 ], [ 25.417309, 60.54417, 0.0 ], [ 30.15915, 58.53052, 0.0 ], [ 34.34659, 56.486526, 0.0 ], [ 37.569733, 54.612198, 0.0 ], [ 39.51299, 53.09118, 0.0 ]] 
boundary 0: [[ 39.251877, 77.63338, 0.0 ], [ 38.83793, 76.589005, 0.0 ], [ 36.985268, 74.9588, 0.0 ], [ 33.875008, 72.902596, 0.0 ], [ 29.811794, 70.62155, 0.0 ], [ 25.193356, 68.338974, 0.0 ], [ 20.471691, 66.27808, 0.0 ], [ 16.109007, 64.64119, 0.0 ], [ 12.5324335, 63.588, 0.0 ], [ 10.092017, 63.221767, 0.0 ], [ 9.026586, 63.578377, 0.0 ], [ 9.440506, 64.622795, 0.0 ], [ 11.293226, 66.25296, 0.0 ], [ 14.403414, 68.30925, 0.0 ], [ 18.466614, 70.59017, 0.0 ], [ 23.085062, 72.87273, 0.0 ], [ 27.806717, 74.93328, 0.0 ], [ 32.16939, 76.570465, 0.0 ], [ 35.74605, 77.62365, 0.0 ], [ 38.18647, 77.98982, 0.0 ]] 
boundary 1: [[ 39.251884, 50.36662, 0.0 ], [ 38.186424, 50.010063, 0.0 ], [ 35.74605, 50.37629, 0.0 ], [ 32.16936, 51.429546, 0.0 ], [ 27.80671, 53.06656, 0.0 ], [ 23.085085, 55.12722, 0.0 ], [ 18.466595, 57.409813, 0.0 ], [ 14.403412, 59.690865, 0.0 ], [ 11.293236, 61.74706, 0.0 ], [ 9.440497, 63.377144, 0.0 ], [ 9.026599, 64.42178, 0.0 ], [ 10.091973, 64.778145, 0.0 ], [ 12.532456, 64.41203, 0.0 ], [ 16.109055, 63.358856, 0.0 ], [ 20.47173, 61.721813, 0.0 ], [ 25.193382, 59.66098, 0.0 ], [ 29.811802, 57.378433, 0.0 ], [ 33.874992, 55.09742, 0.0 ], [ 36.98523, 53.04115, 0.0 ], [ 38.83795, 51.411087, 0.0 ]] 
boundary 0: [[ 38.56446, 79.02346, 0.0 ], [ 38.20107, 77.96043, 0.0 ], [ 36.428696, 76.24327, 0.0 ], [ 33.420612, 74.04029, 0.0 ], [ 29.471443, 71.567055, 0.0 ], [ 24.967754, 69.06567, 0.0 ], [ 20.350342, 66.78075, 0.0 ], [ 16.071157, 64.936554, 0.0 ], [ 12.549198, 63.713097, 0.0 ], [ 10.12915, 63.230278, 0.0 ], [ 9.047844, 63.535385, 0.0 ], [ 9.411212, 64.59845, 0.0 ], [ 11.183639, 66.315575, 0.0 ], [ 14.191652, 68.51863, 0.0 ], [ 18.140816, 70.99173, 0.0 ], [ 22.644508, 73.49311, 0.0 ], [ 27.26193, 75.77769, 0.0 ], [ 31.541088, 77.62217, 0.0 ], [ 35.063137, 78.845634, 0.0 ], [ 37.483185, 79.3284, 0.0 ]] 
boundary 1: [[ 38.56447, 48.97655, 0.0 ], [ 37.483135, 48.67149, 0.0 ], [ 35.06313, 49.154312, 0.0 ], [ 31.54106, 50.377846, 0.0 ], [ 27.261915, 52.22215, 0.0 ], [ 22.644524, 54.506836, 0.0 ], [ 18.140793, 57.008244, 0.0 ], [ 14.191656, 59.481495, 0.0 ], [ 11.183648, 61.68445, 0.0 ], [ 9.4112, 63.40149, 0.0 ], [ 9.047867, 64.464775, 0.0 ], [ 10.1291, 64.769646, 0.0 ], [ 12.549221, 64.28693, 0.0 ], [ 16.071205, 63.063477, 0.0 ], [ 20.350376, 61.21914, 0.0 ], [ 24.967781, 58.93429, 0.0 ], [ 29.471443, 56.432922, 0.0 ], [ 33.420597, 53.959717, 0.0 ], [ 36.428658, 51.756683, 0.0 ], [ 38.201096, 50.03966, 0.0 ]] 
boundary 0: [[ 37.714775, 80.54199, 0.0 ], [ 37.409092, 79.46096, 0.0 ], [ 35.731663, 77.65094, 0.0 ], [ 32.846462, 75.28932, 0.0 ], [ 29.036055, 72.60721, 0.0 ], [ 24.673454, 69.86715, 0.0 ], [ 20.185658, 67.33713, 0.0 ], [ 16.011885, 65.26539, 0.0 ], [ 12.560844, 63.854244, 0.0 ], [ 10.170276, 63.24193, 0.0 ], [ 9.074122, 63.488415, 0.0 ], [ 9.379773, 64.56949, 0.0 ], [ 11.057255, 66.379486, 0.0 ], [ 13.942392, 68.74118, 0.0 ], [ 17.752789, 71.42316, 0.0 ], [ 22.11539, 74.1632, 0.0 ], [ 26.60322, 76.69288, 0.0 ], [ 30.776947, 78.764915, 0.0 ], [ 34.228077, 80.176056, 0.0 ], [ 36.61865, 80.78832, 0.0 ]] 
boundary 1: [[ 37.714783, 47.458004, 0.0 ], [ 36.618587, 47.211563, 0.0 ], [ 34.22807, 47.82388, 0.0 ], [ 30.77692, 49.235126, 0.0 ], [ 26.603193, 51.30697, 0.0 ], [ 22.115402, 53.836754, 0.0 ], [ 17.752766, 56.57682, 0.0 ], [ 13.942404, 59.258957, 0.0 ], [ 11.057265, 61.620537, 0.0 ], [ 9.379756, 63.430443, 0.0 ], [ 9.074153, 64.51172, 0.0 ], [ 10.170222, 64.75801, 0.0 ], [ 12.560867, 64.145775, 0.0 ], [ 16.01193, 62.734627, 0.0 ], [ 20.185686, 60.66275, 0.0 ], [ 24.673481, 58.1328, 0.0 ], [ 29.036055, 55.392776, 0.0 ], [ 32.846447, 52.710686, 0.0 ], [ 35.731625, 50.349014, 0.0 ], [ 37.40912, 48.539127, 0.0 ]] 
boundary 0: [[ 36.99483, 81.69524, 0.0 ], [ 36.73486, 80.602325, 0.0 ], [ 35.13501, 78.72339, 0.0 ], [ 32.35164, 76.24256, 0.0 ], [ 28.657347, 73.40265, 0.0 ], [ 24.413788, 70.4816, 0.0 ], [ 20.036314, 67.76516, 0.0 ], [ 15.953319, 65.51979, 0.0 ], [ 12.56465, 63.96483, 0.0 ], [ 10.201933, 63.252563, 0.0 ], [ 9.096389, 63.452747, 0.0 ], [ 9.356323, 64.545715, 0.0 ], [ 10.956233, 66.42462, 0.0 ], [ 13.73954, 68.90552, 0.0 ], [ 17.43383, 71.745316, 0.0 ], [ 21.677391, 74.66632, 0.0 ], [ 26.05491, 77.38242, 0.0 ], [ 30.137844, 79.62807, 0.0 ], [ 33.52661, 81.18305, 0.0 ], [ 35.889328, 81.895256, 0.0 ]] 
boundary 1: [[ 36.99484, 46.30476, 0.0 ], [ 35.88925, 46.10462, 0.0 ], [ 33.5266, 46.816887, 0.0 ], [ 30.137825, 48.371964, 0.0 ], [ 26.054878, 50.617424, 0.0 ], [ 21.677395, 53.333633, 0.0 ], [ 17.433804, 56.254677, 0.0 ], [ 13.739557, 59.094616, 0.0 ], [ 10.956245, 61.575394, 0.0 ], [ 9.356302, 63.454216, 0.0 ], [ 9.096422, 64.547386, 0.0 ], [ 10.201878, 64.747375, 0.0 ], [ 12.564672, 64.03519, 0.0 ], [ 15.953364, 62.480213, 0.0 ], [ 20.036337, 60.234715, 0.0 ], [ 24.41381, 57.518345, 0.0 ], [ 28.657347, 54.597355, 0.0 ], [ 32.351624, 51.757454, 0.0 ], [ 35.13497, 49.276573, 0.0 ], [ 36.7349, 47.397774, 0.0 ]] 
boundary 0: [[ 36.260963, 82.76971, 0.0 ], [ 36.04517, 81.66722, 0.0 ], [ 34.52222, 79.72544, 0.0 ], [ 31.84092, 77.13462, 0.0 ], [ 28.263878, 74.148384, 0.0 ], [ 24.141281, 71.058945, 0.0 ], [ 19.876644, 68.1686, 0.0 ], [ 15.887297, 65.760765, 0.0 ], [ 12.563934, 64.07072, 0.0 ], [ 10.231787, 63.263977, 0.0 ], [ 9.119085, 63.419518, 0.0 ], [ 9.334834, 64.52206, 0.0 ], [ 10.857851, 66.46382, 0.0 ], [ 13.539088, 69.05469, 0.0 ], [ 17.11613, 72.04081, 0.0 ], [ 21.238733, 75.130196, 0.0 ], [ 25.503426, 78.020226, 0.0 ], [ 29.492697, 80.42832, 0.0 ], [ 32.816162, 82.11839, 0.0 ], [ 35.148308, 82.92508, 0.0 ]] 
boundary 1: [[ 36.26097, 45.23028, 0.0 ], [ 35.14823, 45.074802, 0.0 ], [ 32.816147, 45.881546, 0.0 ], [ 29.492685, 47.57171, 0.0 ], [ 25.503387, 49.979626, 0.0 ], [ 21.238737, 52.869766, 0.0 ], [ 17.116104, 55.959167, 0.0 ], [ 13.53911, 58.94545, 0.0 ], [ 10.857864, 61.5362, 0.0 ], [ 9.33481, 63.47788, 0.0 ], [ 9.1191225, 64.58062, 0.0 ], [ 10.23173, 64.73597, 0.0 ], [ 12.563957, 63.929295, 0.0 ], [ 15.887342, 62.239235, 0.0 ], [ 19.87666, 59.83128, 0.0 ], [ 24.1413, 56.940987, 0.0 ], [ 28.263878, 53.851627, 0.0 ], [ 31.840904, 50.865383, 0.0 ], [ 34.522182, 48.27452, 0.0 ], [ 36.045223, 46.332886, 0.0 ]] 
boundary 0: [[ 35.789818, 83.41362, 0.0 ], [ 35.601295, 82.30614, 0.0 ], [ 34.126717, 80.32737, 0.0 ], [ 31.510162, 77.67118, 0.0 ], [ 28.007895, 74.597595, 0.0 ], [ 23.96278, 71.407364, 0.0 ], [ 19.770761, 68.412674, 0.0 ], [ 15.842037, 65.90714, 0.0 ], [ 12.56139, 64.135605, 0.0 ], [ 10.249857, 63.271564, 0.0 ], [ 9.133656, 63.399612, 0.0 ], [ 9.322135, 64.507126, 0.0 ], [ 10.796778, 66.485886, 0.0 ], [ 13.413267, 69.14212, 0.0 ], [ 16.91554, 72.215614, 0.0 ], [ 20.960659, 75.40577, 0.0 ], [ 25.152744, 78.40014, 0.0 ], [ 29.081383, 80.90593, 0.0 ], [ 32.362133, 82.67751, 0.0 ], [ 34.673664, 83.54149, 0.0 ]] 
boundary 1: [[ 35.789825, 44.58638, 0.0 ], [ 34.67358, 44.4584, 0.0 ], [ 32.362118, 45.32244, 0.0 ], [ 29.081373, 47.094097, 0.0 ], [ 25.1527, 49.59971, 0.0 ], [ 20.960663, 52.5942, 0.0 ], [ 16.915514, 55.78438, 0.0 ], [ 13.413296, 58.858017, 0.0 ], [ 10.796791, 61.514137, 0.0 ], [ 9.322108, 63.492805, 0.0 ], [ 9.133697, 64.60054, 0.0 ], [ 10.2498, 64.72838, 0.0 ], [ 12.561413, 63.864407, 0.0 ], [ 15.842083, 62.09286, 0.0 ], [ 19.770775, 59.587208, 0.0 ], [ 23.962797, 56.59256, 0.0 ], [ 28.007895, 53.40242, 0.0 ], [ 31.510147, 50.328823, 0.0 ], [ 34.12668, 47.672592, 0.0 ], [ 35.60135, 45.69397, 0.0 ]] 
boundary 0: [[ 35.504204, 83.7883, 0.0 ], [ 35.331833, 82.678185, 0.0 ], [ 33.886246, 80.67815, 0.0 ], [ 31.308672, 77.984116, 0.0 ], [ 27.851572, 74.859825, 0.0 ], [ 23.853363, 71.61099, 0.0 ], [ 19.705421, 68.55554, 0.0 ], [ 15.813623, 65.99304, 0.0 ], [ 12.559137, 64.17388, 0.0 ], [ 10.260437, 63.27626, 0.0 ], [ 9.1424885, 63.388023, 0.0 ], [ 9.314811, 64.49817, 0.0 ], [ 10.760466, 66.49821, 0.0 ], [ 13.337975, 69.192276, 0.0 ], [ 16.795094, 72.316475, 0.0 ], [ 20.7933, 75.565216, 0.0 ], [ 24.941307, 78.620346, 0.0 ], [ 28.833027, 81.18312, 0.0 ], [ 32.087612, 83.002335, 0.0 ], [ 34.386307, 83.89989, 0.0 ]] 
boundary 1: [[ 35.50421, 44.211704, 0.0 ], [ 34.386223, 44.100014, 0.0 ], [ 32.087597, 44.997627, 0.0 ], [ 28.833017, 46.816902, 0.0 ], [ 24.941261, 49.3795, 0.0 ], [ 20.793304, 52.434742, 0.0 ], [ 16.795067, 55.683517, 0.0 ], [ 13.338003, 58.807858, 0.0 ], [ 10.760479, 61.50182, 0.0 ], [ 9.314783, 63.501766, 0.0 ], [ 9.142532, 64.61213, 0.0 ], [ 10.260379, 64.72369, 0.0 ], [ 12.55916, 63.82613, 0.0 ], [ 15.813669, 62.006973, 0.0 ], [ 19.705437, 59.44434, 0.0 ], [ 23.85338, 56.38893, 0.0 ], [ 27.851572, 53.14019, 0.0 ], [ 31.308657, 50.01589, 0.0 ], [ 33.886208, 47.32181, 0.0 ], [ 35.33189, 45.321922, 0.0 ]] 
