boundary 0: [[ 30.897646, 88.61589, 0.0 ], [ 30.956926, 87.49394, 0.0 ], [ 29.952572, 85.23986, 0.0 ], [ 27.982944, 82.07405, 0.0 ], [ 25.240795, 78.30667, 0.0 ], [ 21.994614, 74.30632, 0.0 ], [ 18.56211, 70.46466, 0.0 ], [ 15.279289, 67.15776, 0.0 ], [ 12.467509, 64.70918, 0.0 ], [ 10.402001, 63.35883, 0.0 ], [ 9.28496, 63.23868, 0.0 ], [ 9.225702, 64.36059, 0.0 ], [ 10.230046, 66.61477, 0.0 ], [ 12.199698, 69.78049, 0.0 ], [ 14.941835, 73.547905, 0.0 ], [ 18.188011, 77.54828, 0.0 ], [ 21.620539, 81.38988, 0.0 ], [ 24.903362, 84.69681, 0.0 ], [ 27.715122, 87.14534, 0.0 ], [ 29.780624, 88.49573, 0.0 ]] 
boundary 1: [[ 30.89767, 39.384132, 0.0 ], [ 29.78063, 39.504242, 0.0 ], [ 27.715086, 40.85462, 0.0 ], [ 24.903336, 43.303177, 0.0 ], [ 21.620516, 46.61012, 0.0 ], [ 18.188038, 50.45176, 0.0 ], [ 14.941807, 54.45208, 0.0 ], [ 12.199693, 58.219486, 0.0 ], [ 10.230065, 61.385242, 0.0 ], [ 9.22571, 63.6394, 0.0 ], [ 9.284945, 64.761314, 0.0 ], [ 10.402021, 64.641266, 0.0 ], [ 12.46751, 63.290768, 0.0 ], [ 15.279276, 60.842236, 0.0 ], [ 18.562113, 57.53533, 0.0 ], [ 21.994595, 53.69365, 0.0 ], [ 25.240803, 49.693344, 0.0 ], [ 27.98295, 45.925953, 0.0 ], [ 29.952589, 42.760155, 0.0 ], [ 30.956926, 40.506042, 0.0 ]] 
boundary 0: [[ 32.301277, 87.3478, 0.0 ], [ 32.294846, 86.22432, 0.0 ], [ 31.160398, 84.03282, 0.0 ], [ 29.009005, 80.9876, 0.0 ], [ 26.051239, 77.38704, 0.0 ], [ 22.576675, 73.583374, 0.0 ], [ 18.925392, 69.949005, 0.0 ], [ 15.454802, 66.83974, 0.0 ], [ 12.504644, 64.55977, 0.0 ], [ 10.363707, 63.33252, 0.0 ], [ 9.241549, 63.2779, 0.0 ], [ 9.248, 64.401344, 0.0 ], [ 10.382446, 66.59294, 0.0 ], [ 12.533854, 69.63807, 0.0 ], [ 15.491613, 73.23868, 0.0 ], [ 18.96617, 77.04237, 0.0 ], [ 22.617477, 80.67666, 0.0 ], [ 26.088068, 83.78596, 0.0 ], [ 29.038202, 86.06587, 0.0 ], [ 31.179148, 87.29317, 0.0 ]] 
boundary 1: [[ 32.301292, 40.65222, 0.0 ], [ 31.179155, 40.706802, 0.0 ], [ 29.038168, 41.934074, 0.0 ], [ 26.088041, 44.21402, 0.0 ], [ 22.617455, 47.323326, 0.0 ], [ 18.966196, 50.957664, 0.0 ], [ 15.491585, 54.761307, 0.0 ], [ 12.533852, 58.36191, 0.0 ], [ 10.382464, 61.407074, 0.0 ], [ 9.248009, 63.598637, 0.0 ], [ 9.241533, 64.7221, 0.0 ], [ 10.363718, 64.66758, 0.0 ], [ 12.50465, 63.44017, 0.0 ], [ 15.454788, 61.160263, 0.0 ], [ 18.925392, 58.050995, 0.0 ], [ 22.576658, 54.41661, 0.0 ], [ 26.051243, 50.612984, 0.0 ], [ 29.00901, 47.01239, 0.0 ], [ 31.160414, 43.967194, 0.0 ], [ 32.294846, 41.775673, 0.0 ]] 
boundary 0: [[ 34.64167, 84.855286, 0.0 ], [ 34.516636, 83.73877, 0.0 ], [ 33.157112, 81.67931, 0.0 ], [ 30.69619, 78.87829, 0.0 ], [ 27.374754, 75.61018, 0.0 ], [ 23.517962, 72.1947, 0.0 ], [ 19.503315, 68.96622, 0.0 ], [ 15.723799, 66.24082, 0.0 ], [ 12.549377, 64.28511, 0.0 ], [ 10.290817, 63.290806, 0.0 ], [ 9.169165, 63.35499, 0.0 ], [ 9.294211, 64.47147, 0.0 ], [ 10.65374, 66.53101, 0.0 ], [ 13.1146755, 69.33193, 0.0 ], [ 16.436111, 72.60008, 0.0 ], [ 20.292904, 76.01562, 0.0 ], [ 24.30756, 79.244, 0.0 ], [ 28.087082, 81.96945, 0.0 ], [ 31.261469, 83.925095, 0.0 ], [ 33.520042, 84.91944, 0.0 ]] 
boundary 1: [[ 34.641685, 43.144745, 0.0 ], [ 33.520058, 43.08052, 0.0 ], [ 31.26144, 44.074852, 0.0 ], [ 28.087057, 46.03053, 0.0 ], [ 24.307539, 48.755966, 0.0 ], [ 20.29292, 51.984425, 0.0 ], [ 16.436085, 55.399895, 0.0 ], [ 13.1146755, 58.668037, 0.0 ], [ 10.653758, 61.469, 0.0 ], [ 9.294223, 63.52852, 0.0 ], [ 9.169149, 64.645004, 0.0 ], [ 10.290816, 64.7093, 0.0 ], [ 12.549389, 63.714817, 0.0 ], [ 15.7237835, 61.75919, 0.0 ], [ 19.503315, 59.03379, 0.0 ], [ 23.517942, 55.805283, 0.0 ], [ 27.374758, 52.38983, 0.0 ], [ 30.696196, 49.1217, 0.0 ], [ 33.157127, 46.32071, 0.0 ], [ 34.516636, 44.26123, 0.0 ]] 
boundary 0: [[ 37.26104, 81.28121, 0.0 ], [ 36.98452, 80.19228, 0.0 ], [ 35.356186, 78.338036, 0.0 ], [ 32.535423, 75.89981, 0.0 ], [ 28.798347, 73.11651, 0.0 ], [ 24.5108, 70.26041, 0.0 ], [ 20.092442, 67.61114, 0.0 ], [ 15.975795, 65.4281, 0.0 ], [ 12.56379, 63.92476, 0.0 ], [ 10.190497, 63.24859, 0.0 ], [ 9.088153, 63.465527, 0.0 ], [ 9.364675, 64.55443, 0.0 ], [ 10.993024, 66.40875, 0.0 ], [ 13.813797, 68.84689, 0.0 ], [ 17.550879, 71.63023, 0.0 ], [ 21.838432, 74.48639, 0.0 ], [ 26.256784, 77.13555, 0.0 ], [ 30.373444, 79.31866, 0.0 ], [ 33.7854, 80.82192, 0.0 ], [ 36.158714, 81.49812, 0.0 ]] 
boundary 1: [[ 37.261055, 46.71881, 0.0 ], [ 36.158737, 46.50184, 0.0 ], [ 33.78539, 47.178017, 0.0 ], [ 30.37342, 48.68132, 0.0 ], [ 26.256767, 50.86441, 0.0 ], [ 21.838444, 53.513657, 0.0 ], [ 17.550854, 56.36973, 0.0 ], [ 13.813805, 59.153076, 0.0 ], [ 10.993041, 61.59127, 0.0 ], [ 9.364688, 63.445564, 0.0 ], [ 9.08814, 64.53446, 0.0 ], [ 10.190482, 64.75151, 0.0 ], [ 12.563813, 64.07517, 0.0 ], [ 15.975779, 62.571922, 0.0 ], [ 20.092442, 60.388874, 0.0 ], [ 24.51078, 57.73957, 0.0 ], [ 28.798351, 54.883507, 0.0 ], [ 32.535423, 52.10019, 0.0 ], [ 35.3562, 49.661976, 0.0 ], [ 36.98452, 47.80771, 0.0 ]] 
boundary 0: [[ 39.39846, 77.31354, 0.0 ], [ 38.973213, 76.273636, 0.0 ], [ 37.102875, 74.663826, 0.0 ], [ 33.97049, 72.64149, 0.0 ], [ 29.882708, 70.404854, 0.0 ], [ 25.239677, 68.17265, 0.0 ], [ 20.495872, 66.163475, 0.0 ], [ 16.115667, 64.574036, 0.0 ], [ 12.527777, 63.559734, 0.0 ], [ 10.08352, 63.220135, 0.0 ], [ 9.022048, 63.588234, 0.0 ], [ 9.447291, 64.62811, 0.0 ], [ 11.317657, 66.238, 0.0 ], [ 14.450044, 68.26025, 0.0 ], [ 18.537838, 70.496925, 0.0 ], [ 23.180878, 72.72918, 0.0 ], [ 27.92467, 74.73825, 0.0 ], [ 32.304886, 76.327736, 0.0 ], [ 35.892727, 77.34197, 0.0 ], [ 38.336998, 77.68162, 0.0 ]] 
boundary 1: [[ 39.398476, 50.686485, 0.0 ], [ 38.337036, 50.318356, 0.0 ], [ 35.892723, 50.657955, 0.0 ], [ 32.304863, 51.672237, 0.0 ], [ 27.924652, 53.26171, 0.0 ], [ 23.180883, 55.270874, 0.0 ], [ 18.537819, 57.50304, 0.0 ], [ 14.450054, 59.73972, 0.0 ], [ 11.317672, 61.762016, 0.0 ], [ 9.447305, 63.371887, 0.0 ], [ 9.022035, 64.41174, 0.0 ], [ 10.08349, 64.77997, 0.0 ], [ 12.527809, 64.44019, 0.0 ], [ 16.115652, 63.425964, 0.0 ], [ 20.495872, 61.836536, 0.0 ], [ 25.239664, 59.827316, 0.0 ], [ 29.882708, 57.595177, 0.0 ], [ 33.97049, 55.358517, 0.0 ], [ 37.10289, 53.336205, 0.0 ], [ 38.973213, 51.726368, 0.0 ]] 
boundary 0: [[ 40.774048, 73.71054, 0.0 ], [ 40.22801, 72.72867, 0.0 ], [ 38.1793, 71.35301, 0.0 ], [ 34.828403, 69.71801, 0.0 ], [ 30.503399, 67.984, 0.0 ], [ 25.627613, 66.3205, 0.0 ], [ 20.678333, 64.89044, 0.0 ], [ 16.140034, 63.83385, 0.0 ], [ 12.4569, 63.253963, 0.0 ], [ 9.989595, 63.207798, 0.0 ], [ 8.979502, 63.699657, 0.0 ], [ 9.525535, 64.6815, 0.0 ], [ 11.57428, 66.05725, 0.0 ], [ 14.925163, 67.692154, 0.0 ], [ 19.250193, 69.42621, 0.0 ], [ 24.125984, 71.08975, 0.0 ], [ 29.075247, 72.519714, 0.0 ], [ 33.613556, 73.57635, 0.0 ], [ 37.29663, 74.15617, 0.0 ], [ 39.763958, 74.202385, 0.0 ]] 
boundary 1: [[ 40.774063, 54.289494, 0.0 ], [ 39.763996, 53.797592, 0.0 ], [ 37.29664, 53.843735, 0.0 ], [ 33.61354, 54.423615, 0.0 ], [ 29.075232, 55.480255, 0.0 ], [ 24.125988, 56.910297, 0.0 ], [ 19.250175, 58.573753, 0.0 ], [ 14.925175, 60.307816, 0.0 ], [ 11.574291, 61.942772, 0.0 ], [ 9.52555, 63.318485, 0.0 ], [ 8.979494, 64.30031, 0.0 ], [ 9.989555, 64.7923, 0.0 ], [ 12.45694, 64.74598, 0.0 ], [ 16.140018, 64.166145, 0.0 ], [ 20.678328, 63.109566, 0.0 ], [ 25.627605, 61.679455, 0.0 ], [ 30.503391, 60.016026, 0.0 ], [ 34.828403, 58.281994, 0.0 ], [ 38.179306, 56.647034, 0.0 ], [ 40.22801, 55.271336, 0.0 ]] 
boundary 0: [[ 41.395058, 71.45687, 0.0 ], [ 40.779495, 70.51701, 0.0 ], [ 38.63675, 69.29297, 0.0 ], [ 35.176476, 67.90434, 0.0 ], [ 30.737494, 66.487366, 0.0 ], [ 25.754257, 65.1805, 0.0 ], [ 20.714588, 64.11177, 0.0 ], [ 16.111809, 63.385834, 0.0 ], [ 12.396402, 63.073578, 0.0 ], [ 9.932212, 63.205803, 0.0 ], [ 8.960295, 63.769363, 0.0 ], [ 9.575839, 64.70919, 0.0 ], [ 11.718633, 65.93333, 0.0 ], [ 15.178883, 67.32184, 0.0 ], [ 19.617897, 68.73885, 0.0 ], [ 24.601137, 70.04578, 0.0 ], [ 29.640783, 71.11442, 0.0 ], [ 34.243576, 71.84037, 0.0 ], [ 37.958923, 72.152565, 0.0 ], [ 40.42315, 72.020386, 0.0 ]] 
boundary 1: [[ 41.395065, 56.54318, 0.0 ], [ 40.423187, 55.97959, 0.0 ], [ 37.95894, 55.847324, 0.0 ], [ 34.24356, 56.159588, 0.0 ], [ 29.640768, 56.88556, 0.0 ], [ 24.601141, 57.95427, 0.0 ], [ 19.617882, 59.261093, 0.0 ], [ 15.178898, 60.67813, 0.0 ], [ 11.718641, 62.06672, 0.0 ], [ 9.575856, 63.290806, 0.0 ], [ 8.960289, 64.23062, 0.0 ], [ 9.932163, 64.7943, 0.0 ], [ 12.396445, 64.92637, 0.0 ], [ 16.111794, 64.61415, 0.0 ], [ 20.714584, 63.88824, 0.0 ], [ 25.75425, 62.819458, 0.0 ], [ 30.737482, 61.51267, 0.0 ], [ 35.176476, 60.09566, 0.0 ], [ 38.636757, 58.70708, 0.0 ], [ 40.779495, 57.483, 0.0 ]] 
boundary 0: [[ 41.50717, 70.96685, 0.0 ], [ 40.877068, 70.036674, 0.0 ], [ 38.71556, 68.8461, 0.0 ], [ 35.234123, 67.51144, 0.0 ], [ 30.773642, 66.16362, 0.0 ], [ 25.77069, 64.93439, 0.0 ], [ 20.715015, 63.944153, 0.0 ], [ 16.101511, 63.28986, 0.0 ], [ 12.3817005, 63.035397, 0.0 ], [ 9.919868, 63.205917, 0.0 ], [ 8.956826, 63.78452, 0.0 ], [ 9.586907, 64.71466, 0.0 ], [ 11.748473, 65.90534, 0.0 ], [ 15.229892, 67.23988, 0.0 ], [ 19.690388, 68.587715, 0.0 ], [ 24.693348, 69.81701, 0.0 ], [ 29.748999, 70.807175, 0.0 ], [ 34.36252, 71.46147, 0.0 ], [ 38.082275, 71.71588, 0.0 ], [ 40.54414, 71.54541, 0.0 ]] 
boundary 1: [[ 41.50718, 57.0332, 0.0 ], [ 40.544178, 56.454563, 0.0 ], [ 38.08229, 56.28401, 0.0 ], [ 34.362503, 56.538467, 0.0 ], [ 29.748983, 57.1928, 0.0 ], [ 24.693352, 58.183037, 0.0 ], [ 19.690372, 59.41222, 0.0 ], [ 15.229907, 60.76008, 0.0 ], [ 11.748481, 62.094707, 0.0 ], [ 9.5869255, 63.285336, 0.0 ], [ 8.956821, 64.21546, 0.0 ], [ 9.919813, 64.79418, 0.0 ], [ 12.381744, 64.96455, 0.0 ], [ 16.101496, 64.71014, 0.0 ], [ 20.715012, 64.05586, 0.0 ], [ 25.770683, 63.065548, 0.0 ], [ 30.77363, 61.836403, 0.0 ], [ 35.234123, 60.488575, 0.0 ], [ 38.71557, 59.153954, 0.0 ], [ 40.877068, 57.963337, 0.0 ]] 
boundary 0: [[ 41.41543, 71.37036, 0.0 ], [ 40.79728, 70.43218, 0.0 ], [ 38.6512, 69.21405, 0.0 ], [ 35.18712, 67.83494, 0.0 ], [ 30.744246, 66.43016, 0.0 ], [ 25.757439, 65.13699, 0.0 ], [ 20.714853, 64.08213, 0.0 ], [ 16.110096, 63.368855, 0.0 ], [ 12.393845, 63.066807, 0.0 ], [ 9.930032, 63.20581, 0.0 ], [ 8.959664, 63.77204, 0.0 ], [ 9.577789, 64.71017, 0.0 ], [ 11.723942, 65.92841, 0.0 ], [ 15.187998, 67.307396, 0.0 ], [ 19.630878, 68.712204, 0.0 ], [ 24.617702, 70.00543, 0.0 ], [ 29.660255, 71.06018, 0.0 ], [ 34.265034, 71.7735, 0.0 ], [ 37.981224, 72.07549, 0.0 ], [ 40.445072, 71.93654, 0.0 ]] 
boundary 1: [[ 41.415436, 56.629696, 0.0 ], [ 40.44511, 56.063435, 0.0 ], [ 37.98124, 55.9244, 0.0 ], [ 34.265015, 56.22644, 0.0 ], [ 29.66024, 56.939754, 0.0 ], [ 24.617706, 57.994617, 0.0 ], [ 19.630863, 59.287727, 0.0 ], [ 15.188011, 60.69255, 0.0 ], [ 11.723949, 62.071636, 0.0 ], [ 9.577807, 63.289825, 0.0 ], [ 8.95966, 64.22792, 0.0 ], [ 9.929976, 64.79429, 0.0 ], [ 12.3938875, 64.93313, 0.0 ], [ 16.11008, 64.631134, 0.0 ], [ 20.71485, 63.91789, 0.0 ], [ 25.757431, 62.862946, 0.0 ], [ 30.744236, 61.569878, 0.0 ], [ 35.18712, 60.165073, 0.0 ], [ 38.651207, 58.786003, 0.0 ], [ 40.79728, 57.567825, 0.0 ]] 
boundary 0: [[ 41.1382, 72.46765, 0.0 ], [ 40.55327, 71.50842, 0.0 ], [ 38.451134, 70.21592, 0.0 ], [ 35.03743, 68.716415, 0.0 ], [ 30.64645, 67.15702, 0.0 ], [ 25.70795, 65.690125, 0.0 ], [ 20.705376, 64.459404, 0.0 ], [ 16.128399, 63.58541, 0.0 ], [ 12.424995, 63.153496, 0.0 ], [ 9.9578285, 63.206177, 0.0 ], [ 8.968239, 63.738102, 0.0 ], [ 9.553152, 64.697296, 0.0 ], [ 11.655356, 65.98991, 0.0 ], [ 15.069027, 67.48927, 0.0 ], [ 19.460022, 69.04871, 0.0 ], [ 24.39853, 70.51568, 0.0 ], [ 29.401083, 71.74626, 0.0 ], [ 33.97808, 72.62029, 0.0 ], [ 37.681423, 73.05216, 0.0 ], [ 40.14862, 72.999535, 0.0 ]] 
boundary 1: [[ 41.138206, 55.532402, 0.0 ], [ 40.14866, 55.000454, 0.0 ], [ 37.681435, 54.94773, 0.0 ], [ 33.978058, 55.379642, 0.0 ], [ 29.401068, 56.253685, 0.0 ], [ 24.398537, 57.48438, 0.0 ], [ 19.460007, 58.951218, 0.0 ], [ 15.06904, 60.51067, 0.0 ], [ 11.655365, 62.010147, 0.0 ], [ 9.55317, 63.302692, 0.0 ], [ 8.968232, 64.26186, 0.0 ], [ 9.957777, 64.79392, 0.0 ], [ 12.425038, 64.84645, 0.0 ], [ 16.128384, 64.41457, 0.0 ], [ 20.705372, 63.54061, 0.0 ], [ 25.70794, 62.30983, 0.0 ], [ 30.64644, 60.84303, 0.0 ], [ 35.03743, 59.283596, 0.0 ], [ 38.45114, 57.78413, 0.0 ], [ 40.55327, 56.491596, 0.0 ]] 
boundary 0: [[ 40.624405, 74.17363, 0.0 ], [ 40.093193, 73.18363, 0.0 ], [ 38.065445, 71.777306, 0.0 ], [ 34.739525, 70.09203, 0.0 ], [ 30.441103, 68.29316, 0.0 ], [ 25.590904, 66.55646, 0.0 ], [ 20.663715, 65.05204, 0.0 ], [ 16.141829, 63.927277, 0.0 ], [ 12.467838, 63.292034, 0.0 ], [ 10.001517, 63.208733, 0.0 ], [ 8.984131, 63.68534, 0.0 ], [ 9.515322, 64.67529, 0.0 ], [ 11.543136, 66.08173, 0.0 ], [ 14.869034, 67.76685, 0.0 ], [ 19.167461, 69.565796, 0.0 ], [ 24.017673, 71.30257, 0.0 ], [ 28.944845, 72.80682, 0.0 ], [ 33.466743, 73.93164, 0.0 ], [ 37.140686, 74.56685, 0.0 ], [ 39.607033, 74.65019, 0.0 ]] 
boundary 1: [[ 40.624413, 53.826424, 0.0 ], [ 39.60707, 53.3498, 0.0 ], [ 37.140694, 53.433052, 0.0 ], [ 33.46672, 54.068302, 0.0 ], [ 28.944826, 55.193127, 0.0 ], [ 24.017681, 56.697495, 0.0 ], [ 19.167444, 58.434128, 0.0 ], [ 14.869043, 60.233086, 0.0 ], [ 11.543145, 61.91832, 0.0 ], [ 9.515339, 63.324696, 0.0 ], [ 8.984121, 64.31463, 0.0 ], [ 10.0014715, 64.791374, 0.0 ], [ 12.46788, 64.70791, 0.0 ], [ 16.14181, 64.07271, 0.0 ], [ 20.663712, 62.947964, 0.0 ], [ 25.590893, 61.443493, 0.0 ], [ 30.4411, 59.7069, 0.0 ], [ 34.739525, 57.907974, 0.0 ], [ 38.06546, 56.222748, 0.0 ], [ 40.093193, 54.816383, 0.0 ]] 
boundary 0: [[ 39.99613, 75.902596, 0.0 ], [ 39.522087, 74.88399, 0.0 ], [ 37.5776, 73.36462, 0.0 ], [ 34.352913, 71.49292, 0.0 ], [ 30.163748, 69.452515, 0.0 ], [ 25.420174, 67.44278, 0.0 ], [ 20.586514, 65.6606, 0.0 ], [ 16.135914, 64.28048, 0.0 ], [ 12.503998, 63.437317, 0.0 ], [ 10.046407, 63.21389, 0.0 ], [ 9.003564, 63.631863, 0.0 ], [ 9.477593, 64.65043, 0.0 ], [ 11.42214, 66.16992, 0.0 ], [ 14.64682, 68.041466, 0.0 ], [ 18.83598, 70.08194, 0.0 ], [ 23.57957, 72.091736, 0.0 ], [ 28.413216, 73.87378, 0.0 ], [ 32.863823, 75.25394, 0.0 ], [ 36.495697, 76.09706, 0.0 ], [ 38.953312, 76.320526, 0.0 ]] 
boundary 1: [[ 39.996143, 52.097454, 0.0 ], [ 38.95335, 51.67945, 0.0 ], [ 36.49569, 51.902836, 0.0 ], [ 32.863792, 52.745995, 0.0 ], [ 28.413195, 54.126167, 0.0 ], [ 23.579578, 55.908318, 0.0 ], [ 18.835957, 57.91798, 0.0 ], [ 14.646827, 59.95849, 0.0 ], [ 11.422151, 61.830135, 0.0 ], [ 9.47761, 63.349564, 0.0 ], [ 9.003549, 64.368095, 0.0 ], [ 10.046368, 64.786224, 0.0 ], [ 12.504038, 64.562614, 0.0 ], [ 16.135895, 63.719505, 0.0 ], [ 20.58651, 62.339413, 0.0 ], [ 25.420158, 60.557167, 0.0 ], [ 30.163746, 58.54755, 0.0 ], [ 34.352913, 56.507072, 0.0 ], [ 37.57762, 54.635414, 0.0 ], [ 39.522087, 53.116013, 0.0 ]] 
boundary 0: [[ 38.94943, 78.26568, 0.0 ], [ 38.558266, 77.21246, 0.0 ], [ 36.74134, 75.54264, 0.0 ], [ 33.676437, 73.41937, 0.0 ], [ 29.663626, 71.050896, 0.0 ], [ 25.095726, 68.66872, 0.0 ], [ 20.41985, 66.50616, 0.0 ], [ 16.093697, 64.77497, 0.0 ], [ 12.540726, 63.644432, 0.0 ], [ 10.108832, 63.22543, 0.0 ], [ 9.035937, 63.558777, 0.0 ], [ 9.427099, 64.61195, 0.0 ], [ 11.24407, 66.2819, 0.0 ], [ 14.3089695, 68.40503, 0.0 ], [ 18.321775, 70.773575, 0.0 ], [ 22.889692, 73.15581, 0.0 ], [ 27.565561, 75.318214, 0.0 ], [ 31.89172, 77.04943, 0.0 ], [ 35.44465, 78.17995, 0.0 ], [ 37.876556, 78.59899, 0.0 ]] 
boundary 1: [[ 38.949448, 49.734364, 0.0 ], [ 37.876595, 49.400986, 0.0 ], [ 35.44463, 49.819946, 0.0 ], [ 31.89169, 50.950497, 0.0 ], [ 27.565535, 52.681725, 0.0 ], [ 22.889702, 54.844246, 0.0 ], [ 18.321747, 57.22636, 0.0 ], [ 14.308975, 59.594933, 0.0 ], [ 11.244089, 61.718155, 0.0 ], [ 9.4271145, 63.388042, 0.0 ], [ 9.035918, 64.44118, 0.0 ], [ 10.108802, 64.77468, 0.0 ], [ 12.540762, 64.35549, 0.0 ], [ 16.093678, 63.225, 0.0 ], [ 20.419846, 61.49385, 0.0 ], [ 25.095707, 59.33123, 0.0 ], [ 29.66363, 56.94917, 0.0 ], [ 33.676437, 54.580624, 0.0 ], [ 36.741364, 52.457382, 0.0 ], [ 38.558266, 50.787537, 0.0 ]] 
boundary 0: [[ 37.872723, 80.273705, 0.0 ], [ 37.556713, 79.195564, 0.0 ], [ 35.861885, 77.401924, 0.0 ], [ 32.954124, 75.06809, 0.0 ], [ 29.118082, 72.42288, 0.0 ], [ 24.729286, 69.72493, 0.0 ], [ 20.217323, 67.238434, 0.0 ], [ 16.023823, 65.20689, 0.0 ], [ 12.559291, 63.828938, 0.0 ], [ 10.162945, 63.239716, 0.0 ], [ 9.069239, 63.496677, 0.0 ], [ 9.385262, 64.57478, 0.0 ], [ 11.080114, 66.368546, 0.0 ], [ 13.987881, 68.70224, 0.0 ], [ 17.823921, 71.34751, 0.0 ], [ 22.212727, 74.04551, 0.0 ], [ 26.724697, 76.53185, 0.0 ], [ 30.918194, 78.56343, 0.0 ], [ 34.382683, 79.94136, 0.0 ], [ 36.77905, 80.53064, 0.0 ]] 
boundary 1: [[ 37.872757, 47.726334, 0.0 ], [ 36.77908, 47.469337, 0.0 ], [ 34.382656, 48.058525, 0.0 ], [ 30.918163, 49.43649, 0.0 ], [ 26.724665, 51.468086, 0.0 ], [ 22.212736, 53.954533, 0.0 ], [ 17.823887, 56.652428, 0.0 ], [ 13.9878845, 59.29772, 0.0 ], [ 11.080136, 61.631508, 0.0 ], [ 9.385277, 63.42521, 0.0 ], [ 9.069216, 64.50328, 0.0 ], [ 10.162923, 64.7604, 0.0 ], [ 12.559323, 64.17099, 0.0 ], [ 16.023802, 62.79308, 0.0 ], [ 20.21732, 60.76156, 0.0 ], [ 24.729263, 58.275017, 0.0 ], [ 29.118088, 55.57717, 0.0 ], [ 32.954124, 52.931915, 0.0 ], [ 35.861916, 50.598095, 0.0 ], [ 37.556713, 48.804443, 0.0 ]] 
boundary 0: [[ 36.490425, 82.44356, 0.0 ], [ 36.26114, 81.34369, 0.0 ], [ 34.714287, 79.420975, 0.0 ], [ 32.00128, 76.86334, 0.0 ], [ 28.387686, 73.92151, 0.0 ], [ 24.22728, 70.88318, 0.0 ], [ 19.927296, 68.045815, 0.0 ], [ 15.90859, 65.6873, 0.0 ], [ 12.564579, 64.03826, 0.0 ], [ 10.222666, 63.260376, 0.0 ], [ 9.111991, 63.429565, 0.0 ], [ 9.341298, 64.52939, 0.0 ], [ 10.888172, 66.452225, 0.0 ], [ 13.601191, 69.00972, 0.0 ], [ 17.214771, 71.9516, 0.0 ], [ 21.37518, 74.98999, 0.0 ], [ 25.67519, 77.8272, 0.0 ], [ 29.693892, 80.18575, 0.0 ], [ 33.03785, 81.83476, 0.0 ], [ 35.379784, 82.6127, 0.0 ]] 
boundary 1: [[ 36.490463, 45.55649, 0.0 ], [ 35.379814, 45.387268, 0.0 ], [ 33.03782, 46.16511, 0.0 ], [ 29.69386, 47.81417, 0.0 ], [ 25.675152, 50.172745, 0.0 ], [ 21.375195, 53.010044, 0.0 ], [ 17.214735, 56.04834, 0.0 ], [ 13.601189, 58.990242, 0.0 ], [ 10.888197, 61.54783, 0.0 ], [ 9.341311, 63.4706, 0.0 ], [ 9.111964, 64.57038, 0.0 ], [ 10.222652, 64.73974, 0.0 ], [ 12.564608, 63.96167, 0.0 ], [ 15.908564, 62.312675, 0.0 ], [ 19.927288, 59.95417, 0.0 ], [ 24.227257, 57.116783, 0.0 ], [ 28.387693, 54.078526, 0.0 ], [ 32.00128, 51.136654, 0.0 ], [ 34.71432, 48.579037, 0.0 ], [ 36.26114, 46.65632, 0.0 ]] 
boundary 0: [[ 35.07623, 84.32926, 0.0 ], [ 34.927673, 83.21562, 0.0 ], [ 33.525005, 81.18533, 0.0 ], [ 31.005535, 78.43685, 0.0 ], [ 27.615858, 75.23958, 0.0 ], [ 23.68785, 71.90621, 0.0 ], [ 19.605997, 68.76313, 0.0 ], [ 15.769792, 66.11814, 0.0 ], [ 12.554801, 64.22985, 0.0 ], [ 10.275778, 63.28343, 0.0 ], [ 9.15573, 63.371243, 0.0 ], [ 9.304303, 64.48485, 0.0 ], [ 10.706987, 66.51528, 0.0 ], [ 13.226482, 69.26361, 0.0 ], [ 16.616138, 72.46094, 0.0 ], [ 20.54414, 75.79434, 0.0 ], [ 24.626036, 78.93728, 0.0 ], [ 28.462234, 81.58233, 0.0 ], [ 31.67717, 83.47057, 0.0 ], [ 33.956223, 84.41705, 0.0 ]] 
boundary 1: [[ 35.076267, 43.67078, 0.0 ], [ 33.956245, 43.58291, 0.0 ], [ 31.677134, 44.529305, 0.0 ], [ 28.462194, 46.417595, 0.0 ], [ 24.625992, 49.062664, 0.0 ], [ 20.544155, 52.20569, 0.0 ], [ 16.616098, 55.53901, 0.0 ], [ 13.226476, 58.736343, 0.0 ], [ 10.707016, 61.48478, 0.0 ], [ 9.3043165, 63.515137, 0.0 ], [ 9.1557, 64.62871, 0.0 ], [ 10.275775, 64.71672, 0.0 ], [ 12.554823, 63.770077, 0.0 ], [ 15.769765, 61.88186, 0.0 ], [ 19.605988, 59.236843, 0.0 ], [ 23.687828, 56.09374, 0.0 ], [ 27.615868, 52.76046, 0.0 ], [ 31.005535, 49.563152, 0.0 ], [ 33.525047, 46.814686, 0.0 ], [ 34.927673, 44.784386, 0.0 ]] 
boundary 0: [[ 33.448563, 86.191864, 0.0 ], [ 33.385574, 85.07012, 0.0 ], [ 32.142212, 82.93854, 0.0 ], [ 29.84023, 80.0055, 0.0 ], [ 26.704887, 76.55845, 0.0 ], [ 23.043203, 72.93455, 0.0 ], [ 19.213568, 69.48863, 0.0 ], [ 15.59079, 66.55812, 0.0 ], [ 12.529559, 64.42958, 0.0 ], [ 10.329556, 63.3117, 0.0 ], [ 9.206072, 63.31364, 0.0 ], [ 9.269079, 64.43534, 0.0 ], [ 10.512441, 66.56706, 0.0 ], [ 12.81446, 69.49996, 0.0 ], [ 15.949774, 72.94705, 0.0 ], [ 19.611456, 76.570984, 0.0 ], [ 23.441143, 80.01678, 0.0 ], [ 27.063911, 82.94734, 0.0 ], [ 30.125088, 85.07583, 0.0 ], [ 32.32511, 86.19377, 0.0 ]] 
boundary 1: [[ 33.4486, 41.808186, 0.0 ], [ 32.325134, 41.80619, 0.0 ], [ 30.125044, 42.924046, 0.0 ], [ 27.063864, 45.052586, 0.0 ], [ 23.441093, 47.983185, 0.0 ], [ 19.611471, 51.429047, 0.0 ], [ 15.949732, 55.052895, 0.0 ], [ 12.814453, 58.499996, 0.0 ], [ 10.512472, 61.433002, 0.0 ], [ 9.269091, 63.564644, 0.0 ], [ 9.2060375, 64.68632, 0.0 ], [ 10.329563, 64.688446, 0.0 ], [ 12.529575, 63.570347, 0.0 ], [ 15.590763, 61.441883, 0.0 ], [ 19.213556, 58.511345, 0.0 ], [ 23.043175, 55.065395, 0.0 ], [ 26.704903, 51.44158, 0.0 ], [ 29.840233, 47.994514, 0.0 ], [ 32.14225, 45.06147, 0.0 ], [ 33.385574, 42.929893, 0.0 ]] 
boundary 0: [[ 32.289238, 87.35933, 0.0 ], [ 32.2834, 86.23583, 0.0 ], [ 31.150074, 84.04378, 0.0 ], [ 29.000275, 80.99744, 0.0 ], [ 26.044336, 77.39533, 0.0 ], [ 22.571735, 73.58986, 0.0 ], [ 18.922348, 69.95361, 0.0 ], [ 15.453335, 66.842606, 0.0 ], [ 12.504347, 64.56108, 0.0 ], [ 10.364058, 63.332745, 0.0 ], [ 9.241928, 63.27754, 0.0 ], [ 9.247793, 64.40098, 0.0 ], [ 10.381107, 66.593185, 0.0 ], [ 12.5309515, 69.6394, 0.0 ], [ 15.486858, 73.24152, 0.0 ], [ 18.959454, 77.047035, 0.0 ], [ 22.608898, 80.68317, 0.0 ], [ 26.077904, 83.794235, 0.0 ], [ 29.026838, 86.07567, 0.0 ], [ 31.16714, 87.30409, 0.0 ]] 
boundary 1: [[ 32.289276, 40.640717, 0.0 ], [ 31.167162, 40.695877, 0.0 ], [ 29.026787, 41.92421, 0.0 ], [ 26.077847, 44.205704, 0.0 ], [ 22.608845, 47.3168, 0.0 ], [ 18.959473, 50.953003, 0.0 ], [ 15.486812, 54.75843, 0.0 ], [ 12.530943, 58.360558, 0.0 ], [ 10.381143, 61.406864, 0.0 ], [ 9.247805, 63.598995, 0.0 ], [ 9.24189, 64.722435, 0.0 ], [ 10.364071, 64.667404, 0.0 ], [ 12.504358, 63.438835, 0.0 ], [ 15.45331, 61.15741, 0.0 ], [ 18.922337, 58.046375, 0.0 ], [ 22.571709, 54.410084, 0.0 ], [ 26.044352, 50.604683, 0.0 ], [ 29.000277, 47.002598, 0.0 ], [ 31.150114, 43.95624, 0.0 ], [ 32.2834, 41.76419, 0.0 ]] 
boundary 0: [[ 31.311121, 88.25769, 0.0 ], [ 31.351427, 87.13489, 0.0 ], [ 30.309072, 84.898155, 0.0 ], [ 28.286188, 81.7661, 0.0 ], [ 25.480665, 78.04564, 0.0 ], [ 22.167267, 74.10078, 0.0 ], [ 18.670279, 70.31773, 0.0 ], [ 15.331946, 67.066895, 0.0 ], [ 12.479137, 64.666176, 0.0 ], [ 10.391094, 63.350994, 0.0 ], [ 9.272181, 63.249752, 0.0 ], [ 9.231906, 64.37248, 0.0 ], [ 10.27424, 66.60939, 0.0 ], [ 12.297176, 69.74131, 0.0 ], [ 15.102667, 73.46179, 0.0 ], [ 18.416058, 77.40669, 0.0 ], [ 21.913107, 81.18962, 0.0 ], [ 25.251427, 84.44052, 0.0 ], [ 28.10419, 86.84114, 0.0 ], [ 30.19224, 88.15642, 0.0 ]] 
boundary 1: [[ 31.311161, 39.74236, 0.0 ], [ 30.192263, 39.843555, 0.0 ], [ 28.10413, 41.15875, 0.0 ], [ 25.25137, 43.55942, 0.0 ], [ 21.913054, 46.81035, 0.0 ], [ 18.416079, 50.593338, 0.0 ], [ 15.102619, 54.53817, 0.0 ], [ 12.297167, 58.258636, 0.0 ], [ 10.274277, 61.390663, 0.0 ], [ 9.231915, 63.627487, 0.0 ], [ 9.27214, 64.75022, 0.0 ], [ 10.391115, 64.64915, 0.0 ], [ 12.479145, 63.333725, 0.0 ], [ 15.331923, 60.93312, 0.0 ], [ 18.670267, 57.682266, 0.0 ], [ 22.167236, 53.899166, 0.0 ], [ 25.48068, 49.954376, 0.0 ], [ 28.286192, 46.23394, 0.0 ], [ 30.309113, 43.10186, 0.0 ], [ 31.351427, 40.86512, 0.0 ]] 
boundary 0: [[ 30.765305, 88.728004, 0.0 ], [ 30.830618, 87.60639, 0.0 ], [ 29.838366, 85.346985, 0.0 ], [ 27.885767, 82.17064, 0.0 ], [ 25.163841, 78.38859, 0.0 ], [ 21.939165, 74.370865, 0.0 ], [ 18.527334, 70.51085, 0.0 ], [ 15.262272, 67.186424, 0.0 ], [ 12.463663, 64.72273, 0.0 ], [ 10.405445, 63.361362, 0.0 ], [ 9.289061, 63.235207, 0.0 ], [ 9.22378, 64.35676, 0.0 ], [ 10.216012, 66.61634, 0.0 ], [ 12.168659, 69.79256, 0.0 ], [ 14.890556, 73.57463, 0.0 ], [ 18.115223, 77.59239, 0.0 ], [ 21.527115, 81.4523, 0.0 ], [ 24.79217, 84.77678, 0.0 ], [ 27.590734, 87.24037, 0.0 ], [ 29.648958, 88.60182, 0.0 ]] 
boundary 1: [[ 30.765347, 39.27204, 0.0 ], [ 29.64898, 39.398136, 0.0 ], [ 27.590673, 40.759537, 0.0 ], [ 24.792103, 43.22318, 0.0 ], [ 21.527061, 46.54768, 0.0 ], [ 18.115246, 50.407654, 0.0 ], [ 14.890509, 54.42533, 0.0 ], [ 12.16865, 58.20739, 0.0 ], [ 10.216049, 61.383713, 0.0 ], [ 9.223789, 63.64321, 0.0 ], [ 9.28902, 64.76476, 0.0 ], [ 10.405466, 64.638794, 0.0 ], [ 12.463669, 63.27716, 0.0 ], [ 15.262247, 60.81358, 0.0 ], [ 18.527323, 57.489155, 0.0 ], [ 21.939135, 53.62907, 0.0 ], [ 25.163857, 49.611435, 0.0 ], [ 27.885773, 45.829407, 0.0 ], [ 29.838406, 42.653023, 0.0 ], [ 30.830618, 40.393616, 0.0 ]] 
boundary 0: [[ 30.897646, 88.615906, 0.0 ], [ 30.956942, 87.49396, 0.0 ], [ 29.952583, 85.23991, 0.0 ], [ 27.982977, 82.07408, 0.0 ], [ 25.240803, 78.30669, 0.0 ], [ 21.994621, 74.30632, 0.0 ], [ 18.562134, 70.46466, 0.0 ], [ 15.279287, 67.15779, 0.0 ], [ 12.467504, 64.70915, 0.0 ], [ 10.402013, 63.35884, 0.0 ], [ 9.284967, 63.238674, 0.0 ], [ 9.225703, 64.36056, 0.0 ], [ 10.2300415, 66.614784, 0.0 ], [ 12.199698, 69.78049, 0.0 ], [ 14.941843, 73.547905, 0.0 ], [ 18.188015, 77.54831, 0.0 ], [ 21.620562, 81.38986, 0.0 ], [ 24.903402, 84.69678, 0.0 ], [ 27.715141, 87.145325, 0.0 ], [ 29.78064, 88.49571, 0.0 ]] 
boundary 1: [[ 30.897688, 39.38414, 0.0 ], [ 29.78066, 39.504242, 0.0 ], [ 27.71508, 40.854584, 0.0 ], [ 24.903336, 43.303177, 0.0 ], [ 21.620508, 46.61012, 0.0 ], [ 18.188038, 50.451736, 0.0 ], [ 14.941795, 54.452057, 0.0 ], [ 12.199689, 58.219463, 0.0 ], [ 10.230079, 61.385265, 0.0 ], [ 9.225713, 63.639412, 0.0 ], [ 9.284926, 64.7613, 0.0 ], [ 10.402033, 64.64132, 0.0 ], [ 12.46751, 63.290745, 0.0 ], [ 15.279263, 60.84221, 0.0 ], [ 18.562122, 57.535347, 0.0 ], [ 21.99459, 53.69362, 0.0 ], [ 25.240818, 49.693336, 0.0 ], [ 27.982983, 45.925964, 0.0 ], [ 29.952623, 42.7601, 0.0 ], [ 30.956942, 40.50605, 0.0 ]] 
boundary 0: [[ 32.301277, 87.34782, 0.0 ], [ 32.29486, 86.22432, 0.0 ], [ 31.16041, 84.03287, 0.0 ], [ 29.009039, 80.98763, 0.0 ], [ 26.051247, 77.387054, 0.0 ], [ 22.576683, 73.583374, 0.0 ], [ 18.925415, 69.949005, 0.0 ], [ 15.454801, 66.83977, 0.0 ], [ 12.504639, 64.55974, 0.0 ], [ 10.363718, 63.33253, 0.0 ], [ 9.241556, 63.277893, 0.0 ], [ 9.247998, 64.40131, 0.0 ], [ 10.3824415, 66.59296, 0.0 ], [ 12.533854, 69.63807, 0.0 ], [ 15.491621, 73.23868, 0.0 ], [ 18.966175, 77.042404, 0.0 ], [ 22.6175, 80.67664, 0.0 ], [ 26.088106, 83.78593, 0.0 ], [ 29.038221, 86.06586, 0.0 ], [ 31.179161, 87.29315, 0.0 ]] 
boundary 1: [[ 32.30131, 40.65223, 0.0 ], [ 31.179186, 40.706802, 0.0 ], [ 29.038164, 41.934036, 0.0 ], [ 26.088041, 44.21402, 0.0 ], [ 22.617447, 47.323326, 0.0 ], [ 18.966196, 50.95764, 0.0 ], [ 15.491574, 54.761284, 0.0 ], [ 12.53385, 58.36189, 0.0 ], [ 10.382477, 61.407097, 0.0 ], [ 9.248012, 63.598648, 0.0 ], [ 9.241515, 64.722084, 0.0 ], [ 10.363728, 64.66763, 0.0 ], [ 12.50465, 63.44015, 0.0 ], [ 15.454776, 61.160236, 0.0 ], [ 18.925404, 58.05101, 0.0 ], [ 22.576658, 54.41658, 0.0 ], [ 26.051258, 50.612976, 0.0 ], [ 29.009043, 47.01241, 0.0 ], [ 31.16045, 43.96714, 0.0 ], [ 32.29486, 41.77568, 0.0 ]] 
boundary 0: [[ 34.64167, 84.8553, 0.0 ], [ 34.51665, 83.73875, 0.0 ], [ 33.15714, 81.679344, 0.0 ], [ 30.696224, 78.87832, 0.0 ], [ 27.374762, 75.6102, 0.0 ], [ 23.51797, 72.1947, 0.0 ], [ 19.503338, 68.96622, 0.0 ], [ 15.723801, 66.24085, 0.0 ], [ 12.549368, 64.28508, 0.0 ], [ 10.29083, 63.290817, 0.0 ], [ 9.169172, 63.354977, 0.0 ], [ 9.294208, 64.47144, 0.0 ], [ 10.653737, 66.53103, 0.0 ], [ 13.1146755, 69.33193, 0.0 ], [ 16.43612, 72.60008, 0.0 ], [ 20.29291, 76.01565, 0.0 ], [ 24.307579, 79.24399, 0.0 ], [ 28.087116, 81.96941, 0.0 ], [ 31.261488, 83.92508, 0.0 ], [ 33.520058, 84.919426, 0.0 ]] 
boundary 1: [[ 34.64171, 43.144756, 0.0 ], [ 33.52009, 43.08052, 0.0 ], [ 31.26144, 44.074814, 0.0 ], [ 28.087057, 46.03053, 0.0 ], [ 24.307531, 48.755966, 0.0 ], [ 20.292923, 51.9844, 0.0 ], [ 16.436075, 55.399868, 0.0 ], [ 13.1146755, 58.668015, 0.0 ], [ 10.6537695, 61.469025, 0.0 ], [ 9.294224, 63.52853, 0.0 ], [ 9.169134, 64.64499, 0.0 ], [ 10.290821, 64.70935, 0.0 ], [ 12.549393, 63.714798, 0.0 ], [ 15.723774, 61.75916, 0.0 ], [ 19.503323, 59.033806, 0.0 ], [ 23.517948, 55.805252, 0.0 ], [ 27.374773, 52.389828, 0.0 ], [ 30.696224, 49.121727, 0.0 ], [ 33.157177, 46.320663, 0.0 ], [ 34.51665, 44.261246, 0.0 ]] 
boundary 0: [[ 37.26104, 81.28123, 0.0 ], [ 36.984535, 80.19227, 0.0 ], [ 35.356224, 78.338066, 0.0 ], [ 32.535454, 75.89984, 0.0 ], [ 28.798357, 73.11652, 0.0 ], [ 24.510807, 70.26041, 0.0 ], [ 20.092464, 67.61113, 0.0 ], [ 15.9758, 65.42813, 0.0 ], [ 12.563776, 63.92473, 0.0 ], [ 10.190511, 63.248596, 0.0 ], [ 9.088159, 63.465515, 0.0 ], [ 9.364667, 64.5544, 0.0 ], [ 10.993022, 66.40877, 0.0 ], [ 13.813797, 68.84689, 0.0 ], [ 17.550886, 71.63023, 0.0 ], [ 21.838444, 74.48642, 0.0 ], [ 26.2568, 77.13554, 0.0 ], [ 30.373474, 79.31863, 0.0 ], [ 33.785423, 80.82191, 0.0 ], [ 36.15873, 81.49811, 0.0 ]] 
boundary 1: [[ 37.26107, 46.718826, 0.0 ], [ 36.158768, 46.50184, 0.0 ], [ 33.785393, 47.17798, 0.0 ], [ 30.37342, 48.68132, 0.0 ], [ 26.25676, 50.86441, 0.0 ], [ 21.838448, 53.513634, 0.0 ], [ 17.550846, 56.36971, 0.0 ], [ 13.813806, 59.153053, 0.0 ], [ 10.993046, 61.591293, 0.0 ], [ 9.364684, 63.445576, 0.0 ], [ 9.088125, 64.53445, 0.0 ], [ 10.190478, 64.751564, 0.0 ], [ 12.563819, 64.07515, 0.0 ], [ 15.975773, 62.57189, 0.0 ], [ 20.092445, 60.38889, 0.0 ], [ 24.510788, 57.73954, 0.0 ], [ 28.798367, 54.883507, 0.0 ], [ 32.535454, 52.10022, 0.0 ], [ 35.356262, 49.66193, 0.0 ], [ 36.984535, 47.80773, 0.0 ]] 
boundary 0: [[ 39.398468, 77.31355, 0.0 ], [ 38.97323, 76.27362, 0.0 ], [ 37.102913, 74.66383, 0.0 ], [ 33.97052, 72.64152, 0.0 ], [ 29.882717, 70.404854, 0.0 ], [ 25.239685, 68.172646, 0.0 ], [ 20.495895, 66.16347, 0.0 ], [ 16.115675, 64.574066, 0.0 ], [ 12.527756, 63.559708, 0.0 ], [ 10.083533, 63.220135, 0.0 ], [ 9.022051, 63.588223, 0.0 ], [ 9.447275, 64.62808, 0.0 ], [ 11.3176565, 66.238014, 0.0 ], [ 14.450044, 68.26025, 0.0 ], [ 18.537846, 70.496925, 0.0 ], [ 23.180893, 72.729195, 0.0 ], [ 27.92468, 74.738235, 0.0 ], [ 32.30491, 76.327705, 0.0 ], [ 35.892746, 77.34196, 0.0 ], [ 38.337013, 77.6816, 0.0 ]] 
boundary 1: [[ 39.398487, 50.6865, 0.0 ], [ 38.337067, 50.31836, 0.0 ], [ 35.89273, 50.65792, 0.0 ], [ 32.304863, 51.672237, 0.0 ], [ 27.924644, 53.26171, 0.0 ], [ 23.180891, 55.27085, 0.0 ], [ 18.537815, 57.503017, 0.0 ], [ 14.45006, 59.739697, 0.0 ], [ 11.317672, 61.76204, 0.0 ], [ 9.4473, 63.3719, 0.0 ], [ 9.022023, 64.41172, 0.0 ], [ 10.08348, 64.78002, 0.0 ], [ 12.527818, 64.44018, 0.0 ], [ 16.115648, 63.425934, 0.0 ], [ 20.495872, 61.83655, 0.0 ], [ 25.239676, 59.82729, 0.0 ], [ 29.882723, 57.595177, 0.0 ], [ 33.97052, 55.35855, 0.0 ], [ 37.10295, 53.336166, 0.0 ], [ 38.97323, 51.72639, 0.0 ]] 
boundary 0: [[ 40.774055, 73.710556, 0.0 ], [ 40.22802, 72.728645, 0.0 ], [ 38.179337, 71.353004, 0.0 ], [ 34.82844, 69.71804, 0.0 ], [ 30.503408, 67.98399, 0.0 ], [ 25.627617, 66.32049, 0.0 ], [ 20.67835, 64.890434, 0.0 ], [ 16.140049, 63.83388, 0.0 ], [ 12.456877, 63.253937, 0.0 ], [ 9.989609, 63.207798, 0.0 ], [ 8.979505, 63.699646, 0.0 ], [ 9.5255165, 64.68147, 0.0 ], [ 11.574279, 66.05727, 0.0 ], [ 14.925163, 67.692154, 0.0 ], [ 19.2502, 69.42621, 0.0 ], [ 24.126, 71.08977, 0.0 ], [ 29.075254, 72.5197, 0.0 ], [ 33.61357, 73.57632, 0.0 ], [ 37.296646, 74.15615, 0.0 ], [ 39.763973, 74.20237, 0.0 ]] 
boundary 1: [[ 40.77407, 54.28951, 0.0 ], [ 39.764027, 53.7976, 0.0 ], [ 37.29666, 53.843704, 0.0 ], [ 33.61354, 54.423615, 0.0 ], [ 29.075224, 55.480255, 0.0 ], [ 24.125996, 56.910275, 0.0 ], [ 19.250175, 58.57373, 0.0 ], [ 14.925186, 60.307793, 0.0 ], [ 11.574287, 61.942795, 0.0 ], [ 9.525544, 63.318497, 0.0 ], [ 8.979484, 64.300285, 0.0 ], [ 9.989536, 64.79235, 0.0 ], [ 12.456951, 64.745964, 0.0 ], [ 16.14002, 64.166115, 0.0 ], [ 20.678328, 63.10958, 0.0 ], [ 25.62762, 61.679432, 0.0 ], [ 30.503407, 60.01603, 0.0 ], [ 34.82843, 58.282036, 0.0 ], [ 38.179375, 56.646996, 0.0 ], [ 40.22802, 55.27136, 0.0 ]] 
boundary 0: [[ 41.395065, 71.45689, 0.0 ], [ 40.779503, 70.51698, 0.0 ], [ 38.636787, 69.29295, 0.0 ], [ 35.176514, 67.904366, 0.0 ], [ 30.737501, 66.48736, 0.0 ], [ 25.754261, 65.18048, 0.0 ], [ 20.714607, 64.11176, 0.0 ], [ 16.111824, 63.385864, 0.0 ], [ 12.396377, 63.073555, 0.0 ], [ 9.932225, 63.205803, 0.0 ], [ 8.960297, 63.76935, 0.0 ], [ 9.57582, 64.70916, 0.0 ], [ 11.718632, 65.93334, 0.0 ], [ 15.178883, 67.32184, 0.0 ], [ 19.617905, 68.73885, 0.0 ], [ 24.601156, 70.04579, 0.0 ], [ 29.640789, 71.1144, 0.0 ], [ 34.24359, 71.84034, 0.0 ], [ 37.95893, 72.15255, 0.0 ], [ 40.423164, 72.02037, 0.0 ]] 
boundary 1: [[ 41.395073, 56.543194, 0.0 ], [ 40.423218, 55.9796, 0.0 ], [ 37.95896, 55.847294, 0.0 ], [ 34.24356, 56.159588, 0.0 ], [ 29.64076, 56.88556, 0.0 ], [ 24.601149, 57.954247, 0.0 ], [ 19.617886, 59.26107, 0.0 ], [ 15.178909, 60.67811, 0.0 ], [ 11.718636, 62.066742, 0.0 ], [ 9.575849, 63.290817, 0.0 ], [ 8.960279, 64.2306, 0.0 ], [ 9.93214, 64.79434, 0.0 ], [ 12.396457, 64.92635, 0.0 ], [ 16.111797, 64.61412, 0.0 ], [ 20.71458, 63.888256, 0.0 ], [ 25.754269, 62.819435, 0.0 ], [ 30.737497, 61.512672, 0.0 ], [ 35.1765, 60.0957, 0.0 ], [ 38.636826, 58.707043, 0.0 ], [ 40.779503, 57.483025, 0.0 ]] 
boundary 0: [[ 41.50718, 70.966866, 0.0 ], [ 40.877075, 70.036644, 0.0 ], [ 38.7156, 68.846085, 0.0 ], [ 35.23416, 67.51146, 0.0 ], [ 30.77365, 66.16361, 0.0 ], [ 25.770695, 64.93437, 0.0 ], [ 20.715034, 63.944145, 0.0 ], [ 16.101526, 63.28989, 0.0 ], [ 12.381674, 63.035374, 0.0 ], [ 9.919882, 63.205917, 0.0 ], [ 8.956829, 63.784504, 0.0 ], [ 9.586888, 64.71463, 0.0 ], [ 11.748473, 65.90536, 0.0 ], [ 15.229892, 67.23988, 0.0 ], [ 19.690395, 68.587715, 0.0 ], [ 24.693367, 69.817024, 0.0 ], [ 29.749004, 70.80716, 0.0 ], [ 34.362534, 71.46144, 0.0 ], [ 38.082283, 71.71585, 0.0 ], [ 40.544155, 71.545395, 0.0 ]] 
boundary 1: [[ 41.507187, 57.033215, 0.0 ], [ 40.54421, 56.45457, 0.0 ], [ 38.082314, 56.28398, 0.0 ], [ 34.362503, 56.538467, 0.0 ], [ 29.748976, 57.1928, 0.0 ], [ 24.69336, 58.183014, 0.0 ], [ 19.69038, 59.412197, 0.0 ], [ 15.2299185, 60.760056, 0.0 ], [ 11.748476, 62.09473, 0.0 ], [ 9.586917, 63.285347, 0.0 ], [ 8.956813, 64.21544, 0.0 ], [ 9.919788, 64.79423, 0.0 ], [ 12.381756, 64.96453, 0.0 ], [ 16.101501, 64.710106, 0.0 ], [ 20.715008, 64.05588, 0.0 ], [ 25.770706, 63.065525, 0.0 ], [ 30.773645, 61.83641, 0.0 ], [ 35.234146, 60.488613, 0.0 ], [ 38.715637, 59.153915, 0.0 ], [ 40.877075, 57.96336, 0.0 ]] 
boundary 0: [[ 41.415436, 71.37038, 0.0 ], [ 40.797287, 70.43215, 0.0 ], [ 38.651237, 69.214035, 0.0 ], [ 35.187153, 67.83496, 0.0 ], [ 30.744253, 66.43015, 0.0 ], [ 25.757442, 65.13698, 0.0 ], [ 20.714872, 64.08212, 0.0 ], [ 16.110111, 63.368885, 0.0 ], [ 12.393818, 63.066784, 0.0 ], [ 9.930045, 63.20581, 0.0 ], [ 8.959668, 63.772026, 0.0 ], [ 9.577771, 64.71014, 0.0 ], [ 11.723942, 65.92843, 0.0 ], [ 15.187998, 67.307396, 0.0 ], [ 19.630886, 68.712204, 0.0 ], [ 24.617722, 70.00545, 0.0 ], [ 29.660261, 71.060165, 0.0 ], [ 34.265053, 71.77347, 0.0 ], [ 37.98124, 72.07546, 0.0 ], [ 40.445087, 71.93652, 0.0 ]] 
boundary 1: [[ 41.415443, 56.62971, 0.0 ], [ 40.44514, 56.063442, 0.0 ], [ 37.981262, 55.92437, 0.0 ], [ 34.265015, 56.22644, 0.0 ], [ 29.660233, 56.939754, 0.0 ], [ 24.617714, 57.994595, 0.0 ], [ 19.63087, 59.287704, 0.0 ], [ 15.188023, 60.692528, 0.0 ], [ 11.723946, 62.07166, 0.0 ], [ 9.577799, 63.289837, 0.0 ], [ 8.95965, 64.2279, 0.0 ], [ 9.929953, 64.794334, 0.0 ], [ 12.393899, 64.93311, 0.0 ], [ 16.110085, 64.6311, 0.0 ], [ 20.714846, 63.917904, 0.0 ], [ 25.757454, 62.862923, 0.0 ], [ 30.744251, 61.569885, 0.0 ], [ 35.18714, 60.16511, 0.0 ], [ 38.651276, 58.785965, 0.0 ], [ 40.797287, 57.56785, 0.0 ]] 
boundary 0: [[ 41.138206, 72.46767, 0.0 ], [ 40.553276, 71.50839, 0.0 ], [ 38.45117, 70.215904, 0.0 ], [ 35.03746, 68.71644, 0.0 ], [ 30.646458, 67.157005, 0.0 ], [ 25.707954, 65.69011, 0.0 ], [ 20.705395, 64.4594, 0.0 ], [ 16.128414, 63.58544, 0.0 ], [ 12.424971, 63.153473, 0.0 ], [ 9.957842, 63.20618, 0.0 ], [ 8.968243, 63.738087, 0.0 ], [ 9.553136, 64.697266, 0.0 ], [ 11.655354, 65.98992, 0.0 ], [ 15.069027, 67.48927, 0.0 ], [ 19.46003, 69.04871, 0.0 ], [ 24.398544, 70.51569, 0.0 ], [ 29.401089, 71.74625, 0.0 ], [ 33.9781, 72.62026, 0.0 ], [ 37.68144, 73.05213, 0.0 ], [ 40.148636, 72.99952, 0.0 ]] 
boundary 1: [[ 41.138214, 55.532417, 0.0 ], [ 40.14869, 55.00046, 0.0 ], [ 37.681458, 54.9477, 0.0 ], [ 33.978058, 55.379642, 0.0 ], [ 29.40106, 56.253685, 0.0 ], [ 24.39854, 57.484356, 0.0 ], [ 19.460014, 58.951195, 0.0 ], [ 15.069052, 60.510647, 0.0 ], [ 11.655361, 62.01017, 0.0 ], [ 9.553162, 63.302704, 0.0 ], [ 8.968222, 64.26184, 0.0 ], [ 9.957756, 64.79397, 0.0 ], [ 12.425048, 64.846436, 0.0 ], [ 16.128387, 64.41454, 0.0 ], [ 20.705368, 63.540627, 0.0 ], [ 25.707962, 62.30981, 0.0 ], [ 30.646456, 60.843033, 0.0 ], [ 35.037453, 59.283634, 0.0 ], [ 38.45121, 57.784092, 0.0 ], [ 40.553276, 56.491615, 0.0 ]] 
boundary 0: [[ 40.624413, 74.173645, 0.0 ], [ 40.0932, 73.1836, 0.0 ], [ 38.065483, 71.77729, 0.0 ], [ 34.73955, 70.092064, 0.0 ], [ 30.44111, 68.293144, 0.0 ], [ 25.590908, 66.55644, 0.0 ], [ 20.663734, 65.05204, 0.0 ], [ 16.14184, 63.927307, 0.0 ], [ 12.467817, 63.292007, 0.0 ], [ 10.001531, 63.208736, 0.0 ], [ 8.984135, 63.685326, 0.0 ], [ 9.5153055, 64.67526, 0.0 ], [ 11.543129, 66.08175, 0.0 ], [ 14.869034, 67.76685, 0.0 ], [ 19.167469, 69.565796, 0.0 ], [ 24.017689, 71.30258, 0.0 ], [ 28.94485, 72.80681, 0.0 ], [ 33.466774, 73.93161, 0.0 ], [ 37.1407, 74.56682, 0.0 ], [ 39.607048, 74.65018, 0.0 ]] 
boundary 1: [[ 40.62442, 53.82644, 0.0 ], [ 39.6071, 53.3498, 0.0 ], [ 37.140717, 53.43302, 0.0 ], [ 33.46672, 54.068302, 0.0 ], [ 28.944818, 55.193127, 0.0 ], [ 24.017685, 56.69747, 0.0 ], [ 19.167452, 58.434105, 0.0 ], [ 14.869053, 60.233055, 0.0 ], [ 11.543142, 61.918343, 0.0 ], [ 9.515331, 63.324707, 0.0 ], [ 8.98411, 64.314606, 0.0 ], [ 10.001452, 64.79142, 0.0 ], [ 12.467888, 64.70789, 0.0 ], [ 16.141813, 64.07268, 0.0 ], [ 20.663708, 62.94798, 0.0 ], [ 25.590916, 61.443474, 0.0 ], [ 30.441114, 59.706905, 0.0 ], [ 34.739548, 57.908012, 0.0 ], [ 38.06552, 56.222702, 0.0 ], [ 40.0932, 54.816402, 0.0 ]] 
boundary 0: [[ 39.99614, 75.90261, 0.0 ], [ 39.522095, 74.88396, 0.0 ], [ 37.577637, 73.36461, 0.0 ], [ 34.352932, 71.49297, 0.0 ], [ 30.163755, 69.4525, 0.0 ], [ 25.420177, 67.442764, 0.0 ], [ 20.586533, 65.6606, 0.0 ], [ 16.135925, 64.28051, 0.0 ], [ 12.503979, 63.43729, 0.0 ], [ 10.046419, 63.213894, 0.0 ], [ 9.003569, 63.631847, 0.0 ], [ 9.477578, 64.65039, 0.0 ], [ 11.4221325, 66.16994, 0.0 ], [ 14.64682, 68.041466, 0.0 ], [ 18.835987, 70.08194, 0.0 ], [ 23.579578, 72.09175, 0.0 ], [ 28.413223, 73.873764, 0.0 ], [ 32.86386, 75.25391, 0.0 ], [ 36.495712, 76.09703, 0.0 ], [ 38.953327, 76.32051, 0.0 ]] 
boundary 1: [[ 39.99615, 52.09747, 0.0 ], [ 38.95338, 51.679447, 0.0 ], [ 36.495712, 51.902805, 0.0 ], [ 32.863792, 52.745995, 0.0 ], [ 28.413187, 54.12617, 0.0 ], [ 23.579582, 55.90829, 0.0 ], [ 18.835964, 57.917957, 0.0 ], [ 14.646833, 59.958458, 0.0 ], [ 11.42215, 61.83016, 0.0 ], [ 9.477603, 63.349575, 0.0 ], [ 9.003536, 64.36807, 0.0 ], [ 10.046351, 64.78627, 0.0 ], [ 12.5040455, 64.5626, 0.0 ], [ 16.135895, 63.719467, 0.0 ], [ 20.586506, 62.339428, 0.0 ], [ 25.420176, 60.557144, 0.0 ], [ 30.163761, 58.54755, 0.0 ], [ 34.352936, 56.50711, 0.0 ], [ 37.577675, 54.63537, 0.0 ], [ 39.522095, 53.116035, 0.0 ]] 
boundary 0: [[ 38.949436, 78.26569, 0.0 ], [ 38.558273, 77.21243, 0.0 ], [ 36.74138, 75.54264, 0.0 ], [ 33.676453, 73.41942, 0.0 ], [ 29.663635, 71.05088, 0.0 ], [ 25.09573, 68.66871, 0.0 ], [ 20.419868, 66.50616, 0.0 ], [ 16.093708, 64.77501, 0.0 ], [ 12.540711, 63.644405, 0.0 ], [ 10.108844, 63.225433, 0.0 ], [ 9.035943, 63.558765, 0.0 ], [ 9.427088, 64.611916, 0.0 ], [ 11.244062, 66.28191, 0.0 ], [ 14.3089695, 68.40503, 0.0 ], [ 18.321783, 70.773575, 0.0 ], [ 22.8897, 73.15582, 0.0 ], [ 27.565569, 75.3182, 0.0 ], [ 31.891758, 77.04941, 0.0 ], [ 35.444664, 78.17992, 0.0 ], [ 37.87657, 78.598976, 0.0 ]] 
boundary 1: [[ 38.949455, 49.73438, 0.0 ], [ 37.876625, 49.400986, 0.0 ], [ 35.444653, 49.819916, 0.0 ], [ 31.89169, 50.950497, 0.0 ], [ 27.565529, 52.681732, 0.0 ], [ 22.889706, 54.844215, 0.0 ], [ 18.32175, 57.226337, 0.0 ], [ 14.308978, 59.594902, 0.0 ], [ 11.244088, 61.718178, 0.0 ], [ 9.42711, 63.388054, 0.0 ], [ 9.035905, 64.441154, 0.0 ], [ 10.10879, 64.77473, 0.0 ], [ 12.540768, 64.35548, 0.0 ], [ 16.093674, 63.22496, 0.0 ], [ 20.419842, 61.493866, 0.0 ], [ 25.095722, 59.331207, 0.0 ], [ 29.663645, 56.94917, 0.0 ], [ 33.676476, 54.580658, 0.0 ], [ 36.741417, 52.457336, 0.0 ], [ 38.558273, 50.78756, 0.0 ]] 
boundary 0: [[ 37.87273, 80.27373, 0.0 ], [ 37.55672, 79.19553, 0.0 ], [ 35.861923, 77.40193, 0.0 ], [ 32.95414, 75.06814, 0.0 ], [ 29.118092, 72.42287, 0.0 ], [ 24.72929, 69.724915, 0.0 ], [ 20.217342, 67.238434, 0.0 ], [ 16.023832, 65.206924, 0.0 ], [ 12.55928, 63.82891, 0.0 ], [ 10.162956, 63.23972, 0.0 ], [ 9.069246, 63.496666, 0.0 ], [ 9.38525, 64.574745, 0.0 ], [ 11.080103, 66.36856, 0.0 ], [ 13.987881, 68.70224, 0.0 ], [ 17.823929, 71.34751, 0.0 ], [ 22.21273, 74.045525, 0.0 ], [ 26.724705, 76.53184, 0.0 ], [ 30.918234, 78.563416, 0.0 ], [ 34.382698, 79.94133, 0.0 ], [ 36.779064, 80.530624, 0.0 ]] 
boundary 1: [[ 37.872765, 47.72635, 0.0 ], [ 36.77911, 47.469337, 0.0 ], [ 34.38268, 48.058495, 0.0 ], [ 30.918163, 49.43649, 0.0 ], [ 26.724659, 51.468094, 0.0 ], [ 22.21274, 53.954502, 0.0 ], [ 17.82389, 56.652405, 0.0 ], [ 13.987886, 59.29769, 0.0 ], [ 11.080136, 61.63153, 0.0 ], [ 9.385272, 63.42522, 0.0 ], [ 9.069202, 64.50326, 0.0 ], [ 10.162914, 64.760445, 0.0 ], [ 12.559328, 64.170975, 0.0 ], [ 16.023798, 62.79304, 0.0 ], [ 20.217316, 60.761574, 0.0 ], [ 24.729275, 58.274994, 0.0 ], [ 29.118103, 55.57717, 0.0 ], [ 32.954163, 52.931946, 0.0 ], [ 35.86196, 50.59805, 0.0 ], [ 37.55672, 48.804466, 0.0 ]] 
boundary 0: [[ 36.490433, 82.44359, 0.0 ], [ 36.261147, 81.34366, 0.0 ], [ 34.714325, 79.420975, 0.0 ], [ 32.00129, 76.86339, 0.0 ], [ 28.387697, 73.92149, 0.0 ], [ 24.22729, 70.88316, 0.0 ], [ 19.927315, 68.045815, 0.0 ], [ 15.908594, 65.68734, 0.0 ], [ 12.564573, 64.03823, 0.0 ], [ 10.222676, 63.26038, 0.0 ], [ 9.1119995, 63.429558, 0.0 ], [ 9.3412895, 64.52934, 0.0 ], [ 10.888159, 66.45224, 0.0 ], [ 13.601191, 69.00972, 0.0 ], [ 17.214779, 71.9516, 0.0 ], [ 21.375183, 74.990005, 0.0 ], [ 25.675198, 77.82719, 0.0 ], [ 29.693933, 80.18574, 0.0 ], [ 33.037872, 81.83475, 0.0 ], [ 35.3798, 82.612686, 0.0 ]] 
boundary 1: [[ 36.49047, 45.556507, 0.0 ], [ 35.379845, 45.387268, 0.0 ], [ 33.03784, 46.16508, 0.0 ], [ 29.69386, 47.81417, 0.0 ], [ 25.675148, 50.172752, 0.0 ], [ 21.375195, 53.010014, 0.0 ], [ 17.214739, 56.048317, 0.0 ], [ 13.601191, 58.99021, 0.0 ], [ 10.888198, 61.54785, 0.0 ], [ 9.34131, 63.47061, 0.0 ], [ 9.11195, 64.57036, 0.0 ], [ 10.222649, 64.739784, 0.0 ], [ 12.56461, 63.961655, 0.0 ], [ 15.908558, 62.312637, 0.0 ], [ 19.927288, 59.954185, 0.0 ], [ 24.227268, 57.11676, 0.0 ], [ 28.387709, 54.078526, 0.0 ], [ 32.00132, 51.136684, 0.0 ], [ 34.714363, 48.57899, 0.0 ], [ 36.261147, 46.65634, 0.0 ]] 
boundary 0: [[ 35.076237, 84.32929, 0.0 ], [ 34.92768, 83.21559, 0.0 ], [ 33.525043, 81.18533, 0.0 ], [ 31.005543, 78.4369, 0.0 ], [ 27.615871, 75.23956, 0.0 ], [ 23.687866, 71.9062, 0.0 ], [ 19.606014, 68.76314, 0.0 ], [ 15.769794, 66.11818, 0.0 ], [ 12.554797, 64.22982, 0.0 ], [ 10.275788, 63.283432, 0.0 ], [ 9.155741, 63.371235, 0.0 ], [ 9.304298, 64.4848, 0.0 ], [ 10.706972, 66.5153, 0.0 ], [ 13.226482, 69.26361, 0.0 ], [ 16.616146, 72.46094, 0.0 ], [ 20.544144, 75.79436, 0.0 ], [ 24.626043, 78.93726, 0.0 ], [ 28.462276, 81.58231, 0.0 ], [ 31.677193, 83.47056, 0.0 ], [ 33.956238, 84.41705, 0.0 ]] 
boundary 1: [[ 35.076275, 43.670795, 0.0 ], [ 33.956276, 43.58291, 0.0 ], [ 31.67715, 44.529274, 0.0 ], [ 28.462194, 46.417595, 0.0 ], [ 24.625988, 49.06267, 0.0 ], [ 20.544155, 52.205658, 0.0 ], [ 16.6161, 55.538986, 0.0 ], [ 13.226475, 58.736313, 0.0 ], [ 10.707018, 61.484802, 0.0 ], [ 9.304315, 63.51515, 0.0 ], [ 9.1556835, 64.628685, 0.0 ], [ 10.275775, 64.71677, 0.0 ], [ 12.554825, 63.77006, 0.0 ], [ 15.769758, 61.88182, 0.0 ], [ 19.605988, 59.23686, 0.0 ], [ 23.687832, 56.093716, 0.0 ], [ 27.615883, 52.76046, 0.0 ], [ 31.005575, 49.56318, 0.0 ], [ 33.52508, 46.814632, 0.0 ], [ 34.92768, 44.78441, 0.0 ]] 
boundary 0: [[ 33.448563, 86.191895, 0.0 ], [ 33.385582, 85.07009, 0.0 ], [ 32.14225, 82.93854, 0.0 ], [ 29.840235, 80.00555, 0.0 ], [ 26.704903, 76.55843, 0.0 ], [ 23.043219, 72.93453, 0.0 ], [ 19.213583, 69.48864, 0.0 ], [ 15.590787, 66.55816, 0.0 ], [ 12.529557, 64.42955, 0.0 ], [ 10.329567, 63.311707, 0.0 ], [ 9.206083, 63.313633, 0.0 ], [ 9.269078, 64.435295, 0.0 ], [ 10.512422, 66.56708, 0.0 ], [ 12.81446, 69.49996, 0.0 ], [ 15.949781, 72.94705, 0.0 ], [ 19.61146, 76.571, 0.0 ], [ 23.44115, 80.01676, 0.0 ], [ 27.063955, 82.94733, 0.0 ], [ 30.12511, 85.07581, 0.0 ], [ 32.325127, 86.19377, 0.0 ]] 
boundary 1: [[ 33.44861, 41.8082, 0.0 ], [ 32.325165, 41.80619, 0.0 ], [ 30.12506, 42.924015, 0.0 ], [ 27.063864, 45.052586, 0.0 ], [ 23.44109, 47.983192, 0.0 ], [ 19.611471, 51.429016, 0.0 ], [ 15.949732, 55.05287, 0.0 ], [ 12.814448, 58.499966, 0.0 ], [ 10.512476, 61.433025, 0.0 ], [ 9.269091, 63.564655, 0.0 ], [ 9.206019, 64.686295, 0.0 ], [ 10.329567, 64.68849, 0.0 ], [ 12.529575, 63.57033, 0.0 ], [ 15.590751, 61.441845, 0.0 ], [ 19.213556, 58.51136, 0.0 ], [ 23.043179, 55.06537, 0.0 ], [ 26.704918, 51.44158, 0.0 ], [ 29.840275, 47.99453, 0.0 ], [ 32.142284, 45.061417, 0.0 ], [ 33.385582, 42.929916, 0.0 ]] 
boundary 0: [[ 32.289238, 87.35936, 0.0 ], [ 32.28341, 86.2358, 0.0 ], [ 31.150112, 84.04378, 0.0 ], [ 29.000277, 80.99748, 0.0 ], [ 26.044352, 77.39532, 0.0 ], [ 22.571753, 73.58984, 0.0 ], [ 18.922363, 69.95361, 0.0 ], [ 15.453331, 66.84264, 0.0 ], [ 12.504346, 64.56105, 0.0 ], [ 10.364067, 63.332752, 0.0 ], [ 9.24194, 63.27753, 0.0 ], [ 9.247794, 64.40093, 0.0 ], [ 10.381087, 66.5932, 0.0 ], [ 12.5309515, 69.6394, 0.0 ], [ 15.486866, 73.24152, 0.0 ], [ 18.959457, 77.04705, 0.0 ], [ 22.608906, 80.68315, 0.0 ], [ 26.077948, 83.79422, 0.0 ], [ 29.026861, 86.07565, 0.0 ], [ 31.167154, 87.30409, 0.0 ]] 
boundary 1: [[ 32.289284, 40.64073, 0.0 ], [ 31.167192, 40.695877, 0.0 ], [ 29.0268, 41.92417, 0.0 ], [ 26.077847, 44.205704, 0.0 ], [ 22.608843, 47.316807, 0.0 ], [ 18.959469, 50.952972, 0.0 ], [ 15.486811, 54.758408, 0.0 ], [ 12.530935, 58.360527, 0.0 ], [ 10.381147, 61.406887, 0.0 ], [ 9.247805, 63.599007, 0.0 ], [ 9.241872, 64.72241, 0.0 ], [ 10.364078, 64.66745, 0.0 ], [ 12.504356, 63.43882, 0.0 ], [ 15.453295, 61.15737, 0.0 ], [ 18.922337, 58.04639, 0.0 ], [ 22.571709, 54.410053, 0.0 ], [ 26.044367, 50.604683, 0.0 ], [ 29.000319, 47.002605, 0.0 ], [ 31.15014, 43.95619, 0.0 ], [ 32.28341, 41.764214, 0.0 ]] 
boundary 0: [[ 31.31112, 88.25772, 0.0 ], [ 31.351437, 87.13486, 0.0 ], [ 30.30911, 84.898155, 0.0 ], [ 28.286188, 81.76614, 0.0 ], [ 25.48068, 78.04562, 0.0 ], [ 22.167286, 74.10076, 0.0 ], [ 18.670294, 70.31773, 0.0 ], [ 15.331941, 67.06693, 0.0 ], [ 12.479137, 64.666145, 0.0 ], [ 10.391104, 63.351006, 0.0 ], [ 9.272192, 63.249744, 0.0 ], [ 9.231908, 64.37244, 0.0 ], [ 10.2742195, 66.609406, 0.0 ], [ 12.297176, 69.74131, 0.0 ], [ 15.1026745, 73.46179, 0.0 ], [ 18.416061, 77.40671, 0.0 ], [ 21.913115, 81.189606, 0.0 ], [ 25.251472, 84.440506, 0.0 ], [ 28.104214, 86.841125, 0.0 ], [ 30.192255, 88.15642, 0.0 ]] 
boundary 1: [[ 31.311169, 39.742374, 0.0 ], [ 30.192293, 39.843548, 0.0 ], [ 28.104143, 41.15871, 0.0 ], [ 25.25137, 43.55942, 0.0 ], [ 21.913054, 46.810356, 0.0 ], [ 18.416073, 50.593307, 0.0 ], [ 15.102617, 54.538147, 0.0 ], [ 12.297157, 58.258606, 0.0 ], [ 10.274282, 61.390686, 0.0 ], [ 9.231916, 63.6275, 0.0 ], [ 9.27212, 64.7502, 0.0 ], [ 10.391124, 64.64919, 0.0 ], [ 12.479143, 63.33371, 0.0 ], [ 15.331906, 60.93309, 0.0 ], [ 18.670267, 57.68228, 0.0 ], [ 22.167233, 53.899136, 0.0 ], [ 25.480696, 49.954376, 0.0 ], [ 28.286234, 46.233944, 0.0 ], [ 30.309135, 43.101807, 0.0 ], [ 31.351437, 40.865143, 0.0 ]] 
boundary 0: [[ 30.765303, 88.728035, 0.0 ], [ 30.830627, 87.60636, 0.0 ], [ 29.838404, 85.347, 0.0 ], [ 27.885767, 82.170685, 0.0 ], [ 25.163857, 78.38857, 0.0 ], [ 21.939184, 74.37085, 0.0 ], [ 18.52735, 70.51085, 0.0 ], [ 15.262266, 67.18646, 0.0 ], [ 12.463663, 64.7227, 0.0 ], [ 10.405455, 63.361374, 0.0 ], [ 9.289073, 63.2352, 0.0 ], [ 9.223783, 64.35671, 0.0 ], [ 10.215992, 66.616356, 0.0 ], [ 12.168659, 69.79256, 0.0 ], [ 14.890564, 73.57463, 0.0 ], [ 18.115227, 77.59241, 0.0 ], [ 21.527122, 81.452286, 0.0 ], [ 24.792215, 84.776764, 0.0 ], [ 27.590757, 87.24036, 0.0 ], [ 29.648973, 88.60182, 0.0 ]] 
boundary 1: [[ 30.765354, 39.272057, 0.0 ], [ 29.64901, 39.39813, 0.0 ], [ 27.590685, 40.7595, 0.0 ], [ 24.792103, 43.22318, 0.0 ], [ 21.527061, 46.547688, 0.0 ], [ 18.115238, 50.407623, 0.0 ], [ 14.890505, 54.42531, 0.0 ], [ 12.16864, 58.20736, 0.0 ], [ 10.216055, 61.383736, 0.0 ], [ 9.22379, 63.643223, 0.0 ], [ 9.2890005, 64.76474, 0.0 ], [ 10.405475, 64.63884, 0.0 ], [ 12.463667, 63.277145, 0.0 ], [ 15.262232, 60.81355, 0.0 ], [ 18.527323, 57.48917, 0.0 ], [ 21.939125, 53.62904, 0.0 ], [ 25.163872, 49.611435, 0.0 ], [ 27.885815, 45.829407, 0.0 ], [ 29.838428, 42.65297, 0.0 ], [ 30.830627, 40.39364, 0.0 ]] 
