boundary 0: [[ 30.892632, 88.62019, 0.0 ], [ 30.952126, 87.49828, 0.0 ], [ 29.948208, 85.24392, 0.0 ], [ 27.979248, 82.077774, 0.0 ], [ 25.237896, 78.309784, 0.0 ], [ 21.992496, 74.30878, 0.0 ], [ 18.560766, 70.466415, 0.0 ], [ 15.278645, 67.15879, 0.0 ], [ 12.467363, 64.70972, 0.0 ], [ 10.402126, 63.358894, 0.0 ], [ 9.285109, 63.238533, 0.0 ], [ 9.2256365, 64.360466, 0.0 ], [ 10.229507, 66.61486, 0.0 ], [ 12.198532, 69.78094, 0.0 ], [ 14.93987, 73.54896, 0.0 ], [ 18.185265, 77.54996, 0.0 ], [ 21.616943, 81.392334, 0.0 ], [ 24.899096, 84.69986, 0.0 ], [ 27.710396, 87.14903, 0.0 ], [ 29.77559, 88.49986, 0.0 ]] 
boundary 1: [[ 30.89263, 39.37979, 0.0 ], [ 29.775608, 39.500175, 0.0 ], [ 27.7104, 40.850975, 0.0 ], [ 24.899092, 43.300125, 0.0 ], [ 21.616959, 46.60769, 0.0 ], [ 18.18526, 50.450054, 0.0 ], [ 14.939846, 54.451065, 0.0 ], [ 12.198509, 58.219048, 0.0 ], [ 10.229524, 61.385178, 0.0 ], [ 9.225635, 63.639538, 0.0 ], [ 9.285091, 64.76139, 0.0 ], [ 10.402124, 64.64107, 0.0 ], [ 12.467377, 63.29028, 0.0 ], [ 15.278645, 60.841164, 0.0 ], [ 18.560766, 57.53356, 0.0 ], [ 21.992474, 53.691208, 0.0 ], [ 25.2379, 49.690205, 0.0 ], [ 27.979248, 45.922245, 0.0 ], [ 29.9482, 42.756096, 0.0 ], [ 30.952147, 40.501747, 0.0 ]] 
boundary 0: [[ 32.21643, 87.42882, 0.0 ], [ 32.214066, 86.30533, 0.0 ], [ 31.087536, 84.109665, 0.0 ], [ 28.947239, 81.05674, 0.0 ], [ 26.002583, 77.4454, 0.0 ], [ 22.541805, 73.62916, 0.0 ], [ 18.90372, 69.98157, 0.0 ], [ 15.444458, 66.85969, 0.0 ], [ 12.502594, 64.56911, 0.0 ], [ 10.366116, 63.334053, 0.0 ], [ 9.244164, 63.27538, 0.0 ], [ 9.246557, 64.39888, 0.0 ], [ 10.373034, 66.5946, 0.0 ], [ 12.513395, 69.647446, 0.0 ], [ 15.458038, 73.25882, 0.0 ], [ 18.91881, 77.07505, 0.0 ], [ 22.556847, 80.72265, 0.0 ], [ 26.016132, 83.84443, 0.0 ], [ 28.95802, 86.1351, 0.0 ], [ 31.094458, 87.37018, 0.0 ]] 
boundary 1: [[ 32.21643, 40.57117, 0.0 ], [ 31.094471, 40.62986, 0.0 ], [ 28.958023, 41.864895, 0.0 ], [ 26.016129, 44.15555, 0.0 ], [ 22.556856, 47.277374, 0.0 ], [ 18.918806, 50.92496, 0.0 ], [ 15.458015, 54.741207, 0.0 ], [ 12.513372, 58.352535, 0.0 ], [ 10.373046, 61.405453, 0.0 ], [ 9.246555, 63.601116, 0.0 ], [ 9.244154, 64.72455, 0.0 ], [ 10.366116, 64.66591, 0.0 ], [ 12.502609, 63.430878, 0.0 ], [ 15.44446, 61.140266, 0.0 ], [ 18.90372, 58.018402, 0.0 ], [ 22.541782, 54.370823, 0.0 ], [ 26.002586, 50.55458, 0.0 ], [ 28.947239, 46.943283, 0.0 ], [ 31.087528, 43.890343, 0.0 ], [ 32.21408, 41.694687, 0.0 ]] 
boundary 0: [[ 34.20257, 85.364685, 0.0 ], [ 34.10079, 84.245804, 0.0 ], [ 32.78435, 82.158485, 0.0 ], [ 30.382248, 79.30696, 0.0 ], [ 27.129524, 75.9704, 0.0 ], [ 23.34456, 72.47545, 0.0 ], [ 19.397926, 69.164154, 0.0 ], [ 15.675932, 66.360695, 0.0 ], [ 12.542881, 64.33948, 0.0 ], [ 10.305477, 63.29836, 0.0 ], [ 9.182735, 63.339214, 0.0 ], [ 9.284557, 64.4581, 0.0 ], [ 10.600945, 66.5455, 0.0 ], [ 13.003103, 69.396935, 0.0 ], [ 16.25582, 72.73352, 0.0 ], [ 20.040771, 76.22847, 0.0 ], [ 23.987362, 79.539764, 0.0 ], [ 27.709368, 82.34313, 0.0 ], [ 30.84245, 84.36445, 0.0 ], [ 33.07982, 85.40558, 0.0 ]] 
boundary 1: [[ 34.202576, 42.635296, 0.0 ], [ 33.07983, 42.594463, 0.0 ], [ 30.842453, 43.63555, 0.0 ], [ 27.709364, 45.656845, 0.0 ], [ 23.98737, 48.46025, 0.0 ], [ 20.040764, 51.771545, 0.0 ], [ 16.255793, 55.266518, 0.0 ], [ 13.003083, 58.603046, 0.0 ], [ 10.600953, 61.45455, 0.0 ], [ 9.284555, 63.541893, 0.0 ], [ 9.182734, 64.660706, 0.0 ], [ 10.305479, 64.7016, 0.0 ], [ 12.542897, 63.660507, 0.0 ], [ 15.675937, 61.639256, 0.0 ], [ 19.397926, 58.835815, 0.0 ], [ 23.34454, 55.524532, 0.0 ], [ 27.129534, 52.02957, 0.0 ], [ 30.382246, 48.693066, 0.0 ], [ 32.78434, 45.841522, 0.0 ], [ 34.100803, 43.754204, 0.0 ]] 
boundary 0: [[ 36.783806, 82.01384, 0.0 ], [ 36.536835, 80.917816, 0.0 ], [ 34.959187, 79.0202, 0.0 ], [ 32.20541, 76.506645, 0.0 ], [ 28.544966, 73.62322, 0.0 ], [ 24.33617, 70.65226, 0.0 ], [ 19.991053, 67.88449, 0.0 ], [ 15.934954, 65.590866, 0.0 ], [ 12.564866, 63.995922, 0.0 ], [ 10.210701, 63.255783, 0.0 ], [ 9.102901, 63.442852, 0.0 ], [ 9.349908, 64.53887, 0.0 ], [ 10.927517, 66.436584, 0.0 ], [ 13.68134, 68.95005, 0.0 ], [ 17.34177, 71.83346, 0.0 ], [ 21.550562, 74.80445, 0.0 ], [ 25.895626, 77.57221, 0.0 ], [ 29.951733, 79.86574, 0.0 ], [ 33.32186, 81.46077, 0.0 ], [ 35.675995, 82.20094, 0.0 ]] 
boundary 1: [[ 36.783813, 45.98615, 0.0 ], [ 35.676003, 45.79911, 0.0 ], [ 33.32187, 46.539223, 0.0 ], [ 29.951733, 48.134243, 0.0 ], [ 25.895634, 50.427788, 0.0 ], [ 21.550552, 53.19557, 0.0 ], [ 17.34174, 56.166565, 0.0 ], [ 13.681321, 59.049942, 0.0 ], [ 10.927516, 61.563477, 0.0 ], [ 9.349907, 63.461117, 0.0 ], [ 9.10291, 64.557076, 0.0 ], [ 10.21071, 64.74417, 0.0 ], [ 12.564884, 64.00406, 0.0 ], [ 15.934965, 62.409084, 0.0 ], [ 19.991062, 60.115486, 0.0 ], [ 24.336151, 57.347717, 0.0 ], [ 28.54498, 54.376743, 0.0 ], [ 32.205402, 51.493385, 0.0 ], [ 34.95917, 48.979805, 0.0 ], [ 36.536842, 47.08219, 0.0 ]] 
boundary 0: [[ 38.860485, 78.445305, 0.0 ], [ 38.475857, 77.38967, 0.0 ], [ 36.66925, 75.70858, 0.0 ], [ 33.617607, 73.566444, 0.0 ], [ 29.61956, 71.173004, 0.0 ], [ 25.066475, 68.7626, 0.0 ], [ 20.404072, 66.57113, 0.0 ], [ 16.088755, 64.813095, 0.0 ], [ 12.542892, 63.66061, 0.0 ], [ 10.1136, 63.22651, 0.0 ], [ 9.038674, 63.553226, 0.0 ], [ 9.423335, 64.608826, 0.0 ], [ 11.229918, 66.29003, 0.0 ], [ 14.281591, 68.432076, 0.0 ], [ 18.279625, 70.825516, 0.0 ], [ 22.83271, 73.23593, 0.0 ], [ 27.495056, 75.42741, 0.0 ], [ 31.810373, 77.18535, 0.0 ], [ 35.35629, 78.33792, 0.0 ], [ 37.785557, 78.77206, 0.0 ]] 
boundary 1: [[ 38.860493, 49.5547, 0.0 ], [ 37.785545, 49.228004, 0.0 ], [ 35.356297, 49.66208, 0.0 ], [ 31.810373, 50.814625, 0.0 ], [ 27.495064, 52.572586, 0.0 ], [ 22.832695, 54.76409, 0.0 ], [ 18.27959, 57.17452, 0.0 ], [ 14.281572, 59.56792, 0.0 ], [ 11.229908, 61.710037, 0.0 ], [ 9.423335, 63.39116, 0.0 ], [ 9.0386915, 64.44672, 0.0 ], [ 10.113616, 64.773445, 0.0 ], [ 12.542912, 64.33938, 0.0 ], [ 16.088776, 63.18687, 0.0 ], [ 20.404083, 61.42886, 0.0 ], [ 25.066456, 59.237377, 0.0 ], [ 29.61958, 56.82696, 0.0 ], [ 33.6176, 54.433582, 0.0 ], [ 36.669235, 52.29142, 0.0 ], [ 38.475864, 50.610332, 0.0 ]] 
boundary 0: [[ 40.52143, 74.47928, 0.0 ], [ 40.000137, 73.48402, 0.0 ], [ 37.986443, 72.0575, 0.0 ], [ 34.677544, 70.339226, 0.0 ], [ 30.397266, 68.49744, 0.0 ], [ 25.56461, 66.71252, 0.0 ], [ 20.652645, 65.15905, 0.0 ], [ 16.142212, 63.989143, 0.0 ], [ 12.474788, 63.317356, 0.0 ], [ 10.009373, 63.209427, 0.0 ], [ 8.987301, 63.675884, 0.0 ], [ 9.508629, 64.67113, 0.0 ], [ 11.522312, 66.09774, 0.0 ], [ 14.83123, 67.815926, 0.0 ], [ 19.111496, 69.657715, 0.0 ], [ 23.944153, 71.44266, 0.0 ], [ 28.856058, 72.99612, 0.0 ], [ 33.366478, 74.16593, 0.0 ], [ 37.03398, 74.837814, 0.0 ], [ 39.499367, 74.945786, 0.0 ]] 
boundary 1: [[ 40.52144, 53.52073, 0.0 ], [ 39.499344, 53.05429, 0.0 ], [ 37.03399, 53.162193, 0.0 ], [ 33.366478, 53.834038, 0.0 ], [ 28.856066, 55.003872, 0.0 ], [ 23.944134, 56.557354, 0.0 ], [ 19.111454, 58.342327, 0.0 ], [ 14.831211, 60.184067, 0.0 ], [ 11.522294, 61.902325, 0.0 ], [ 9.508631, 63.328876, 0.0 ], [ 8.987328, 64.324066, 0.0 ], [ 10.009395, 64.79053, 0.0 ], [ 12.474807, 64.68264, 0.0 ], [ 16.142242, 64.01081, 0.0 ], [ 20.652657, 62.840935, 0.0 ], [ 25.56459, 61.287483, 0.0 ], [ 30.397291, 59.50252, 0.0 ], [ 34.677536, 57.66079, 0.0 ], [ 37.986427, 55.942497, 0.0 ], [ 40.000145, 54.516, 0.0 ]] 
boundary 0: [[ 41.261566, 71.99925, 0.0 ], [ 40.662342, 71.04888, 0.0 ], [ 38.541008, 69.78799, 0.0 ], [ 35.105286, 68.33985, 0.0 ], [ 30.691408, 66.84631, 0.0 ], [ 25.731482, 65.45364, 0.0 ], [ 20.711006, 64.298004, 0.0 ], [ 16.121454, 63.492588, 0.0 ], [ 12.412047, 63.11628, 0.0 ], [ 9.945897, 63.205875, 0.0 ], [ 8.964409, 63.752583, 0.0 ], [ 9.563667, 64.70294, 0.0 ], [ 11.685, 65.963936, 0.0 ], [ 15.120737, 67.41196, 0.0 ], [ 19.5346, 68.9055, 0.0 ], [ 24.49453, 70.29822, 0.0 ], [ 29.514948, 71.453835, 0.0 ], [ 34.104485, 72.25917, 0.0 ], [ 37.813965, 72.63557, 0.0 ], [ 40.28009, 72.54601, 0.0 ]] 
boundary 1: [[ 41.261574, 56.00076, 0.0 ], [ 40.28006, 55.45407, 0.0 ], [ 37.813972, 55.36444, 0.0 ], [ 34.104485, 55.740803, 0.0 ], [ 29.514956, 56.546143, 0.0 ], [ 24.49451, 57.701794, 0.0 ], [ 19.534557, 59.094513, 0.0 ], [ 15.120718, 60.58803, 0.0 ], [ 11.684977, 62.036133, 0.0 ], [ 9.563669, 63.29706, 0.0 ], [ 8.964439, 64.24736, 0.0 ], [ 9.945926, 64.794075, 0.0 ], [ 12.412066, 64.88373, 0.0 ], [ 16.121487, 64.50737, 0.0 ], [ 20.711018, 63.701984, 0.0 ], [ 25.731459, 62.546375, 0.0 ], [ 30.691437, 61.15364, 0.0 ], [ 35.105278, 59.66015, 0.0 ], [ 38.540993, 58.212006, 0.0 ], [ 40.66235, 56.95114, 0.0 ]] 
boundary 0: [[ 41.50618, 70.97148, 0.0 ], [ 40.876232, 70.0412, 0.0 ], [ 38.71482, 68.85028, 0.0 ], [ 35.233627, 67.51515, 0.0 ], [ 30.773321, 66.16662, 0.0 ], [ 25.770538, 64.93674, 0.0 ], [ 20.714989, 63.945732, 0.0 ], [ 16.101574, 63.290688, 0.0 ], [ 12.381853, 63.035774, 0.0 ], [ 9.919948, 63.20589, 0.0 ], [ 8.956842, 63.784367, 0.0 ], [ 9.58683, 64.714645, 0.0 ], [ 11.748227, 65.90566, 0.0 ], [ 15.229439, 67.240654, 0.0 ], [ 19.68974, 68.589195, 0.0 ], [ 24.692516, 69.81913, 0.0 ], [ 29.748014, 70.810135, 0.0 ], [ 34.361404, 71.46509, 0.0 ], [ 38.0812, 71.72009, 0.0 ], [ 40.54309, 71.55002, 0.0 ]] 
boundary 1: [[ 41.506187, 57.02853, 0.0 ], [ 40.543053, 56.450066, 0.0 ], [ 38.081207, 56.279922, 0.0 ], [ 34.361404, 56.53489, 0.0 ], [ 29.748022, 57.18986, 0.0 ], [ 24.692497, 58.18087, 0.0 ], [ 19.689697, 59.410805, 0.0 ], [ 15.22942, 60.75932, 0.0 ], [ 11.748201, 62.094406, 0.0 ], [ 9.586832, 63.285355, 0.0 ], [ 8.956875, 64.21557, 0.0 ], [ 9.919976, 64.79407, 0.0 ], [ 12.381872, 64.96425, 0.0 ], [ 16.101608, 64.70925, 0.0 ], [ 20.715, 64.054245, 0.0 ], [ 25.770515, 63.06328, 0.0 ], [ 30.773354, 61.833332, 0.0 ], [ 35.23362, 60.48484, 0.0 ], [ 38.714806, 59.14971, 0.0 ], [ 40.87624, 57.95883, 0.0 ]] 
boundary 0: [[ 41.52011, 70.908035, 0.0 ], [ 40.88829, 69.979034, 0.0 ], [ 38.72451, 68.79245, 0.0 ], [ 35.24063, 67.46432, 0.0 ], [ 30.777628, 66.12474, 0.0 ], [ 25.772383, 64.904915, 0.0 ], [ 20.714855, 63.92406, 0.0 ], [ 16.100132, 63.278297, 0.0 ], [ 12.379911, 63.03086, 0.0 ], [ 9.918351, 63.20592, 0.0 ], [ 8.956411, 63.78632, 0.0 ], [ 9.588266, 64.715324, 0.0 ], [ 11.752052, 65.90201, 0.0 ], [ 15.235937, 67.23, 0.0 ], [ 19.698929, 68.56959, 0.0 ], [ 24.704168, 69.789474, 0.0 ], [ 29.761646, 70.77031, 0.0 ], [ 34.376343, 71.41599, 0.0 ], [ 38.096653, 71.66352, 0.0 ], [ 40.55818, 71.4885, 0.0 ]] 
boundary 1: [[ 41.52012, 57.091976, 0.0 ], [ 40.558144, 56.511578, 0.0 ], [ 38.09666, 56.336487, 0.0 ], [ 34.37635, 56.58398, 0.0 ], [ 29.761654, 57.229683, 0.0 ], [ 24.70415, 58.21054, 0.0 ], [ 19.698887, 59.430412, 0.0 ], [ 15.235918, 60.769966, 0.0 ], [ 11.752027, 62.098057, 0.0 ], [ 9.588268, 63.284657, 0.0 ], [ 8.956444, 64.213585, 0.0 ], [ 9.91838, 64.79403, 0.0 ], [ 12.379929, 64.96916, 0.0 ], [ 16.100166, 64.72166, 0.0 ], [ 20.714867, 64.07592, 0.0 ], [ 25.77236, 63.095097, 0.0 ], [ 30.77766, 61.875206, 0.0 ], [ 35.240623, 60.535675, 0.0 ], [ 38.724495, 59.207546, 0.0 ], [ 40.888298, 58.021015, 0.0 ]] 
boundary 0: [[ 41.113106, 72.55961, 0.0 ], [ 40.531025, 71.59867, 0.0 ], [ 38.43264, 70.29993, 0.0 ], [ 35.023434, 68.790436, 0.0 ], [ 30.637043, 67.218, 0.0 ], [ 25.702877, 65.73663, 0.0 ], [ 20.703926, 64.49117, 0.0 ], [ 16.129555, 63.603603, 0.0 ], [ 12.427495, 63.16087, 0.0 ], [ 9.960131, 63.206234, 0.0 ], [ 8.969, 63.735237, 0.0 ], [ 9.5511265, 64.69619, 0.0 ], [ 11.649509, 65.99502, 0.0 ], [ 15.058735, 67.50439, 0.0 ], [ 19.445103, 69.07684, 0.0 ], [ 24.379257, 70.55825, 0.0 ], [ 29.378159, 71.8037, 0.0 ], [ 33.952515, 72.69118, 0.0 ], [ 37.65466, 73.13402, 0.0 ], [ 40.121986, 73.088684, 0.0 ]] 
boundary 1: [[ 41.113113, 55.44039, 0.0 ], [ 40.121952, 54.911396, 0.0 ], [ 37.654667, 54.865986, 0.0 ], [ 33.952515, 55.30879, 0.0 ], [ 29.378164, 56.19628, 0.0 ], [ 24.379238, 57.441753, 0.0 ], [ 19.44506, 58.923164, 0.0 ], [ 15.058713, 60.495575, 0.0 ], [ 11.6494875, 62.005043, 0.0 ], [ 9.551126, 63.303795, 0.0 ], [ 8.969028, 64.26466, 0.0 ], [ 9.960159, 64.793724, 0.0 ], [ 12.427512, 64.83915, 0.0 ], [ 16.129587, 64.39634, 0.0 ], [ 20.703938, 63.508812, 0.0 ], [ 25.702854, 62.26338, 0.0 ], [ 30.637075, 60.781944, 0.0 ], [ 35.023426, 59.209568, 0.0 ], [ 38.432625, 57.70006, 0.0 ], [ 40.531033, 56.40137, 0.0 ]] 
boundary 0: [[ 40.74538, 73.801125, 0.0 ], [ 40.202248, 72.81766, 0.0 ], [ 38.15754, 71.43593, 0.0 ], [ 34.811523, 69.79117, 0.0 ], [ 30.491594, 68.04437, 0.0 ], [ 25.620693, 66.36662, 0.0 ], [ 20.675627, 64.92201, 0.0 ], [ 16.140457, 63.85201, 0.0 ], [ 12.459091, 63.261406, 0.0 ], [ 9.99189, 63.207943, 0.0 ], [ 8.980374, 63.69684, 0.0 ], [ 9.523559, 64.68033, 0.0 ], [ 11.568254, 66.06215, 0.0 ], [ 14.914315, 67.70677, 0.0 ], [ 19.234207, 69.45361, 0.0 ], [ 24.105091, 71.13138, 0.0 ], [ 29.050114, 72.57599, 0.0 ], [ 33.58528, 73.6459, 0.0 ], [ 37.266712, 74.23662, 0.0 ], [ 39.733887, 74.2901, 0.0 ]] 
boundary 1: [[ 40.745388, 54.19887, 0.0 ], [ 39.73385, 53.709984, 0.0 ], [ 37.26672, 53.763397, 0.0 ], [ 33.585274, 54.354073, 0.0 ], [ 29.05012, 55.424, 0.0 ], [ 24.105072, 56.86863, 0.0 ], [ 19.234165, 58.546402, 0.0 ], [ 14.914289, 60.29317, 0.0 ], [ 11.568238, 61.937927, 0.0 ], [ 9.523557, 63.319656, 0.0 ], [ 8.980399, 64.303055, 0.0 ], [ 9.991918, 64.79201, 0.0 ], [ 12.459108, 64.738625, 0.0 ], [ 16.140484, 64.147934, 0.0 ], [ 20.675634, 63.07797, 0.0 ], [ 25.62067, 61.63338, 0.0 ], [ 30.491627, 59.955578, 0.0 ], [ 34.811516, 58.208843, 0.0 ], [ 38.157524, 56.564045, 0.0 ], [ 40.202255, 55.18239, 0.0 ]] 
boundary 0: [[ 40.13243, 75.55246, 0.0 ], [ 39.646606, 74.53946, 0.0 ], [ 37.684517, 73.042725, 0.0 ], [ 34.43836, 71.20874, 0.0 ], [ 30.22575, 69.217, 0.0 ], [ 25.45911, 67.26261, 0.0 ], [ 20.605053, 65.53671, 0.0 ], [ 16.138725, 64.20831, 0.0 ], [ 12.497302, 63.4075, 0.0 ], [ 10.03723, 63.21261, 0.0 ], [ 8.999334, 63.642673, 0.0 ], [ 9.4852085, 64.65569, 0.0 ], [ 11.44727, 66.152534, 0.0 ], [ 14.693481, 67.98639, 0.0 ], [ 18.906057, 69.97817, 0.0 ], [ 23.67268, 71.93258, 0.0 ], [ 28.52669, 73.65848, 0.0 ], [ 32.993004, 74.98677, 0.0 ], [ 36.6345, 75.787704, 0.0 ], [ 39.09456, 75.98262, 0.0 ]] 
boundary 1: [[ 40.13244, 52.447517, 0.0 ], [ 39.09452, 52.01746, 0.0 ], [ 36.634506, 52.21231, 0.0 ], [ 32.992996, 53.01319, 0.0 ], [ 28.526695, 54.341515, 0.0 ], [ 23.67266, 56.067432, 0.0 ], [ 18.906015, 58.021862, 0.0 ], [ 14.693453, 60.013546, 0.0 ], [ 11.447258, 61.847534, 0.0 ], [ 9.485203, 63.344284, 0.0 ], [ 8.99935, 64.357216, 0.0 ], [ 10.037254, 64.78735, 0.0 ], [ 12.49732, 64.59252, 0.0 ], [ 16.13875, 63.791626, 0.0 ], [ 20.60506, 62.46327, 0.0 ], [ 25.459087, 60.737396, 0.0 ], [ 30.225779, 58.78294, 0.0 ], [ 34.43835, 56.791283, 0.0 ], [ 37.6845, 54.95725, 0.0 ], [ 39.646614, 53.46057, 0.0 ]] 
boundary 0: [[ 38.835556, 78.49506, 0.0 ], [ 38.45276, 77.43882, 0.0 ], [ 36.649048, 75.75457, 0.0 ], [ 33.601116, 73.607216, 0.0 ], [ 29.607183, 71.206894, 0.0 ], [ 25.058249, 68.788666, 0.0 ], [ 20.399628, 66.58915, 0.0 ], [ 16.087341, 64.82368, 0.0 ], [ 12.543476, 63.665115, 0.0 ], [ 10.114928, 63.226818, 0.0 ], [ 9.039447, 63.551662, 0.0 ], [ 9.422296, 64.60793, 0.0 ], [ 11.225967, 66.29227, 0.0 ], [ 14.273965, 68.43951, 0.0 ], [ 18.267864, 70.83988, 0.0 ], [ 22.816776, 73.258095, 0.0 ], [ 27.475348, 75.457634, 0.0 ], [ 31.787628, 77.22301, 0.0 ], [ 35.33155, 78.38168, 0.0 ], [ 37.760082, 78.82001, 0.0 ]] 
boundary 1: [[ 38.835564, 49.504913, 0.0 ], [ 37.760056, 49.180084, 0.0 ], [ 35.331566, 49.61832, 0.0 ], [ 31.787613, 50.77697, 0.0 ], [ 27.475353, 52.542366, 0.0 ], [ 22.816757, 54.741913, 0.0 ], [ 18.267822, 57.16015, 0.0 ], [ 14.27393, 59.56043, 0.0 ], [ 11.225963, 61.7078, 0.0 ], [ 9.422283, 63.392036, 0.0 ], [ 9.039452, 64.44822, 0.0 ], [ 10.114949, 64.77313, 0.0 ], [ 12.543497, 64.33491, 0.0 ], [ 16.087364, 63.176258, 0.0 ], [ 20.399635, 61.410828, 0.0 ], [ 25.058222, 59.211323, 0.0 ], [ 29.607204, 56.793053, 0.0 ], [ 33.60111, 54.3928, 0.0 ], [ 36.649033, 52.24539, 0.0 ], [ 38.452774, 50.56122, 0.0 ]] 
boundary 0: [[ 37.906456, 80.21573, 0.0 ], [ 37.588207, 79.138275, 0.0 ], [ 35.889603, 77.34807, 0.0 ], [ 32.97705, 75.02039, 0.0 ], [ 29.13553, 72.38302, 0.0 ], [ 24.7411, 69.69423, 0.0 ], [ 20.223969, 67.21712, 0.0 ], [ 16.026293, 65.194176, 0.0 ], [ 12.558947, 63.823517, 0.0 ], [ 10.161337, 63.239212, 0.0 ], [ 9.068185, 63.49846, 0.0 ], [ 9.386478, 64.575935, 0.0 ], [ 11.085033, 66.36623, 0.0 ], [ 13.997652, 68.69377, 0.0 ], [ 17.839142, 71.33119, 0.0 ], [ 22.233547, 74.02, 0.0 ], [ 26.750637, 76.497116, 0.0 ], [ 30.948315, 78.519936, 0.0 ], [ 34.41571, 79.89073, 0.0 ], [ 36.8133, 80.47506, 0.0 ]] 
boundary 1: [[ 37.906464, 47.78425, 0.0 ], [ 36.813282, 47.525032, 0.0 ], [ 34.415726, 48.109272, 0.0 ], [ 30.948298, 49.480034, 0.0 ], [ 26.750643, 51.50289, 0.0 ], [ 22.233528, 53.98003, 0.0 ], [ 17.839104, 56.668823, 0.0 ], [ 13.997616, 59.306156, 0.0 ], [ 11.085033, 61.633858, 0.0 ], [ 9.386466, 63.42405, 0.0 ], [ 9.068184, 64.50146, 0.0 ], [ 10.161354, 64.760735, 0.0 ], [ 12.558968, 64.176506, 0.0 ], [ 16.02631, 62.805748, 0.0 ], [ 20.223976, 60.782864, 0.0 ], [ 24.741074, 58.305767, 0.0 ], [ 29.135551, 55.616932, 0.0 ], [ 32.97706, 52.979626, 0.0 ], [ 35.889584, 50.651897, 0.0 ], [ 37.588223, 48.861767, 0.0 ]] 
boundary 0: [[ 36.31963, 82.68713, 0.0 ], [ 36.100464, 81.58525, 0.0 ], [ 34.571312, 79.64831, 0.0 ], [ 31.881987, 77.06593, 0.0 ], [ 28.295628, 74.090866, 0.0 ], [ 24.163313, 71.0144, 0.0 ], [ 19.889595, 68.13762, 0.0 ], [ 15.892798, 65.74212, 0.0 ], [ 12.56413, 64.06249, 0.0 ], [ 10.229431, 63.263046, 0.0 ], [ 9.117265, 63.422024, 0.0 ], [ 9.336475, 64.52394, 0.0 ], [ 10.865568, 66.46098, 0.0 ], [ 13.554967, 69.043205, 0.0 ], [ 17.141287, 72.018326, 0.0 ], [ 21.273579, 75.09479, 0.0 ], [ 25.54726, 77.97159, 0.0 ], [ 29.544067, 80.36696, 0.0 ], [ 32.872772, 82.04673, 0.0 ], [ 35.207447, 82.84622, 0.0 ]] 
boundary 1: [[ 36.31963, 45.31283, 0.0 ], [ 35.207443, 45.153873, 0.0 ], [ 32.872787, 45.953278, 0.0 ], [ 29.54405, 47.633015, 0.0 ], [ 25.547264, 50.028427, 0.0 ], [ 21.27356, 52.90523, 0.0 ], [ 17.14125, 55.981686, 0.0 ], [ 13.554924, 58.956722, 0.0 ], [ 10.865576, 61.539124, 0.0 ], [ 9.336462, 63.476055, 0.0 ], [ 9.117256, 64.577896, 0.0 ], [ 10.2294445, 64.736916, 0.0 ], [ 12.564151, 63.93753, 0.0 ], [ 15.892807, 62.25779, 0.0 ], [ 19.889595, 59.86235, 0.0 ], [ 24.163286, 56.985588, 0.0 ], [ 28.295647, 53.909084, 0.0 ], [ 31.881994, 50.93408, 0.0 ], [ 34.57128, 48.35167, 0.0 ], [ 36.10048, 46.414787, 0.0 ]] 
boundary 0: [[ 34.994072, 84.4305, 0.0 ], [ 34.84999, 83.3163, 0.0 ], [ 33.455482, 81.28027, 0.0 ], [ 30.94714, 78.52178, 0.0 ], [ 27.570402, 75.31077, 0.0 ], [ 23.65583, 71.9616, 0.0 ], [ 19.586657, 68.80212, 0.0 ], [ 15.761195, 66.14155, 0.0 ], [ 12.5538645, 64.24044, 0.0 ], [ 10.27864, 63.28478, 0.0 ], [ 9.158263, 63.368103, 0.0 ], [ 9.302376, 64.48234, 0.0 ], [ 10.696834, 66.51844, 0.0 ], [ 13.205257, 69.27681, 0.0 ], [ 16.581953, 72.48787, 0.0 ], [ 20.496502, 75.83702, 0.0 ], [ 24.565636, 78.99653, 0.0 ], [ 28.391119, 81.656975, 0.0 ], [ 31.598488, 83.55821, 0.0 ], [ 33.87368, 84.51393, 0.0 ]] 
boundary 1: [[ 34.99407, 43.569466, 0.0 ], [ 33.87368, 43.486164, 0.0 ], [ 31.598503, 44.441776, 0.0 ], [ 28.391098, 46.343002, 0.0 ], [ 24.56564, 49.003487, 0.0 ], [ 20.496483, 52.163002, 0.0 ], [ 16.581915, 55.512142, 0.0 ], [ 13.205212, 58.72312, 0.0 ], [ 10.696848, 61.481663, 0.0 ], [ 9.302362, 63.51766, 0.0 ], [ 9.158249, 64.631805, 0.0 ], [ 10.27865, 64.71518, 0.0 ], [ 12.553888, 63.75958, 0.0 ], [ 15.761197, 61.85836, 0.0 ], [ 19.586657, 59.197853, 0.0 ], [ 23.6558, 56.038376, 0.0 ], [ 27.57042, 52.689194, 0.0 ], [ 30.947147, 49.47823, 0.0 ], [ 33.455452, 46.719692, 0.0 ], [ 34.850006, 44.68374, 0.0 ]] 
boundary 0: [[ 33.234283, 86.41676, 0.0 ], [ 33.18206, 85.2945, 0.0 ], [ 31.959219, 83.151, 0.0 ], [ 29.685526, 80.19607, 0.0 ], [ 26.583473, 76.71899, 0.0 ], [ 22.956722, 73.06008, 0.0 ], [ 19.16035, 69.57756, 0.0 ], [ 15.565954, 66.612236, 0.0 ], [ 12.525321, 64.45451, 0.0 ], [ 10.336126, 63.315502, 0.0 ], [ 9.212691, 63.30667, 0.0 ], [ 9.264947, 64.42898, 0.0 ], [ 10.48774, 66.57257, 0.0 ], [ 12.7615185, 69.52734, 0.0 ], [ 15.863521, 73.00449, 0.0 ], [ 19.49025, 76.66337, 0.0 ], [ 23.286585, 80.14593, 0.0 ], [ 26.881012, 83.111115, 0.0 ], [ 29.921669, 85.26897, 0.0 ], [ 32.110825, 86.40804, 0.0 ]] 
boundary 1: [[ 33.234276, 41.58319, 0.0 ], [ 32.110832, 41.592056, 0.0 ], [ 29.921682, 42.731026, 0.0 ], [ 26.880991, 44.888855, 0.0 ], [ 23.286589, 47.854088, 0.0 ], [ 19.49023, 51.33666, 0.0 ], [ 15.863482, 54.99552, 0.0 ], [ 12.761468, 58.47259, 0.0 ], [ 10.487763, 61.42754, 0.0 ], [ 9.264935, 63.57103, 0.0 ], [ 9.212669, 64.69323, 0.0 ], [ 10.336137, 64.68444, 0.0 ], [ 12.525346, 63.54549, 0.0 ], [ 15.565945, 61.387665, 0.0 ], [ 19.160343, 58.422417, 0.0 ], [ 22.956692, 54.93989, 0.0 ], [ 26.583487, 51.280983, 0.0 ], [ 29.685534, 47.803925, 0.0 ], [ 31.95918, 44.848972, 0.0 ], [ 33.182076, 42.70553, 0.0 ]] 
boundary 0: [[ 32.427353, 87.226395, 0.0 ], [ 32.414814, 86.103, 0.0 ], [ 31.268517, 83.9176, 0.0 ], [ 29.100693, 80.88414, 0.0 ], [ 26.123487, 77.29957, 0.0 ], [ 22.628332, 73.51476, 0.0 ], [ 18.957436, 69.90024, 0.0 ], [ 15.4700985, 66.8097, 0.0 ], [ 12.507634, 64.54585, 0.0 ], [ 10.360069, 63.33017, 0.0 ], [ 9.237648, 63.281624, 0.0 ], [ 9.250201, 64.40508, 0.0 ], [ 10.396458, 66.59057, 0.0 ], [ 12.564375, 69.623856, 0.0 ], [ 15.541527, 73.20849, 0.0 ], [ 19.03666, 76.99327, 0.0 ], [ 22.707523, 80.60785, 0.0 ], [ 26.194893, 83.69824, 0.0 ], [ 29.157377, 85.96223, 0.0 ], [ 31.304897, 87.17796, 0.0 ]] 
boundary 1: [[ 32.427345, 40.773563, 0.0 ], [ 31.304907, 40.822132, 0.0 ], [ 29.15739, 42.037773, 0.0 ], [ 26.194872, 44.30174, 0.0 ], [ 22.707527, 47.392174, 0.0 ], [ 19.03664, 51.006756, 0.0 ], [ 15.541492, 54.791534, 0.0 ], [ 12.564321, 58.37608, 0.0 ], [ 10.396487, 61.409554, 0.0 ], [ 9.250189, 63.59493, 0.0 ], [ 9.237623, 64.71825, 0.0 ], [ 10.360079, 64.66977, 0.0 ], [ 12.507661, 63.45415, 0.0 ], [ 15.470083, 61.1902, 0.0 ], [ 18.957428, 58.099743, 0.0 ], [ 22.628302, 54.485207, 0.0 ], [ 26.1235, 50.700386, 0.0 ], [ 29.1007, 47.115852, 0.0 ], [ 31.268476, 44.082375, 0.0 ], [ 32.41483, 41.897038, 0.0 ]] 
boundary 0: [[ 31.077332, 88.46176, 0.0 ], [ 31.12836, 87.33946, 0.0 ], [ 30.107536, 85.09272, 0.0 ], [ 28.1148, 81.94147, 0.0 ], [ 25.345154, 78.194214, 0.0 ], [ 22.069714, 74.21774, 0.0 ], [ 18.609188, 70.401306, 0.0 ], [ 15.302277, 67.11844, 0.0 ], [ 12.4726305, 64.69061, 0.0 ], [ 10.397281, 63.35538, 0.0 ], [ 9.279405, 63.243416, 0.0 ], [ 9.228378, 64.36578, 0.0 ], [ 10.249158, 66.61262, 0.0 ], [ 12.242001, 69.763695, 0.0 ], [ 15.011585, 73.51102, 0.0 ], [ 18.287003, 77.48748, 0.0 ], [ 21.747501, 81.30393, 0.0 ], [ 25.054443, 84.58668, 0.0 ], [ 27.884106, 87.01464, 0.0 ], [ 29.95941, 88.34991, 0.0 ]] 
boundary 1: [[ 31.07732, 39.53818, 0.0 ], [ 29.959421, 39.65017, 0.0 ], [ 27.884119, 40.985367, 0.0 ], [ 25.054424, 43.413307, 0.0 ], [ 21.747505, 46.69609, 0.0 ], [ 18.286987, 50.51255, 0.0 ], [ 15.011555, 54.489006, 0.0 ], [ 12.241941, 58.236244, 0.0 ], [ 10.249193, 61.387497, 0.0 ], [ 9.228367, 63.634228, 0.0 ], [ 9.279371, 64.75645, 0.0 ], [ 10.397287, 64.644554, 0.0 ], [ 12.472657, 63.30939, 0.0 ], [ 15.302256, 60.881466, 0.0 ], [ 18.609173, 57.59866, 0.0 ], [ 22.06968, 53.78224, 0.0 ], [ 25.345165, 49.80574, 0.0 ], [ 28.114807, 46.058517, 0.0 ], [ 30.107496, 42.90726, 0.0 ], [ 31.128376, 40.66057, 0.0 ]] 
boundary 0: [[ 30.763882, 88.729225, 0.0 ], [ 30.82921, 87.607666, 0.0 ], [ 29.83709, 85.34809, 0.0 ], [ 27.88467, 82.1717, 0.0 ], [ 25.163021, 78.38945, 0.0 ], [ 21.938519, 74.37157, 0.0 ], [ 18.526905, 70.51135, 0.0 ], [ 15.2621, 67.1866, 0.0 ], [ 12.463624, 64.722916, 0.0 ], [ 10.40546, 63.361343, 0.0 ], [ 9.2891, 63.23514, 0.0 ], [ 9.223776, 64.35677, 0.0 ], [ 10.215838, 66.61643, 0.0 ], [ 12.168362, 69.792656, 0.0 ], [ 14.889965, 73.57496, 0.0 ], [ 18.114443, 77.59285, 0.0 ], [ 21.526026, 81.453094, 0.0 ], [ 24.790863, 84.7777, 0.0 ], [ 27.589357, 87.241516, 0.0 ], [ 29.64747, 88.603134, 0.0 ]] 
boundary 1: [[ 30.76387, 39.27072, 0.0 ], [ 29.647482, 39.396942, 0.0 ], [ 27.58937, 40.758476, 0.0 ], [ 24.790844, 43.222282, 0.0 ], [ 21.52603, 46.546932, 0.0 ], [ 18.114428, 50.40719, 0.0 ], [ 14.889936, 54.425064, 0.0 ], [ 12.168303, 58.2073, 0.0 ], [ 10.215875, 61.383682, 0.0 ], [ 9.223764, 63.64324, 0.0 ], [ 9.289064, 64.76472, 0.0 ], [ 10.405467, 64.63859, 0.0 ], [ 12.463651, 63.27709, 0.0 ], [ 15.262079, 60.8133, 0.0 ], [ 18.52689, 57.488617, 0.0 ], [ 21.938484, 53.628414, 0.0 ], [ 25.163033, 49.6105, 0.0 ], [ 27.884678, 45.828293, 0.0 ], [ 29.83705, 42.651882, 0.0 ], [ 30.829227, 40.392357, 0.0 ]] 
boundary 0: [[ 30.89192, 88.620804, 0.0 ], [ 30.951427, 87.49892, 0.0 ], [ 29.947596, 85.24452, 0.0 ], [ 27.97872, 82.07831, 0.0 ], [ 25.237484, 78.31023, 0.0 ], [ 21.992174, 74.309135, 0.0 ], [ 18.560577, 70.466675, 0.0 ], [ 15.2785635, 67.158905, 0.0 ], [ 12.467341, 64.70978, 0.0 ], [ 10.40214, 63.358902, 0.0 ], [ 9.285139, 63.238495, 0.0 ], [ 9.2256365, 64.36045, 0.0 ], [ 10.229411, 66.61493, 0.0 ], [ 12.198389, 69.78098, 0.0 ], [ 14.939583, 73.54911, 0.0 ], [ 18.184864, 77.55022, 0.0 ], [ 21.616432, 81.39271, 0.0 ], [ 24.898478, 84.700325, 0.0 ], [ 27.709719, 87.14958, 0.0 ], [ 29.77487, 88.5005, 0.0 ]] 
boundary 1: [[ 30.891909, 39.379143, 0.0 ], [ 29.774881, 39.499573, 0.0 ], [ 27.709732, 40.850407, 0.0 ], [ 24.898458, 43.29966, 0.0 ], [ 21.616436, 46.607323, 0.0 ], [ 18.184849, 50.44982, 0.0 ], [ 14.939554, 54.450912, 0.0 ], [ 12.198331, 58.218975, 0.0 ], [ 10.229446, 61.385185, 0.0 ], [ 9.225625, 63.639565, 0.0 ], [ 9.285105, 64.76136, 0.0 ], [ 10.402147, 64.64103, 0.0 ], [ 12.467368, 63.290226, 0.0 ], [ 15.278543, 60.840996, 0.0 ], [ 18.560562, 57.533295, 0.0 ], [ 21.99214, 53.69085, 0.0 ], [ 25.237495, 49.68972, 0.0 ], [ 27.978727, 45.921684, 0.0 ], [ 29.947556, 42.755447, 0.0 ], [ 30.951445, 40.501106, 0.0 ]] 
boundary 0: [[ 32.215755, 87.42948, 0.0 ], [ 32.213398, 86.306015, 0.0 ], [ 31.086964, 84.110306, 0.0 ], [ 28.946737, 81.05731, 0.0 ], [ 26.002193, 77.44588, 0.0 ], [ 22.541502, 73.62953, 0.0 ], [ 18.903545, 69.98184, 0.0 ], [ 15.444385, 66.8598, 0.0 ], [ 12.502579, 64.56917, 0.0 ], [ 10.366129, 63.33406, 0.0 ], [ 9.244194, 63.275337, 0.0 ], [ 9.246556, 64.398865, 0.0 ], [ 10.37294, 66.594666, 0.0 ], [ 12.513254, 69.64751, 0.0 ], [ 15.457765, 73.25898, 0.0 ], [ 18.918419, 77.07532, 0.0 ], [ 22.55635, 80.723045, 0.0 ], [ 26.01554, 83.84494, 0.0 ], [ 28.957373, 86.13568, 0.0 ], [ 31.09377, 87.370865, 0.0 ]] 
boundary 1: [[ 32.215744, 40.570473, 0.0 ], [ 31.093779, 40.62921, 0.0 ], [ 28.957386, 41.864304, 0.0 ], [ 26.01552, 44.155045, 0.0 ], [ 22.55635, 47.276985, 0.0 ], [ 18.918404, 50.92471, 0.0 ], [ 15.457735, 54.74105, 0.0 ], [ 12.513199, 58.352455, 0.0 ], [ 10.372969, 61.405453, 0.0 ], [ 9.246545, 63.601143, 0.0 ], [ 9.244169, 64.72452, 0.0 ], [ 10.366141, 64.66587, 0.0 ], [ 12.502605, 63.430824, 0.0 ], [ 15.444371, 61.1401, 0.0 ], [ 18.90353, 58.01812, 0.0 ], [ 22.541468, 54.37045, 0.0 ], [ 26.002209, 50.554077, 0.0 ], [ 28.946745, 46.942688, 0.0 ], [ 31.086924, 43.889664, 0.0 ], [ 32.213413, 41.69402, 0.0 ]] 
boundary 0: [[ 34.201965, 85.36542, 0.0 ], [ 34.10018, 84.24657, 0.0 ], [ 32.78384, 82.159164, 0.0 ], [ 30.3818, 79.30756, 0.0 ], [ 27.12918, 75.97091, 0.0 ], [ 23.344294, 72.475845, 0.0 ], [ 19.397774, 69.164444, 0.0 ], [ 15.675865, 66.36081, 0.0 ], [ 12.5428705, 64.33954, 0.0 ], [ 10.3054905, 63.298367, 0.0 ], [ 9.182762, 63.339172, 0.0 ], [ 9.284554, 64.458084, 0.0 ], [ 10.600857, 66.54557, 0.0 ], [ 13.002969, 69.39701, 0.0 ], [ 16.255562, 72.73368, 0.0 ], [ 20.040405, 76.22876, 0.0 ], [ 23.986904, 79.54021, 0.0 ], [ 27.708824, 82.34369, 0.0 ], [ 30.84186, 84.36509, 0.0 ], [ 33.079193, 85.40632, 0.0 ]] 
boundary 1: [[ 34.201958, 42.634544, 0.0 ], [ 33.079197, 42.59375, 0.0 ], [ 30.841873, 43.63491, 0.0 ], [ 27.708805, 45.656296, 0.0 ], [ 23.986904, 48.459812, 0.0 ], [ 20.040386, 51.771248, 0.0 ], [ 16.255527, 55.266327, 0.0 ], [ 13.002916, 58.60295, 0.0 ], [ 10.600876, 61.454548, 0.0 ], [ 9.284541, 63.54192, 0.0 ], [ 9.182751, 64.660675, 0.0 ], [ 10.30551, 64.70157, 0.0 ], [ 12.542897, 63.660454, 0.0 ], [ 15.675861, 61.639088, 0.0 ], [ 19.397758, 58.835514, 0.0 ], [ 23.344261, 55.52413, 0.0 ], [ 27.1292, 52.029037, 0.0 ], [ 30.381807, 48.692436, 0.0 ], [ 32.783802, 45.84081, 0.0 ], [ 34.100197, 43.75347, 0.0 ]] 
boundary 0: [[ 36.783295, 82.01465, 0.0 ], [ 36.53633, 80.918655, 0.0 ], [ 34.958775, 79.020935, 0.0 ], [ 32.205044, 76.507286, 0.0 ], [ 28.544699, 73.62379, 0.0 ], [ 24.335957, 70.65269, 0.0 ], [ 19.990944, 67.884796, 0.0 ], [ 15.934904, 65.590996, 0.0 ], [ 12.564862, 63.99599, 0.0 ], [ 10.210715, 63.25579, 0.0 ], [ 9.102922, 63.44281, 0.0 ], [ 9.349902, 64.53886, 0.0 ], [ 10.927438, 66.43665, 0.0 ], [ 13.681215, 68.950134, 0.0 ], [ 17.341537, 71.83367, 0.0 ], [ 21.550234, 74.804756, 0.0 ], [ 25.895237, 77.57272, 0.0 ], [ 29.951265, 79.86635, 0.0 ], [ 33.321358, 81.46149, 0.0 ], [ 35.67547, 82.20176, 0.0 ]] 
boundary 1: [[ 36.78329, 45.985317, 0.0 ], [ 35.67546, 45.798317, 0.0 ], [ 33.321373, 46.538513, 0.0 ], [ 29.95125, 48.13362, 0.0 ], [ 25.895231, 50.427303, 0.0 ], [ 21.550215, 53.195236, 0.0 ], [ 17.341503, 56.166336, 0.0 ], [ 13.681169, 59.049824, 0.0 ], [ 10.927441, 61.563473, 0.0 ], [ 9.34989, 63.46114, 0.0 ], [ 9.10293, 64.557045, 0.0 ], [ 10.210743, 64.74415, 0.0 ], [ 12.56489, 64.004005, 0.0 ], [ 15.934914, 62.4089, 0.0 ], [ 19.990932, 60.115166, 0.0 ], [ 24.33593, 57.34728, 0.0 ], [ 28.544724, 54.376175, 0.0 ], [ 32.205055, 51.492706, 0.0 ], [ 34.95874, 48.979034, 0.0 ], [ 36.53634, 47.081387, 0.0 ]] 
boundary 0: [[ 38.860085, 78.44616, 0.0 ], [ 38.475456, 77.39058, 0.0 ], [ 36.66894, 75.70937, 0.0 ], [ 33.61732, 73.56713, 0.0 ], [ 29.619366, 71.1736, 0.0 ], [ 25.066315, 68.763054, 0.0 ], [ 20.404001, 66.571434, 0.0 ], [ 16.088722, 64.813225, 0.0 ], [ 12.542897, 63.66068, 0.0 ], [ 10.113617, 63.226517, 0.0 ], [ 9.038688, 63.553185, 0.0 ], [ 9.423328, 64.60881, 0.0 ], [ 11.229848, 66.290115, 0.0 ], [ 14.281476, 68.43217, 0.0 ], [ 18.279423, 70.825745, 0.0 ], [ 22.832422, 73.236275, 0.0 ], [ 27.494736, 75.427986, 0.0 ], [ 31.809988, 77.18602, 0.0 ], [ 35.35588, 78.3387, 0.0 ], [ 37.78513, 78.772934, 0.0 ]] 
boundary 1: [[ 38.860085, 49.5538, 0.0 ], [ 37.78511, 49.22715, 0.0 ], [ 35.355896, 49.661316, 0.0 ], [ 31.809978, 50.813953, 0.0 ], [ 27.494726, 52.57206, 0.0 ], [ 22.832403, 54.763718, 0.0 ], [ 18.279387, 57.174263, 0.0 ], [ 14.281435, 59.567787, 0.0 ], [ 11.229833, 61.710022, 0.0 ], [ 9.423316, 63.391182, 0.0 ], [ 9.038713, 64.44669, 0.0 ], [ 10.11365, 64.77343, 0.0 ], [ 12.542924, 64.339325, 0.0 ], [ 16.088749, 63.18668, 0.0 ], [ 20.403994, 61.42852, 0.0 ], [ 25.066292, 59.236904, 0.0 ], [ 29.619394, 56.826366, 0.0 ], [ 33.617336, 54.432865, 0.0 ], [ 36.66891, 52.290604, 0.0 ], [ 38.475464, 50.60946, 0.0 ]] 
boundary 0: [[ 40.521156, 74.48018, 0.0 ], [ 39.999863, 73.48498, 0.0 ], [ 37.986237, 72.05833, 0.0 ], [ 34.677357, 70.339935, 0.0 ], [ 30.397156, 68.49806, 0.0 ], [ 25.56451, 66.71297, 0.0 ], [ 20.652622, 65.159355, 0.0 ], [ 16.142202, 63.98928, 0.0 ], [ 12.474799, 63.317425, 0.0 ], [ 10.009392, 63.209435, 0.0 ], [ 8.987311, 63.675842, 0.0 ], [ 9.508621, 64.67111, 0.0 ], [ 11.522254, 66.09783, 0.0 ], [ 14.831127, 67.81603, 0.0 ], [ 19.111322, 69.65795, 0.0 ], [ 23.943916, 71.443054, 0.0 ], [ 28.855822, 72.99674, 0.0 ], [ 33.366177, 74.16664, 0.0 ], [ 37.033672, 74.83862, 0.0 ], [ 39.49906, 74.94669, 0.0 ]] 
boundary 1: [[ 40.521156, 53.519783, 0.0 ], [ 39.49903, 53.053387, 0.0 ], [ 37.033688, 53.16139, 0.0 ], [ 33.36617, 53.833324, 0.0 ], [ 28.855806, 55.003304, 0.0 ], [ 23.943897, 56.556946, 0.0 ], [ 19.111286, 58.34204, 0.0 ], [ 14.831093, 60.18392, 0.0 ], [ 11.522221, 61.9023, 0.0 ], [ 9.508608, 63.32889, 0.0 ], [ 8.987353, 64.32404, 0.0 ], [ 10.009432, 64.79051, 0.0 ], [ 12.474826, 64.68259, 0.0 ], [ 16.142239, 64.01062, 0.0 ], [ 20.652618, 62.840595, 0.0 ], [ 25.564495, 61.286987, 0.0 ], [ 30.397184, 59.50191, 0.0 ], [ 34.677372, 57.660053, 0.0 ], [ 37.986214, 55.94165, 0.0 ], [ 39.999863, 54.51507, 0.0 ]] 
boundary 0: [[ 41.261368, 72.000175, 0.0 ], [ 40.66214, 71.04986, 0.0 ], [ 38.54088, 69.788826, 0.0 ], [ 35.10515, 68.34058, 0.0 ], [ 30.69135, 66.846954, 0.0 ], [ 25.731419, 65.454094, 0.0 ], [ 20.711006, 64.29831, 0.0 ], [ 16.121454, 63.492725, 0.0 ], [ 12.412065, 63.11635, 0.0 ], [ 9.945917, 63.205883, 0.0 ], [ 8.964416, 63.75254, 0.0 ], [ 9.563658, 64.70293, 0.0 ], [ 11.684947, 65.96403, 0.0 ], [ 15.1206455, 67.41209, 0.0 ], [ 19.53444, 68.90575, 0.0 ], [ 24.49433, 70.29863, 0.0 ], [ 29.514761, 71.45449, 0.0 ], [ 34.104233, 72.2599, 0.0 ], [ 37.81373, 72.6364, 0.0 ], [ 40.27986, 72.54693, 0.0 ]] 
boundary 1: [[ 41.261375, 55.999798, 0.0 ], [ 40.279816, 55.453133, 0.0 ], [ 37.813744, 55.363613, 0.0 ], [ 34.10423, 55.740067, 0.0 ], [ 29.51474, 56.54556, 0.0 ], [ 24.49431, 57.701363, 0.0 ], [ 19.534405, 59.094223, 0.0 ], [ 15.120613, 60.587868, 0.0 ], [ 11.684904, 62.0361, 0.0 ], [ 9.563644, 63.29707, 0.0 ], [ 8.964468, 64.24734, 0.0 ], [ 9.945963, 64.794075, 0.0 ], [ 12.412089, 64.883675, 0.0 ], [ 16.121498, 64.50718, 0.0 ], [ 20.711004, 63.701645, 0.0 ], [ 25.731403, 62.545868, 0.0 ], [ 30.691381, 61.153027, 0.0 ], [ 35.10517, 59.659405, 0.0 ], [ 38.540855, 58.21115, 0.0 ], [ 40.66214, 56.950195, 0.0 ]] 
boundary 0: [[ 41.506012, 70.97242, 0.0 ], [ 40.87606, 70.04218, 0.0 ], [ 38.714737, 68.85112, 0.0 ], [ 35.233513, 67.515884, 0.0 ], [ 30.773285, 66.16726, 0.0 ], [ 25.770487, 64.937195, 0.0 ], [ 20.714996, 63.946037, 0.0 ], [ 16.101582, 63.290825, 0.0 ], [ 12.381873, 63.035843, 0.0 ], [ 9.919968, 63.205894, 0.0 ], [ 8.956848, 63.784325, 0.0 ], [ 9.586821, 64.71463, 0.0 ], [ 11.748176, 65.905754, 0.0 ], [ 15.229353, 67.24078, 0.0 ], [ 19.689583, 68.589455, 0.0 ], [ 24.692333, 69.81954, 0.0 ], [ 29.747845, 70.81079, 0.0 ], [ 34.361176, 71.46583, 0.0 ], [ 38.081, 71.72094, 0.0 ], [ 40.542892, 71.550934, 0.0 ]] 
boundary 1: [[ 41.50602, 57.027565, 0.0 ], [ 40.542847, 56.449116, 0.0 ], [ 38.081017, 56.279083, 0.0 ], [ 34.361176, 56.53414, 0.0 ], [ 29.747824, 57.189266, 0.0 ], [ 24.692314, 58.180435, 0.0 ], [ 19.689552, 59.410507, 0.0 ], [ 15.229321, 60.759155, 0.0 ], [ 11.74813, 62.094368, 0.0 ], [ 9.586807, 63.285366, 0.0 ], [ 8.956904, 64.215546, 0.0 ], [ 9.920013, 64.79407, 0.0 ], [ 12.381898, 64.964195, 0.0 ], [ 16.101624, 64.70906, 0.0 ], [ 20.714993, 64.05391, 0.0 ], [ 25.770472, 63.06277, 0.0 ], [ 30.773315, 61.832714, 0.0 ], [ 35.233536, 60.484093, 0.0 ], [ 38.71472, 59.14885, 0.0 ], [ 40.876057, 57.95788, 0.0 ]] 
boundary 0: [[ 41.519943, 70.90898, 0.0 ], [ 40.88812, 69.98002, 0.0 ], [ 38.724422, 68.79329, 0.0 ], [ 35.240532, 67.46505, 0.0 ], [ 30.777594, 66.12538, 0.0 ], [ 25.772333, 64.90537, 0.0 ], [ 20.714867, 63.924366, 0.0 ], [ 16.100143, 63.278435, 0.0 ], [ 12.37993, 63.03093, 0.0 ], [ 9.918371, 63.205925, 0.0 ], [ 8.956417, 63.786278, 0.0 ], [ 9.588257, 64.71531, 0.0 ], [ 11.752002, 65.9021, 0.0 ], [ 15.235851, 67.23013, 0.0 ], [ 19.698772, 68.56985, 0.0 ], [ 24.703989, 69.78989, 0.0 ], [ 29.76148, 70.770966, 0.0 ], [ 34.376118, 71.41673, 0.0 ], [ 38.09646, 71.66437, 0.0 ], [ 40.557983, 71.48942, 0.0 ]] 
boundary 1: [[ 41.51995, 57.091007, 0.0 ], [ 40.557938, 56.510628, 0.0 ], [ 38.096466, 56.335648, 0.0 ], [ 34.376118, 56.583237, 0.0 ], [ 29.76146, 57.22909, 0.0 ], [ 24.70397, 58.210102, 0.0 ], [ 19.698742, 59.430115, 0.0 ], [ 15.23582, 60.769802, 0.0 ], [ 11.751955, 62.09802, 0.0 ], [ 9.5882435, 63.28467, 0.0 ], [ 8.956474, 64.21356, 0.0 ], [ 9.918417, 64.79403, 0.0 ], [ 12.379954, 64.96911, 0.0 ], [ 16.100185, 64.721466, 0.0 ], [ 20.714863, 64.075584, 0.0 ], [ 25.772316, 63.094585, 0.0 ], [ 30.777622, 61.874588, 0.0 ], [ 35.240555, 60.534927, 0.0 ], [ 38.724407, 59.206684, 0.0 ], [ 40.88811, 58.020065, 0.0 ]] 
boundary 0: [[ 41.112885, 72.56055, 0.0 ], [ 40.530792, 71.59965, 0.0 ], [ 38.432503, 70.30076, 0.0 ], [ 35.023277, 68.79114, 0.0 ], [ 30.636974, 67.21864, 0.0 ], [ 25.702805, 65.73708, 0.0 ], [ 20.70392, 64.49148, 0.0 ], [ 16.129557, 63.60374, 0.0 ], [ 12.4275055, 63.16094, 0.0 ], [ 9.960151, 63.206238, 0.0 ], [ 8.969009, 63.7352, 0.0 ], [ 9.551118, 64.696175, 0.0 ], [ 11.649453, 65.99511, 0.0 ], [ 15.058642, 67.50452, 0.0 ], [ 19.444935, 69.077095, 0.0 ], [ 24.37906, 70.558655, 0.0 ], [ 29.37796, 71.80435, 0.0 ], [ 33.952244, 72.69192, 0.0 ], [ 37.654423, 73.13486, 0.0 ], [ 40.121742, 73.089584, 0.0 ]] 
boundary 1: [[ 41.112892, 55.439438, 0.0 ], [ 40.1217, 54.910446, 0.0 ], [ 37.65443, 54.86516, 0.0 ], [ 33.952244, 55.308067, 0.0 ], [ 29.377943, 56.195705, 0.0 ], [ 24.379042, 57.44133, 0.0 ], [ 19.4449, 58.922882, 0.0 ], [ 15.058607, 60.49542, 0.0 ], [ 11.649415, 62.005016, 0.0 ], [ 9.551104, 63.30381, 0.0 ], [ 8.969058, 64.26464, 0.0 ], [ 9.9601965, 64.793724, 0.0 ], [ 12.427533, 64.839096, 0.0 ], [ 16.129591, 64.39615, 0.0 ], [ 20.703917, 63.508476, 0.0 ], [ 25.702784, 62.26287, 0.0 ], [ 30.637001, 60.781326, 0.0 ], [ 35.0233, 59.20882, 0.0 ], [ 38.432487, 57.6992, 0.0 ], [ 40.530792, 56.400433, 0.0 ]] 
boundary 0: [[ 40.745132, 73.80206, 0.0 ], [ 40.201973, 72.81862, 0.0 ], [ 38.157368, 71.43675, 0.0 ], [ 34.811325, 69.791855, 0.0 ], [ 30.491503, 68.045, 0.0 ], [ 25.620605, 66.36706, 0.0 ], [ 20.675604, 64.92232, 0.0 ], [ 16.14045, 63.852146, 0.0 ], [ 12.459101, 63.261475, 0.0 ], [ 9.99191, 63.207947, 0.0 ], [ 8.980386, 63.6968, 0.0 ], [ 9.523551, 64.68031, 0.0 ], [ 11.568194, 66.06224, 0.0 ], [ 14.914218, 67.706894, 0.0 ], [ 19.234024, 69.45385, 0.0 ], [ 24.104877, 71.13177, 0.0 ], [ 29.049889, 72.57663, 0.0 ], [ 33.58498, 73.64662, 0.0 ], [ 37.26644, 74.23744, 0.0 ], [ 39.733593, 74.290985, 0.0 ]] 
boundary 1: [[ 40.74514, 54.19792, 0.0 ], [ 39.733555, 53.70904, 0.0 ], [ 37.266457, 53.762585, 0.0 ], [ 33.58498, 54.353363, 0.0 ], [ 29.049873, 55.42344, 0.0 ], [ 24.104858, 56.86821, 0.0 ], [ 19.23399, 58.546127, 0.0 ], [ 14.914179, 60.293015, 0.0 ], [ 11.568164, 61.937912, 0.0 ], [ 9.523536, 63.31967, 0.0 ], [ 8.980428, 64.30303, 0.0 ], [ 9.991955, 64.79201, 0.0 ], [ 12.459127, 64.73857, 0.0 ], [ 16.140482, 64.14774, 0.0 ], [ 20.675596, 63.077633, 0.0 ], [ 25.62058, 61.632877, 0.0 ], [ 30.49153, 59.954967, 0.0 ], [ 34.811348, 58.208107, 0.0 ], [ 38.15735, 56.563194, 0.0 ], [ 40.201973, 55.181454, 0.0 ]] 
boundary 0: [[ 40.132126, 75.5534, 0.0 ], [ 39.64627, 74.54041, 0.0 ], [ 37.684296, 73.04353, 0.0 ], [ 34.438126, 71.20941, 0.0 ], [ 30.225624, 69.21763, 0.0 ], [ 25.458992, 67.26305, 0.0 ], [ 20.605015, 65.53702, 0.0 ], [ 16.138712, 64.20845, 0.0 ], [ 12.497309, 63.40757, 0.0 ], [ 10.03725, 63.212612, 0.0 ], [ 8.999347, 63.642635, 0.0 ], [ 9.485203, 64.65568, 0.0 ], [ 11.4472065, 66.152626, 0.0 ], [ 14.693378, 67.9865, 0.0 ], [ 18.905857, 69.97839, 0.0 ], [ 23.67244, 71.93295, 0.0 ], [ 28.526426, 73.6591, 0.0 ], [ 32.99267, 74.98749, 0.0 ], [ 36.634193, 75.78851, 0.0 ], [ 39.0942, 75.98349, 0.0 ]] 
boundary 1: [[ 40.132133, 52.446587, 0.0 ], [ 39.094162, 52.01654, 0.0 ], [ 36.63421, 52.211514, 0.0 ], [ 32.99267, 53.01251, 0.0 ], [ 28.52642, 54.340965, 0.0 ], [ 23.67242, 56.06702, 0.0 ], [ 18.905823, 58.021587, 0.0 ], [ 14.693331, 60.013393, 0.0 ], [ 11.447184, 61.847523, 0.0 ], [ 9.485186, 63.3443, 0.0 ], [ 8.999378, 64.35719, 0.0 ], [ 10.037292, 64.787346, 0.0 ], [ 12.497337, 64.59246, 0.0 ], [ 16.138737, 63.79144, 0.0 ], [ 20.605, 62.46294, 0.0 ], [ 25.45897, 60.736904, 0.0 ], [ 30.225647, 58.782333, 0.0 ], [ 34.438145, 56.790554, 0.0 ], [ 37.684273, 54.956413, 0.0 ], [ 39.64628, 53.459656, 0.0 ]] 
boundary 0: [[ 38.835167, 78.49597, 0.0 ], [ 38.452328, 77.439735, 0.0 ], [ 36.648743, 75.75536, 0.0 ], [ 33.600815, 73.60787, 0.0 ], [ 29.606997, 71.207504, 0.0 ], [ 25.058084, 68.7891, 0.0 ], [ 20.39956, 66.58945, 0.0 ], [ 16.087318, 64.823814, 0.0 ], [ 12.543475, 63.665188, 0.0 ], [ 10.114948, 63.22683, 0.0 ], [ 9.039462, 63.551624, 0.0 ], [ 9.422291, 64.60792, 0.0 ], [ 11.225895, 66.29235, 0.0 ], [ 14.273851, 68.43962, 0.0 ], [ 18.26764, 70.84009, 0.0 ], [ 22.816498, 73.25847, 0.0 ], [ 27.475021, 75.45822, 0.0 ], [ 31.78722, 77.22368, 0.0 ], [ 35.33117, 78.38247, 0.0 ], [ 37.759636, 78.82084, 0.0 ]] 
boundary 1: [[ 38.835175, 49.504017, 0.0 ], [ 37.759613, 49.179207, 0.0 ], [ 35.331184, 49.61756, 0.0 ], [ 31.78722, 50.776314, 0.0 ], [ 27.475025, 52.541847, 0.0 ], [ 22.816475, 54.741524, 0.0 ], [ 18.267601, 57.159897, 0.0 ], [ 14.273791, 59.560287, 0.0 ], [ 11.225888, 61.707798, 0.0 ], [ 9.422269, 63.39205, 0.0 ], [ 9.039476, 64.44819, 0.0 ], [ 10.114986, 64.77312, 0.0 ], [ 12.5435095, 64.33485, 0.0 ], [ 16.087332, 63.176075, 0.0 ], [ 20.399542, 61.4105, 0.0 ], [ 25.058062, 59.210854, 0.0 ], [ 29.607016, 56.79246, 0.0 ], [ 33.600838, 54.392094, 0.0 ], [ 36.64871, 52.244576, 0.0 ], [ 38.452347, 50.560337, 0.0 ]] 
boundary 0: [[ 37.906013, 80.216606, 0.0 ], [ 37.587715, 79.13915, 0.0 ], [ 35.88926, 77.34884, 0.0 ], [ 32.976715, 75.02103, 0.0 ], [ 29.13531, 72.38362, 0.0 ], [ 24.740917, 69.69464, 0.0 ], [ 20.223885, 67.21741, 0.0 ], [ 16.026262, 65.19431, 0.0 ], [ 12.558941, 63.82359, 0.0 ], [ 10.161357, 63.239223, 0.0 ], [ 9.068202, 63.49842, 0.0 ], [ 9.386475, 64.57592, 0.0 ], [ 11.084955, 66.366295, 0.0 ], [ 13.997534, 68.693886, 0.0 ], [ 17.838905, 71.3314, 0.0 ], [ 22.23325, 74.020325, 0.0 ], [ 26.750277, 76.49767, 0.0 ], [ 30.947866, 78.520584, 0.0 ], [ 34.41529, 79.891495, 0.0 ], [ 36.81281, 80.47587, 0.0 ]] 
boundary 1: [[ 37.90602, 47.783382, 0.0 ], [ 36.812786, 47.524185, 0.0 ], [ 34.415306, 48.10854, 0.0 ], [ 30.947866, 49.479404, 0.0 ], [ 26.750282, 51.502388, 0.0 ], [ 22.233227, 53.979652, 0.0 ], [ 17.838867, 56.668594, 0.0 ], [ 13.997465, 59.30603, 0.0 ], [ 11.084959, 61.633858, 0.0 ], [ 9.386452, 63.424065, 0.0 ], [ 9.068206, 64.50143, 0.0 ], [ 10.16139, 64.76072, 0.0 ], [ 12.558977, 64.176445, 0.0 ], [ 16.02627, 62.805565, 0.0 ], [ 20.223858, 60.782536, 0.0 ], [ 24.74089, 58.3053, 0.0 ], [ 29.135326, 55.61634, 0.0 ], [ 32.97673, 52.978943, 0.0 ], [ 35.889214, 50.6511, 0.0 ], [ 37.58774, 48.860916, 0.0 ]] 
boundary 0: [[ 36.319107, 82.687965, 0.0 ], [ 36.099888, 81.58609, 0.0 ], [ 34.570892, 79.64903, 0.0 ], [ 31.881592, 77.06654, 0.0 ], [ 28.295355, 74.09144, 0.0 ], [ 24.163094, 71.01481, 0.0 ], [ 19.889484, 68.13791, 0.0 ], [ 15.892753, 65.742256, 0.0 ], [ 12.564115, 64.06257, 0.0 ], [ 10.22945, 63.263058, 0.0 ], [ 9.117285, 63.421986, 0.0 ], [ 9.336472, 64.523926, 0.0 ], [ 10.865484, 66.46104, 0.0 ], [ 13.55484, 69.043304, 0.0 ], [ 17.141031, 72.01852, 0.0 ], [ 21.273252, 75.0951, 0.0 ], [ 25.546848, 77.9721, 0.0 ], [ 29.543564, 80.36757, 0.0 ], [ 32.87229, 82.047455, 0.0 ], [ 35.206886, 82.84697, 0.0 ]] 
boundary 1: [[ 36.319115, 45.31201, 0.0 ], [ 35.206875, 45.153088, 0.0 ], [ 32.872307, 45.952568, 0.0 ], [ 29.543564, 47.632423, 0.0 ], [ 25.54686, 50.027958, 0.0 ], [ 21.27323, 52.90489, 0.0 ], [ 17.140993, 55.98149, 0.0 ], [ 13.554762, 58.956608, 0.0 ], [ 10.865501, 61.539124, 0.0 ], [ 9.336449, 63.47607, 0.0 ], [ 9.117274, 64.577866, 0.0 ], [ 10.229478, 64.7369, 0.0 ], [ 12.5641575, 63.93747, 0.0 ], [ 15.89275, 62.257607, 0.0 ], [ 19.88945, 59.862034, 0.0 ], [ 24.16306, 56.985146, 0.0 ], [ 28.295366, 53.908516, 0.0 ], [ 31.881605, 50.933426, 0.0 ], [ 34.570847, 48.350906, 0.0 ], [ 36.099926, 46.41398, 0.0 ]] 
boundary 0: [[ 34.993496, 84.43129, 0.0 ], [ 34.849365, 83.31709, 0.0 ], [ 33.45502, 81.281, 0.0 ], [ 30.946705, 78.52236, 0.0 ], [ 27.570091, 75.31131, 0.0 ], [ 23.655586, 71.962, 0.0 ], [ 19.586533, 68.8024, 0.0 ], [ 15.761141, 66.14168, 0.0 ], [ 12.553844, 64.24052, 0.0 ], [ 10.278658, 63.28479, 0.0 ], [ 9.158286, 63.36807, 0.0 ], [ 9.302373, 64.48232, 0.0 ], [ 10.696745, 66.51849, 0.0 ], [ 13.205124, 69.2769, 0.0 ], [ 16.581682, 72.48806, 0.0 ], [ 20.496157, 75.8373, 0.0 ], [ 24.565187, 78.997, 0.0 ], [ 28.390574, 81.65755, 0.0 ], [ 31.597944, 83.558914, 0.0 ], [ 33.873066, 84.51464, 0.0 ]] 
boundary 1: [[ 34.993504, 43.568695, 0.0 ], [ 33.873055, 43.48542, 0.0 ], [ 31.59796, 44.441105, 0.0 ], [ 28.390574, 46.34244, 0.0 ], [ 24.565207, 49.003044, 0.0 ], [ 20.49613, 52.16269, 0.0 ], [ 16.581644, 55.51196, 0.0 ], [ 13.205042, 58.723022, 0.0 ], [ 10.696774, 61.481663, 0.0 ], [ 9.30235, 63.517673, 0.0 ], [ 9.158266, 64.631775, 0.0 ], [ 10.278684, 64.715164, 0.0 ], [ 12.55389, 63.759518, 0.0 ], [ 15.761129, 61.858185, 0.0 ], [ 19.586494, 59.197544, 0.0 ], [ 23.655548, 56.037956, 0.0 ], [ 27.570099, 52.68864, 0.0 ], [ 30.946714, 49.477596, 0.0 ], [ 33.454975, 46.71896, 0.0 ], [ 34.84942, 44.682957, 0.0 ]] 
boundary 0: [[ 33.233646, 86.41751, 0.0 ], [ 33.18138, 85.29524, 0.0 ], [ 31.95869, 83.15165, 0.0 ], [ 29.685043, 80.19664, 0.0 ], [ 26.58312, 76.71949, 0.0 ], [ 22.956451, 73.06047, 0.0 ], [ 19.160206, 69.57783, 0.0 ], [ 15.5658865, 66.612366, 0.0 ], [ 12.525296, 64.45459, 0.0 ], [ 10.336144, 63.315514, 0.0 ], [ 9.212716, 63.306637, 0.0 ], [ 9.264946, 64.42896, 0.0 ], [ 10.487648, 66.572624, 0.0 ], [ 12.761379, 69.52742, 0.0 ], [ 15.863235, 73.00466, 0.0 ], [ 19.489876, 76.663635, 0.0 ], [ 23.286098, 80.146355, 0.0 ], [ 26.88042, 83.11165, 0.0 ], [ 29.921068, 85.26962, 0.0 ], [ 32.11016, 86.40869, 0.0 ]] 
boundary 1: [[ 33.233654, 41.58248, 0.0 ], [ 32.11015, 41.59136, 0.0 ], [ 29.921087, 42.730396, 0.0 ], [ 26.88042, 44.888348, 0.0 ], [ 23.286121, 47.853683, 0.0 ], [ 19.48985, 51.33637, 0.0 ], [ 15.863199, 54.99536, 0.0 ], [ 12.761291, 58.4725, 0.0 ], [ 10.487689, 61.427544, 0.0 ], [ 9.264923, 63.571045, 0.0 ], [ 9.212684, 64.6932, 0.0 ], [ 10.336168, 64.684425, 0.0 ], [ 12.525345, 63.54543, 0.0 ], [ 15.565863, 61.387497, 0.0 ], [ 19.16016, 58.42212, 0.0 ], [ 22.95641, 54.9395, 0.0 ], [ 26.583124, 51.280457, 0.0 ], [ 29.685051, 47.80333, 0.0 ], [ 31.958645, 44.848305, 0.0 ], [ 33.181435, 42.704803, 0.0 ]] 
boundary 0: [[ 32.42669, 87.22713, 0.0 ], [ 32.41412, 86.10371, 0.0 ], [ 31.267965, 83.91824, 0.0 ], [ 29.10019, 80.884705, 0.0 ], [ 26.123117, 77.30007, 0.0 ], [ 22.628048, 73.51515, 0.0 ], [ 18.957283, 69.90049, 0.0 ], [ 15.470026, 66.80983, 0.0 ], [ 12.507608, 64.54592, 0.0 ], [ 10.360087, 63.33018, 0.0 ], [ 9.237677, 63.28159, 0.0 ], [ 9.2502, 64.40507, 0.0 ], [ 10.396366, 66.590614, 0.0 ], [ 12.564231, 69.623924, 0.0 ], [ 15.541237, 73.20865, 0.0 ], [ 19.036274, 76.993515, 0.0 ], [ 22.70702, 80.608246, 0.0 ], [ 26.194284, 83.69874, 0.0 ], [ 29.15675, 85.96286, 0.0 ], [ 31.30421, 87.178604, 0.0 ]] 
boundary 1: [[ 32.426697, 40.77286, 0.0 ], [ 31.3042, 40.821457, 0.0 ], [ 29.15677, 42.037163, 0.0 ], [ 26.194284, 44.301247, 0.0 ], [ 22.707043, 47.39178, 0.0 ], [ 19.036247, 51.006477, 0.0 ], [ 15.541202, 54.791374, 0.0 ], [ 12.56414, 58.375996, 0.0 ], [ 10.396413, 61.409557, 0.0 ], [ 9.250177, 63.594944, 0.0 ], [ 9.237636, 64.718216, 0.0 ], [ 10.36011, 64.669754, 0.0 ], [ 12.507658, 63.45409, 0.0 ], [ 15.469999, 61.190033, 0.0 ], [ 18.95723, 58.099453, 0.0 ], [ 22.628006, 54.48483, 0.0 ], [ 26.123117, 50.699883, 0.0 ], [ 29.100197, 47.115257, 0.0 ], [ 31.267918, 44.08172, 0.0 ], [ 32.414173, 41.896328, 0.0 ]] 
boundary 0: [[ 31.07663, 88.46246, 0.0 ], [ 31.127628, 87.340126, 0.0 ], [ 30.10695, 85.09333, 0.0 ], [ 28.114262, 81.94202, 0.0 ], [ 25.344757, 78.19468, 0.0 ], [ 22.069412, 74.21811, 0.0 ], [ 18.609016, 70.40155, 0.0 ], [ 15.302198, 67.11857, 0.0 ], [ 12.472602, 64.69068, 0.0 ], [ 10.397298, 63.355392, 0.0 ], [ 9.279433, 63.24338, 0.0 ], [ 9.228378, 64.36577, 0.0 ], [ 10.2490635, 66.61266, 0.0 ], [ 12.241852, 69.763756, 0.0 ], [ 15.011289, 73.51116, 0.0 ], [ 18.28661, 77.487686, 0.0 ], [ 21.746975, 81.30431, 0.0 ], [ 25.053814, 84.587135, 0.0 ], [ 27.883444, 87.01523, 0.0 ], [ 29.958687, 88.35052, 0.0 ]] 
boundary 1: [[ 31.076635, 39.53752, 0.0 ], [ 29.958677, 39.649544, 0.0 ], [ 27.883465, 40.98479, 0.0 ], [ 25.053814, 43.41285, 0.0 ], [ 21.746998, 46.69572, 0.0 ], [ 18.286583, 50.5123, 0.0 ], [ 15.011252, 54.48886, 0.0 ], [ 12.241756, 58.236168, 0.0 ], [ 10.24912, 61.387505, 0.0 ], [ 9.228355, 63.634243, 0.0 ], [ 9.279383, 64.75642, 0.0 ], [ 10.397318, 64.64454, 0.0 ], [ 12.4726515, 63.30933, 0.0 ], [ 15.302161, 60.881298, 0.0 ], [ 18.608963, 57.598385, 0.0 ], [ 22.06937, 53.781876, 0.0 ], [ 25.34475, 49.80526, 0.0 ], [ 28.11427, 46.057957, 0.0 ], [ 30.106901, 42.90664, 0.0 ], [ 31.127686, 40.659904, 0.0 ]] 
boundary 0: [[ 30.763176, 88.72993, 0.0 ], [ 30.828468, 87.60832, 0.0 ], [ 29.836498, 85.3487, 0.0 ], [ 27.884132, 82.17225, 0.0 ], [ 25.162617, 78.38992, 0.0 ], [ 21.938206, 74.37193, 0.0 ], [ 18.526733, 70.51159, 0.0 ], [ 15.262022, 67.18673, 0.0 ], [ 12.463595, 64.722984, 0.0 ], [ 10.405478, 63.361355, 0.0 ], [ 9.289128, 63.235107, 0.0 ], [ 9.223776, 64.35676, 0.0 ], [ 10.215743, 66.61648, 0.0 ], [ 12.168213, 69.79272, 0.0 ], [ 14.889669, 73.5751, 0.0 ], [ 18.114044, 77.59305, 0.0 ], [ 21.525497, 81.45346, 0.0 ], [ 24.790226, 84.77814, 0.0 ], [ 27.588688, 87.242096, 0.0 ], [ 29.646736, 88.60373, 0.0 ]] 
boundary 1: [[ 30.763182, 39.270065, 0.0 ], [ 29.646729, 39.396328, 0.0 ], [ 27.588709, 40.75791, 0.0 ], [ 24.790226, 43.221832, 0.0 ], [ 21.52552, 46.54657, 0.0 ], [ 18.114017, 50.406937, 0.0 ], [ 14.889633, 54.424927, 0.0 ], [ 12.168116, 58.207226, 0.0 ], [ 10.215801, 61.383694, 0.0 ], [ 9.223753, 63.643257, 0.0 ], [ 9.289076, 64.76469, 0.0 ], [ 10.405497, 64.63857, 0.0 ], [ 12.463645, 63.277027, 0.0 ], [ 15.261983, 60.813137, 0.0 ], [ 18.52668, 57.488342, 0.0 ], [ 21.938164, 53.62805, 0.0 ], [ 25.16261, 49.61002, 0.0 ], [ 27.88414, 45.827736, 0.0 ], [ 29.836449, 42.651268, 0.0 ], [ 30.828527, 40.3917, 0.0 ]] 
