boundary 0: [[ 31.37737, 88.19913, 0.0 ], [ 31.414509, 87.07637, 0.0 ], [ 30.366045, 84.8424, 0.0 ], [ 28.334644, 81.7159, 0.0 ], [ 25.518974, 78.003105, 0.0 ], [ 22.194767, 74.06735, 0.0 ], [ 18.687458, 70.29387, 0.0 ], [ 15.340285, 67.0521, 0.0 ], [ 12.48096, 64.65926, 0.0 ], [ 10.389339, 63.349674, 0.0 ], [ 9.270107, 63.251595, 0.0 ], [ 9.23291, 64.37447, 0.0 ], [ 10.281377, 66.60844, 0.0 ], [ 12.312794, 69.7349, 0.0 ], [ 15.128457, 73.44763, 0.0 ], [ 18.452644, 77.38339, 0.0 ], [ 21.959957, 81.156906, 0.0 ], [ 25.307102, 84.398735, 0.0 ], [ 28.166468, 86.79147, 0.0 ], [ 30.258068, 88.10104, 0.0 ]] 
boundary 1: [[ 31.377314, 39.800743, 0.0 ], [ 30.258072, 39.898956, 0.0 ], [ 28.166447, 41.20848, 0.0 ], [ 25.30712, 43.601303, 0.0 ], [ 21.959965, 46.843124, 0.0 ], [ 18.452644, 50.61658, 0.0 ], [ 15.128446, 54.552364, 0.0 ], [ 12.312842, 58.265167, 0.0 ], [ 10.281387, 61.391594, 0.0 ], [ 9.23294, 63.62557, 0.0 ], [ 9.270082, 64.74839, 0.0 ], [ 10.389319, 64.65029, 0.0 ], [ 12.480903, 63.340626, 0.0 ], [ 15.340326, 60.947952, 0.0 ], [ 18.687473, 57.706135, 0.0 ], [ 22.194778, 53.932648, 0.0 ], [ 25.51894, 49.99685, 0.0 ], [ 28.334578, 46.284073, 0.0 ], [ 30.366055, 43.15763, 0.0 ], [ 31.414516, 40.92366, 0.0 ]] 
boundary 0: [[ 36.50157, 82.42752, 0.0 ], [ 36.271564, 81.32795, 0.0 ], [ 34.723522, 79.406105, 0.0 ], [ 32.00902, 76.85012, 0.0 ], [ 28.393644, 73.9104, 0.0 ], [ 24.23138, 70.87461, 0.0 ], [ 19.929691, 68.03984, 0.0 ], [ 15.90958, 65.68371, 0.0 ], [ 12.564625, 64.0367, 0.0 ], [ 10.222221, 63.260128, 0.0 ], [ 9.111632, 63.4301, 0.0 ], [ 9.341614, 64.5298, 0.0 ], [ 10.889657, 66.45165, 0.0 ], [ 13.60416, 69.00759, 0.0 ], [ 17.219517, 71.94724, 0.0 ], [ 21.381763, 74.983055, 0.0 ], [ 25.683468, 77.81783, 0.0 ], [ 29.703562, 80.17404, 0.0 ], [ 33.048534, 81.820946, 0.0 ], [ 35.390915, 82.597496, 0.0 ]] 
boundary 1: [[ 36.501556, 45.57234, 0.0 ], [ 35.390915, 45.402496, 0.0 ], [ 33.04853, 46.179, 0.0 ], [ 29.703568, 47.826, 0.0 ], [ 25.683464, 50.18219, 0.0 ], [ 21.381775, 53.016922, 0.0 ], [ 17.219505, 56.052753, 0.0 ], [ 13.604191, 58.99249, 0.0 ], [ 10.889656, 61.548393, 0.0 ], [ 9.341634, 63.47025, 0.0 ], [ 9.111611, 64.569885, 0.0 ], [ 10.222212, 64.73982, 0.0 ], [ 12.564594, 63.96318, 0.0 ], [ 15.909611, 62.316353, 0.0 ], [ 19.929707, 59.96015, 0.0 ], [ 24.231392, 57.125397, 0.0 ], [ 28.393625, 54.08954, 0.0 ], [ 32.008965, 51.14984, 0.0 ], [ 34.723537, 48.59392, 0.0 ], [ 36.271564, 46.672077, 0.0 ]] 
boundary 0: [[ 38.753273, 78.65794, 0.0 ], [ 38.376415, 77.599686, 0.0 ], [ 36.58226, 75.9053, 0.0 ], [ 33.546486, 73.74068, 0.0 ], [ 29.566156, 71.31789, 0.0 ], [ 25.030964, 68.874016, 0.0 ], [ 20.384861, 66.648224, 0.0 ], [ 16.082596, 64.85848, 0.0 ], [ 12.545335, 63.679848, 0.0 ], [ 10.119314, 63.22781, 0.0 ], [ 9.041996, 63.546684, 0.0 ], [ 9.418852, 64.60508, 0.0 ], [ 11.213006, 66.29949, 0.0 ], [ 14.248774, 68.46407, 0.0 ], [ 18.229084, 70.88678, 0.0 ], [ 22.764261, 73.330666, 0.0 ], [ 27.410378, 75.55649, 0.0 ], [ 31.712635, 77.3463, 0.0 ], [ 35.2499, 78.52482, 0.0 ], [ 37.675888, 78.97684, 0.0 ]] 
boundary 1: [[ 38.753284, 49.34191, 0.0 ], [ 37.675888, 49.02316, 0.0 ], [ 35.2499, 49.475124, 0.0 ], [ 31.712635, 50.653744, 0.0 ], [ 27.41037, 52.443542, 0.0 ], [ 22.764273, 54.66932, 0.0 ], [ 18.229073, 57.113216, 0.0 ], [ 14.248795, 59.536015, 0.0 ], [ 11.212999, 61.70057, 0.0 ], [ 9.418865, 63.394962, 0.0 ], [ 9.041975, 64.45331, 0.0 ], [ 10.119313, 64.772125, 0.0 ], [ 12.54532, 64.32003, 0.0 ], [ 16.082615, 63.141582, 0.0 ], [ 20.38488, 61.35178, 0.0 ], [ 25.030975, 59.125984, 0.0 ], [ 29.566143, 56.68205, 0.0 ], [ 33.546432, 54.259293, 0.0 ], [ 36.582275, 52.094734, 0.0 ], [ 38.376415, 50.40034, 0.0 ]] 
boundary 0: [[ 39.895813, 76.15293, 0.0 ], [ 39.430286, 75.13057, 0.0 ], [ 37.498478, 73.59497, 0.0 ], [ 34.289562, 71.69647, 0.0 ], [ 30.117544, 69.621086, 0.0 ], [ 25.390882, 67.57191, 0.0 ], [ 20.572268, 65.74946, 0.0 ], [ 16.133339, 64.33221, 0.0 ], [ 12.508627, 63.458794, 0.0 ], [ 10.052944, 63.214775, 0.0 ], [ 9.006661, 63.62416, 0.0 ], [ 9.472193, 64.64664, 0.0 ], [ 11.4039955, 66.18228, 0.0 ], [ 14.612906, 68.08075, 0.0 ], [ 18.7849, 70.15605, 0.0 ], [ 23.511547, 72.205246, 0.0 ], [ 28.33018, 74.02773, 0.0 ], [ 32.7691, 75.44503, 0.0 ], [ 36.393806, 76.31836, 0.0 ], [ 38.849457, 76.562325, 0.0 ]] 
boundary 1: [[ 39.89583, 51.846912, 0.0 ], [ 38.849457, 51.437653, 0.0 ], [ 36.393814, 51.681595, 0.0 ], [ 32.7691, 52.55501, 0.0 ], [ 28.33017, 53.972305, 0.0 ], [ 23.511559, 55.794746, 0.0 ], [ 18.78489, 57.843952, 0.0 ], [ 14.612921, 59.91933, 0.0 ], [ 11.403983, 61.817772, 0.0 ], [ 9.472204, 63.353386, 0.0 ], [ 9.00664, 64.37585, 0.0 ], [ 10.052952, 64.78514, 0.0 ], [ 12.508624, 64.541084, 0.0 ], [ 16.13335, 63.667847, 0.0 ], [ 20.572287, 62.25054, 0.0 ], [ 25.390896, 60.428085, 0.0 ], [ 30.117537, 58.37884, 0.0 ], [ 34.28951, 56.303493, 0.0 ], [ 37.498493, 54.40506, 0.0 ], [ 39.430286, 52.86944, 0.0 ]] 
boundary 0: [[ 40.759106, 73.75784, 0.0 ], [ 40.21458, 72.77528, 0.0 ], [ 38.167946, 71.39644, 0.0 ], [ 34.819595, 69.75631, 0.0 ], [ 30.497232, 68.015594, 0.0 ], [ 25.623995, 66.34465, 0.0 ], [ 20.67693, 64.90698, 0.0 ], [ 16.140257, 63.843365, 0.0 ], [ 12.458064, 63.257854, 0.0 ], [ 9.990793, 63.2078, 0.0 ], [ 8.979962, 63.69824, 0.0 ], [ 9.524497, 64.680916, 0.0 ], [ 11.571135, 66.0598, 0.0 ], [ 14.919468, 67.69991, 0.0 ], [ 19.241806, 69.440544, 0.0 ], [ 24.115032, 71.11149, 0.0 ], [ 29.062117, 72.549225, 0.0 ], [ 33.598785, 73.61287, 0.0 ], [ 37.280968, 74.198296, 0.0 ], [ 39.7482, 74.24831, 0.0 ]] 
boundary 1: [[ 40.75913, 54.241993, 0.0 ], [ 39.7482, 53.751675, 0.0 ], [ 37.280975, 53.80166, 0.0 ], [ 33.598785, 54.387184, 0.0 ], [ 29.062105, 55.45083, 0.0 ], [ 24.115044, 56.888496, 0.0 ], [ 19.241795, 58.559464, 0.0 ], [ 14.919475, 60.300167, 0.0 ], [ 11.571118, 61.94025, 0.0 ], [ 9.524508, 63.31911, 0.0 ], [ 8.979941, 64.301765, 0.0 ], [ 9.990807, 64.79212, 0.0 ], [ 12.458069, 64.74202, 0.0 ], [ 16.140263, 64.156685, 0.0 ], [ 20.676949, 63.09302, 0.0 ], [ 25.62401, 61.655342, 0.0 ], [ 30.497227, 59.98433, 0.0 ], [ 34.819542, 58.243664, 0.0 ], [ 38.16796, 56.60359, 0.0 ], [ 40.21458, 55.224728, 0.0 ]] 
boundary 0: [[ 41.315445, 71.785, 0.0 ], [ 40.709766, 70.83893, 0.0 ], [ 38.57988, 69.592545, 0.0 ], [ 35.134323, 68.16786, 0.0 ], [ 30.710354, 66.70452, 0.0 ], [ 25.741032, 65.345726, 0.0 ], [ 20.712814, 64.22441, 0.0 ], [ 16.117859, 63.450386, 0.0 ], [ 12.405964, 63.099373, 0.0 ], [ 9.940481, 63.20574, 0.0 ], [ 8.962758, 63.75926, 0.0 ], [ 9.568464, 64.70546, 0.0 ], [ 11.6983595, 65.95189, 0.0 ], [ 15.143888, 67.376526, 0.0 ], [ 19.567835, 68.8398, 0.0 ], [ 24.537144, 70.1986, 0.0 ], [ 29.565388, 71.319984, 0.0 ], [ 34.16033, 72.09403, 0.0 ], [ 37.87222, 72.444954, 0.0 ], [ 40.337654, 72.33855, 0.0 ]] 
boundary 1: [[ 41.315487, 56.21483, 0.0 ], [ 40.337654, 55.661446, 0.0 ], [ 37.872227, 55.554993, 0.0 ], [ 34.16033, 55.90602, 0.0 ], [ 29.565374, 56.680077, 0.0 ], [ 24.537155, 57.801388, 0.0 ], [ 19.567823, 59.160206, 0.0 ], [ 15.143888, 60.623535, 0.0 ], [ 11.69834, 62.04817, 0.0 ], [ 9.568474, 63.29457, 0.0 ], [ 8.962736, 64.24075, 0.0 ], [ 9.940499, 64.79417, 0.0 ], [ 12.405977, 64.9005, 0.0 ], [ 16.117867, 64.54966, 0.0 ], [ 20.712833, 63.775597, 0.0 ], [ 25.741047, 62.654274, 0.0 ], [ 30.710354, 61.2954, 0.0 ], [ 35.13427, 59.832108, 0.0 ], [ 38.579895, 58.407497, 0.0 ], [ 40.709766, 57.161087, 0.0 ]] 
boundary 0: [[ 41.603466, 70.515045, 0.0 ], [ 40.960175, 69.59413, 0.0 ], [ 38.781837, 68.434525, 0.0 ], [ 35.281704, 67.14972, 0.0 ], [ 30.802399, 65.86571, 0.0 ], [ 25.782398, 64.708115, 0.0 ], [ 20.713104, 63.790184, 0.0 ], [ 16.090714, 63.201805, 0.0 ], [ 12.367693, 63.000546, 0.0 ], [ 9.908493, 63.2061, 0.0 ], [ 8.953851, 63.79854, 0.0 ], [ 9.597166, 64.71958, 0.0 ], [ 11.775523, 65.879234, 0.0 ], [ 15.275623, 67.16399, 0.0 ], [ 19.7549, 68.447945, 0.0 ], [ 24.77489, 69.60553, 0.0 ], [ 29.84421, 70.52354, 0.0 ], [ 34.4666, 71.11195, 0.0 ], [ 38.189598, 71.3131, 0.0 ], [ 40.648743, 71.10752, 0.0 ]] 
boundary 1: [[ 41.603516, 57.484783, 0.0 ], [ 40.648743, 56.89247, 0.0 ], [ 38.189606, 56.686836, 0.0 ], [ 34.4666, 56.888115, 0.0 ], [ 29.844196, 57.47652, 0.0 ], [ 24.774902, 58.394447, 0.0 ], [ 19.754889, 59.552074, 0.0 ], [ 15.2756195, 60.83608, 0.0 ], [ 11.775501, 62.12082, 0.0 ], [ 9.597175, 63.280457, 0.0 ], [ 8.953829, 64.20148, 0.0 ], [ 9.908517, 64.79381, 0.0 ], [ 12.367711, 64.99933, 0.0 ], [ 16.090717, 64.79823, 0.0 ], [ 20.713123, 64.20983, 0.0 ], [ 25.782413, 63.29188, 0.0 ], [ 30.802408, 62.134193, 0.0 ], [ 35.281654, 60.850227, 0.0 ], [ 38.781853, 59.565517, 0.0 ], [ 40.960175, 58.405876, 0.0 ]] 
boundary 0: [[ 41.710487, 69.97123, 0.0 ], [ 41.05152, 69.06148, 0.0 ], [ 38.85363, 67.93938, 0.0 ], [ 35.331978, 66.71475, 0.0 ], [ 30.831316, 65.50772, 0.0 ], [ 25.79221, 64.43634, 0.0 ], [ 20.70792, 63.605434, 0.0 ], [ 16.076126, 63.096382, 0.0 ], [ 12.350204, 62.95896, 0.0 ], [ 9.894888, 63.206642, 0.0 ], [ 8.9505415, 63.815357, 0.0 ], [ 9.60955, 64.725235, 0.0 ], [ 11.8074665, 65.84738, 0.0 ], [ 15.329074, 67.07195, 0.0 ], [ 19.829699, 68.278915, 0.0 ], [ 24.868797, 69.35032, 0.0 ], [ 29.953108, 70.18128, 0.0 ], [ 34.584915, 70.69038, 0.0 ], [ 38.310814, 70.82769, 0.0 ], [ 40.76607, 70.579994, 0.0 ]] 
boundary 1: [[ 41.71055, 58.028603, 0.0 ], [ 40.76607, 57.420013, 0.0 ], [ 38.310825, 57.172253, 0.0 ], [ 34.584915, 57.309685, 0.0 ], [ 29.953094, 57.81877, 0.0 ], [ 24.868809, 58.649677, 0.0 ], [ 19.829687, 59.721077, 0.0 ], [ 15.32907, 60.928116, 0.0 ], [ 11.807444, 62.152676, 0.0 ], [ 9.609558, 63.274807, 0.0 ], [ 8.950519, 64.184654, 0.0 ], [ 9.894913, 64.793274, 0.0 ], [ 12.350224, 65.0409, 0.0 ], [ 16.076128, 64.90366, 0.0 ], [ 20.70794, 64.394585, 0.0 ], [ 25.792225, 63.56366, 0.0 ], [ 30.831327, 62.492184, 0.0 ], [ 35.331924, 61.28519, 0.0 ], [ 38.853645, 60.06066, 0.0 ], [ 41.05152, 58.938538, 0.0 ]] 
boundary 0: [[ 41.72704, 69.88248, 0.0 ], [ 41.06553, 68.97457, 0.0 ], [ 38.86451, 67.85863, 0.0 ], [ 35.339462, 66.64382, 0.0 ], [ 30.835432, 65.44937, 0.0 ], [ 25.793362, 64.392044, 0.0 ], [ 20.706772, 63.575348, 0.0 ], [ 16.073576, 63.079247, 0.0 ], [ 12.347286, 62.95221, 0.0 ], [ 9.89267, 63.206757, 0.0 ], [ 8.95003, 63.818096, 0.0 ], [ 9.611577, 64.72616, 0.0 ], [ 11.812616, 65.84213, 0.0 ], [ 15.337629, 67.0569, 0.0 ], [ 19.841602, 68.25128, 0.0 ], [ 24.883675, 69.308586, 0.0 ], [ 29.970276, 70.12535, 0.0 ], [ 34.603493, 70.62153, 0.0 ], [ 38.329765, 70.74843, 0.0 ], [ 40.784317, 70.49387, 0.0 ]] 
boundary 1: [[ 41.727104, 58.11735, 0.0 ], [ 40.784317, 57.50613, 0.0 ], [ 38.329773, 57.251507, 0.0 ], [ 34.603493, 57.37854, 0.0 ], [ 29.970263, 57.874695, 0.0 ], [ 24.883686, 58.691402, 0.0 ], [ 19.84159, 59.748726, 0.0 ], [ 15.337624, 60.943195, 0.0 ], [ 11.812593, 62.157925, 0.0 ], [ 9.611584, 63.27392, 0.0 ], [ 8.950007, 64.18188, 0.0 ], [ 9.892694, 64.79319, 0.0 ], [ 12.347306, 65.047615, 0.0 ], [ 16.07358, 64.9208, 0.0 ], [ 20.70679, 64.42468, 0.0 ], [ 25.793377, 63.607925, 0.0 ], [ 30.835445, 62.550533, 0.0 ], [ 35.33941, 61.356117, 0.0 ], [ 38.864525, 60.141426, 0.0 ], [ 41.06553, 59.025444, 0.0 ]] 
boundary 0: [[ 41.744473, 69.78744, 0.0 ], [ 41.080254, 68.88153, 0.0 ], [ 38.875908, 67.77218, 0.0 ], [ 35.34725, 66.56789, 0.0 ], [ 30.839664, 65.3869, 0.0 ], [ 25.79446, 64.34467, 0.0 ], [ 20.705452, 63.54315, 0.0 ], [ 16.070797, 63.06089, 0.0 ], [ 12.344144, 62.944992, 0.0 ], [ 9.890301, 63.206867, 0.0 ], [ 8.949491, 63.821022, 0.0 ], [ 9.613751, 64.72712, 0.0 ], [ 11.818112, 65.83651, 0.0 ], [ 15.346738, 67.040764, 0.0 ], [ 19.85426, 68.22167, 0.0 ], [ 24.899471, 69.26388, 0.0 ], [ 29.988478, 70.06546, 0.0 ], [ 34.62317, 70.54778, 0.0 ], [ 38.3498, 70.66354, 0.0 ], [ 40.803585, 70.40166, 0.0 ]] 
boundary 1: [[ 41.744534, 58.212376, 0.0 ], [ 40.803585, 57.598343, 0.0 ], [ 38.349808, 57.336384, 0.0 ], [ 34.62317, 57.452282, 0.0 ], [ 29.988464, 57.934593, 0.0 ], [ 24.899483, 58.736095, 0.0 ], [ 19.854248, 59.77835, 0.0 ], [ 15.346732, 60.959366, 0.0 ], [ 11.8180895, 62.16355, 0.0 ], [ 9.613758, 63.272957, 0.0 ], [ 8.949468, 64.17892, 0.0 ], [ 9.890326, 64.793045, 0.0 ], [ 12.344165, 65.054794, 0.0 ], [ 16.0708, 64.939156, 0.0 ], [ 20.705471, 64.45688, 0.0 ], [ 25.794476, 63.65533, 0.0 ], [ 30.839678, 62.613003, 0.0 ], [ 35.3472, 61.43205, 0.0 ], [ 38.875923, 60.22789, 0.0 ], [ 41.080254, 59.118492, 0.0 ]] 
boundary 0: [[ 41.74388, 69.79073, 0.0 ], [ 41.07976, 68.884766, 0.0 ], [ 38.875523, 67.77519, 0.0 ], [ 35.346992, 66.5705, 0.0 ], [ 30.839525, 65.38907, 0.0 ], [ 25.79443, 64.34633, 0.0 ], [ 20.7055, 63.54427, 0.0 ], [ 16.070896, 63.061535, 0.0 ], [ 12.344254, 62.94526, 0.0 ], [ 9.89038, 63.206856, 0.0 ], [ 8.949511, 63.82093, 0.0 ], [ 9.613678, 64.72708, 0.0 ], [ 11.817922, 65.83673, 0.0 ], [ 15.346422, 67.04135, 0.0 ], [ 19.85382, 68.2227, 0.0 ], [ 24.89893, 69.26543, 0.0 ], [ 29.987848, 70.06754, 0.0 ], [ 34.622494, 70.55036, 0.0 ], [ 38.349113, 70.66649, 0.0 ], [ 40.802933, 70.40488, 0.0 ]] 
boundary 1: [[ 41.743942, 58.209072, 0.0 ], [ 40.802933, 57.595123, 0.0 ], [ 38.34912, 57.333424, 0.0 ], [ 34.622494, 57.449715, 0.0 ], [ 29.987835, 57.93251, 0.0 ], [ 24.898941, 58.734543, 0.0 ], [ 19.853811, 59.77732, 0.0 ], [ 15.346417, 60.95881, 0.0 ], [ 11.817899, 62.16336, 0.0 ], [ 9.613685, 63.27299, 0.0 ], [ 8.949488, 64.17901, 0.0 ], [ 9.890405, 64.79307, 0.0 ], [ 12.3442745, 65.05453, 0.0 ], [ 16.0709, 64.93854, 0.0 ], [ 20.705519, 64.45576, 0.0 ], [ 25.794445, 63.653675, 0.0 ], [ 30.839539, 62.610832, 0.0 ], [ 35.34694, 61.4294, 0.0 ], [ 38.875538, 60.22488, 0.0 ], [ 41.07976, 59.115257, 0.0 ]] 
boundary 0: [[ 41.61682, 70.44982, 0.0 ], [ 40.971657, 69.53028, 0.0 ], [ 38.790916, 68.375175, 0.0 ], [ 35.288147, 67.097496, 0.0 ], [ 30.80619, 65.82276, 0.0 ], [ 25.783821, 64.67551, 0.0 ], [ 20.712637, 63.767982, 0.0 ], [ 16.089054, 63.189148, 0.0 ], [ 12.36563, 62.995537, 0.0 ], [ 9.906854, 63.20613, 0.0 ], [ 8.95344, 63.80055, 0.0 ], [ 9.598654, 64.72029, 0.0 ], [ 11.779387, 65.875435, 0.0 ], [ 15.282122, 67.15306, 0.0 ], [ 19.764023, 68.42773, 0.0 ], [ 24.786402, 69.57495, 0.0 ], [ 29.857574, 70.482544, 0.0 ], [ 34.4812, 71.06146, 0.0 ], [ 38.204613, 71.254906, 0.0 ], [ 40.66332, 71.044304, 0.0 ]] 
boundary 1: [[ 41.616875, 57.54998, 0.0 ], [ 40.66332, 56.955692, 0.0 ], [ 38.204613, 56.744987, 0.0 ], [ 34.4812, 56.938618, 0.0 ], [ 29.857563, 57.51752, 0.0 ], [ 24.786411, 58.42502, 0.0 ], [ 19.764011, 59.572296, 0.0 ], [ 15.282121, 60.8471, 0.0 ], [ 11.7793665, 62.124626, 0.0 ], [ 9.598661, 63.279785, 0.0 ], [ 8.953415, 64.199394, 0.0 ], [ 9.906877, 64.793785, 0.0 ], [ 12.365646, 65.00426, 0.0 ], [ 16.089058, 64.81093, 0.0 ], [ 20.712656, 64.23205, 0.0 ], [ 25.783836, 63.324493, 0.0 ], [ 30.806198, 62.17715, 0.0 ], [ 35.288094, 60.902405, 0.0 ], [ 38.79093, 59.6249, 0.0 ], [ 40.97166, 58.46976, 0.0 ]] 
boundary 0: [[ 41.44229, 71.254654, 0.0 ], [ 40.820755, 70.318985, 0.0 ], [ 38.67013, 69.10871, 0.0 ], [ 35.201042, 67.742226, 0.0 ], [ 30.753008, 66.35376, 0.0 ], [ 25.761478, 65.07898, 0.0 ], [ 20.715057, 64.04259, 0.0 ], [ 16.107706, 63.34619, 0.0 ], [ 12.390426, 63.057804, 0.0 ], [ 9.927081, 63.20571, 0.0 ], [ 8.9588375, 63.775658, 0.0 ], [ 9.580417, 64.71155, 0.0 ], [ 11.731026, 65.921844, 0.0 ], [ 15.200084, 67.28826, 0.0 ], [ 19.648067, 68.67666, 0.0 ], [ 24.639599, 69.95142, 0.0 ], [ 29.686018, 70.98788, 0.0 ], [ 34.29341, 71.68437, 0.0 ], [ 38.01067, 71.97257, 0.0 ], [ 40.473946, 71.82465, 0.0 ]] 
boundary 1: [[ 41.442337, 56.745144, 0.0 ], [ 40.473946, 56.175335, 0.0 ], [ 38.01067, 56.02732, 0.0 ], [ 34.29341, 56.315712, 0.0 ], [ 29.686007, 57.01219, 0.0 ], [ 24.639606, 58.048553, 0.0 ], [ 19.648056, 59.32336, 0.0 ], [ 15.20009, 60.7119, 0.0 ], [ 11.731006, 62.078217, 0.0 ], [ 9.580428, 63.288548, 0.0 ], [ 8.958811, 64.2243, 0.0 ], [ 9.927101, 64.794205, 0.0 ], [ 12.390434, 64.941986, 0.0 ], [ 16.10771, 64.65389, 0.0 ], [ 20.715076, 63.957436, 0.0 ], [ 25.761494, 62.92103, 0.0 ], [ 30.753016, 61.64614, 0.0 ], [ 35.20099, 60.257664, 0.0 ], [ 38.670147, 58.89136, 0.0 ], [ 40.820755, 57.68106, 0.0 ]] 
boundary 0: [[ 41.075478, 72.6955, 0.0 ], [ 40.497604, 71.73226, 0.0 ], [ 38.404896, 70.42439, 0.0 ], [ 35.002296, 68.899864, 0.0 ], [ 30.622791, 67.30839, 0.0 ], [ 25.69514, 65.80548, 0.0 ], [ 20.701702, 64.5382, 0.0 ], [ 16.131235, 63.63073, 0.0 ], [ 12.431144, 63.171753, 0.0 ], [ 9.963604, 63.20626, 0.0 ], [ 8.970182, 63.7311, 0.0 ], [ 9.548079, 64.69457, 0.0 ], [ 11.640775, 66.00246, 0.0 ], [ 15.043348, 67.52689, 0.0 ], [ 19.422802, 69.118324, 0.0 ], [ 24.350452, 70.6212, 0.0 ], [ 29.343893, 71.88854, 0.0 ], [ 33.9144, 72.79612, 0.0 ], [ 37.614475, 73.254906, 0.0 ], [ 40.081947, 73.22039, 0.0 ]] 
boundary 1: [[ 41.07551, 55.304283, 0.0 ], [ 40.081947, 54.7796, 0.0 ], [ 37.614475, 54.744984, 0.0 ], [ 33.914402, 55.203957, 0.0 ], [ 29.343882, 56.11151, 0.0 ], [ 24.350456, 57.37877, 0.0 ], [ 19.42279, 58.8817, 0.0 ], [ 15.043363, 60.47325, 0.0 ], [ 11.640756, 61.99761, 0.0 ], [ 9.548093, 63.305523, 0.0 ], [ 8.970152, 64.26886, 0.0 ], [ 9.963617, 64.793655, 0.0 ], [ 12.431141, 64.82803, 0.0 ], [ 16.131245, 64.369354, 0.0 ], [ 20.701725, 63.461826, 0.0 ], [ 25.695156, 62.194515, 0.0 ], [ 30.622797, 60.691513, 0.0 ], [ 35.00223, 59.10002, 0.0 ], [ 38.404915, 57.57568, 0.0 ], [ 40.49761, 56.267784, 0.0 ]] 
boundary 0: [[ 40.57138, 74.33223, 0.0 ], [ 40.045334, 73.33975, 0.0 ], [ 38.0248, 71.922905, 0.0 ], [ 34.707695, 70.220345, 0.0 ], [ 30.4186, 68.399216, 0.0 ], [ 25.577435, 66.637505, 0.0 ], [ 20.658098, 65.107605, 0.0 ], [ 16.142097, 63.959415, 0.0 ], [ 12.471495, 63.305172, 0.0 ], [ 10.005589, 63.208977, 0.0 ], [ 8.985769, 63.680485, 0.0 ], [ 9.511842, 64.673195, 0.0 ], [ 11.5323515, 66.09006, 0.0 ], [ 14.849436, 67.79252, 0.0 ], [ 19.138485, 69.613594, 0.0 ], [ 23.979649, 71.375275, 0.0 ], [ 28.898983, 72.90523, 0.0 ], [ 33.415024, 74.05354, 0.0 ], [ 37.085617, 74.70759, 0.0 ], [ 39.55146, 74.80378, 0.0 ]] 
boundary 1: [[ 40.571404, 53.667553, 0.0 ], [ 39.551453, 53.19622, 0.0 ], [ 37.0856, 53.29229, 0.0 ], [ 33.415024, 53.94655, 0.0 ], [ 28.898975, 55.094826, 0.0 ], [ 23.979649, 56.624695, 0.0 ], [ 19.138474, 58.386425, 0.0 ], [ 14.849459, 60.207634, 0.0 ], [ 11.532341, 61.91002, 0.0 ], [ 9.511864, 63.326897, 0.0 ], [ 8.985739, 64.31948, 0.0 ], [ 10.005597, 64.79095, 0.0 ], [ 12.471483, 64.694626, 0.0 ], [ 16.142109, 64.04067, 0.0 ], [ 20.658123, 62.892414, 0.0 ], [ 25.57745, 61.362488, 0.0 ], [ 30.418594, 59.600685, 0.0 ], [ 34.707626, 57.77954, 0.0 ], [ 38.024822, 56.07717, 0.0 ], [ 40.045334, 54.66031, 0.0 ]] 
boundary 0: [[ 40.004135, 75.8824, 0.0 ], [ 39.529427, 74.864365, 0.0 ], [ 37.58383, 73.346245, 0.0 ], [ 34.35794, 71.476616, 0.0 ], [ 30.167385, 69.438965, 0.0 ], [ 25.422438, 67.43249, 0.0 ], [ 20.587593, 65.653496, 0.0 ], [ 16.136074, 64.276344, 0.0 ], [ 12.503648, 63.435616, 0.0 ], [ 10.045865, 63.213696, 0.0 ], [ 9.003309, 63.63254, 0.0 ], [ 9.478034, 64.65081, 0.0 ], [ 11.4236, 66.16893, 0.0 ], [ 14.649475, 68.03848, 0.0 ], [ 18.839996, 70.07607, 0.0 ], [ 23.584938, 72.08252, 0.0 ], [ 28.419783, 73.86154, 0.0 ], [ 32.87133, 75.23886, 0.0 ], [ 36.50376, 76.07937, 0.0 ], [ 38.961487, 76.30128, 0.0 ]] 
boundary 1: [[ 40.00415, 52.117382, 0.0 ], [ 38.96148, 51.698715, 0.0 ], [ 36.503735, 51.92051, 0.0 ], [ 32.87133, 52.761246, 0.0 ], [ 28.419777, 54.1385, 0.0 ], [ 23.584938, 55.917446, 0.0 ], [ 18.839985, 57.923946, 0.0 ], [ 14.649507, 59.961678, 0.0 ], [ 11.4235935, 61.83113, 0.0 ], [ 9.47806, 63.34928, 0.0 ], [ 9.003279, 64.36742, 0.0 ], [ 10.045868, 64.786224, 0.0 ], [ 12.503624, 64.56418, 0.0 ], [ 16.136093, 63.723755, 0.0 ], [ 20.58762, 62.346508, 0.0 ], [ 25.422453, 60.567516, 0.0 ], [ 30.167374, 58.560932, 0.0 ], [ 34.357872, 56.523277, 0.0 ], [ 37.583862, 54.653824, 0.0 ], [ 39.529427, 53.135693, 0.0 ]] 
boundary 0: [[ 39.366837, 77.38332, 0.0 ], [ 38.944046, 76.34265, 0.0 ], [ 37.07747, 74.72837, 0.0 ], [ 33.949947, 72.69849, 0.0 ], [ 29.867445, 70.45215, 0.0 ], [ 25.229687, 68.20903, 0.0 ], [ 20.49068, 66.188545, 0.0 ], [ 16.114254, 64.588715, 0.0 ], [ 12.528834, 63.565914, 0.0 ], [ 10.085364, 63.220367, 0.0 ], [ 9.023016, 63.586124, 0.0 ], [ 9.445804, 64.62702, 0.0 ], [ 11.312358, 66.24131, 0.0 ], [ 14.439873, 68.27111, 0.0 ], [ 18.52234, 70.51737, 0.0 ], [ 23.160095, 72.76049, 0.0 ], [ 27.899096, 74.781006, 0.0 ], [ 32.275543, 76.38099, 0.0 ], [ 35.860977, 77.40358, 0.0 ], [ 38.30439, 77.74911, 0.0 ]] 
boundary 1: [[ 39.36684, 50.61645, 0.0 ], [ 38.304382, 50.250893, 0.0 ], [ 35.860947, 50.596313, 0.0 ], [ 32.275543, 51.619106, 0.0 ], [ 27.899092, 53.219036, 0.0 ], [ 23.160091, 55.239468, 0.0 ], [ 18.522331, 57.48264, 0.0 ], [ 14.439914, 59.729042, 0.0 ], [ 11.312353, 61.758755, 0.0 ], [ 9.44583, 63.373062, 0.0 ], [ 9.0229845, 64.41383, 0.0 ], [ 10.0853615, 64.77955, 0.0 ], [ 12.528801, 64.433876, 0.0 ], [ 16.114277, 63.411396, 0.0 ], [ 20.490707, 61.81147, 0.0 ], [ 25.229702, 59.790993, 0.0 ], [ 29.86743, 57.547733, 0.0 ], [ 33.94987, 55.30141, 0.0 ], [ 37.077507, 53.2717, 0.0 ], [ 38.944046, 51.657402, 0.0 ]] 
boundary 0: [[ 38.45349, 79.233055, 0.0 ], [ 38.097916, 78.16753, 0.0 ], [ 36.338085, 76.437515, 0.0 ], [ 33.346375, 74.21232, 0.0 ], [ 29.415426, 71.71021, 0.0 ], [ 24.930145, 69.1759, 0.0 ], [ 20.329628, 66.85733, 0.0 ], [ 16.064135, 64.981674, 0.0 ], [ 12.551233, 63.73231, 0.0 ], [ 10.134773, 63.231647, 0.0 ], [ 9.051262, 63.52892, 0.0 ], [ 9.406811, 64.59466, 0.0 ], [ 11.166623, 66.32469, 0.0 ], [ 14.158335, 68.549805, 0.0 ], [ 18.089245, 71.051834, 0.0 ], [ 22.574524, 73.58613, 0.0 ], [ 27.175034, 75.90474, 0.0 ], [ 31.44054, 77.780556, 0.0 ], [ 34.95346, 79.02971, 0.0 ], [ 37.36987, 79.530334, 0.0 ]] 
boundary 1: [[ 38.45347, 48.766724, 0.0 ], [ 37.36986, 48.469654, 0.0 ], [ 34.95343, 48.970192, 0.0 ], [ 31.440544, 50.219543, 0.0 ], [ 27.175032, 52.095306, 0.0 ], [ 22.574512, 54.41383, 0.0 ], [ 18.089241, 56.948185, 0.0 ], [ 14.158384, 59.450356, 0.0 ], [ 11.166624, 61.675377, 0.0 ], [ 9.406845, 63.405426, 0.0 ], [ 9.051229, 64.471054, 0.0 ], [ 10.134764, 64.768265, 0.0 ], [ 12.551187, 64.26749, 0.0 ], [ 16.064163, 63.018444, 0.0 ], [ 20.329657, 61.142685, 0.0 ], [ 24.930164, 58.824112, 0.0 ], [ 29.415401, 56.289677, 0.0 ], [ 33.34629, 53.78759, 0.0 ], [ 36.338123, 51.56256, 0.0 ], [ 38.097916, 49.832516, 0.0 ]] 
boundary 0: [[ 35.97027, 83.17088, 0.0 ], [ 35.771397, 82.06536, 0.0 ], [ 34.278248, 80.10054, 0.0 ], [ 31.637108, 77.46878, 0.0 ], [ 28.106232, 74.4281, 0.0 ], [ 24.031391, 71.275925, 0.0 ], [ 19.811535, 68.32072, 0.0 ], [ 15.85961, 65.851944, 0.0 ], [ 12.56254, 64.11104, 0.0 ], [ 10.243026, 63.26854, 0.0 ], [ 9.128057, 63.407135, 0.0 ], [ 9.32687, 64.51288, 0.0 ], [ 10.819995, 66.47769, 0.0 ], [ 13.461149, 69.10939, 0.0 ], [ 16.992, 72.149994, 0.0 ], [ 21.066837, 75.302155, 0.0 ], [ 25.28669, 78.2574, 0.0 ], [ 29.238602, 80.72633, 0.0 ], [ 32.53572, 82.467026, 0.0 ], [ 34.85518, 83.30948, 0.0 ]] 
boundary 1: [[ 35.970215, 44.828884, 0.0 ], [ 34.85517, 44.690506, 0.0 ], [ 32.535683, 45.532875, 0.0 ], [ 29.238619, 47.27376, 0.0 ], [ 25.286694, 49.74265, 0.0 ], [ 21.066822, 52.697815, 0.0 ], [ 16.991997, 55.85002, 0.0 ], [ 13.46122, 58.89076, 0.0 ], [ 10.820005, 61.522366, 0.0 ], [ 9.326917, 63.487194, 0.0 ], [ 9.128018, 64.59285, 0.0 ], [ 10.243005, 64.73138, 0.0 ], [ 12.562464, 63.888767, 0.0 ], [ 15.859655, 62.14818, 0.0 ], [ 19.811562, 59.6793, 0.0 ], [ 24.031414, 56.724087, 0.0 ], [ 28.106192, 53.5718, 0.0 ], [ 31.637014, 50.53114, 0.0 ], [ 34.278305, 47.899525, 0.0 ], [ 35.771404, 45.934692, 0.0 ]] 
boundary 0: [[ 30.765493, 88.727844, 0.0 ], [ 30.830639, 87.60647, 0.0 ], [ 29.838343, 85.34696, 0.0 ], [ 27.885838, 82.17056, 0.0 ], [ 25.16389, 78.388535, 0.0 ], [ 21.939125, 74.37089, 0.0 ], [ 18.527308, 70.51085, 0.0 ], [ 15.262246, 67.18639, 0.0 ], [ 12.463682, 64.72276, 0.0 ], [ 10.405484, 63.36124, 0.0 ], [ 9.289019, 63.235264, 0.0 ], [ 9.223753, 64.35684, 0.0 ], [ 10.21603, 66.61634, 0.0 ], [ 12.168563, 69.79267, 0.0 ], [ 14.890507, 73.57463, 0.0 ], [ 18.115269, 77.592255, 0.0 ], [ 21.527077, 81.45234, 0.0 ], [ 24.79208, 84.77693, 0.0 ], [ 27.590748, 87.24037, 0.0 ], [ 29.64891, 88.60184, 0.0 ]] 
boundary 1: [[ 30.765377, 39.271946, 0.0 ], [ 29.648893, 39.398144, 0.0 ], [ 27.590685, 40.759544, 0.0 ], [ 24.792124, 43.223152, 0.0 ], [ 21.527088, 46.547707, 0.0 ], [ 18.115246, 50.40771, 0.0 ], [ 14.890507, 54.425385, 0.0 ], [ 12.168667, 58.20745, 0.0 ], [ 10.216054, 61.383717, 0.0 ], [ 9.223816, 63.64321, 0.0 ], [ 9.288977, 64.764725, 0.0 ], [ 10.405446, 64.638695, 0.0 ], [ 12.463563, 63.27706, 0.0 ], [ 15.262321, 60.813717, 0.0 ], [ 18.52734, 57.489166, 0.0 ], [ 21.939148, 53.62912, 0.0 ], [ 25.163822, 49.61138, 0.0 ], [ 27.885727, 45.829376, 0.0 ], [ 29.838415, 42.65309, 0.0 ], [ 30.830662, 40.393593, 0.0 ]] 
boundary 0: [[ 31.377457, 88.199066, 0.0 ], [ 31.414534, 87.076416, 0.0 ], [ 30.366034, 84.84243, 0.0 ], [ 28.334694, 81.715866, 0.0 ], [ 25.519005, 78.0031, 0.0 ], [ 22.19476, 74.06736, 0.0 ], [ 18.687466, 70.29387, 0.0 ], [ 15.340275, 67.05212, 0.0 ], [ 12.480968, 64.65925, 0.0 ], [ 10.38936, 63.349632, 0.0 ], [ 9.270093, 63.251617, 0.0 ], [ 9.2329, 64.37448, 0.0 ], [ 10.28138, 66.60845, 0.0 ], [ 12.312746, 69.734955, 0.0 ], [ 15.128431, 73.44765, 0.0 ], [ 18.452671, 77.38336, 0.0 ], [ 21.959957, 81.156906, 0.0 ], [ 25.30709, 84.398796, 0.0 ], [ 28.166498, 86.791466, 0.0 ], [ 30.25807, 88.10103, 0.0 ]] 
boundary 1: [[ 31.377344, 39.80072, 0.0 ], [ 30.258053, 39.898956, 0.0 ], [ 28.166437, 41.20845, 0.0 ], [ 25.307133, 43.601288, 0.0 ], [ 21.959969, 46.84314, 0.0 ], [ 18.452648, 50.616604, 0.0 ], [ 15.12843, 54.552364, 0.0 ], [ 12.312847, 58.26517, 0.0 ], [ 10.281403, 61.391605, 0.0 ], [ 9.232962, 63.625576, 0.0 ], [ 9.270051, 64.74837, 0.0 ], [ 10.389324, 64.65031, 0.0 ], [ 12.480853, 63.340572, 0.0 ], [ 15.340347, 60.947998, 0.0 ], [ 18.687496, 57.70615, 0.0 ], [ 22.194782, 53.932648, 0.0 ], [ 25.518936, 49.99682, 0.0 ], [ 28.334585, 46.284073, 0.0 ], [ 30.366106, 43.157623, 0.0 ], [ 31.414555, 40.923645, 0.0 ]] 
boundary 0: [[ 36.501644, 82.42745, 0.0 ], [ 36.271603, 81.32798, 0.0 ], [ 34.723515, 79.406136, 0.0 ], [ 32.009064, 76.85008, 0.0 ], [ 28.393675, 73.910385, 0.0 ], [ 24.231377, 70.87461, 0.0 ], [ 19.929699, 68.03984, 0.0 ], [ 15.909575, 65.68372, 0.0 ], [ 12.564627, 64.03668, 0.0 ], [ 10.222233, 63.260086, 0.0 ], [ 9.111623, 63.43013, 0.0 ], [ 9.341604, 64.52981, 0.0 ], [ 10.889661, 66.45167, 0.0 ], [ 13.604124, 69.007645, 0.0 ], [ 17.219498, 71.947266, 0.0 ], [ 21.381786, 74.98302, 0.0 ], [ 25.683468, 77.81783, 0.0 ], [ 29.703564, 80.1741, 0.0 ], [ 33.048565, 81.82094, 0.0 ], [ 35.390907, 82.59748, 0.0 ]] 
boundary 1: [[ 36.501587, 45.572327, 0.0 ], [ 35.3909, 45.40249, 0.0 ], [ 33.048523, 46.17897, 0.0 ], [ 29.70358, 47.825985, 0.0 ], [ 25.683468, 50.182205, 0.0 ], [ 21.381767, 53.016945, 0.0 ], [ 17.21949, 56.052746, 0.0 ], [ 13.604197, 58.99249, 0.0 ], [ 10.889669, 61.548405, 0.0 ], [ 9.341652, 63.47026, 0.0 ], [ 9.1115885, 64.569855, 0.0 ], [ 10.222211, 64.73984, 0.0 ], [ 12.56456, 63.96311, 0.0 ], [ 15.909621, 62.3164, 0.0 ], [ 19.929726, 59.960175, 0.0 ], [ 24.231396, 57.125397, 0.0 ], [ 28.393625, 54.089508, 0.0 ], [ 32.008972, 51.14984, 0.0 ], [ 34.723583, 48.59392, 0.0 ], [ 36.271603, 46.672077, 0.0 ]] 
boundary 0: [[ 38.75334, 78.65787, 0.0 ], [ 38.376453, 77.59971, 0.0 ], [ 36.582253, 75.905334, 0.0 ], [ 33.546524, 73.74062, 0.0 ], [ 29.566187, 71.317856, 0.0 ], [ 25.03096, 68.874016, 0.0 ], [ 20.384869, 66.648224, 0.0 ], [ 16.082596, 64.8585, 0.0 ], [ 12.545334, 63.679832, 0.0 ], [ 10.11932, 63.227764, 0.0 ], [ 9.041988, 63.546715, 0.0 ], [ 9.418842, 64.605095, 0.0 ], [ 11.213013, 66.29951, 0.0 ], [ 14.248747, 68.46413, 0.0 ], [ 18.229065, 70.88681, 0.0 ], [ 22.764275, 73.33062, 0.0 ], [ 27.410378, 75.55649, 0.0 ], [ 31.712645, 77.34636, 0.0 ], [ 35.24993, 78.524796, 0.0 ], [ 37.67588, 78.97682, 0.0 ]] 
boundary 1: [[ 38.753315, 49.341896, 0.0 ], [ 37.67588, 49.02315, 0.0 ], [ 35.249897, 49.475094, 0.0 ], [ 31.71265, 50.65373, 0.0 ], [ 27.410374, 52.443558, 0.0 ], [ 22.764265, 54.669342, 0.0 ], [ 18.229057, 57.11321, 0.0 ], [ 14.2488, 59.536015, 0.0 ], [ 11.213009, 61.700584, 0.0 ], [ 9.41888, 63.39498, 0.0 ], [ 9.041959, 64.45328, 0.0 ], [ 10.119309, 64.77214, 0.0 ], [ 12.545294, 64.31996, 0.0 ], [ 16.082623, 63.141632, 0.0 ], [ 20.384893, 61.351814, 0.0 ], [ 25.030975, 59.12599, 0.0 ], [ 29.566149, 56.68202, 0.0 ], [ 33.54644, 54.259296, 0.0 ], [ 36.58232, 52.094734, 0.0 ], [ 38.376453, 50.400352, 0.0 ]] 
boundary 0: [[ 39.895866, 76.15284, 0.0 ], [ 39.43033, 75.13059, 0.0 ], [ 37.49847, 73.59502, 0.0 ], [ 34.2896, 71.69642, 0.0 ], [ 30.117575, 69.621056, 0.0 ], [ 25.390879, 67.57191, 0.0 ], [ 20.572275, 65.74946, 0.0 ], [ 16.133339, 64.33222, 0.0 ], [ 12.508625, 63.45878, 0.0 ], [ 10.052948, 63.21473, 0.0 ], [ 9.006657, 63.62419, 0.0 ], [ 9.472184, 64.64665, 0.0 ], [ 11.404004, 66.1823, 0.0 ], [ 14.6128845, 68.08081, 0.0 ], [ 18.784883, 70.15608, 0.0 ], [ 23.511555, 72.205185, 0.0 ], [ 28.33018, 74.02773, 0.0 ], [ 32.769108, 75.44509, 0.0 ], [ 36.393837, 76.31833, 0.0 ], [ 38.84945, 76.56231, 0.0 ]] 
boundary 1: [[ 39.89586, 51.8469, 0.0 ], [ 38.84945, 51.437645, 0.0 ], [ 36.39382, 51.681564, 0.0 ], [ 32.769115, 52.554996, 0.0 ], [ 28.330172, 53.97232, 0.0 ], [ 23.51155, 55.79477, 0.0 ], [ 18.784876, 57.843937, 0.0 ], [ 14.6129265, 59.91933, 0.0 ], [ 11.403991, 61.817787, 0.0 ], [ 9.4722185, 63.353405, 0.0 ], [ 9.006628, 64.3758, 0.0 ], [ 10.052947, 64.78516, 0.0 ], [ 12.508603, 64.541016, 0.0 ], [ 16.133352, 63.667896, 0.0 ], [ 20.572294, 62.25058, 0.0 ], [ 25.39089, 60.428093, 0.0 ], [ 30.117542, 58.37881, 0.0 ], [ 34.289516, 56.3035, 0.0 ], [ 37.49854, 54.405067, 0.0 ], [ 39.430313, 52.869457, 0.0 ]] 
boundary 0: [[ 40.759148, 73.75775, 0.0 ], [ 40.21462, 72.775314, 0.0 ], [ 38.16794, 71.396484, 0.0 ], [ 34.819633, 69.75624, 0.0 ], [ 30.49726, 68.01555, 0.0 ], [ 25.623991, 66.34465, 0.0 ], [ 20.676937, 64.90698, 0.0 ], [ 16.140257, 63.84338, 0.0 ], [ 12.458059, 63.25784, 0.0 ], [ 9.990793, 63.207756, 0.0 ], [ 8.97996, 63.69827, 0.0 ], [ 9.52449, 64.68093, 0.0 ], [ 11.571144, 66.059814, 0.0 ], [ 14.91945, 67.699974, 0.0 ], [ 19.241795, 69.440575, 0.0 ], [ 24.115034, 71.11143, 0.0 ], [ 29.062117, 72.549225, 0.0 ], [ 33.5988, 73.61293, 0.0 ], [ 37.281, 74.198265, 0.0 ], [ 39.74819, 74.24829, 0.0 ]] 
boundary 1: [[ 40.75916, 54.241985, 0.0 ], [ 39.74819, 53.751667, 0.0 ], [ 37.280983, 53.80163, 0.0 ], [ 33.5988, 54.38717, 0.0 ], [ 29.062103, 55.450844, 0.0 ], [ 24.115036, 56.88852, 0.0 ], [ 19.241783, 58.55945, 0.0 ], [ 14.91948, 60.300167, 0.0 ], [ 11.571123, 61.940266, 0.0 ], [ 9.524523, 63.31913, 0.0 ], [ 8.979935, 64.30172, 0.0 ], [ 9.990801, 64.79214, 0.0 ], [ 12.458055, 64.74194, 0.0 ], [ 16.14026, 64.15673, 0.0 ], [ 20.676956, 63.093063, 0.0 ], [ 25.624002, 61.65535, 0.0 ], [ 30.497238, 59.9843, 0.0 ], [ 34.81955, 58.24367, 0.0 ], [ 38.168007, 56.603596, 0.0 ], [ 40.214603, 55.224743, 0.0 ]] 
boundary 0: [[ 41.31549, 71.78491, 0.0 ], [ 40.709805, 70.83895, 0.0 ], [ 38.579872, 69.59259, 0.0 ], [ 35.13436, 68.16779, 0.0 ], [ 30.71038, 66.70447, 0.0 ], [ 25.741028, 65.345726, 0.0 ], [ 20.712822, 64.22441, 0.0 ], [ 16.117863, 63.4504, 0.0 ], [ 12.40596, 63.099358, 0.0 ], [ 9.940479, 63.205696, 0.0 ], [ 8.962758, 63.75929, 0.0 ], [ 9.568458, 64.705475, 0.0 ], [ 11.698369, 65.951904, 0.0 ], [ 15.143875, 67.37659, 0.0 ], [ 19.567823, 68.83983, 0.0 ], [ 24.53714, 70.19854, 0.0 ], [ 29.565388, 71.319984, 0.0 ], [ 34.160355, 72.09409, 0.0 ], [ 37.87225, 72.44492, 0.0 ], [ 40.337646, 72.33853, 0.0 ]] 
boundary 1: [[ 41.315517, 56.21482, 0.0 ], [ 40.337646, 55.661438, 0.0 ], [ 37.872234, 55.554962, 0.0 ], [ 34.160347, 55.906006, 0.0 ], [ 29.56537, 56.68009, 0.0 ], [ 24.537148, 57.80141, 0.0 ], [ 19.567812, 59.16019, 0.0 ], [ 15.143894, 60.623535, 0.0 ], [ 11.698345, 62.048187, 0.0 ], [ 9.568487, 63.294594, 0.0 ], [ 8.962732, 64.24071, 0.0 ], [ 9.940492, 64.79418, 0.0 ], [ 12.405971, 64.90042, 0.0 ], [ 16.11786, 64.549706, 0.0 ], [ 20.712837, 63.77564, 0.0 ], [ 25.74104, 62.654278, 0.0 ], [ 30.710367, 61.29537, 0.0 ], [ 35.134277, 59.832115, 0.0 ], [ 38.57994, 58.407505, 0.0 ], [ 40.70979, 57.161102, 0.0 ]] 
boundary 0: [[ 41.603504, 70.51495, 0.0 ], [ 40.960213, 69.594154, 0.0 ], [ 38.78183, 68.43457, 0.0 ], [ 35.281742, 67.14966, 0.0 ], [ 30.802422, 65.865654, 0.0 ], [ 25.782394, 64.708115, 0.0 ], [ 20.713112, 63.790184, 0.0 ], [ 16.090717, 63.20182, 0.0 ], [ 12.367689, 63.00053, 0.0 ], [ 9.90849, 63.206055, 0.0 ], [ 8.953853, 63.79857, 0.0 ], [ 9.597161, 64.7196, 0.0 ], [ 11.775534, 65.87925, 0.0 ], [ 15.275612, 67.16405, 0.0 ], [ 19.75489, 68.447975, 0.0 ], [ 24.774887, 69.60547, 0.0 ], [ 29.84421, 70.52354, 0.0 ], [ 34.46662, 71.112015, 0.0 ], [ 38.18963, 71.31307, 0.0 ], [ 40.648735, 71.107506, 0.0 ]] 
boundary 1: [[ 41.603546, 57.484776, 0.0 ], [ 40.648735, 56.892464, 0.0 ], [ 38.189613, 56.686806, 0.0 ], [ 34.466614, 56.888103, 0.0 ], [ 29.844193, 57.476536, 0.0 ], [ 24.774895, 58.39447, 0.0 ], [ 19.754877, 59.55206, 0.0 ], [ 15.275625, 60.83608, 0.0 ], [ 11.775506, 62.12084, 0.0 ], [ 9.597187, 63.28048, 0.0 ], [ 8.953827, 64.20143, 0.0 ], [ 9.908507, 64.79382, 0.0 ], [ 12.367708, 64.99925, 0.0 ], [ 16.090714, 64.79828, 0.0 ], [ 20.713127, 64.20987, 0.0 ], [ 25.782406, 63.29188, 0.0 ], [ 30.802422, 62.134167, 0.0 ], [ 35.281662, 60.850235, 0.0 ], [ 38.7819, 59.565533, 0.0 ], [ 40.960197, 58.4059, 0.0 ]] 
boundary 0: [[ 41.710526, 69.97114, 0.0 ], [ 41.05156, 69.0615, 0.0 ], [ 38.853622, 67.93942, 0.0 ], [ 35.332016, 66.71469, 0.0 ], [ 30.831337, 65.50766, 0.0 ], [ 25.792206, 64.43634, 0.0 ], [ 20.707928, 63.605434, 0.0 ], [ 16.076132, 63.096397, 0.0 ], [ 12.350201, 62.958946, 0.0 ], [ 9.894884, 63.206596, 0.0 ], [ 8.950544, 63.815388, 0.0 ], [ 9.609546, 64.72525, 0.0 ], [ 11.807476, 65.8474, 0.0 ], [ 15.329064, 67.072014, 0.0 ], [ 19.829687, 68.278946, 0.0 ], [ 24.86879, 69.35026, 0.0 ], [ 29.953108, 70.18128, 0.0 ], [ 34.584938, 70.69044, 0.0 ], [ 38.310844, 70.82765, 0.0 ], [ 40.766064, 70.57998, 0.0 ]] 
boundary 1: [[ 41.71058, 58.028595, 0.0 ], [ 40.766064, 57.420006, 0.0 ], [ 38.310833, 57.172222, 0.0 ], [ 34.58493, 57.309677, 0.0 ], [ 29.95309, 57.818787, 0.0 ], [ 24.868801, 58.6497, 0.0 ], [ 19.829676, 59.72106, 0.0 ], [ 15.329076, 60.928116, 0.0 ], [ 11.8074465, 62.152695, 0.0 ], [ 9.60957, 63.27483, 0.0 ], [ 8.950519, 64.18461, 0.0 ], [ 9.894903, 64.79329, 0.0 ], [ 12.350221, 65.040825, 0.0 ], [ 16.076124, 64.90371, 0.0 ], [ 20.707941, 64.39462, 0.0 ], [ 25.792217, 63.56366, 0.0 ], [ 30.83134, 62.49216, 0.0 ], [ 35.331932, 61.2852, 0.0 ], [ 38.85369, 60.060677, 0.0 ], [ 41.051544, 58.93856, 0.0 ]] 
boundary 0: [[ 41.727077, 69.882385, 0.0 ], [ 41.065567, 68.974594, 0.0 ], [ 38.864502, 67.85867, 0.0 ], [ 35.3395, 66.64376, 0.0 ], [ 30.835451, 65.44931, 0.0 ], [ 25.793358, 64.392044, 0.0 ], [ 20.70678, 63.575344, 0.0 ], [ 16.073584, 63.07926, 0.0 ], [ 12.347282, 62.952194, 0.0 ], [ 9.892666, 63.20671, 0.0 ], [ 8.950033, 63.818127, 0.0 ], [ 9.611572, 64.72617, 0.0 ], [ 11.812626, 65.84215, 0.0 ], [ 15.33762, 67.05696, 0.0 ], [ 19.84159, 68.25131, 0.0 ], [ 24.883667, 69.308525, 0.0 ], [ 29.970276, 70.12535, 0.0 ], [ 34.603516, 70.62159, 0.0 ], [ 38.329796, 70.74839, 0.0 ], [ 40.78431, 70.49386, 0.0 ]] 
boundary 1: [[ 41.727135, 58.117344, 0.0 ], [ 40.78431, 57.506123, 0.0 ], [ 38.32978, 57.251476, 0.0 ], [ 34.603508, 57.378532, 0.0 ], [ 29.970259, 57.87471, 0.0 ], [ 24.883678, 58.691425, 0.0 ], [ 19.84158, 59.74871, 0.0 ], [ 15.337629, 60.943195, 0.0 ], [ 11.812597, 62.157944, 0.0 ], [ 9.611595, 63.27394, 0.0 ], [ 8.950007, 64.18183, 0.0 ], [ 9.892685, 64.793205, 0.0 ], [ 12.347305, 65.04754, 0.0 ], [ 16.073576, 64.920845, 0.0 ], [ 20.706795, 64.42472, 0.0 ], [ 25.79337, 63.607925, 0.0 ], [ 30.835459, 62.55051, 0.0 ], [ 35.339417, 61.356125, 0.0 ], [ 38.86457, 60.14144, 0.0 ], [ 41.06555, 59.025467, 0.0 ]] 
boundary 0: [[ 41.74451, 69.787346, 0.0 ], [ 41.08029, 68.88155, 0.0 ], [ 38.8759, 67.772224, 0.0 ], [ 35.34729, 66.567825, 0.0 ], [ 30.839684, 65.38684, 0.0 ], [ 25.794456, 64.34467, 0.0 ], [ 20.70546, 63.543148, 0.0 ], [ 16.070805, 63.060905, 0.0 ], [ 12.34414, 62.944977, 0.0 ], [ 9.890297, 63.20682, 0.0 ], [ 8.949494, 63.821053, 0.0 ], [ 9.613747, 64.727135, 0.0 ], [ 11.818122, 65.836525, 0.0 ], [ 15.346728, 67.040825, 0.0 ], [ 19.854248, 68.2217, 0.0 ], [ 24.899464, 69.26382, 0.0 ], [ 29.988478, 70.06546, 0.0 ], [ 34.62319, 70.547844, 0.0 ], [ 38.349823, 70.6635, 0.0 ], [ 40.803577, 70.40164, 0.0 ]] 
boundary 1: [[ 41.744564, 58.212368, 0.0 ], [ 40.803577, 57.598335, 0.0 ], [ 38.349815, 57.336353, 0.0 ], [ 34.623184, 57.452274, 0.0 ], [ 29.98846, 57.93461, 0.0 ], [ 24.899475, 58.73612, 0.0 ], [ 19.854237, 59.778336, 0.0 ], [ 15.346738, 60.959366, 0.0 ], [ 11.818093, 62.16357, 0.0 ], [ 9.61377, 63.27298, 0.0 ], [ 8.949469, 64.17887, 0.0 ], [ 9.890316, 64.79306, 0.0 ], [ 12.344165, 65.05472, 0.0 ], [ 16.070797, 64.9392, 0.0 ], [ 20.705475, 64.45692, 0.0 ], [ 25.794468, 63.65533, 0.0 ], [ 30.839691, 62.61298, 0.0 ], [ 35.347206, 61.432056, 0.0 ], [ 38.87597, 60.227905, 0.0 ], [ 41.080276, 59.118515, 0.0 ]] 
boundary 0: [[ 41.74392, 69.79064, 0.0 ], [ 41.0798, 68.88479, 0.0 ], [ 38.875515, 67.77524, 0.0 ], [ 35.34703, 66.57044, 0.0 ], [ 30.839544, 65.38901, 0.0 ], [ 25.794426, 64.34633, 0.0 ], [ 20.705507, 63.544266, 0.0 ], [ 16.070904, 63.06155, 0.0 ], [ 12.34425, 62.945244, 0.0 ], [ 9.890376, 63.20681, 0.0 ], [ 8.949514, 63.82096, 0.0 ], [ 9.613673, 64.7271, 0.0 ], [ 11.817931, 65.83675, 0.0 ], [ 15.346413, 67.04141, 0.0 ], [ 19.85381, 68.22273, 0.0 ], [ 24.898922, 69.265366, 0.0 ], [ 29.987848, 70.06754, 0.0 ], [ 34.622517, 70.55042, 0.0 ], [ 38.349136, 70.66644, 0.0 ], [ 40.802925, 70.40486, 0.0 ]] 
boundary 1: [[ 41.743973, 58.209064, 0.0 ], [ 40.802925, 57.595116, 0.0 ], [ 38.34913, 57.333393, 0.0 ], [ 34.62251, 57.449703, 0.0 ], [ 29.987831, 57.932526, 0.0 ], [ 24.898933, 58.734566, 0.0 ], [ 19.853798, 59.777306, 0.0 ], [ 15.346423, 60.95881, 0.0 ], [ 11.817903, 62.16338, 0.0 ], [ 9.613696, 63.273014, 0.0 ], [ 8.94949, 64.17896, 0.0 ], [ 9.890395, 64.79308, 0.0 ], [ 12.3442745, 65.05445, 0.0 ], [ 16.070896, 64.93858, 0.0 ], [ 20.705523, 64.455795, 0.0 ], [ 25.794437, 63.653675, 0.0 ], [ 30.839552, 62.61081, 0.0 ], [ 35.346947, 61.42941, 0.0 ], [ 38.875584, 60.224895, 0.0 ], [ 41.079784, 59.11528, 0.0 ]] 
boundary 0: [[ 41.61686, 70.44973, 0.0 ], [ 40.971695, 69.5303, 0.0 ], [ 38.79091, 68.37522, 0.0 ], [ 35.288185, 67.09744, 0.0 ], [ 30.806211, 65.8227, 0.0 ], [ 25.783817, 64.67551, 0.0 ], [ 20.712645, 63.76798, 0.0 ], [ 16.089062, 63.189163, 0.0 ], [ 12.365626, 62.99552, 0.0 ], [ 9.906851, 63.206085, 0.0 ], [ 8.953444, 63.80058, 0.0 ], [ 9.598649, 64.72031, 0.0 ], [ 11.779397, 65.87545, 0.0 ], [ 15.28211, 67.15312, 0.0 ], [ 19.764011, 68.42776, 0.0 ], [ 24.786394, 69.57489, 0.0 ], [ 29.857574, 70.482544, 0.0 ], [ 34.481224, 71.06152, 0.0 ], [ 38.204636, 71.254875, 0.0 ], [ 40.66331, 71.04429, 0.0 ]] 
boundary 1: [[ 41.616905, 57.549973, 0.0 ], [ 40.66331, 56.955685, 0.0 ], [ 38.20462, 56.744957, 0.0 ], [ 34.481216, 56.938606, 0.0 ], [ 29.85756, 57.517536, 0.0 ], [ 24.786406, 58.42504, 0.0 ], [ 19.764, 59.57228, 0.0 ], [ 15.282126, 60.8471, 0.0 ], [ 11.77937, 62.12465, 0.0 ], [ 9.598674, 63.279808, 0.0 ], [ 8.953416, 64.19935, 0.0 ], [ 9.906867, 64.7938, 0.0 ], [ 12.365645, 65.00418, 0.0 ], [ 16.089054, 64.810974, 0.0 ], [ 20.71266, 64.232086, 0.0 ], [ 25.783829, 63.324497, 0.0 ], [ 30.80621, 62.177128, 0.0 ], [ 35.2881, 60.902412, 0.0 ], [ 38.790977, 59.624912, 0.0 ], [ 40.971684, 58.469784, 0.0 ]] 
boundary 0: [[ 41.44233, 71.25456, 0.0 ], [ 40.820793, 70.319, 0.0 ], [ 38.670124, 69.10876, 0.0 ], [ 35.20108, 67.74217, 0.0 ], [ 30.753029, 66.3537, 0.0 ], [ 25.761475, 65.07898, 0.0 ], [ 20.715065, 64.04259, 0.0 ], [ 16.107714, 63.346207, 0.0 ], [ 12.390422, 63.05779, 0.0 ], [ 9.927079, 63.205666, 0.0 ], [ 8.958839, 63.77569, 0.0 ], [ 9.58041, 64.71156, 0.0 ], [ 11.731035, 65.92186, 0.0 ], [ 15.200071, 67.28832, 0.0 ], [ 19.648056, 68.67669, 0.0 ], [ 24.639593, 69.95136, 0.0 ], [ 29.686018, 70.98788, 0.0 ], [ 34.293427, 71.68443, 0.0 ], [ 38.010693, 71.97255, 0.0 ], [ 40.473938, 71.82464, 0.0 ]] 
boundary 1: [[ 41.442368, 56.745136, 0.0 ], [ 40.473938, 56.175327, 0.0 ], [ 38.010674, 56.02729, 0.0 ], [ 34.293427, 56.315704, 0.0 ], [ 29.686003, 57.012207, 0.0 ], [ 24.639603, 58.048576, 0.0 ], [ 19.648045, 59.323345, 0.0 ], [ 15.200096, 60.7119, 0.0 ], [ 11.7310095, 62.07824, 0.0 ], [ 9.580441, 63.28857, 0.0 ], [ 8.958811, 64.22425, 0.0 ], [ 9.927093, 64.79422, 0.0 ], [ 12.390432, 64.94191, 0.0 ], [ 16.107708, 64.65394, 0.0 ], [ 20.715084, 63.957474, 0.0 ], [ 25.761486, 62.921032, 0.0 ], [ 30.753025, 61.64612, 0.0 ], [ 35.200996, 60.25767, 0.0 ], [ 38.670193, 58.891373, 0.0 ], [ 40.820778, 57.681084, 0.0 ]] 
boundary 0: [[ 41.075516, 72.69543, 0.0 ], [ 40.497643, 71.73228, 0.0 ], [ 38.40489, 70.42444, 0.0 ], [ 35.002335, 68.89982, 0.0 ], [ 30.622816, 67.30833, 0.0 ], [ 25.695137, 65.80548, 0.0 ], [ 20.70171, 64.5382, 0.0 ], [ 16.131243, 63.630745, 0.0 ], [ 12.431142, 63.171738, 0.0 ], [ 9.963603, 63.206215, 0.0 ], [ 8.970181, 63.73113, 0.0 ], [ 9.548072, 64.69459, 0.0 ], [ 11.640784, 66.00247, 0.0 ], [ 15.043335, 67.526955, 0.0 ], [ 19.42279, 69.118355, 0.0 ], [ 24.350452, 70.62114, 0.0 ], [ 29.343893, 71.88854, 0.0 ], [ 33.914413, 72.796196, 0.0 ], [ 37.6145, 73.25488, 0.0 ], [ 40.08194, 73.220375, 0.0 ]] 
boundary 1: [[ 41.075535, 55.304276, 0.0 ], [ 40.08194, 54.77959, 0.0 ], [ 37.614475, 54.744953, 0.0 ], [ 33.914417, 55.20395, 0.0 ], [ 29.343878, 56.111526, 0.0 ], [ 24.350456, 57.37879, 0.0 ], [ 19.42278, 58.881683, 0.0 ], [ 15.043368, 60.47325, 0.0 ], [ 11.64076, 61.99763, 0.0 ], [ 9.548109, 63.305546, 0.0 ], [ 8.97015, 64.268814, 0.0 ], [ 9.963611, 64.79367, 0.0 ], [ 12.431135, 64.82796, 0.0 ], [ 16.131245, 64.3694, 0.0 ], [ 20.701733, 63.461864, 0.0 ], [ 25.695148, 62.19452, 0.0 ], [ 30.622805, 60.69149, 0.0 ], [ 35.002243, 59.10003, 0.0 ], [ 38.40496, 57.575687, 0.0 ], [ 40.49763, 56.267807, 0.0 ]] 
boundary 0: [[ 40.571426, 74.33215, 0.0 ], [ 40.045372, 73.33977, 0.0 ], [ 38.024788, 71.92295, 0.0 ], [ 34.707733, 70.22031, 0.0 ], [ 30.418627, 68.399155, 0.0 ], [ 25.57743, 66.637505, 0.0 ], [ 20.658106, 65.107605, 0.0 ], [ 16.142105, 63.95943, 0.0 ], [ 12.471494, 63.305157, 0.0 ], [ 10.0055895, 63.20893, 0.0 ], [ 8.985768, 63.680515, 0.0 ], [ 9.511834, 64.67321, 0.0 ], [ 11.532361, 66.09007, 0.0 ], [ 14.849422, 67.79257, 0.0 ], [ 19.138474, 69.613625, 0.0 ], [ 23.979652, 71.37521, 0.0 ], [ 28.898983, 72.90523, 0.0 ], [ 33.41503, 74.05362, 0.0 ], [ 37.08564, 74.707565, 0.0 ], [ 39.551453, 74.803764, 0.0 ]] 
boundary 1: [[ 40.571434, 53.667545, 0.0 ], [ 39.55144, 53.196213, 0.0 ], [ 37.085594, 53.29226, 0.0 ], [ 33.41504, 53.946526, 0.0 ], [ 28.898973, 55.09484, 0.0 ], [ 23.979652, 56.624718, 0.0 ], [ 19.138462, 58.38641, 0.0 ], [ 14.849464, 60.207634, 0.0 ], [ 11.532346, 61.91004, 0.0 ], [ 9.51188, 63.32692, 0.0 ], [ 8.985734, 64.319435, 0.0 ], [ 10.00559, 64.79096, 0.0 ], [ 12.47147, 64.69455, 0.0 ], [ 16.142109, 64.04072, 0.0 ], [ 20.658134, 62.892452, 0.0 ], [ 25.577442, 61.362495, 0.0 ], [ 30.418602, 59.600655, 0.0 ], [ 34.70764, 57.77955, 0.0 ], [ 38.024868, 56.077175, 0.0 ], [ 40.045357, 54.660324, 0.0 ]] 
boundary 0: [[ 40.00419, 75.882324, 0.0 ], [ 39.529465, 74.86438, 0.0 ], [ 37.583824, 73.34629, 0.0 ], [ 34.35798, 71.47658, 0.0 ], [ 30.167414, 69.4389, 0.0 ], [ 25.422434, 67.43249, 0.0 ], [ 20.5876, 65.653496, 0.0 ], [ 16.13608, 64.27636, 0.0 ], [ 12.503648, 63.4356, 0.0 ], [ 10.045868, 63.21365, 0.0 ], [ 9.003307, 63.632572, 0.0 ], [ 9.478026, 64.650826, 0.0 ], [ 11.423609, 66.16895, 0.0 ], [ 14.649459, 68.03853, 0.0 ], [ 18.839981, 70.0761, 0.0 ], [ 23.584946, 72.08246, 0.0 ], [ 28.419783, 73.86154, 0.0 ], [ 32.871338, 75.23894, 0.0 ], [ 36.503784, 76.079346, 0.0 ], [ 38.961483, 76.30126, 0.0 ]] 
boundary 1: [[ 40.00418, 52.117374, 0.0 ], [ 38.961464, 51.698708, 0.0 ], [ 36.503727, 51.92048, 0.0 ], [ 32.871346, 52.761223, 0.0 ], [ 28.419775, 54.138515, 0.0 ], [ 23.584942, 55.91747, 0.0 ], [ 18.839973, 57.923935, 0.0 ], [ 14.649512, 59.961678, 0.0 ], [ 11.423599, 61.831154, 0.0 ], [ 9.478079, 63.349304, 0.0 ], [ 9.003272, 64.36737, 0.0 ], [ 10.045862, 64.78624, 0.0 ], [ 12.503609, 64.56411, 0.0 ], [ 16.136093, 63.7238, 0.0 ], [ 20.587631, 62.346542, 0.0 ], [ 25.422445, 60.567524, 0.0 ], [ 30.16738, 58.5609, 0.0 ], [ 34.357887, 56.523285, 0.0 ], [ 37.583908, 54.653824, 0.0 ], [ 39.52945, 53.135708, 0.0 ]] 
boundary 0: [[ 39.366898, 77.38325, 0.0 ], [ 38.944084, 76.34267, 0.0 ], [ 37.077454, 74.72842, 0.0 ], [ 33.949986, 72.69844, 0.0 ], [ 29.867474, 70.45209, 0.0 ], [ 25.229683, 68.20903, 0.0 ], [ 20.490688, 66.188545, 0.0 ], [ 16.114258, 64.58873, 0.0 ], [ 12.528834, 63.5659, 0.0 ], [ 10.085368, 63.22032, 0.0 ], [ 9.023014, 63.586155, 0.0 ], [ 9.445794, 64.62704, 0.0 ], [ 11.312365, 66.24133, 0.0 ], [ 14.4398575, 68.27116, 0.0 ], [ 18.522326, 70.5174, 0.0 ], [ 23.160103, 72.76043, 0.0 ], [ 27.899096, 74.781006, 0.0 ], [ 32.275543, 76.381065, 0.0 ], [ 35.861004, 77.40355, 0.0 ], [ 38.30439, 77.74909, 0.0 ]] 
boundary 1: [[ 39.36687, 50.61644, 0.0 ], [ 38.304367, 50.250885, 0.0 ], [ 35.86094, 50.596283, 0.0 ], [ 32.27556, 51.619083, 0.0 ], [ 27.89909, 53.21905, 0.0 ], [ 23.160095, 55.23949, 0.0 ], [ 18.522318, 57.482628, 0.0 ], [ 14.439919, 59.729042, 0.0 ], [ 11.312359, 61.758778, 0.0 ], [ 9.445852, 63.373077, 0.0 ], [ 9.022977, 64.41379, 0.0 ], [ 10.085357, 64.779564, 0.0 ], [ 12.528779, 64.433815, 0.0 ], [ 16.11428, 63.41144, 0.0 ], [ 20.490719, 61.8115, 0.0 ], [ 25.229694, 59.791, 0.0 ], [ 29.867432, 57.547703, 0.0 ], [ 33.949886, 55.30142, 0.0 ], [ 37.077553, 53.27169, 0.0 ], [ 38.94407, 51.657417, 0.0 ]] 
boundary 0: [[ 38.453552, 79.23298, 0.0 ], [ 38.097954, 78.16754, 0.0 ], [ 36.338066, 76.43756, 0.0 ], [ 33.346413, 74.21227, 0.0 ], [ 29.415459, 71.71015, 0.0 ], [ 24.930141, 69.1759, 0.0 ], [ 20.329636, 66.85733, 0.0 ], [ 16.064137, 64.98169, 0.0 ], [ 12.551235, 63.732296, 0.0 ], [ 10.134779, 63.2316, 0.0 ], [ 9.051258, 63.52895, 0.0 ], [ 9.406799, 64.59467, 0.0 ], [ 11.166629, 66.32471, 0.0 ], [ 14.158316, 68.54985, 0.0 ], [ 18.08923, 71.05186, 0.0 ], [ 22.574535, 73.58607, 0.0 ], [ 27.175034, 75.90474, 0.0 ], [ 31.440535, 77.78063, 0.0 ], [ 34.9535, 79.02968, 0.0 ], [ 37.36987, 79.53032, 0.0 ]] 
boundary 1: [[ 38.4535, 48.766716, 0.0 ], [ 37.369846, 48.46965, 0.0 ], [ 34.953423, 48.97016, 0.0 ], [ 31.440557, 50.21952, 0.0 ], [ 27.17503, 52.09532, 0.0 ], [ 22.57452, 54.413853, 0.0 ], [ 18.089222, 56.94818, 0.0 ], [ 14.15839, 59.450356, 0.0 ], [ 11.16663, 61.6754, 0.0 ], [ 9.406867, 63.40544, 0.0 ], [ 9.051217, 64.47101, 0.0 ], [ 10.13476, 64.76828, 0.0 ], [ 12.551161, 64.267426, 0.0 ], [ 16.064169, 63.01849, 0.0 ], [ 20.329676, 61.142715, 0.0 ], [ 24.930159, 58.82412, 0.0 ], [ 29.415401, 56.289646, 0.0 ], [ 33.346306, 53.787598, 0.0 ], [ 36.33817, 51.562546, 0.0 ], [ 38.09794, 49.832523, 0.0 ]] 
boundary 0: [[ 35.970337, 83.17084, 0.0 ], [ 35.77143, 82.06539, 0.0 ], [ 34.27823, 80.100586, 0.0 ], [ 31.637148, 77.468735, 0.0 ], [ 28.10627, 74.42805, 0.0 ], [ 24.031387, 71.275925, 0.0 ], [ 19.811543, 68.32072, 0.0 ], [ 15.859608, 65.85196, 0.0 ], [ 12.562544, 64.11103, 0.0 ], [ 10.24304, 63.268497, 0.0 ], [ 9.128048, 63.407166, 0.0 ], [ 9.326857, 64.512886, 0.0 ], [ 10.82, 66.47772, 0.0 ], [ 13.461123, 69.109436, 0.0 ], [ 16.991983, 72.15002, 0.0 ], [ 21.066858, 75.30209, 0.0 ], [ 25.28669, 78.2574, 0.0 ], [ 29.238583, 80.72641, 0.0 ], [ 32.53576, 82.466995, 0.0 ], [ 34.855186, 83.30946, 0.0 ]] 
boundary 1: [[ 35.970245, 44.828876, 0.0 ], [ 34.855156, 44.6905, 0.0 ], [ 32.53567, 45.532845, 0.0 ], [ 29.238628, 47.27374, 0.0 ], [ 25.286697, 49.742664, 0.0 ], [ 21.066833, 52.697838, 0.0 ], [ 16.991978, 55.850025, 0.0 ], [ 13.4612255, 58.89076, 0.0 ], [ 10.820012, 61.52239, 0.0 ], [ 9.326941, 63.48721, 0.0 ], [ 9.128001, 64.592804, 0.0 ], [ 10.243002, 64.73139, 0.0 ], [ 12.562429, 63.88871, 0.0 ], [ 15.859666, 62.148224, 0.0 ], [ 19.811583, 59.679325, 0.0 ], [ 24.031406, 56.724094, 0.0 ], [ 28.106188, 53.57177, 0.0 ], [ 31.63703, 50.531147, 0.0 ], [ 34.27835, 47.899498, 0.0 ], [ 35.771427, 45.934692, 0.0 ]] 
boundary 0: [[ 30.765564, 88.727806, 0.0 ], [ 30.830662, 87.6065, 0.0 ], [ 29.838314, 85.34701, 0.0 ], [ 27.885887, 82.17052, 0.0 ], [ 25.163937, 78.38848, 0.0 ], [ 21.939121, 74.37089, 0.0 ], [ 18.527315, 70.51085, 0.0 ], [ 15.262239, 67.18641, 0.0 ], [ 12.463686, 64.72276, 0.0 ], [ 10.405509, 63.3612, 0.0 ], [ 9.289002, 63.235294, 0.0 ], [ 9.223736, 64.35685, 0.0 ], [ 10.216027, 66.61637, 0.0 ], [ 12.168526, 69.79272, 0.0 ], [ 14.890489, 73.57465, 0.0 ], [ 18.115303, 77.59222, 0.0 ], [ 21.527077, 81.45234, 0.0 ], [ 24.792046, 84.77701, 0.0 ], [ 27.590792, 87.24034, 0.0 ], [ 29.648922, 88.60182, 0.0 ]] 
boundary 1: [[ 30.765406, 39.27192, 0.0 ], [ 29.648878, 39.398144, 0.0 ], [ 27.59067, 40.75952, 0.0 ], [ 24.792126, 43.22313, 0.0 ], [ 21.527092, 46.54772, 0.0 ], [ 18.115265, 50.407734, 0.0 ], [ 14.89049, 54.425392, 0.0 ], [ 12.168673, 58.20745, 0.0 ], [ 10.2160635, 61.383736, 0.0 ], [ 9.223843, 63.643227, 0.0 ], [ 9.288952, 64.764694, 0.0 ], [ 10.405446, 64.63871, 0.0 ], [ 12.463513, 63.277008, 0.0 ], [ 15.262339, 60.81375, 0.0 ], [ 18.527367, 57.48919, 0.0 ], [ 21.939142, 53.629128, 0.0 ], [ 25.163815, 49.61135, 0.0 ], [ 27.885742, 45.829384, 0.0 ], [ 29.838451, 42.653057, 0.0 ], [ 30.830685, 40.393593, 0.0 ]] 
