boundary 0: [[ 35.634422, 83.6189, 0.0 ], [ 35.454815, 82.50983, 0.0 ], [ 33.99589, 80.51947, 0.0 ], [ 31.4006, 77.84252, 0.0 ], [ 27.92297, 74.74116, 0.0 ], [ 23.903355, 71.51887, 0.0 ], [ 19.735249, 68.49111, 0.0 ], [ 15.826674, 65.9542, 0.0 ], [ 12.560215, 64.156555, 0.0 ], [ 10.25561, 63.27409, 0.0 ], [ 9.13846, 63.393223, 0.0 ], [ 9.318104, 64.50227, 0.0 ], [ 10.7769785, 66.49266, 0.0 ], [ 13.372259, 69.16956, 0.0 ], [ 16.849897, 72.27099, 0.0 ], [ 20.869526, 75.49328, 0.0 ], [ 25.037598, 78.52107, 0.0 ], [ 28.946228, 81.05792, 0.0 ], [ 32.212677, 82.855515, 0.0 ], [ 34.517273, 83.73801, 0.0 ]] 
boundary 1: [[ 35.63443, 44.381134, 0.0 ], [ 34.51728, 44.262016, 0.0 ], [ 32.21266, 45.144424, 0.0 ], [ 28.946228, 46.942078, 0.0 ], [ 25.03761, 49.478992, 0.0 ], [ 20.86953, 52.50677, 0.0 ], [ 16.849905, 55.729042, 0.0 ], [ 13.372269, 58.830452, 0.0 ], [ 10.776975, 61.507355, 0.0 ], [ 9.318115, 63.497753, 0.0 ], [ 9.1384535, 64.60674, 0.0 ], [ 10.255588, 64.72582, 0.0 ], [ 12.560219, 63.84344, 0.0 ], [ 15.826715, 62.045837, 0.0 ], [ 19.735264, 59.50891, 0.0 ], [ 23.903358, 56.481133, 0.0 ], [ 27.922977, 53.25885, 0.0 ], [ 31.400623, 50.15744, 0.0 ], [ 33.9959, 47.480553, 0.0 ], [ 35.45482, 45.490158, 0.0 ]] 
boundary 0: [[ 36.897617, 81.84305, 0.0 ], [ 36.643707, 80.74861, 0.0 ], [ 35.05402, 78.861046, 0.0 ], [ 32.2843, 76.36499, 0.0 ], [ 28.60565, 73.50494, 0.0 ], [ 24.378105, 70.560745, 0.0 ], [ 20.015518, 67.82063, 0.0 ], [ 15.944925, 65.55277, 0.0 ], [ 12.5647955, 63.979248, 0.0 ], [ 10.205981, 63.25403, 0.0 ], [ 9.099393, 63.448143, 0.0 ], [ 9.353335, 64.54259, 0.0 ], [ 10.942974, 66.430176, 0.0 ], [ 13.712681, 68.92617, 0.0 ], [ 17.391338, 71.786285, 0.0 ], [ 21.618896, 74.73049, 0.0 ], [ 25.981459, 77.47065, 0.0 ], [ 30.0521, 79.738434, 0.0 ], [ 33.43222, 81.311905, 0.0 ], [ 35.791023, 82.03715, 0.0 ]] 
boundary 1: [[ 36.89762, 46.156982, 0.0 ], [ 35.79103, 45.96287, 0.0 ], [ 33.432213, 46.688034, 0.0 ], [ 30.0521, 48.261566, 0.0 ], [ 25.981464, 50.52943, 0.0 ], [ 21.618896, 53.26956, 0.0 ], [ 17.391346, 56.213745, 0.0 ], [ 13.71269, 59.07385, 0.0 ], [ 10.942966, 61.56985, 0.0 ], [ 9.353345, 63.457455, 0.0 ], [ 9.099387, 64.55183, 0.0 ], [ 10.205962, 64.74589, 0.0 ], [ 12.564801, 64.02075, 0.0 ], [ 15.944963, 62.447273, 0.0 ], [ 20.01553, 60.17939, 0.0 ], [ 24.378109, 57.439262, 0.0 ], [ 28.605658, 54.495064, 0.0 ], [ 32.284325, 51.634964, 0.0 ], [ 35.054028, 49.138977, 0.0 ], [ 36.643715, 47.251373, 0.0 ]] 
boundary 0: [[ 38.294777, 79.52663, 0.0 ], [ 37.950264, 78.45724, 0.0 ], [ 36.208366, 76.709145, 0.0 ], [ 33.239685, 74.453384, 0.0 ], [ 29.334831, 71.91082, 0.0 ], [ 24.875973, 69.33032, 0.0 ], [ 20.299604, 66.96448, 0.0 ], [ 16.053686, 65.04482, 0.0 ], [ 12.553853, 63.759354, 0.0 ], [ 10.142672, 63.233845, 0.0 ], [ 9.056181, 63.51978, 0.0 ], [ 9.400722, 64.58918, 0.0 ], [ 11.142584, 66.33728, 0.0 ], [ 14.1112385, 68.593, 0.0 ], [ 18.016106, 71.13562, 0.0 ], [ 22.474976, 73.71613, 0.0 ], [ 27.051325, 76.082016, 0.0 ], [ 31.297285, 78.00159, 0.0 ], [ 34.797104, 79.28701, 0.0 ], [ 37.208282, 79.81255, 0.0 ]] 
boundary 1: [[ 38.294777, 48.4734, 0.0 ], [ 37.208282, 48.187477, 0.0 ], [ 34.797115, 48.71293, 0.0 ], [ 31.297287, 49.998398, 0.0 ], [ 27.051323, 51.91806, 0.0 ], [ 22.474972, 54.283928, 0.0 ], [ 18.01611, 56.86442, 0.0 ], [ 14.111244, 59.407005, 0.0 ], [ 11.142572, 61.662754, 0.0 ], [ 9.400725, 63.410873, 0.0 ], [ 9.056178, 64.48019, 0.0 ], [ 10.142661, 64.766045, 0.0 ], [ 12.553858, 64.240654, 0.0 ], [ 16.05372, 62.95523, 0.0 ], [ 20.299612, 61.035545, 0.0 ], [ 24.875977, 58.669674, 0.0 ], [ 29.334839, 56.089172, 0.0 ], [ 33.239716, 53.546585, 0.0 ], [ 36.208374, 51.29087, 0.0 ], [ 37.95028, 49.54274, 0.0 ]] 
boundary 0: [[ 39.47391, 77.14543, 0.0 ], [ 39.04275, 76.10793, 0.0 ], [ 37.163193, 74.50877, 0.0 ], [ 34.019325, 72.504395, 0.0 ], [ 29.918877, 70.29105, 0.0 ], [ 25.26319, 68.085365, 0.0 ], [ 20.508013, 66.10327, 0.0 ], [ 16.11881, 64.53876, 0.0 ], [ 12.525246, 63.54499, 0.0 ], [ 10.079055, 63.219242, 0.0 ], [ 9.0197115, 63.593414, 0.0 ], [ 9.450897, 64.63093, 0.0 ], [ 11.330416, 66.230095, 0.0 ], [ 14.474264, 68.234436, 0.0 ], [ 18.574722, 70.447845, 0.0 ], [ 23.23042, 72.653534, 0.0 ], [ 27.985582, 74.635666, 0.0 ], [ 32.37483, 76.200096, 0.0 ], [ 35.96837, 77.19382, 0.0 ], [ 38.41456, 77.519615, 0.0 ]] 
boundary 1: [[ 39.47391, 50.854595, 0.0 ], [ 38.41456, 50.48043, 0.0 ], [ 35.968384, 50.80612, 0.0 ], [ 32.37483, 51.79988, 0.0 ], [ 27.985579, 53.36443, 0.0 ], [ 23.230413, 55.346535, 0.0 ], [ 18.574722, 57.552197, 0.0 ], [ 14.47427, 59.765568, 0.0 ], [ 11.330401, 61.76993, 0.0 ], [ 9.450898, 63.36913, 0.0 ], [ 9.0197115, 64.40654, 0.0 ], [ 10.079054, 64.78065, 0.0 ], [ 12.5252495, 64.45502, 0.0 ], [ 16.118843, 63.461308, 0.0 ], [ 20.50802, 61.89673, 0.0 ], [ 25.263193, 59.91462, 0.0 ], [ 29.918882, 57.70895, 0.0 ], [ 34.019356, 55.495575, 0.0 ], [ 37.1632, 53.491238, 0.0 ], [ 39.042774, 51.892048, 0.0 ]] 
boundary 0: [[ 40.40422, 74.81544, 0.0 ], [ 39.893913, 73.8145, 0.0 ], [ 37.896027, 72.36587, 0.0 ], [ 34.60621, 70.611275, 0.0 ], [ 30.346498, 68.722534, 0.0 ], [ 25.533798, 66.88445, 0.0 ], [ 20.639256, 65.27704, 0.0 ], [ 16.141962, 64.05754, 0.0 ], [ 12.482162, 63.345398, 0.0 ], [ 10.01808, 63.210297, 0.0 ], [ 8.990936, 63.66548, 0.0 ], [ 9.501268, 64.666435, 0.0 ], [ 11.499121, 66.11505, 0.0 ], [ 14.788913, 67.869606, 0.0 ], [ 19.048645, 69.75844, 0.0 ], [ 23.861341, 71.596504, 0.0 ], [ 28.755877, 73.20397, 0.0 ], [ 33.253212, 74.42338, 0.0 ], [ 36.912987, 75.13547, 0.0 ], [ 39.377064, 75.27063, 0.0 ]] 
boundary 1: [[ 40.40422, 53.184593, 0.0 ], [ 39.377064, 52.72941, 0.0 ], [ 36.913002, 52.86447, 0.0 ], [ 33.25322, 53.576614, 0.0 ], [ 28.755869, 54.796124, 0.0 ], [ 23.86133, 56.403572, 0.0 ], [ 19.048641, 58.24162, 0.0 ], [ 14.7889185, 60.130398, 0.0 ], [ 11.4991045, 61.88496, 0.0 ], [ 9.501266, 63.333622, 0.0 ], [ 8.990941, 64.334465, 0.0 ], [ 10.0180855, 64.78961, 0.0 ], [ 12.482166, 64.654625, 0.0 ], [ 16.141993, 63.94252, 0.0 ], [ 20.639263, 62.722973, 0.0 ], [ 25.533806, 61.11552, 0.0 ], [ 30.346504, 59.277466, 0.0 ], [ 34.606247, 57.388687, 0.0 ], [ 37.896034, 55.63414, 0.0 ], [ 39.893936, 54.1855, 0.0 ]] 
boundary 0: [[ 40.990025, 72.996155, 0.0 ], [ 40.421467, 72.027115, 0.0 ], [ 38.341476, 70.699066, 0.0 ], [ 34.95373, 69.14191, 0.0 ], [ 30.589865, 67.50815, 0.0 ], [ 25.676971, 65.95764, 0.0 ], [ 20.696003, 64.64223, 0.0 ], [ 16.13451, 63.6906, 0.0 ], [ 12.439033, 63.195942, 0.0 ], [ 9.971271, 63.20667, 0.0 ], [ 8.972817, 63.72174, 0.0 ], [ 9.5414, 64.69081, 0.0 ], [ 11.621353, 66.01883, 0.0 ], [ 15.009068, 67.57595, 0.0 ], [ 19.37296, 69.20981, 0.0 ], [ 24.285849, 70.760284, 0.0 ], [ 29.266815, 72.07575, 0.0 ], [ 33.82834, 73.02729, 0.0 ], [ 37.523785, 73.52191, 0.0 ], [ 39.991554, 73.511246, 0.0 ]] 
boundary 1: [[ 40.99002, 55.00388, 0.0 ], [ 39.991547, 54.4888, 0.0 ], [ 37.52382, 54.47804, 0.0 ], [ 33.828346, 54.972694, 0.0 ], [ 29.266798, 55.92435, 0.0 ], [ 24.285835, 57.23979, 0.0 ], [ 19.372955, 58.790264, 0.0 ], [ 15.009073, 60.424053, 0.0 ], [ 11.621336, 61.98117, 0.0 ], [ 9.541395, 63.309258, 0.0 ], [ 8.972825, 64.2782, 0.0 ], [ 9.971285, 64.793236, 0.0 ], [ 12.439035, 64.804085, 0.0 ], [ 16.134539, 64.30947, 0.0 ], [ 20.69601, 63.357765, 0.0 ], [ 25.67698, 62.042324, 0.0 ], [ 30.58987, 60.491833, 0.0 ], [ 34.95377, 58.85805, 0.0 ], [ 38.341484, 57.300945, 0.0 ], [ 40.42149, 55.97289, 0.0 ]] 
boundary 0: [[ 41.32182, 71.75963, 0.0 ], [ 40.715355, 70.81383, 0.0 ], [ 38.584404, 69.56917, 0.0 ], [ 35.13768, 68.14736, 0.0 ], [ 30.71255, 66.68764, 0.0 ], [ 25.742132, 65.33283, 0.0 ], [ 20.71298, 64.215645, 0.0 ], [ 16.117397, 63.445347, 0.0 ], [ 12.405236, 63.097374, 0.0 ], [ 9.939833, 63.205788, 0.0 ], [ 8.962554, 63.759987, 0.0 ], [ 9.569056, 64.70579, 0.0 ], [ 11.699952, 65.950424, 0.0 ], [ 15.146654, 67.3722, 0.0 ], [ 19.571814, 68.832016, 0.0 ], [ 24.542229, 70.18679, 0.0 ], [ 29.571365, 71.30404, 0.0 ], [ 34.16698, 72.07425, 0.0 ], [ 37.879116, 72.42218, 0.0 ], [ 40.34453, 72.31381, 0.0 ]] 
boundary 1: [[ 41.321815, 56.24043, 0.0 ], [ 40.344513, 55.68622, 0.0 ], [ 37.879154, 55.577774, 0.0 ], [ 34.16699, 55.925743, 0.0 ], [ 29.571344, 56.696064, 0.0 ], [ 24.542206, 57.813282, 0.0 ], [ 19.5718, 59.168053, 0.0 ], [ 15.14666, 60.627792, 0.0 ], [ 11.699935, 62.049576, 0.0 ], [ 9.569048, 63.294292, 0.0 ], [ 8.962565, 64.23996, 0.0 ], [ 9.939852, 64.79411, 0.0 ], [ 12.40524, 64.90265, 0.0 ], [ 16.11742, 64.554726, 0.0 ], [ 20.712988, 63.784348, 0.0 ], [ 25.74214, 62.66712, 0.0 ], [ 30.712555, 61.312355, 0.0 ], [ 35.13772, 59.852608, 0.0 ], [ 38.58441, 58.43084, 0.0 ], [ 40.715378, 57.18617, 0.0 ]] 
boundary 0: [[ 41.51827, 70.91674, 0.0 ], [ 40.88671, 69.9875, 0.0 ], [ 38.723206, 68.80035, 0.0 ], [ 35.239655, 67.47128, 0.0 ], [ 30.777037, 66.13054, 0.0 ], [ 25.772152, 64.90924, 0.0 ], [ 20.71489, 63.927048, 0.0 ], [ 16.100338, 63.280033, 0.0 ], [ 12.380193, 63.03154, 0.0 ], [ 9.918573, 63.2059, 0.0 ], [ 8.956479, 63.786053, 0.0 ], [ 9.588076, 64.71529, 0.0 ], [ 11.751522, 65.90244, 0.0 ], [ 15.235043, 67.23146, 0.0 ], [ 19.69769, 68.57231, 0.0 ], [ 24.702587, 69.793564, 0.0 ], [ 29.759829, 70.77581, 0.0 ], [ 34.374405, 71.42275, 0.0 ], [ 38.09452, 71.6712, 0.0 ], [ 40.556152, 71.496895, 0.0 ]] 
boundary 1: [[ 41.51826, 57.083313, 0.0 ], [ 40.556137, 56.503143, 0.0 ], [ 38.094563, 56.328754, 0.0 ], [ 34.374413, 56.577244, 0.0 ], [ 29.759802, 57.224285, 0.0 ], [ 24.702559, 58.206505, 0.0 ], [ 19.697674, 59.42775, 0.0 ], [ 15.23505, 60.768536, 0.0 ], [ 11.751505, 62.097557, 0.0 ], [ 9.588066, 63.284794, 0.0 ], [ 8.9564905, 64.2139, 0.0 ], [ 9.918593, 64.79399, 0.0 ], [ 12.380197, 64.96848, 0.0 ], [ 16.10036, 64.72005, 0.0 ], [ 20.714897, 64.07294, 0.0 ], [ 25.77216, 63.09072, 0.0 ], [ 30.777042, 61.869473, 0.0 ], [ 35.239693, 60.528687, 0.0 ], [ 38.723213, 59.199673, 0.0 ], [ 40.886734, 58.01248, 0.0 ]] 
boundary 0: [[ 41.494156, 71.02596, 0.0 ], [ 40.865814, 70.09456, 0.0 ], [ 38.706432, 68.89994, 0.0 ], [ 35.2275, 67.55882, 0.0 ], [ 30.769545, 66.202614, 0.0 ], [ 25.768913, 64.96404, 0.0 ], [ 20.71508, 63.964355, 0.0 ], [ 16.102795, 63.30138, 0.0 ], [ 12.383529, 63.04002, 0.0 ], [ 9.921319, 63.20584, 0.0 ], [ 8.957224, 63.78268, 0.0 ], [ 9.585603, 64.71408, 0.0 ], [ 11.74493, 65.908745, 0.0 ], [ 15.223831, 67.24978, 0.0 ], [ 19.681816, 68.60609, 0.0 ], [ 24.682453, 69.84461, 0.0 ], [ 29.73627, 70.84436, 0.0 ], [ 34.34858, 71.50729, 0.0 ], [ 38.06782, 71.76858, 0.0 ], [ 40.530045, 71.602806, 0.0 ]] 
boundary 1: [[ 41.49415, 56.974075, 0.0 ], [ 40.53003, 56.397236, 0.0 ], [ 38.06786, 56.23136, 0.0 ], [ 34.348587, 56.49272, 0.0 ], [ 29.736244, 57.155727, 0.0 ], [ 24.682426, 58.155434, 0.0 ], [ 19.6818, 59.393986, 0.0 ], [ 15.223839, 60.75022, 0.0 ], [ 11.744913, 62.09129, 0.0 ], [ 9.585593, 63.286, 0.0 ], [ 8.957235, 64.21727, 0.0 ], [ 9.921339, 64.794014, 0.0 ], [ 12.383533, 64.96001, 0.0 ], [ 16.102818, 64.69874, 0.0 ], [ 20.715088, 64.03563, 0.0 ], [ 25.76892, 63.035915, 0.0 ], [ 30.76955, 61.79736, 0.0 ], [ 35.22754, 60.44115, 0.0 ], [ 38.70644, 59.10009, 0.0 ], [ 40.865837, 57.905422, 0.0 ]] 
boundary 0: [[ 41.37285, 71.55024, 0.0 ], [ 40.760105, 70.6085, 0.0 ], [ 38.6209, 69.37812, 0.0 ], [ 35.164772, 67.97928, 0.0 ], [ 30.729998, 66.549065, 0.0 ], [ 25.750679, 65.22745, 0.0 ], [ 20.714184, 64.143814, 0.0 ], [ 16.113565, 63.404152, 0.0 ], [ 12.399164, 63.08093, 0.0 ], [ 9.934533, 63.205753, 0.0 ], [ 8.960978, 63.76646, 0.0 ], [ 9.573769, 64.70819, 0.0 ], [ 11.712914, 65.93863, 0.0 ], [ 15.169014, 67.33738, 0.0 ], [ 19.603806, 68.767685, 0.0 ], [ 24.583145, 70.089264, 0.0 ], [ 29.619621, 71.17297, 0.0 ], [ 34.220276, 71.91258, 0.0 ], [ 37.93464, 72.23573, 0.0 ], [ 40.399277, 72.11095, 0.0 ]] 
boundary 1: [[ 41.37284, 56.44981, 0.0 ], [ 40.39926, 55.88909, 0.0 ], [ 37.934677, 55.764206, 0.0 ], [ 34.220284, 56.087433, 0.0 ], [ 29.619596, 56.827106, 0.0 ], [ 24.583118, 57.91079, 0.0 ], [ 19.603794, 59.23239, 0.0 ], [ 15.169022, 60.662624, 0.0 ], [ 11.712897, 62.061405, 0.0 ], [ 9.573759, 63.291885, 0.0 ], [ 8.960987, 64.23349, 0.0 ], [ 9.934553, 64.794106, 0.0 ], [ 12.399168, 64.91909, 0.0 ], [ 16.11359, 64.59596, 0.0 ], [ 20.714191, 63.85619, 0.0 ], [ 25.750683, 62.77251, 0.0 ], [ 30.730003, 61.450905, 0.0 ], [ 35.16481, 60.02069, 0.0 ], [ 38.620907, 58.621918, 0.0 ], [ 40.760128, 57.39148, 0.0 ]] 
boundary 0: [[ 41.25409, 72.02861, 0.0 ], [ 40.655792, 71.07764, 0.0 ], [ 38.53559, 69.814804, 0.0 ], [ 35.10118, 68.363434, 0.0 ], [ 30.688732, 66.86578, 0.0 ], [ 25.73013, 65.46842, 0.0 ], [ 20.710737, 64.30813, 0.0 ], [ 16.121933, 63.498425, 0.0 ], [ 12.412888, 63.118626, 0.0 ], [ 9.946636, 63.205864, 0.0 ], [ 8.964651, 63.751667, 0.0 ], [ 9.563015, 64.70264, 0.0 ], [ 11.683157, 65.96552, 0.0 ], [ 15.117535, 67.4168, 0.0 ], [ 19.529999, 68.914536, 0.0 ], [ 24.48862, 70.31187, 0.0 ], [ 29.50799, 71.47224, 0.0 ], [ 34.096848, 72.28189, 0.0 ], [ 37.805843, 72.66161, 0.0 ], [ 40.2721, 72.57442, 0.0 ]] 
boundary 1: [[ 41.25408, 55.971447, 0.0 ], [ 40.272083, 55.42563, 0.0 ], [ 37.80588, 55.33832, 0.0 ], [ 34.096855, 55.718124, 0.0 ], [ 29.507965, 56.52785, 0.0 ], [ 24.488598, 57.688187, 0.0 ], [ 19.529991, 59.085537, 0.0 ], [ 15.117542, 60.5832, 0.0 ], [ 11.68314, 62.0345, 0.0 ], [ 9.563006, 63.29745, 0.0 ], [ 8.964658, 64.24828, 0.0 ], [ 9.946656, 64.79398, 0.0 ], [ 12.412892, 64.8814, 0.0 ], [ 16.12196, 64.501686, 0.0 ], [ 20.710745, 63.69187, 0.0 ], [ 25.73013, 62.531544, 0.0 ], [ 30.688738, 61.13419, 0.0 ], [ 35.10122, 59.636536, 0.0 ], [ 38.5356, 58.185246, 0.0 ], [ 40.655815, 56.922348, 0.0 ]] 
boundary 0: [[ 41.00329, 72.95021, 0.0 ], [ 40.43335, 71.982, 0.0 ], [ 38.35137, 70.65709, 0.0 ], [ 34.96132, 69.10491, 0.0 ], [ 30.59504, 67.477585, 0.0 ], [ 25.67987, 65.93437, 0.0 ], [ 20.696941, 64.62633, 0.0 ], [ 16.134052, 63.68144, 0.0 ], [ 12.437839, 63.192245, 0.0 ], [ 9.970087, 63.2066, 0.0 ], [ 8.972409, 63.723164, 0.0 ], [ 9.542423, 64.69139, 0.0 ], [ 11.624339, 66.01634, 0.0 ], [ 15.014352, 67.568436, 0.0 ], [ 19.380653, 69.195854, 0.0 ], [ 24.295841, 70.73903, 0.0 ], [ 29.278744, 72.04716, 0.0 ], [ 33.841698, 72.992, 0.0 ], [ 37.537857, 73.48109, 0.0 ], [ 40.0056, 73.4668, 0.0 ]] 
boundary 1: [[ 41.00328, 55.049835, 0.0 ], [ 40.005592, 54.533264, 0.0 ], [ 37.537895, 54.518833, 0.0 ], [ 33.841705, 55.00803, 0.0 ], [ 29.278725, 55.952934, 0.0 ], [ 24.295818, 57.261032, 0.0 ], [ 19.380653, 58.804226, 0.0 ], [ 15.014359, 60.43157, 0.0 ], [ 11.624323, 61.983677, 0.0 ], [ 9.542418, 63.308697, 0.0 ], [ 8.972414, 64.27679, 0.0 ], [ 9.970101, 64.79324, 0.0 ], [ 12.437843, 64.80778, 0.0 ], [ 16.134079, 64.31868, 0.0 ], [ 20.696949, 63.37368, 0.0 ], [ 25.67987, 62.065594, 0.0 ], [ 30.595045, 60.522396, 0.0 ], [ 34.961357, 58.895065, 0.0 ], [ 38.35138, 57.342964, 0.0 ], [ 40.433372, 56.017998, 0.0 ]] 
boundary 0: [[ 40.61145, 74.21285, 0.0 ], [ 40.08156, 73.22217, 0.0 ], [ 38.05548, 71.81324, 0.0 ], [ 34.731712, 70.123795, 0.0 ], [ 30.435616, 68.31932, 0.0 ], [ 25.587635, 66.57647, 0.0 ], [ 20.662346, 65.065834, 0.0 ], [ 16.141897, 63.935192, 0.0 ], [ 12.468765, 63.295307, 0.0 ], [ 10.00249, 63.208763, 0.0 ], [ 8.9845295, 63.684113, 0.0 ], [ 9.514487, 64.674835, 0.0 ], [ 11.540497, 66.08378, 0.0 ], [ 14.864229, 67.77316, 0.0 ], [ 19.160355, 69.57773, 0.0 ], [ 24.008347, 71.32053, 0.0 ], [ 28.933605, 72.83127, 0.0 ], [ 33.454124, 73.961845, 0.0 ], [ 37.1272, 74.60162, 0.0 ], [ 39.593468, 74.688225, 0.0 ]] 
boundary 1: [[ 40.611443, 53.787193, 0.0 ], [ 39.593468, 53.311832, 0.0 ], [ 37.12724, 53.3983, 0.0 ], [ 33.454132, 54.03818, 0.0 ], [ 28.93359, 55.168823, 0.0 ], [ 24.008326, 56.679535, 0.0 ], [ 19.160358, 58.422367, 0.0 ], [ 14.864237, 60.226845, 0.0 ], [ 11.540483, 61.916237, 0.0 ], [ 9.5144825, 63.32526, 0.0 ], [ 8.984532, 64.315834, 0.0 ], [ 10.002496, 64.79108, 0.0 ], [ 12.468773, 64.70473, 0.0 ], [ 16.141926, 64.064926, 0.0 ], [ 20.662354, 62.934196, 0.0 ], [ 25.587635, 61.423504, 0.0 ], [ 30.435621, 59.680664, 0.0 ], [ 34.73175, 57.876194, 0.0 ], [ 38.05549, 56.186813, 0.0 ], [ 40.08158, 54.777843, 0.0 ]] 
boundary 0: [[ 40.11415, 75.60035, 0.0 ], [ 39.629955, 74.58654, 0.0 ], [ 37.670197, 73.08673, 0.0 ], [ 34.42688, 71.24758, 0.0 ], [ 30.217476, 69.2492, 0.0 ], [ 25.453959, 67.28722, 0.0 ], [ 20.602627, 65.55369, 0.0 ], [ 16.138405, 64.21821, 0.0 ], [ 12.498247, 63.411587, 0.0 ], [ 10.038477, 63.212738, 0.0 ], [ 8.999912, 63.641205, 0.0 ], [ 9.484169, 64.655045, 0.0 ], [ 11.443863, 66.154854, 0.0 ], [ 14.687153, 67.993965, 0.0 ], [ 18.896572, 69.99244, 0.0 ], [ 23.660107, 71.954384, 0.0 ], [ 28.511402, 73.688, 0.0 ], [ 32.9757, 75.023415, 0.0 ], [ 36.615807, 75.829926, 0.0 ], [ 39.07556, 76.02884, 0.0 ]] 
boundary 1: [[ 40.114143, 52.399704, 0.0 ], [ 39.075565, 51.97123, 0.0 ], [ 36.615826, 52.17, 0.0 ], [ 32.975708, 52.97661, 0.0 ], [ 28.511387, 54.31209, 0.0 ], [ 23.660084, 56.045692, 0.0 ], [ 18.896584, 58.007652, 0.0 ], [ 14.687161, 60.006046, 0.0 ], [ 11.443851, 61.84516, 0.0 ], [ 9.484167, 63.34505, 0.0 ], [ 8.999912, 64.35874, 0.0 ], [ 10.038476, 64.78711, 0.0 ], [ 12.498255, 64.58844, 0.0 ], [ 16.138435, 63.781918, 0.0 ], [ 20.602634, 62.446346, 0.0 ], [ 25.453959, 60.71276, 0.0 ], [ 30.21748, 58.750797, 0.0 ], [ 34.42691, 56.752403, 0.0 ], [ 37.670204, 54.91331, 0.0 ], [ 39.62998, 53.41346, 0.0 ]] 
boundary 0: [[ 39.48811, 77.11357, 0.0 ], [ 39.055847, 76.07654, 0.0 ], [ 37.174545, 74.47944, 0.0 ], [ 34.02852, 72.478424, 0.0 ], [ 29.925688, 70.269485, 0.0 ], [ 25.267616, 68.06883, 0.0 ], [ 20.51028, 66.0919, 0.0 ], [ 16.1194, 64.53209, 0.0 ], [ 12.52475, 63.542206, 0.0 ], [ 10.078202, 63.219074, 0.0 ], [ 9.019277, 63.594406, 0.0 ], [ 9.451578, 64.63146, 0.0 ], [ 11.332823, 66.22857, 0.0 ], [ 14.478836, 68.22953, 0.0 ], [ 18.581673, 70.43857, 0.0 ], [ 23.23976, 72.63918, 0.0 ], [ 27.99706, 74.61621, 0.0 ], [ 32.388023, 76.17594, 0.0 ], [ 35.98262, 77.165726, 0.0 ], [ 38.42915, 77.48892, 0.0 ]] 
boundary 1: [[ 39.488106, 50.88649, 0.0 ], [ 38.429165, 50.511143, 0.0 ], [ 35.982635, 50.834198, 0.0 ], [ 32.38803, 51.824085, 0.0 ], [ 27.997046, 53.38389, 0.0 ], [ 23.239742, 55.360893, 0.0 ], [ 18.581692, 57.561516, 0.0 ], [ 14.478844, 59.77048, 0.0 ], [ 11.332812, 61.771442, 0.0 ], [ 9.451582, 63.368633, 0.0 ], [ 9.019274, 64.40553, 0.0 ], [ 10.078194, 64.78078, 0.0 ], [ 12.524757, 64.45782, 0.0 ], [ 16.119436, 63.468025, 0.0 ], [ 20.510288, 61.908142, 0.0 ], [ 25.267616, 59.931145, 0.0 ], [ 29.925692, 57.730522, 0.0 ], [ 34.02855, 55.52155, 0.0 ], [ 37.174564, 53.520607, 0.0 ], [ 39.05587, 51.92346, 0.0 ]] 
boundary 0: [[ 38.87403, 78.41829, 0.0 ], [ 38.488434, 77.363, 0.0 ], [ 36.680206, 75.68359, 0.0 ], [ 33.626534, 73.54431, 0.0 ], [ 29.626274, 71.15465, 0.0 ], [ 25.070953, 68.74849, 0.0 ], [ 20.40649, 66.5614, 0.0 ], [ 16.089523, 64.807365, 0.0 ], [ 12.542581, 63.6582, 0.0 ], [ 10.112877, 63.226307, 0.0 ], [ 9.03827, 63.554058, 0.0 ], [ 9.423903, 64.609344, 0.0 ], [ 11.232068, 66.28875, 0.0 ], [ 14.285735, 68.42799, 0.0 ], [ 18.286003, 70.81776, 0.0 ], [ 22.84134, 73.223885, 0.0 ], [ 27.50576, 75.41104, 0.0 ], [ 31.822817, 77.165016, 0.0 ], [ 35.369705, 78.314064, 0.0 ], [ 37.799385, 78.746025, 0.0 ]] 
boundary 1: [[ 38.874023, 49.581795, 0.0 ], [ 37.799408, 49.25404, 0.0 ], [ 35.369713, 49.685856, 0.0 ], [ 31.822824, 50.835014, 0.0 ], [ 27.505749, 52.589054, 0.0 ], [ 22.841324, 54.776207, 0.0 ], [ 18.286022, 57.182316, 0.0 ], [ 14.285745, 59.57202, 0.0 ], [ 11.232058, 61.71126, 0.0 ], [ 9.42391, 63.39074, 0.0 ], [ 9.038263, 64.445885, 0.0 ], [ 10.112862, 64.77353, 0.0 ], [ 12.542593, 64.34182, 0.0 ], [ 16.089565, 63.192738, 0.0 ], [ 20.406502, 61.438633, 0.0 ], [ 25.070953, 59.251488, 0.0 ], [ 29.626278, 56.845375, 0.0 ], [ 33.626564, 54.455666, 0.0 ], [ 36.68023, 52.31645, 0.0 ], [ 38.488457, 50.637005, 0.0 ]] 
boundary 0: [[ 38.182922, 79.729324, 0.0 ], [ 37.846085, 78.65748, 0.0 ], [ 36.116714, 76.896965, 0.0 ], [ 33.164284, 74.61999, 0.0 ], [ 29.27773, 72.049545, 0.0 ], [ 24.837458, 69.437164, 0.0 ], [ 20.278114, 67.038635, 0.0 ], [ 16.046059, 65.08862, 0.0 ], [ 12.555503, 63.778126, 0.0 ], [ 10.148142, 63.235348, 0.0 ], [ 9.059646, 63.51351, 0.0 ], [ 9.396517, 64.58536, 0.0 ], [ 11.125826, 66.345856, 0.0 ], [ 14.078254, 68.62278, 0.0 ], [ 17.96481, 71.19336, 0.0 ], [ 22.405102, 73.805695, 0.0 ], [ 26.9644, 76.204285, 0.0 ], [ 31.196548, 78.15425, 0.0 ], [ 34.68705, 79.46463, 0.0 ], [ 37.094383, 80.00746, 0.0 ]] 
boundary 1: [[ 38.182915, 48.27076, 0.0 ], [ 37.09441, 47.992596, 0.0 ], [ 34.687057, 48.5353, 0.0 ], [ 31.196556, 49.845776, 0.0 ], [ 26.964396, 51.795807, 0.0 ], [ 22.40509, 54.1944, 0.0 ], [ 17.964832, 56.806725, 0.0 ], [ 14.078265, 59.37722, 0.0 ], [ 11.125816, 61.654152, 0.0 ], [ 9.396526, 63.414722, 0.0 ], [ 9.059635, 64.48643, 0.0 ], [ 10.148118, 64.764496, 0.0 ], [ 12.555514, 64.22189, 0.0 ], [ 16.046104, 62.911484, 0.0 ], [ 20.278126, 60.9614, 0.0 ], [ 24.837454, 58.562813, 0.0 ], [ 29.277737, 55.950478, 0.0 ], [ 33.164314, 53.37997, 0.0 ], [ 36.116745, 51.103073, 0.0 ], [ 37.846107, 49.342537, 0.0 ]] 
boundary 0: [[ 37.40751, 81.0476, 0.0 ], [ 37.121735, 79.96103, 0.0 ], [ 35.477554, 78.12071, 0.0 ], [ 32.6361, 75.706665, 0.0 ], [ 28.875443, 72.9553, 0.0 ], [ 24.563671, 70.13588, 0.0 ], [ 20.122852, 67.52443, 0.0 ], [ 15.987741, 65.37646, 0.0 ], [ 12.563062, 63.902374, 0.0 ], [ 10.18406, 63.24636, 0.0 ], [ 9.083629, 63.47274, 0.0 ], [ 9.369436, 64.55932, 0.0 ], [ 11.013561, 66.39963, 0.0 ], [ 13.855013, 68.81362, 0.0 ], [ 17.615665, 71.565094, 0.0 ], [ 21.927456, 74.3845, 0.0 ], [ 26.368229, 76.99601, 0.0 ], [ 30.503437, 79.14393, 0.0 ], [ 33.928066, 80.61789, 0.0 ], [ 36.307037, 81.273964, 0.0 ]] 
boundary 1: [[ 37.40751, 46.952477, 0.0 ], [ 36.307064, 46.726097, 0.0 ], [ 33.928074, 47.38203, 0.0 ], [ 30.503445, 48.856106, 0.0 ], [ 26.36823, 51.00409, 0.0 ], [ 21.927448, 53.615604, 0.0 ], [ 17.61569, 56.434967, 0.0 ], [ 13.855025, 59.186386, 0.0 ], [ 11.013553, 61.600388, 0.0 ], [ 9.369451, 63.44076, 0.0 ], [ 9.083614, 64.5272, 0.0 ], [ 10.184031, 64.75348, 0.0 ], [ 12.563075, 64.09764, 0.0 ], [ 15.987789, 62.623634, 0.0 ], [ 20.122864, 60.475613, 0.0 ], [ 24.563667, 57.864105, 0.0 ], [ 28.87545, 55.044724, 0.0 ], [ 32.636124, 52.293297, 0.0 ], [ 35.477585, 49.879322, 0.0 ], [ 37.121758, 48.038975, 0.0 ]] 
boundary 0: [[ 36.4216, 82.542435, 0.0 ], [ 36.196426, 81.44171, 0.0 ], [ 34.65665, 79.51318, 0.0 ], [ 31.953197, 76.94555, 0.0 ], [ 28.350618, 73.99021, 0.0 ], [ 24.201548, 70.93642, 0.0 ], [ 19.912107, 68.08312, 0.0 ], [ 15.902254, 65.70953, 0.0 ], [ 12.564433, 64.0481, 0.0 ], [ 10.225398, 63.261395, 0.0 ], [ 9.11412, 63.426506, 0.0 ], [ 9.339336, 64.52724, 0.0 ], [ 10.879061, 66.45575, 0.0 ], [ 13.582512, 69.023346, 0.0 ], [ 17.185074, 71.97878, 0.0 ], [ 21.334167, 75.03257, 0.0 ], [ 25.623552, 77.885925, 0.0 ], [ 29.633509, 80.25947, 0.0 ], [ 32.97129, 81.92076, 0.0 ], [ 35.310287, 82.70755, 0.0 ]] 
boundary 1: [[ 36.4216, 45.45764, 0.0 ], [ 35.310318, 45.292522, 0.0 ], [ 32.9713, 46.079147, 0.0 ], [ 29.633516, 47.740555, 0.0 ], [ 25.623558, 50.114178, 0.0 ], [ 21.334167, 52.967533, 0.0 ], [ 17.185104, 56.02127, 0.0 ], [ 13.582525, 58.976665, 0.0 ], [ 10.879053, 61.544266, 0.0 ], [ 9.3393545, 63.472836, 0.0 ], [ 9.114103, 64.57343, 0.0 ], [ 10.225359, 64.73844, 0.0 ], [ 12.564447, 63.95191, 0.0 ], [ 15.902307, 62.29057, 0.0 ], [ 19.912125, 59.916912, 0.0 ], [ 24.201544, 57.063576, 0.0 ], [ 28.350626, 54.00981, 0.0 ], [ 31.953213, 51.05441, 0.0 ], [ 34.65668, 48.486828, 0.0 ], [ 36.19645, 46.558285, 0.0 ]] 
boundary 0: [[ 35.505013, 83.787346, 0.0 ], [ 35.332714, 82.677124, 0.0 ], [ 33.886883, 80.677185, 0.0 ], [ 31.309244, 77.98327, 0.0 ], [ 27.852045, 74.85912, 0.0 ], [ 23.853683, 71.61049, 0.0 ], [ 19.705536, 68.55543, 0.0 ], [ 15.813719, 65.99288, 0.0 ], [ 12.559126, 64.173805, 0.0 ], [ 10.26037, 63.2762, 0.0 ], [ 9.1424675, 63.388, 0.0 ], [ 9.3148155, 64.498245, 0.0 ], [ 10.760598, 66.49815, 0.0 ], [ 13.338229, 69.19204, 0.0 ], [ 16.795408, 72.3163, 0.0 ], [ 20.793793, 75.564896, 0.0 ], [ 24.941887, 78.62003, 0.0 ], [ 28.833807, 81.182526, 0.0 ], [ 32.088364, 83.001465, 0.0 ], [ 34.387077, 83.89915, 0.0 ]] 
boundary 1: [[ 35.50502, 44.21273, 0.0 ], [ 34.387115, 44.100914, 0.0 ], [ 32.088367, 44.998447, 0.0 ], [ 28.833815, 46.817493, 0.0 ], [ 24.941896, 49.38008, 0.0 ], [ 20.793797, 52.4352, 0.0 ], [ 16.79544, 55.68377, 0.0 ], [ 13.3382435, 58.807976, 0.0 ], [ 10.760591, 61.50187, 0.0 ], [ 9.314835, 63.50183, 0.0 ], [ 9.142449, 64.61193, 0.0 ], [ 10.260323, 64.72364, 0.0 ], [ 12.559139, 63.8262, 0.0 ], [ 15.813773, 62.007217, 0.0 ], [ 19.705553, 59.444614, 0.0 ], [ 23.85368, 56.3895, 0.0 ], [ 27.852053, 53.140907, 0.0 ], [ 31.309258, 50.016678, 0.0 ], [ 33.886913, 47.32282, 0.0 ], [ 35.332737, 45.32287, 0.0 ]] 
boundary 0: [[ 35.634247, 83.6192, 0.0 ], [ 35.45467, 82.51013, 0.0 ], [ 33.99575, 80.519714, 0.0 ], [ 31.4005, 77.842766, 0.0 ], [ 27.922884, 74.74136, 0.0 ], [ 23.903301, 71.51902, 0.0 ], [ 19.735205, 68.491234, 0.0 ], [ 15.826664, 65.95427, 0.0 ], [ 12.560209, 64.15658, 0.0 ], [ 10.255616, 63.27407, 0.0 ], [ 9.138471, 63.3932, 0.0 ], [ 9.318097, 64.50229, 0.0 ], [ 10.776966, 66.492676, 0.0 ], [ 13.3722105, 69.16959, 0.0 ], [ 16.849808, 72.27111, 0.0 ], [ 20.869411, 75.493416, 0.0 ], [ 25.037457, 78.52128, 0.0 ], [ 28.9461, 81.05819, 0.0 ], [ 32.212517, 82.85574, 0.0 ], [ 34.517067, 83.73833, 0.0 ]] 
boundary 1: [[ 35.634254, 44.38088, 0.0 ], [ 34.517105, 44.261734, 0.0 ], [ 32.21252, 45.14417, 0.0 ], [ 28.946108, 46.941833, 0.0 ], [ 25.037464, 49.478836, 0.0 ], [ 20.869415, 52.506683, 0.0 ], [ 16.849838, 55.72896, 0.0 ], [ 13.372225, 58.83042, 0.0 ], [ 10.7769575, 61.507347, 0.0 ], [ 9.318115, 63.497784, 0.0 ], [ 9.138453, 64.60673, 0.0 ], [ 10.255569, 64.72577, 0.0 ], [ 12.560223, 63.843426, 0.0 ], [ 15.826717, 62.04583, 0.0 ], [ 19.735222, 59.50881, 0.0 ], [ 23.903297, 56.480965, 0.0 ], [ 27.922892, 53.258667, 0.0 ], [ 31.400515, 50.15718, 0.0 ], [ 33.99578, 47.480286, 0.0 ], [ 35.454693, 45.489864, 0.0 ]] 
boundary 0: [[ 36.897457, 81.84337, 0.0 ], [ 36.643574, 80.74893, 0.0 ], [ 35.0539, 78.8613, 0.0 ], [ 32.284218, 76.365265, 0.0 ], [ 28.605583, 73.50515, 0.0 ], [ 24.378065, 70.5609, 0.0 ], [ 20.01548, 67.82076, 0.0 ], [ 15.94492, 65.55284, 0.0 ], [ 12.564792, 63.97927, 0.0 ], [ 10.205984, 63.25401, 0.0 ], [ 9.099402, 63.44812, 0.0 ], [ 9.35333, 64.5426, 0.0 ], [ 10.942962, 66.43019, 0.0 ], [ 13.712634, 68.9262, 0.0 ], [ 17.391254, 71.78641, 0.0 ], [ 21.61879, 74.73064, 0.0 ], [ 25.98133, 77.47085, 0.0 ], [ 30.05199, 79.73871, 0.0 ], [ 33.432076, 81.31215, 0.0 ], [ 35.79084, 82.03748, 0.0 ]] 
boundary 1: [[ 36.897453, 46.15672, 0.0 ], [ 35.79088, 45.962585, 0.0 ], [ 33.432083, 46.687767, 0.0 ], [ 30.051996, 48.26132, 0.0 ], [ 25.981329, 50.52926, 0.0 ], [ 21.618792, 53.26946, 0.0 ], [ 17.391281, 56.213657, 0.0 ], [ 13.7126465, 59.07382, 0.0 ], [ 10.942951, 61.569843, 0.0 ], [ 9.353342, 63.457485, 0.0 ], [ 9.099386, 64.55181, 0.0 ], [ 10.20595, 64.74583, 0.0 ], [ 12.564805, 64.02074, 0.0 ], [ 15.944967, 62.447266, 0.0 ], [ 20.015491, 60.179283, 0.0 ], [ 24.378061, 57.439087, 0.0 ], [ 28.605589, 54.49488, 0.0 ], [ 32.284233, 51.634693, 0.0 ], [ 35.053932, 49.13871, 0.0 ], [ 36.643597, 47.251072, 0.0 ]] 
boundary 0: [[ 38.29464, 79.526955, 0.0 ], [ 37.950157, 78.45757, 0.0 ], [ 36.20826, 76.709404, 0.0 ], [ 33.239624, 74.45366, 0.0 ], [ 29.334784, 71.91103, 0.0 ], [ 24.875946, 69.33048, 0.0 ], [ 20.29958, 66.964615, 0.0 ], [ 16.053682, 65.04488, 0.0 ], [ 12.55385, 63.759377, 0.0 ], [ 10.142673, 63.233826, 0.0 ], [ 9.056187, 63.519756, 0.0 ], [ 9.400717, 64.589195, 0.0 ], [ 11.142572, 66.337296, 0.0 ], [ 14.111196, 68.59303, 0.0 ], [ 18.01603, 71.13574, 0.0 ], [ 22.474882, 73.716286, 0.0 ], [ 27.051218, 76.08224, 0.0 ], [ 31.297203, 78.00188, 0.0 ], [ 34.79698, 79.28726, 0.0 ], [ 37.20813, 79.8129, 0.0 ]] 
boundary 1: [[ 38.294632, 48.473133, 0.0 ], [ 37.20816, 48.187172, 0.0 ], [ 34.797005, 48.712643, 0.0 ], [ 31.297207, 49.998146, 0.0 ], [ 27.051205, 51.91788, 0.0 ], [ 22.474876, 54.283813, 0.0 ], [ 18.016052, 56.86433, 0.0 ], [ 14.111205, 59.406975, 0.0 ], [ 11.142557, 61.662743, 0.0 ], [ 9.4007225, 63.410904, 0.0 ], [ 9.056178, 64.48017, 0.0 ], [ 10.14265, 64.76598, 0.0 ], [ 12.553863, 64.24064, 0.0 ], [ 16.053724, 62.955223, 0.0 ], [ 20.299587, 61.035435, 0.0 ], [ 24.875942, 58.6695, 0.0 ], [ 29.334785, 56.08899, 0.0 ], [ 33.23964, 53.54631, 0.0 ], [ 36.20829, 51.290585, 0.0 ], [ 37.95018, 49.54243, 0.0 ]] 
boundary 0: [[ 39.473793, 77.14576, 0.0 ], [ 39.04267, 76.10828, 0.0 ], [ 37.16311, 74.50904, 0.0 ], [ 34.01928, 72.50467, 0.0 ], [ 29.918846, 70.29127, 0.0 ], [ 25.263176, 68.08553, 0.0 ], [ 20.508003, 66.10341, 0.0 ], [ 16.118809, 64.53882, 0.0 ], [ 12.525244, 63.545013, 0.0 ], [ 10.079056, 63.219223, 0.0 ], [ 9.019715, 63.59339, 0.0 ], [ 9.450895, 64.63094, 0.0 ], [ 11.330406, 66.23011, 0.0 ], [ 14.474224, 68.23447, 0.0 ], [ 18.574656, 70.447975, 0.0 ], [ 23.230343, 72.653694, 0.0 ], [ 27.985495, 74.63589, 0.0 ], [ 32.374763, 76.200386, 0.0 ], [ 35.96827, 77.19407, 0.0 ], [ 38.41443, 77.51997, 0.0 ]] 
boundary 1: [[ 39.473785, 50.854324, 0.0 ], [ 38.41445, 50.48011, 0.0 ], [ 35.968307, 50.80583, 0.0 ], [ 32.374763, 51.79962, 0.0 ], [ 27.985472, 53.364235, 0.0 ], [ 23.230331, 55.34641, 0.0 ], [ 18.574669, 57.552105, 0.0 ], [ 14.474234, 59.765533, 0.0 ], [ 11.330386, 61.76992, 0.0 ], [ 9.4508915, 63.36916, 0.0 ], [ 9.019712, 64.406525, 0.0 ], [ 10.079047, 64.78059, 0.0 ], [ 12.525257, 64.455, 0.0 ], [ 16.118847, 63.4613, 0.0 ], [ 20.508007, 61.896618, 0.0 ], [ 25.263176, 59.914444, 0.0 ], [ 29.918846, 57.70876, 0.0 ], [ 34.0193, 55.4953, 0.0 ], [ 37.163147, 53.49095, 0.0 ], [ 39.042694, 51.891724, 0.0 ]] 
boundary 0: [[ 40.40413, 74.815765, 0.0 ], [ 39.893867, 73.814835, 0.0 ], [ 37.895966, 72.36614, 0.0 ], [ 34.606194, 70.61156, 0.0 ], [ 30.346481, 68.72275, 0.0 ], [ 25.533802, 66.884636, 0.0 ], [ 20.63926, 65.277176, 0.0 ], [ 16.141964, 64.0576, 0.0 ], [ 12.482164, 63.34542, 0.0 ], [ 10.018078, 63.210278, 0.0 ], [ 8.990939, 63.66546, 0.0 ], [ 9.501267, 64.66645, 0.0 ], [ 11.499113, 66.11507, 0.0 ], [ 14.788876, 67.869644, 0.0 ], [ 19.048588, 69.75857, 0.0 ], [ 23.861282, 71.59666, 0.0 ], [ 28.755808, 73.20419, 0.0 ], [ 33.25317, 74.42367, 0.0 ], [ 36.912903, 75.13573, 0.0 ], [ 39.37697, 75.270996, 0.0 ]] 
boundary 1: [[ 40.40411, 53.18432, 0.0 ], [ 39.376984, 52.729088, 0.0 ], [ 36.912952, 52.864166, 0.0 ], [ 33.25317, 53.576355, 0.0 ], [ 28.75578, 54.79592, 0.0 ], [ 23.861267, 56.403442, 0.0 ], [ 19.048594, 58.24152, 0.0 ], [ 14.788885, 60.130363, 0.0 ], [ 11.499089, 61.88495, 0.0 ], [ 9.501256, 63.333652, 0.0 ], [ 8.990943, 64.33445, 0.0 ], [ 10.018086, 64.78954, 0.0 ], [ 12.482174, 64.65461, 0.0 ], [ 16.141996, 63.942513, 0.0 ], [ 20.63926, 62.722862, 0.0 ], [ 25.533802, 61.11534, 0.0 ], [ 30.346478, 59.277275, 0.0 ], [ 34.60621, 57.388412, 0.0 ], [ 37.896004, 55.633858, 0.0 ], [ 39.89389, 54.18517, 0.0 ]] 
boundary 0: [[ 40.989944, 72.99649, 0.0 ], [ 40.421432, 72.02745, 0.0 ], [ 38.341427, 70.69934, 0.0 ], [ 34.953735, 69.14219, 0.0 ], [ 30.589863, 67.50836, 0.0 ], [ 25.676987, 65.957825, 0.0 ], [ 20.696018, 64.642365, 0.0 ], [ 16.134516, 63.690662, 0.0 ], [ 12.439036, 63.19596, 0.0 ], [ 9.971269, 63.20665, 0.0 ], [ 8.972819, 63.721718, 0.0 ], [ 9.541401, 64.69083, 0.0 ], [ 11.621347, 66.018845, 0.0 ], [ 15.009033, 67.576, 0.0 ], [ 19.37291, 69.209946, 0.0 ], [ 24.2858, 70.76045, 0.0 ], [ 29.266758, 72.07597, 0.0 ], [ 33.828316, 73.02758, 0.0 ], [ 37.523727, 73.52217, 0.0 ], [ 39.991478, 73.51161, 0.0 ]] 
boundary 1: [[ 40.989914, 55.0036, 0.0 ], [ 39.99148, 54.48848, 0.0 ], [ 37.52378, 54.47773, 0.0 ], [ 33.82831, 54.972427, 0.0 ], [ 29.26672, 55.924133, 0.0 ], [ 24.28578, 57.23966, 0.0 ], [ 19.37291, 58.790165, 0.0 ], [ 15.009041, 60.42402, 0.0 ], [ 11.621323, 61.98116, 0.0 ], [ 9.541383, 63.309288, 0.0 ], [ 8.972827, 64.27818, 0.0 ], [ 9.971287, 64.793175, 0.0 ], [ 12.439043, 64.80407, 0.0 ], [ 16.134542, 64.30946, 0.0 ], [ 20.696018, 63.35766, 0.0 ], [ 25.676987, 62.042145, 0.0 ], [ 30.589859, 60.491642, 0.0 ], [ 34.95375, 58.857773, 0.0 ], [ 38.341465, 57.300663, 0.0 ], [ 40.421455, 55.97256, 0.0 ]] 
boundary 0: [[ 41.321762, 71.759964, 0.0 ], [ 40.715324, 70.81417, 0.0 ], [ 38.58438, 69.56944, 0.0 ], [ 35.137688, 68.14764, 0.0 ], [ 30.712559, 66.68785, 0.0 ], [ 25.74215, 65.333015, 0.0 ], [ 20.713005, 64.21578, 0.0 ], [ 16.117405, 63.445408, 0.0 ], [ 12.40524, 63.097393, 0.0 ], [ 9.939831, 63.20577, 0.0 ], [ 8.962556, 63.759964, 0.0 ], [ 9.569057, 64.7058, 0.0 ], [ 11.699947, 65.95044, 0.0 ], [ 15.146624, 67.372246, 0.0 ], [ 19.571764, 68.83215, 0.0 ], [ 24.542185, 70.186966, 0.0 ], [ 29.571314, 71.30426, 0.0 ], [ 34.16697, 72.07454, 0.0 ], [ 37.879063, 72.42244, 0.0 ], [ 40.344463, 72.31419, 0.0 ]] 
boundary 1: [[ 41.321716, 56.240143, 0.0 ], [ 40.34446, 55.685898, 0.0 ], [ 37.87912, 55.57747, 0.0 ], [ 34.16696, 55.925476, 0.0 ], [ 29.571274, 56.69585, 0.0 ], [ 24.542162, 57.81315, 0.0 ], [ 19.571764, 59.167953, 0.0 ], [ 15.146627, 60.62776, 0.0 ], [ 11.699923, 62.049564, 0.0 ], [ 9.569035, 63.294323, 0.0 ], [ 8.962567, 64.239944, 0.0 ], [ 9.939856, 64.79405, 0.0 ], [ 12.405248, 64.90263, 0.0 ], [ 16.117424, 64.55472, 0.0 ], [ 20.713001, 63.78424, 0.0 ], [ 25.742153, 62.666943, 0.0 ], [ 30.712555, 61.312164, 0.0 ], [ 35.13771, 59.85233, 0.0 ], [ 38.58442, 58.430557, 0.0 ], [ 40.715347, 57.18584, 0.0 ]] 
boundary 0: [[ 41.518223, 70.917076, 0.0 ], [ 40.88669, 69.987854, 0.0 ], [ 38.723183, 68.80062, 0.0 ], [ 35.23967, 67.47156, 0.0 ], [ 30.777056, 66.13075, 0.0 ], [ 25.772171, 64.909424, 0.0 ], [ 20.71492, 63.927185, 0.0 ], [ 16.100346, 63.280094, 0.0 ], [ 12.380198, 63.03156, 0.0 ], [ 9.918571, 63.20588, 0.0 ], [ 8.95648, 63.78603, 0.0 ], [ 9.5880785, 64.7153, 0.0 ], [ 11.751518, 65.90246, 0.0 ], [ 15.235014, 67.23151, 0.0 ], [ 19.697643, 68.57245, 0.0 ], [ 24.702545, 69.79374, 0.0 ], [ 29.759785, 70.77604, 0.0 ], [ 34.374405, 71.42304, 0.0 ], [ 38.094475, 71.67146, 0.0 ], [ 40.556103, 71.497284, 0.0 ]] 
boundary 1: [[ 41.518177, 57.083027, 0.0 ], [ 40.556095, 56.502823, 0.0 ], [ 38.09453, 56.32845, 0.0 ], [ 34.374397, 56.576977, 0.0 ], [ 29.759743, 57.22407, 0.0 ], [ 24.702522, 58.20637, 0.0 ], [ 19.69764, 59.42765, 0.0 ], [ 15.235018, 60.768505, 0.0 ], [ 11.751493, 62.09755, 0.0 ], [ 9.588052, 63.284824, 0.0 ], [ 8.956492, 64.21388, 0.0 ], [ 9.918599, 64.79393, 0.0 ], [ 12.380204, 64.96847, 0.0 ], [ 16.100365, 64.72004, 0.0 ], [ 20.714916, 64.07283, 0.0 ], [ 25.772175, 63.09054, 0.0 ], [ 30.777052, 61.86928, 0.0 ], [ 35.239693, 60.528404, 0.0 ], [ 38.72322, 59.19939, 0.0 ], [ 40.88671, 58.012154, 0.0 ]] 
boundary 0: [[ 41.49411, 71.0263, 0.0 ], [ 40.86579, 70.09491, 0.0 ], [ 38.70641, 68.900215, 0.0 ], [ 35.227512, 67.5591, 0.0 ], [ 30.769564, 66.20283, 0.0 ], [ 25.768932, 64.964226, 0.0 ], [ 20.71511, 63.964493, 0.0 ], [ 16.102802, 63.30144, 0.0 ], [ 12.383534, 63.04004, 0.0 ], [ 9.921317, 63.205822, 0.0 ], [ 8.957225, 63.782658, 0.0 ], [ 9.585606, 64.714096, 0.0 ], [ 11.744926, 65.90876, 0.0 ], [ 15.223803, 67.249825, 0.0 ], [ 19.68177, 68.606224, 0.0 ], [ 24.682411, 69.84479, 0.0 ], [ 29.736223, 70.84458, 0.0 ], [ 34.34858, 71.50758, 0.0 ], [ 38.067772, 71.76884, 0.0 ], [ 40.52998, 71.6032, 0.0 ]] 
boundary 1: [[ 41.494064, 56.973785, 0.0 ], [ 40.529984, 56.396915, 0.0 ], [ 38.067825, 56.231056, 0.0 ], [ 34.34857, 56.492455, 0.0 ], [ 29.736185, 57.155514, 0.0 ], [ 24.682388, 58.155304, 0.0 ], [ 19.681767, 59.393887, 0.0 ], [ 15.223806, 60.75019, 0.0 ], [ 11.744902, 62.09128, 0.0 ], [ 9.585579, 63.28603, 0.0 ], [ 8.957237, 64.217255, 0.0 ], [ 9.921345, 64.79395, 0.0 ], [ 12.38354, 64.95999, 0.0 ], [ 16.102821, 64.69873, 0.0 ], [ 20.715107, 64.03552, 0.0 ], [ 25.768936, 63.035736, 0.0 ], [ 30.76956, 61.79717, 0.0 ], [ 35.227535, 60.44087, 0.0 ], [ 38.706448, 59.099808, 0.0 ], [ 40.865814, 57.905094, 0.0 ]] 
boundary 0: [[ 41.372803, 71.550575, 0.0 ], [ 40.760075, 70.60885, 0.0 ], [ 38.620865, 69.37839, 0.0 ], [ 35.16478, 67.97955, 0.0 ], [ 30.730013, 66.54928, 0.0 ], [ 25.75069, 65.22763, 0.0 ], [ 20.714212, 64.14395, 0.0 ], [ 16.113573, 63.404213, 0.0 ], [ 12.399169, 63.080948, 0.0 ], [ 9.934534, 63.205734, 0.0 ], [ 8.9609785, 63.766438, 0.0 ], [ 9.573771, 64.708206, 0.0 ], [ 11.712908, 65.938644, 0.0 ], [ 15.168985, 67.337425, 0.0 ], [ 19.60376, 68.76782, 0.0 ], [ 24.5831, 70.08944, 0.0 ], [ 29.61957, 71.173195, 0.0 ], [ 34.22026, 71.91287, 0.0 ], [ 37.934586, 72.23599, 0.0 ], [ 40.399208, 72.11134, 0.0 ]] 
boundary 1: [[ 41.372757, 56.44952, 0.0 ], [ 40.399216, 55.88877, 0.0 ], [ 37.93464, 55.7639, 0.0 ], [ 34.220253, 56.087166, 0.0 ], [ 29.619534, 56.826897, 0.0 ], [ 24.58308, 57.91066, 0.0 ], [ 19.603756, 59.232292, 0.0 ], [ 15.168989, 60.662598, 0.0 ], [ 11.712886, 62.061398, 0.0 ], [ 9.573745, 63.291916, 0.0 ], [ 8.960988, 64.233475, 0.0 ], [ 9.934559, 64.794044, 0.0 ], [ 12.399176, 64.919075, 0.0 ], [ 16.113594, 64.595955, 0.0 ], [ 20.714209, 63.856083, 0.0 ], [ 25.750694, 62.77233, 0.0 ], [ 30.73001, 61.450714, 0.0 ], [ 35.164803, 60.02041, 0.0 ], [ 38.620903, 58.621635, 0.0 ], [ 40.760098, 57.39115, 0.0 ]] 
boundary 0: [[ 41.254044, 72.028946, 0.0 ], [ 40.655754, 71.07799, 0.0 ], [ 38.535553, 69.81506, 0.0 ], [ 35.10119, 68.36371, 0.0 ], [ 30.688744, 66.866, 0.0 ], [ 25.730137, 65.46861, 0.0 ], [ 20.710764, 64.308266, 0.0 ], [ 16.121937, 63.498486, 0.0 ], [ 12.412893, 63.118645, 0.0 ], [ 9.946637, 63.205845, 0.0 ], [ 8.964653, 63.751644, 0.0 ], [ 9.563017, 64.70265, 0.0 ], [ 11.683149, 65.96554, 0.0 ], [ 15.117506, 67.41685, 0.0 ], [ 19.529953, 68.91467, 0.0 ], [ 24.488575, 70.31205, 0.0 ], [ 29.507936, 71.47244, 0.0 ], [ 34.096825, 72.28218, 0.0 ], [ 37.80579, 72.66187, 0.0 ], [ 40.272026, 72.574814, 0.0 ]] 
boundary 1: [[ 41.253998, 55.971157, 0.0 ], [ 40.272038, 55.42531, 0.0 ], [ 37.805843, 55.338017, 0.0 ], [ 34.096817, 55.717857, 0.0 ], [ 29.5079, 56.52764, 0.0 ], [ 24.488556, 57.688057, 0.0 ], [ 19.52995, 59.085438, 0.0 ], [ 15.11751, 60.583176, 0.0 ], [ 11.683128, 62.034492, 0.0 ], [ 9.562994, 63.29748, 0.0 ], [ 8.96466, 64.24827, 0.0 ], [ 9.946662, 64.79392, 0.0 ], [ 12.4129, 64.88138, 0.0 ], [ 16.121964, 64.50168, 0.0 ], [ 20.71076, 63.691765, 0.0 ], [ 25.73014, 62.531364, 0.0 ], [ 30.68874, 61.134, 0.0 ], [ 35.10121, 59.636253, 0.0 ], [ 38.53559, 58.184963, 0.0 ], [ 40.655777, 56.92202, 0.0 ]] 
boundary 0: [[ 41.00323, 72.95055, 0.0 ], [ 40.433308, 71.98235, 0.0 ], [ 38.35132, 70.65735, 0.0 ], [ 34.961327, 69.10519, 0.0 ], [ 30.595049, 67.4778, 0.0 ], [ 25.67987, 65.93456, 0.0 ], [ 20.696955, 64.626465, 0.0 ], [ 16.134056, 63.6815, 0.0 ], [ 12.437843, 63.192265, 0.0 ], [ 9.970088, 63.20658, 0.0 ], [ 8.972411, 63.72314, 0.0 ], [ 9.542425, 64.69141, 0.0 ], [ 11.6243305, 66.01636, 0.0 ], [ 15.014323, 67.56848, 0.0 ], [ 19.380606, 69.19598, 0.0 ], [ 24.295792, 70.73921, 0.0 ], [ 29.278685, 72.04737, 0.0 ], [ 33.841667, 72.99229, 0.0 ], [ 37.537796, 73.481346, 0.0 ], [ 40.005524, 73.46719, 0.0 ]] 
boundary 1: [[ 41.00319, 55.049553, 0.0 ], [ 40.00554, 54.532944, 0.0 ], [ 37.53784, 54.518528, 0.0 ], [ 33.84166, 55.007763, 0.0 ], [ 29.278654, 55.952736, 0.0 ], [ 24.295776, 57.260902, 0.0 ], [ 19.380604, 58.804134, 0.0 ], [ 15.014327, 60.431545, 0.0 ], [ 11.624311, 61.98367, 0.0 ], [ 9.542405, 63.308727, 0.0 ], [ 8.972416, 64.27677, 0.0 ], [ 9.970106, 64.79318, 0.0 ], [ 12.437851, 64.807755, 0.0 ], [ 16.134083, 64.31867, 0.0 ], [ 20.69695, 63.373573, 0.0 ], [ 25.679874, 62.06542, 0.0 ], [ 30.595045, 60.522205, 0.0 ], [ 34.96135, 58.894783, 0.0 ], [ 38.351357, 57.34268, 0.0 ], [ 40.43333, 56.01767, 0.0 ]] 
boundary 0: [[ 40.611366, 74.21319, 0.0 ], [ 40.081505, 73.22252, 0.0 ], [ 38.055412, 71.8135, 0.0 ], [ 34.731712, 70.12407, 0.0 ], [ 30.435612, 68.319534, 0.0 ], [ 25.58763, 66.57665, 0.0 ], [ 20.662348, 65.06597, 0.0 ], [ 16.141891, 63.935253, 0.0 ], [ 12.468771, 63.295326, 0.0 ], [ 10.002491, 63.208744, 0.0 ], [ 8.984532, 63.68409, 0.0 ], [ 9.514488, 64.67485, 0.0 ], [ 11.540488, 66.08379, 0.0 ], [ 14.864199, 67.77321, 0.0 ], [ 19.1603, 69.57784, 0.0 ], [ 24.00829, 71.32072, 0.0 ], [ 28.933544, 72.83148, 0.0 ], [ 33.45409, 73.962135, 0.0 ], [ 37.127136, 74.60188, 0.0 ], [ 39.593376, 74.68862, 0.0 ]] 
boundary 1: [[ 40.61133, 53.78691, 0.0 ], [ 39.5934, 53.311512, 0.0 ], [ 37.127182, 53.397995, 0.0 ], [ 33.454082, 54.037914, 0.0 ], [ 28.933514, 55.168633, 0.0 ], [ 24.008278, 56.679405, 0.0 ], [ 19.160301, 58.422283, 0.0 ], [ 14.8642025, 60.22682, 0.0 ], [ 11.54047, 61.91623, 0.0 ], [ 9.514471, 63.32529, 0.0 ], [ 8.984533, 64.31582, 0.0 ], [ 10.0025, 64.791016, 0.0 ], [ 12.468779, 64.704704, 0.0 ], [ 16.14193, 64.06492, 0.0 ], [ 20.662344, 62.93409, 0.0 ], [ 25.587633, 61.42333, 0.0 ], [ 30.435608, 59.680473, 0.0 ], [ 34.731735, 57.87591, 0.0 ], [ 38.05545, 56.18653, 0.0 ], [ 40.081528, 54.777515, 0.0 ]] 
boundary 0: [[ 40.114044, 75.600685, 0.0 ], [ 39.62989, 74.58689, 0.0 ], [ 37.670113, 73.08699, 0.0 ], [ 34.426857, 71.247856, 0.0 ], [ 30.217459, 69.24941, 0.0 ], [ 25.453941, 67.2874, 0.0 ], [ 20.602623, 65.553825, 0.0 ], [ 16.138393, 64.21827, 0.0 ], [ 12.498252, 63.411606, 0.0 ], [ 10.038479, 63.212723, 0.0 ], [ 8.999915, 63.641182, 0.0 ], [ 9.48417, 64.65506, 0.0 ], [ 11.443853, 66.15487, 0.0 ], [ 14.68712, 67.99401, 0.0 ], [ 18.896519, 69.99255, 0.0 ], [ 23.66004, 71.95456, 0.0 ], [ 28.511328, 73.6882, 0.0 ], [ 32.975655, 75.023705, 0.0 ], [ 36.615723, 75.830185, 0.0 ], [ 39.07545, 76.02923, 0.0 ]] 
boundary 1: [[ 40.114006, 52.39943, 0.0 ], [ 39.075485, 51.970913, 0.0 ], [ 36.61576, 52.169693, 0.0 ], [ 32.975647, 52.976345, 0.0 ], [ 28.511305, 54.311913, 0.0 ], [ 23.660034, 56.045574, 0.0 ], [ 18.896519, 58.00757, 0.0 ], [ 14.687126, 60.006023, 0.0 ], [ 11.443837, 61.845154, 0.0 ], [ 9.484157, 63.34508, 0.0 ], [ 8.999913, 64.35873, 0.0 ], [ 10.038476, 64.78705, 0.0 ], [ 12.4982605, 64.58842, 0.0 ], [ 16.13844, 63.78191, 0.0 ], [ 20.602623, 62.44624, 0.0 ], [ 25.453945, 60.71259, 0.0 ], [ 30.217455, 58.750607, 0.0 ], [ 34.42688, 56.75212, 0.0 ], [ 37.67015, 54.91303, 0.0 ], [ 39.629913, 53.413147, 0.0 ]] 
boundary 0: [[ 39.48798, 77.11391, 0.0 ], [ 39.055775, 76.07688, 0.0 ], [ 37.174454, 74.47969, 0.0 ], [ 34.028473, 72.47869, 0.0 ], [ 29.925657, 70.2697, 0.0 ], [ 25.26759, 68.069016, 0.0 ], [ 20.510267, 66.09204, 0.0 ], [ 16.119385, 64.53215, 0.0 ], [ 12.524754, 63.542225, 0.0 ], [ 10.078205, 63.21906, 0.0 ], [ 9.01928, 63.594383, 0.0 ], [ 9.451578, 64.63148, 0.0 ], [ 11.332812, 66.228584, 0.0 ], [ 14.478802, 68.229576, 0.0 ], [ 18.581612, 70.43868, 0.0 ], [ 23.239681, 72.63935, 0.0 ], [ 27.996973, 74.61641, 0.0 ], [ 32.387962, 76.17623, 0.0 ], [ 35.98252, 77.16597, 0.0 ], [ 38.429016, 77.489296, 0.0 ]] 
boundary 1: [[ 39.48794, 50.886223, 0.0 ], [ 38.429058, 50.51083, 0.0 ], [ 35.98255, 50.833897, 0.0 ], [ 32.387955, 51.823826, 0.0 ], [ 27.996958, 53.38371, 0.0 ], [ 23.239687, 55.360775, 0.0 ], [ 18.58162, 57.561436, 0.0 ], [ 14.478809, 59.770462, 0.0 ], [ 11.332797, 61.771442, 0.0 ], [ 9.451573, 63.368664, 0.0 ], [ 9.019273, 64.40552, 0.0 ], [ 10.078191, 64.780716, 0.0 ], [ 12.524763, 64.457794, 0.0 ], [ 16.11944, 63.468018, 0.0 ], [ 20.51027, 61.908035, 0.0 ], [ 25.267593, 59.93097, 0.0 ], [ 29.925653, 57.73033, 0.0 ], [ 34.028496, 55.521275, 0.0 ], [ 37.1745, 53.520332, 0.0 ], [ 39.055798, 51.923145, 0.0 ]] 
boundary 0: [[ 38.873886, 78.41861, 0.0 ], [ 38.488342, 77.36333, 0.0 ], [ 36.68011, 75.68384, 0.0 ], [ 33.626472, 73.54457, 0.0 ], [ 29.626232, 71.15486, 0.0 ], [ 25.070919, 68.74867, 0.0 ], [ 20.406475, 66.56154, 0.0 ], [ 16.089506, 64.80743, 0.0 ], [ 12.542584, 63.65822, 0.0 ], [ 10.112881, 63.22629, 0.0 ], [ 9.038275, 63.554035, 0.0 ], [ 9.423902, 64.60936, 0.0 ], [ 11.232058, 66.288765, 0.0 ], [ 14.285698, 68.42804, 0.0 ], [ 18.285936, 70.81788, 0.0 ], [ 22.841251, 73.22405, 0.0 ], [ 27.505665, 75.41124, 0.0 ], [ 31.822746, 77.165306, 0.0 ], [ 35.36959, 78.31431, 0.0 ], [ 37.799232, 78.74639, 0.0 ]] 
boundary 1: [[ 38.873856, 49.58154, 0.0 ], [ 37.799286, 49.253735, 0.0 ], [ 35.36962, 49.685562, 0.0 ], [ 31.822742, 50.83477, 0.0 ], [ 27.505653, 52.588875, 0.0 ], [ 22.841267, 54.776093, 0.0 ], [ 18.28595, 57.182236, 0.0 ], [ 14.285707, 59.572, 0.0 ], [ 11.232042, 61.71126, 0.0 ], [ 9.423903, 63.39077, 0.0 ], [ 9.038261, 64.44587, 0.0 ], [ 10.112856, 64.77347, 0.0 ], [ 12.542594, 64.3418, 0.0 ], [ 16.08957, 63.19273, 0.0 ], [ 20.406479, 61.438526, 0.0 ], [ 25.070923, 59.25132, 0.0 ], [ 29.626232, 56.84519, 0.0 ], [ 33.626495, 54.455395, 0.0 ], [ 36.680157, 52.316174, 0.0 ], [ 38.488373, 50.6367, 0.0 ]] 
boundary 0: [[ 38.18277, 79.72964, 0.0 ], [ 37.845985, 78.6578, 0.0 ], [ 36.11661, 76.89721, 0.0 ], [ 33.164207, 74.62025, 0.0 ], [ 29.27768, 72.04976, 0.0 ], [ 24.837414, 69.43735, 0.0 ], [ 20.278093, 67.03877, 0.0 ], [ 16.046038, 65.088684, 0.0 ], [ 12.555506, 63.778145, 0.0 ], [ 10.148147, 63.235332, 0.0 ], [ 9.05965, 63.51349, 0.0 ], [ 9.396514, 64.58537, 0.0 ], [ 11.125813, 66.34587, 0.0 ], [ 14.078217, 68.622826, 0.0 ], [ 17.964737, 71.19348, 0.0 ], [ 22.405006, 73.80586, 0.0 ], [ 26.964298, 76.20448, 0.0 ], [ 31.196465, 78.15453, 0.0 ], [ 34.686928, 79.46487, 0.0 ], [ 37.094215, 80.00783, 0.0 ]] 
boundary 1: [[ 38.18274, 48.27052, 0.0 ], [ 37.094276, 47.992302, 0.0 ], [ 34.686954, 48.53501, 0.0 ], [ 31.196463, 49.84554, 0.0 ], [ 26.96429, 51.795628, 0.0 ], [ 22.40503, 54.194286, 0.0 ], [ 17.964756, 56.80665, 0.0 ], [ 14.078227, 59.377205, 0.0 ], [ 11.125801, 61.65416, 0.0 ], [ 9.3965225, 63.414753, 0.0 ], [ 9.059633, 64.48641, 0.0 ], [ 10.148111, 64.764435, 0.0 ], [ 12.555515, 64.22187, 0.0 ], [ 16.046108, 62.911476, 0.0 ], [ 20.278097, 60.961292, 0.0 ], [ 24.837414, 58.562645, 0.0 ], [ 29.277683, 55.9503, 0.0 ], [ 33.16423, 53.379704, 0.0 ], [ 36.116657, 51.102806, 0.0 ], [ 37.846016, 49.34223, 0.0 ]] 
boundary 0: [[ 37.40735, 81.04791, 0.0 ], [ 37.12162, 79.96135, 0.0 ], [ 35.477432, 78.12096, 0.0 ], [ 32.63601, 75.70692, 0.0 ], [ 28.875381, 72.95551, 0.0 ], [ 24.56362, 70.13606, 0.0 ], [ 20.122826, 67.52457, 0.0 ], [ 15.987718, 65.37652, 0.0 ], [ 12.563066, 63.902393, 0.0 ], [ 10.184065, 63.24635, 0.0 ], [ 9.083635, 63.47272, 0.0 ], [ 9.369433, 64.55933, 0.0 ], [ 11.013548, 66.39964, 0.0 ], [ 13.854975, 68.81367, 0.0 ], [ 17.61559, 71.565216, 0.0 ], [ 21.927355, 74.38467, 0.0 ], [ 26.368116, 76.9962, 0.0 ], [ 30.503336, 79.1442, 0.0 ], [ 33.927933, 80.61812, 0.0 ], [ 36.30686, 81.27432, 0.0 ]] 
boundary 1: [[ 37.407326, 46.95224, 0.0 ], [ 36.306923, 46.725807, 0.0 ], [ 33.927956, 47.38175, 0.0 ], [ 30.503334, 48.85587, 0.0 ], [ 26.368118, 51.003914, 0.0 ], [ 21.927383, 53.615494, 0.0 ], [ 17.615612, 56.434895, 0.0 ], [ 13.854984, 59.18637, 0.0 ], [ 11.013537, 61.600395, 0.0 ], [ 9.369447, 63.440792, 0.0 ], [ 9.0836115, 64.52718, 0.0 ], [ 10.18402, 64.75342, 0.0 ], [ 12.563075, 64.09762, 0.0 ], [ 15.987793, 62.623627, 0.0 ], [ 20.122831, 60.475506, 0.0 ], [ 24.56362, 57.86394, 0.0 ], [ 28.875391, 55.044548, 0.0 ], [ 32.636024, 52.293034, 0.0 ], [ 35.477478, 49.879063, 0.0 ], [ 37.12165, 48.03868, 0.0 ]] 
boundary 0: [[ 36.421425, 82.542755, 0.0 ], [ 36.19629, 81.442024, 0.0 ], [ 34.6565, 79.51343, 0.0 ], [ 31.953081, 76.9458, 0.0 ], [ 28.350546, 73.990425, 0.0 ], [ 24.20148, 70.9366, 0.0 ], [ 19.912075, 68.08326, 0.0 ], [ 15.9022255, 65.709595, 0.0 ], [ 12.564437, 64.04813, 0.0 ], [ 10.225403, 63.261383, 0.0 ], [ 9.114129, 63.426487, 0.0 ], [ 9.339334, 64.52725, 0.0 ], [ 10.879046, 66.455765, 0.0 ], [ 13.582474, 69.02339, 0.0 ], [ 17.184994, 71.9789, 0.0 ], [ 21.334057, 75.03274, 0.0 ], [ 25.62343, 77.886116, 0.0 ], [ 29.63339, 80.25974, 0.0 ], [ 32.971146, 81.92098, 0.0 ], [ 35.310097, 82.707886, 0.0 ]] 
boundary 1: [[ 36.42141, 45.457413, 0.0 ], [ 35.310165, 45.292233, 0.0 ], [ 32.97117, 46.07888, 0.0 ], [ 29.633396, 47.740326, 0.0 ], [ 25.62344, 50.114014, 0.0 ], [ 21.334095, 52.967426, 0.0 ], [ 17.18502, 56.021206, 0.0 ], [ 13.582483, 58.97665, 0.0 ], [ 10.879038, 61.544277, 0.0 ], [ 9.339355, 63.472866, 0.0 ], [ 9.1140995, 64.57342, 0.0 ], [ 10.225347, 64.73838, 0.0 ], [ 12.564446, 63.951885, 0.0 ], [ 15.90231, 62.29056, 0.0 ], [ 19.912083, 59.916813, 0.0 ], [ 24.20148, 57.063408, 0.0 ], [ 28.350561, 54.009636, 0.0 ], [ 31.953096, 51.05415, 0.0 ], [ 34.656555, 48.48658, 0.0 ], [ 36.196327, 46.55799, 0.0 ]] 
boundary 0: [[ 35.50483, 83.78767, 0.0 ], [ 35.332565, 82.67743, 0.0 ], [ 33.886723, 80.67743, 0.0 ], [ 31.309114, 77.98352, 0.0 ], [ 27.851961, 74.85933, 0.0 ], [ 23.853611, 71.61067, 0.0 ], [ 19.705498, 68.555565, 0.0 ], [ 15.813686, 65.99294, 0.0 ], [ 12.559128, 64.17383, 0.0 ], [ 10.260375, 63.276188, 0.0 ], [ 9.142477, 63.38798, 0.0 ], [ 9.314812, 64.49826, 0.0 ], [ 10.760584, 66.49817, 0.0 ], [ 13.338189, 69.192085, 0.0 ], [ 16.795322, 72.3164, 0.0 ], [ 20.793678, 75.565056, 0.0 ], [ 24.941755, 78.62022, 0.0 ], [ 28.833672, 81.1828, 0.0 ], [ 32.088215, 83.00167, 0.0 ], [ 34.386868, 83.899475, 0.0 ]] 
boundary 1: [[ 35.504814, 44.2125, 0.0 ], [ 34.386955, 44.10063, 0.0 ], [ 32.088223, 44.998184, 0.0 ], [ 28.833681, 46.817272, 0.0 ], [ 24.941772, 49.37992, 0.0 ], [ 20.79372, 52.435093, 0.0 ], [ 16.795355, 55.6837, 0.0 ], [ 13.338201, 58.807964, 0.0 ], [ 10.760575, 61.50188, 0.0 ], [ 9.314837, 63.50186, 0.0 ], [ 9.142446, 64.611916, 0.0 ], [ 10.260305, 64.72358, 0.0 ], [ 12.559137, 63.826176, 0.0 ], [ 15.813777, 62.00721, 0.0 ], [ 19.705505, 59.444515, 0.0 ], [ 23.853611, 56.38934, 0.0 ], [ 27.851982, 53.14073, 0.0 ], [ 31.309128, 50.01643, 0.0 ], [ 33.886776, 47.322582, 0.0 ], [ 35.332603, 45.322586, 0.0 ]] 
