boundary 0: [[ 35.530052, 83.75482, 0.0 ], [ 35.356323, 82.644875, 0.0 ], [ 33.907997, 80.646706, 0.0 ], [ 31.326937, 77.95615, 0.0 ], [ 27.865763, 74.83636, 0.0 ], [ 23.863314, 71.59284, 0.0 ], [ 19.711319, 68.54301, 0.0 ], [ 15.816229, 65.9854, 0.0 ], [ 12.559365, 64.17045, 0.0 ], [ 10.259455, 63.275837, 0.0 ], [ 9.141696, 63.389027, 0.0 ], [ 9.31545, 64.499016, 0.0 ], [ 10.763734, 66.497116, 0.0 ], [ 13.344809, 69.18765, 0.0 ], [ 16.805965, 72.30754, 0.0 ], [ 20.808441, 75.551125, 0.0 ], [ 24.960423, 78.60092, 0.0 ], [ 28.855488, 81.15847, 0.0 ], [ 32.11241, 82.97337, 0.0 ], [ 34.41227, 83.86803, 0.0 ]] 
boundary 1: [[ 35.53006, 44.24519, 0.0 ], [ 34.41227, 44.13199, 0.0 ], [ 32.11241, 45.02662, 0.0 ], [ 28.855503, 46.841557, 0.0 ], [ 24.960426, 49.399136, 0.0 ], [ 20.80845, 52.448936, 0.0 ], [ 16.805958, 55.69253, 0.0 ], [ 13.344799, 58.81227, 0.0 ], [ 10.763749, 61.502937, 0.0 ], [ 9.315452, 63.500988, 0.0 ], [ 9.141669, 64.610916, 0.0 ], [ 10.259469, 64.72421, 0.0 ], [ 12.559365, 63.829533, 0.0 ], [ 15.816233, 62.01458, 0.0 ], [ 19.711338, 59.457047, 0.0 ], [ 23.863321, 56.407192, 0.0 ], [ 27.86577, 53.163643, 0.0 ], [ 31.326944, 50.04387, 0.0 ], [ 33.907974, 47.353264, 0.0 ], [ 35.356316, 45.35514, 0.0 ]] 
boundary 0: [[ 35.822197, 83.370415, 0.0 ], [ 35.631916, 82.263176, 0.0 ], [ 34.153904, 80.28685, 0.0 ], [ 31.532953, 77.63513, 0.0 ], [ 28.025587, 74.567375, 0.0 ], [ 23.975147, 71.383995, 0.0 ], [ 19.778069, 68.396515, 0.0 ], [ 15.845221, 65.89733, 0.0 ], [ 12.561619, 64.1312, 0.0 ], [ 10.248606, 63.27105, 0.0 ], [ 9.132661, 63.400917, 0.0 ], [ 9.3229685, 64.50819, 0.0 ], [ 10.800929, 66.48445, 0.0 ], [ 13.421894, 69.13612, 0.0 ], [ 16.92925, 72.20399, 0.0 ], [ 20.979717, 75.38744, 0.0 ], [ 25.17678, 78.374916, 0.0 ], [ 29.109598, 80.874, 0.0 ], [ 32.393257, 82.640076, 0.0 ], [ 34.70623, 83.50028, 0.0 ]] 
boundary 1: [[ 35.822205, 44.62961, 0.0 ], [ 34.70623, 44.499733, 0.0 ], [ 32.393257, 45.359917, 0.0 ], [ 29.109613, 47.126015, 0.0 ], [ 25.176785, 49.625153, 0.0 ], [ 20.979729, 52.61261, 0.0 ], [ 16.929243, 55.79608, 0.0 ], [ 13.421885, 58.863785, 0.0 ], [ 10.800943, 61.51562, 0.0 ], [ 9.32297, 63.491817, 0.0 ], [ 9.132634, 64.59902, 0.0 ], [ 10.24862, 64.729004, 0.0 ], [ 12.56162, 63.86876, 0.0 ], [ 15.845224, 62.10265, 0.0 ], [ 19.778088, 59.60356, 0.0 ], [ 23.975155, 56.616047, 0.0 ], [ 28.025595, 53.43262, 0.0 ], [ 31.53296, 50.364883, 0.0 ], [ 34.15388, 47.713116, 0.0 ], [ 35.63191, 45.73684, 0.0 ]] 
boundary 0: [[ 36.56215, 82.33992, 0.0 ], [ 36.32859, 81.24099, 0.0 ], [ 34.77418, 79.324165, 0.0 ], [ 32.05122, 76.77731, 0.0 ], [ 28.42621, 73.84951, 0.0 ], [ 24.254002, 70.82748, 0.0 ], [ 19.942963, 68.006935, 0.0 ], [ 15.9151, 65.66395, 0.0 ], [ 12.564743, 64.028, 0.0 ], [ 10.2197695, 63.259243, 0.0 ], [ 9.109776, 63.432793, 0.0 ], [ 9.343374, 64.53174, 0.0 ], [ 10.897725, 66.44851, 0.0 ], [ 13.620691, 68.99532, 0.0 ], [ 17.245697, 71.92324, 0.0 ], [ 21.417936, 74.945335, 0.0 ], [ 25.728962, 77.76586, 0.0 ], [ 29.756788, 80.10875, 0.0 ], [ 33.107197, 81.74465, 0.0 ], [ 35.452137, 82.51345, 0.0 ]] 
boundary 1: [[ 36.562157, 45.66011, 0.0 ], [ 35.452137, 45.486557, 0.0 ], [ 33.107197, 46.25535, 0.0 ], [ 29.756804, 47.891266, 0.0 ], [ 25.728962, 50.2342, 0.0 ], [ 21.417942, 53.05471, 0.0 ], [ 17.245686, 56.07684, 0.0 ], [ 13.6206875, 59.004585, 0.0 ], [ 10.897736, 61.551567, 0.0 ], [ 9.343376, 63.46826, 0.0 ], [ 9.109753, 64.56714, 0.0 ], [ 10.219778, 64.740814, 0.0 ], [ 12.564746, 63.971966, 0.0 ], [ 15.915104, 62.33603, 0.0 ], [ 19.942982, 59.993145, 0.0 ], [ 24.25401, 57.172573, 0.0 ], [ 28.426218, 54.150494, 0.0 ], [ 32.051228, 51.222717, 0.0 ], [ 34.77416, 48.675797, 0.0 ], [ 36.32858, 46.759026, 0.0 ]] 
boundary 0: [[ 37.852875, 80.30783, 0.0 ], [ 37.538204, 79.22934, 0.0 ], [ 35.845478, 77.43349, 0.0 ], [ 32.940575, 75.09628, 0.0 ], [ 29.107782, 72.44629, 0.0 ], [ 24.72229, 69.743065, 0.0 ], [ 20.213345, 67.2511, 0.0 ], [ 16.022322, 65.21427, 0.0 ], [ 12.559534, 63.83214, 0.0 ], [ 10.163861, 63.239986, 0.0 ], [ 9.069857, 63.49564, 0.0 ], [ 9.384573, 64.574165, 0.0 ], [ 11.077228, 66.36997, 0.0 ], [ 13.982134, 68.70713, 0.0 ], [ 17.814938, 71.35722, 0.0 ], [ 22.20046, 74.06052, 0.0 ], [ 26.709393, 76.55247, 0.0 ], [ 30.900373, 78.589195, 0.0 ], [ 34.363213, 79.97128, 0.0 ], [ 36.75885, 80.56349, 0.0 ]] 
boundary 1: [[ 37.852875, 47.692192, 0.0 ], [ 36.75885, 47.436523, 0.0 ], [ 34.363213, 48.028717, 0.0 ], [ 30.900389, 49.410828, 0.0 ], [ 26.709389, 51.44758, 0.0 ], [ 22.200466, 53.939533, 0.0 ], [ 17.81492, 56.642853, 0.0 ], [ 13.982137, 59.292778, 0.0 ], [ 11.077232, 61.630104, 0.0 ], [ 9.384575, 63.42584, 0.0 ], [ 9.069839, 64.50429, 0.0 ], [ 10.163865, 64.76008, 0.0 ], [ 12.559539, 64.167816, 0.0 ], [ 16.022327, 62.785698, 0.0 ], [ 20.213358, 60.748993, 0.0 ], [ 24.722298, 58.256985, 0.0 ], [ 29.10779, 55.553703, 0.0 ], [ 32.940582, 52.903748, 0.0 ], [ 35.845455, 50.56648, 0.0 ], [ 37.53819, 48.770676, 0.0 ]] 
boundary 0: [[ 38.882713, 78.40066, 0.0 ], [ 38.4965, 77.34569, 0.0 ], [ 36.68725, 75.667274, 0.0 ], [ 33.632294, 73.52994, 0.0 ], [ 29.63057, 71.142685, 0.0 ], [ 25.073828, 68.73935, 0.0 ], [ 20.408056, 66.55507, 0.0 ], [ 16.089994, 64.80359, 0.0 ], [ 12.542389, 63.65657, 0.0 ], [ 10.112425, 63.226254, 0.0 ], [ 9.038007, 63.554623, 0.0 ], [ 9.424273, 64.60963, 0.0 ], [ 11.2334385, 66.288, 0.0 ], [ 14.288399, 68.42529, 0.0 ], [ 18.290138, 70.812645, 0.0 ], [ 22.84692, 73.21605, 0.0 ], [ 27.512674, 75.40032, 0.0 ], [ 31.83069, 77.15169, 0.0 ], [ 35.378353, 78.29868, 0.0 ], [ 37.808266, 78.72905, 0.0 ]] 
boundary 1: [[ 38.882713, 49.599358, 0.0 ], [ 37.808266, 49.270966, 0.0 ], [ 35.378353, 49.70133, 0.0 ], [ 31.830706, 50.848328, 0.0 ], [ 27.512665, 52.59973, 0.0 ], [ 22.846924, 54.784, 0.0 ], [ 18.290115, 57.187424, 0.0 ], [ 14.288408, 59.574604, 0.0 ], [ 11.233438, 61.712063, 0.0 ], [ 9.424274, 63.390366, 0.0 ], [ 9.037993, 64.445305, 0.0 ], [ 10.112426, 64.77382, 0.0 ], [ 12.542395, 64.34338, 0.0 ], [ 16.090002, 63.19637, 0.0 ], [ 20.40807, 61.44503, 0.0 ], [ 25.07383, 59.260708, 0.0 ], [ 29.630577, 56.857304, 0.0 ], [ 33.6323, 54.470093, 0.0 ], [ 36.687233, 52.332695, 0.0 ], [ 38.496483, 50.65434, 0.0 ]] 
boundary 0: [[ 39.965225, 75.98042, 0.0 ], [ 39.493885, 74.96062, 0.0 ], [ 37.5532, 73.4361, 0.0 ], [ 34.333405, 71.556244, 0.0 ], [ 30.149544, 69.504875, 0.0 ], [ 25.41122, 67.482956, 0.0 ], [ 20.582178, 65.68828, 0.0 ], [ 16.135136, 64.29647, 0.0 ], [ 12.50548, 63.443966, 0.0 ], [ 10.048431, 63.214184, 0.0 ], [ 9.004529, 63.629475, 0.0 ], [ 9.475931, 64.64929, 0.0 ], [ 11.416525, 66.1738, 0.0 ], [ 14.636323, 68.05361, 0.0 ], [ 18.820206, 70.10507, 0.0 ], [ 23.558577, 72.12706, 0.0 ], [ 28.387604, 73.921715, 0.0 ], [ 32.834587, 75.31343, 0.0 ], [ 36.4643, 76.16591, 0.0 ], [ 38.921307, 76.39574, 0.0 ]] 
boundary 1: [[ 39.965225, 52.019596, 0.0 ], [ 38.921307, 51.60428, 0.0 ], [ 36.4643, 51.834106, 0.0 ], [ 32.834602, 52.686592, 0.0 ], [ 28.38759, 54.07833, 0.0 ], [ 23.558577, 55.872993, 0.0 ], [ 18.820177, 57.894993, 0.0 ], [ 14.636339, 59.946297, 0.0 ], [ 11.416517, 61.826275, 0.0 ], [ 9.475933, 63.350708, 0.0 ], [ 9.004519, 64.37045, 0.0 ], [ 10.048424, 64.7859, 0.0 ], [ 12.505488, 64.55599, 0.0 ], [ 16.135147, 63.703484, 0.0 ], [ 20.582184, 62.311813, 0.0 ], [ 25.411217, 60.517105, 0.0 ], [ 30.149551, 58.495113, 0.0 ], [ 34.333412, 56.44379, 0.0 ], [ 37.553185, 54.563866, 0.0 ], [ 39.493862, 53.039387, 0.0 ]] 
boundary 0: [[ 40.702652, 73.93447, 0.0 ], [ 40.163822, 72.94866, 0.0 ], [ 38.12505, 71.55805, 0.0 ], [ 34.786156, 69.898895, 0.0 ], [ 30.47387, 68.13342, 0.0 ], [ 25.610348, 66.43459, 0.0 ], [ 20.671581, 64.96861, 0.0 ], [ 16.141037, 63.8789, 0.0 ], [ 12.462282, 63.27231, 0.0 ], [ 9.995345, 63.208225, 0.0 ], [ 8.981722, 63.69275, 0.0 ], [ 9.520613, 64.67859, 0.0 ], [ 11.5593, 66.06917, 0.0 ], [ 14.89818, 67.728294, 0.0 ], [ 19.210506, 69.493866, 0.0 ], [ 24.074081, 71.19275, 0.0 ], [ 29.012829, 72.658714, 0.0 ], [ 33.543312, 73.748344, 0.0 ], [ 37.222107, 74.35488, 0.0 ], [ 39.689026, 74.41902, 0.0 ]] 
boundary 1: [[ 40.702652, 54.065533, 0.0 ], [ 39.689026, 53.580986, 0.0 ], [ 37.222107, 53.645126, 0.0 ], [ 33.543327, 54.251682, 0.0 ], [ 29.012812, 55.341328, 0.0 ], [ 24.074081, 56.807312, 0.0 ], [ 19.210476, 58.506207, 0.0 ], [ 14.898204, 60.27162, 0.0 ], [ 11.559286, 61.930893, 0.0 ], [ 9.520615, 63.32143, 0.0 ], [ 8.981718, 64.30717, 0.0 ], [ 9.995334, 64.791855, 0.0 ], [ 12.462294, 64.72763, 0.0 ], [ 16.141052, 64.12106, 0.0 ], [ 20.671581, 63.03149, 0.0 ], [ 25.610342, 61.565453, 0.0 ], [ 30.473879, 59.866566, 0.0 ], [ 34.786163, 58.101143, 0.0 ], [ 38.125034, 56.441917, 0.0 ], [ 40.1638, 55.051334, 0.0 ]] 
boundary 0: [[ 41.22476, 72.142006, 0.0 ], [ 40.62993, 71.188934, 0.0 ], [ 38.514294, 69.91832, 0.0 ], [ 35.085205, 68.45464, 0.0 ], [ 30.678202, 66.940994, 0.0 ], [ 25.72474, 65.52571, 0.0 ], [ 20.709587, 64.34723, 0.0 ], [ 16.123697, 63.520813, 0.0 ], [ 12.416065, 63.127552, 0.0 ], [ 9.949542, 63.205963, 0.0 ], [ 8.965573, 63.748184, 0.0 ], [ 9.560466, 64.70128, 0.0 ], [ 11.676017, 65.971886, 0.0 ], [ 15.105089, 67.43551, 0.0 ], [ 19.512135, 68.94926, 0.0 ], [ 24.465656, 70.36461, 0.0 ], [ 29.480783, 71.54307, 0.0 ], [ 34.066605, 72.36941, 0.0 ], [ 37.774277, 72.76259, 0.0 ], [ 40.24078, 72.68426, 0.0 ]] 
boundary 1: [[ 41.22476, 55.858, 0.0 ], [ 40.24078, 55.315758, 0.0 ], [ 37.774277, 55.23741, 0.0 ], [ 34.06662, 55.630623, 0.0 ], [ 29.48076, 56.456966, 0.0 ], [ 24.465649, 57.63546, 0.0 ], [ 19.512104, 59.05081, 0.0 ], [ 15.105118, 60.564392, 0.0 ], [ 11.675998, 62.028183, 0.0 ], [ 9.560468, 63.29874, 0.0 ], [ 8.965575, 64.25173, 0.0 ], [ 9.949526, 64.79411, 0.0 ], [ 12.416081, 64.87239, 0.0 ], [ 16.123714, 64.47916, 0.0 ], [ 20.70958, 63.65289, 0.0 ], [ 25.724726, 62.474342, 0.0 ], [ 30.678211, 61.058994, 0.0 ], [ 35.085213, 59.545403, 0.0 ], [ 38.51428, 58.081657, 0.0 ], [ 40.629906, 56.81107, 0.0 ]] 
boundary 0: [[ 41.441414, 71.258514, 0.0 ], [ 40.82002, 70.322556, 0.0 ], [ 38.669456, 69.11197, 0.0 ], [ 35.20056, 67.745316, 0.0 ], [ 30.75272, 66.35625, 0.0 ], [ 25.761406, 65.08087, 0.0 ], [ 20.715088, 64.04394, 0.0 ], [ 16.107763, 63.34686, 0.0 ], [ 12.390538, 63.058056, 0.0 ], [ 9.927201, 63.20583, 0.0 ], [ 8.958873, 63.775505, 0.0 ], [ 9.580341, 64.71149, 0.0 ], [ 11.730799, 65.92209, 0.0 ], [ 15.199686, 67.28866, 0.0 ], [ 19.647572, 68.67783, 0.0 ], [ 24.63895, 69.95328, 0.0 ], [ 29.685244, 70.99018, 0.0 ], [ 34.292496, 71.687195, 0.0 ], [ 38.009758, 71.97592, 0.0 ], [ 40.47308, 71.828224, 0.0 ]] 
boundary 1: [[ 41.441414, 56.741493, 0.0 ], [ 40.47308, 56.171787, 0.0 ], [ 38.009758, 56.024086, 0.0 ], [ 34.29251, 56.312836, 0.0 ], [ 29.685219, 57.009842, 0.0 ], [ 24.638939, 58.0468, 0.0 ], [ 19.647541, 59.322235, 0.0 ], [ 15.19972, 60.711246, 0.0 ], [ 11.730776, 62.07799, 0.0 ], [ 9.580342, 63.288532, 0.0 ], [ 8.958877, 64.2244, 0.0 ], [ 9.927178, 64.79425, 0.0 ], [ 12.390557, 64.941895, 0.0 ], [ 16.107784, 64.653114, 0.0 ], [ 20.715076, 63.956177, 0.0 ], [ 25.761395, 62.919178, 0.0 ], [ 30.75273, 61.64374, 0.0 ], [ 35.20057, 60.254723, 0.0 ], [ 38.66944, 58.88802, 0.0 ], [ 40.819996, 57.67745, 0.0 ]] 
boundary 0: [[ 41.450085, 71.220795, 0.0 ], [ 40.82757, 70.28558, 0.0 ], [ 38.675556, 69.07757, 0.0 ], [ 35.205025, 67.71507, 0.0 ], [ 30.75552, 66.33132, 0.0 ], [ 25.762691, 65.06193, 0.0 ], [ 20.71513, 64.03105, 0.0 ], [ 16.10698, 63.339466, 0.0 ], [ 12.389409, 63.055107, 0.0 ], [ 9.926251, 63.205845, 0.0 ], [ 8.958606, 63.776665, 0.0 ], [ 9.581196, 64.711914, 0.0 ], [ 11.7331, 65.91992, 0.0 ], [ 15.203617, 67.282364, 0.0 ], [ 19.653164, 68.6662, 0.0 ], [ 24.646069, 69.93568, 0.0 ], [ 29.693592, 70.96652, 0.0 ], [ 34.30168, 71.65803, 0.0 ], [ 38.019283, 71.94231, 0.0 ], [ 40.48243, 71.79167, 0.0 ]] 
boundary 1: [[ 41.450085, 56.779217, 0.0 ], [ 40.48243, 56.208347, 0.0 ], [ 38.019283, 56.057693, 0.0 ], [ 34.301697, 56.341995, 0.0 ], [ 29.693567, 57.033485, 0.0 ], [ 24.646057, 58.064407, 0.0 ], [ 19.653133, 59.333866, 0.0 ], [ 15.203651, 60.717556, 0.0 ], [ 11.733076, 62.08014, 0.0 ], [ 9.581196, 63.2881, 0.0 ], [ 8.958609, 64.223206, 0.0 ], [ 9.926229, 64.794266, 0.0 ], [ 12.389429, 64.94485, 0.0 ], [ 16.107002, 64.66051, 0.0 ], [ 20.715118, 63.969093, 0.0 ], [ 25.76268, 62.93812, 0.0 ], [ 30.75553, 61.668663, 0.0 ], [ 35.205032, 60.284966, 0.0 ], [ 38.67554, 58.92242, 0.0 ], [ 40.82755, 57.714424, 0.0 ]] 
boundary 0: [[ 41.27846, 71.93277, 0.0 ], [ 40.677296, 70.983696, 0.0 ], [ 38.55319, 69.72724, 0.0 ], [ 35.114395, 68.2865, 0.0 ], [ 30.697372, 66.80233, 0.0 ], [ 25.734577, 65.420166, 0.0 ], [ 20.711658, 64.27524, 0.0 ], [ 16.120356, 63.47946, 0.0 ], [ 12.410181, 63.110977, 0.0 ], [ 9.944239, 63.205887, 0.0 ], [ 8.963913, 63.754646, 0.0 ], [ 9.565165, 64.70375, 0.0 ], [ 11.689155, 65.96019, 0.0 ], [ 15.127922, 67.40089, 0.0 ], [ 19.544987, 68.88515, 0.0 ], [ 24.507864, 70.26739, 0.0 ], [ 29.530745, 71.412285, 0.0 ], [ 34.121986, 72.20799, 0.0 ], [ 37.832195, 72.576385, 0.0 ], [ 40.29812, 72.48158, 0.0 ]] 
boundary 1: [[ 41.27846, 56.06724, 0.0 ], [ 40.298126, 55.518433, 0.0 ], [ 37.832195, 55.42361, 0.0 ], [ 34.122, 55.792038, 0.0 ], [ 29.53072, 56.587727, 0.0 ], [ 24.507856, 57.7327, 0.0 ], [ 19.544956, 59.11492, 0.0 ], [ 15.127956, 60.599026, 0.0 ], [ 11.689132, 62.03987, 0.0 ], [ 9.565165, 63.29625, 0.0 ], [ 8.963914, 64.245224, 0.0 ], [ 9.944216, 64.79422, 0.0 ], [ 12.4102, 64.88898, 0.0 ], [ 16.120378, 64.52051, 0.0 ], [ 20.71165, 63.724903, 0.0 ], [ 25.734566, 62.579872, 0.0 ], [ 30.697382, 61.197662, 0.0 ], [ 35.114403, 59.71354, 0.0 ], [ 38.553165, 58.272743, 0.0 ], [ 40.677273, 57.016308, 0.0 ]] 
boundary 0: [[ 41.08817, 72.650024, 0.0 ], [ 40.50894, 71.68739, 0.0 ], [ 38.414234, 70.38254, 0.0 ], [ 35.0094, 68.86326, 0.0 ], [ 30.627604, 67.27811, 0.0 ], [ 25.697826, 65.78242, 0.0 ], [ 20.702513, 64.522514, 0.0 ], [ 16.130672, 63.62159, 0.0 ], [ 12.429931, 63.16805, 0.0 ], [ 9.962461, 63.206345, 0.0 ], [ 8.969801, 63.73246, 0.0 ], [ 9.54911, 64.69512, 0.0 ], [ 11.643709, 65.999985, 0.0 ], [ 15.048509, 67.5192, 0.0 ], [ 19.430351, 69.10444, 0.0 ], [ 24.3602, 70.600204, 0.0 ], [ 29.355484, 71.86007, 0.0 ], [ 33.927254, 72.76094, 0.0 ], [ 37.62803, 73.214386, 0.0 ], [ 40.09548, 73.17619, 0.0 ]] 
boundary 1: [[ 41.08817, 55.349987, 0.0 ], [ 40.09549, 54.82382, 0.0 ], [ 37.62803, 54.785625, 0.0 ], [ 33.92727, 55.239094, 0.0 ], [ 29.35546, 56.139935, 0.0 ], [ 24.360193, 57.399876, 0.0 ], [ 19.43032, 58.89563, 0.0 ], [ 15.048542, 60.48071, 0.0 ], [ 11.643686, 62.000095, 0.0 ], [ 9.54911, 63.304882, 0.0 ], [ 8.969795, 64.2674, 0.0 ], [ 9.96244, 64.79376, 0.0 ], [ 12.42995, 64.831894, 0.0 ], [ 16.130692, 64.37838, 0.0 ], [ 20.702505, 63.47763, 0.0 ], [ 25.697815, 62.217625, 0.0 ], [ 30.627613, 60.72189, 0.0 ], [ 35.009407, 59.136784, 0.0 ], [ 38.41421, 57.61745, 0.0 ], [ 40.50892, 56.312603, 0.0 ]] 
boundary 0: [[ 40.598526, 74.25147, 0.0 ], [ 40.069916, 73.26013, 0.0 ], [ 38.04558, 71.848564, 0.0 ], [ 34.723972, 70.155045, 0.0 ], [ 30.430122, 68.34514, 0.0 ], [ 25.584393, 66.596245, 0.0 ], [ 20.661015, 65.07939, 0.0 ], [ 16.141953, 63.942963, 0.0 ], [ 12.469656, 63.29842, 0.0 ], [ 10.003514, 63.20892, 0.0 ], [ 8.984946, 63.68293, 0.0 ], [ 9.513636, 64.67429, 0.0 ], [ 11.537865, 66.08586, 0.0 ], [ 14.859442, 67.77932, 0.0 ], [ 19.153332, 69.5893, 0.0 ], [ 23.999123, 71.338295, 0.0 ], [ 28.922474, 72.85511, 0.0 ], [ 33.441467, 73.99147, 0.0 ], [ 37.1138, 74.63591, 0.0 ], [ 39.579933, 74.725525, 0.0 ]] 
boundary 1: [[ 40.598526, 53.748554, 0.0 ], [ 39.57994, 53.27449, 0.0 ], [ 37.1138, 53.3641, 0.0 ], [ 33.441483, 54.008564, 0.0 ], [ 28.922451, 55.144897, 0.0 ], [ 23.999123, 56.661777, 0.0 ], [ 19.153301, 58.410774, 0.0 ], [ 14.85947, 60.220592, 0.0 ], [ 11.5378475, 61.914227, 0.0 ], [ 9.513636, 63.32571, 0.0 ], [ 8.984933, 64.31694, 0.0 ], [ 10.003499, 64.7912, 0.0 ], [ 12.469672, 64.70151, 0.0 ], [ 16.141972, 64.057, 0.0 ], [ 20.66101, 62.920757, 0.0 ], [ 25.584383, 61.403812, 0.0 ], [ 30.43013, 59.654842, 0.0 ], [ 34.723984, 57.845, 0.0 ], [ 38.04556, 56.15143, 0.0 ], [ 40.069893, 54.739872, 0.0 ]] 
boundary 0: [[ 39.8507, 76.26367, 0.0 ], [ 39.389038, 75.23944, 0.0 ], [ 37.462845, 73.69666, 0.0 ], [ 34.260914, 71.78647, 0.0 ], [ 30.09663, 69.69563, 0.0 ], [ 25.377625, 67.629036, 0.0 ], [ 20.56575, 65.78885, 0.0 ], [ 16.132053, 64.355064, 0.0 ], [ 12.510619, 63.46826, 0.0 ], [ 10.05585, 63.21532, 0.0 ], [ 9.008077, 63.6207, 0.0 ], [ 9.469817, 64.64495, 0.0 ], [ 11.395922, 66.18774, 0.0 ], [ 14.597808, 68.09786, 0.0 ], [ 18.762136, 70.18879, 0.0 ], [ 23.481188, 72.25547, 0.0 ], [ 28.293041, 74.095634, 0.0 ], [ 32.72667, 75.529335, 0.0 ], [ 36.348145, 76.41603, 0.0 ], [ 38.802895, 76.669106, 0.0 ]] 
boundary 1: [[ 39.8507, 51.73635, 0.0 ], [ 38.802902, 51.330925, 0.0 ], [ 36.348145, 51.583977, 0.0 ], [ 32.726685, 52.470703, 0.0 ], [ 28.293022, 53.90438, 0.0 ], [ 23.481194, 55.74461, 0.0 ], [ 18.762106, 57.811302, 0.0 ], [ 14.597832, 59.902046, 0.0 ], [ 11.395909, 61.812355, 0.0 ], [ 9.469817, 63.35504, 0.0 ], [ 9.008054, 64.37917, 0.0 ], [ 10.055843, 64.78479, 0.0 ], [ 12.510633, 64.53166, 0.0 ], [ 16.132072, 63.6449, 0.0 ], [ 20.565756, 62.211296, 0.0 ], [ 25.377619, 60.371, 0.0 ], [ 30.096638, 58.304348, 0.0 ], [ 34.260937, 56.213573, 0.0 ], [ 37.462814, 54.303337, 0.0 ], [ 39.389015, 52.76056, 0.0 ]] 
boundary 0: [[ 39.27283, 77.58825, 0.0 ], [ 38.857388, 76.54442, 0.0 ], [ 37.00207, 74.91711, 0.0 ], [ 33.88868, 72.86574, 0.0 ], [ 29.821985, 70.59093, 0.0 ], [ 25.200035, 68.31554, 0.0 ], [ 20.475197, 66.26217, 0.0 ], [ 16.109997, 64.63169, 0.0 ], [ 12.531806, 63.583954, 0.0 ], [ 10.09079, 63.22158, 0.0 ], [ 9.0259495, 63.579735, 0.0 ], [ 9.44146, 64.6236, 0.0 ], [ 11.296703, 66.250916, 0.0 ], [ 14.410038, 68.30219, 0.0 ], [ 18.476776, 70.57711, 0.0 ], [ 23.098768, 72.8526, 0.0 ], [ 27.823586, 74.90593, 0.0 ], [ 32.18872, 76.536316, 0.0 ], [ 35.766953, 77.58396, 0.0 ], [ 38.207947, 77.946465, 0.0 ]] 
boundary 1: [[ 39.27283, 50.411774, 0.0 ], [ 38.207954, 50.05357, 0.0 ], [ 35.766953, 50.41605, 0.0 ], [ 32.188744, 51.46372, 0.0 ], [ 27.823566, 53.094078, 0.0 ], [ 23.098778, 55.14748, 0.0 ], [ 18.476746, 57.422977, 0.0 ], [ 14.410059, 59.69771, 0.0 ], [ 11.296696, 61.74919, 0.0 ], [ 9.441461, 63.376396, 0.0 ], [ 9.025922, 64.42014, 0.0 ], [ 10.09079, 64.77853, 0.0 ], [ 12.531817, 64.41596, 0.0 ], [ 16.110012, 63.36827, 0.0 ], [ 20.475212, 61.737988, 0.0 ], [ 25.200027, 59.68451, 0.0 ], [ 29.821993, 57.409058, 0.0 ], [ 33.88871, 55.1343, 0.0 ], [ 37.00204, 53.0829, 0.0 ], [ 38.857365, 51.45558, 0.0 ]] 
boundary 0: [[ 38.238125, 79.62962, 0.0 ], [ 37.897568, 78.55901, 0.0 ], [ 36.16201, 76.80455, 0.0 ], [ 33.201523, 74.538086, 0.0 ], [ 29.305937, 71.9813, 0.0 ], [ 24.85652, 69.38466, 0.0 ], [ 20.288767, 67.002205, 0.0 ], [ 16.049843, 65.067024, 0.0 ], [ 12.554728, 63.76881, 0.0 ], [ 10.145461, 63.234673, 0.0 ], [ 9.057951, 63.516598, 0.0 ], [ 9.398581, 64.587234, 0.0 ], [ 11.134064, 66.34173, 0.0 ], [ 14.094494, 68.60808, 0.0 ], [ 17.990128, 71.16499, 0.0 ], [ 22.439575, 73.76171, 0.0 ], [ 27.007307, 76.144135, 0.0 ], [ 31.246181, 78.079216, 0.0 ], [ 34.741333, 79.37735, 0.0 ], [ 37.15057, 79.91161, 0.0 ]] 
boundary 1: [[ 38.238132, 48.37039, 0.0 ], [ 37.150578, 48.088417, 0.0 ], [ 34.741333, 48.622665, 0.0 ], [ 31.246204, 49.920815, 0.0 ], [ 27.007288, 51.855877, 0.0 ], [ 22.439594, 54.23836, 0.0 ], [ 17.9901, 56.83511, 0.0 ], [ 14.094512, 59.391808, 0.0 ], [ 11.134063, 61.65839, 0.0 ], [ 9.398581, 63.412746, 0.0 ], [ 9.057915, 64.48327, 0.0 ], [ 10.145465, 64.76544, 0.0 ], [ 12.554733, 64.23112, 0.0 ], [ 16.049854, 62.932934, 0.0 ], [ 20.288792, 60.99794, 0.0 ], [ 24.85652, 58.615383, 0.0 ], [ 29.305943, 56.01869, 0.0 ], [ 33.201553, 53.461956, 0.0 ], [ 36.16198, 51.195465, 0.0 ], [ 37.897545, 49.440983, 0.0 ]] 
boundary 0: [[ 37.251266, 81.296715, 0.0 ], [ 36.97544, 80.207634, 0.0 ], [ 35.34808, 78.35239, 0.0 ], [ 32.52864, 75.91268, 0.0 ], [ 28.793173, 73.12717, 0.0 ], [ 24.507252, 70.26873, 0.0 ], [ 20.090378, 67.617004, 0.0 ], [ 15.974961, 65.43143, 0.0 ], [ 12.563868, 63.926212, 0.0 ], [ 10.190914, 63.24875, 0.0 ], [ 9.088473, 63.465042, 0.0 ], [ 9.364372, 64.55415, 0.0 ], [ 10.991663, 66.40945, 0.0 ], [ 13.811053, 68.849, 0.0 ], [ 17.546558, 71.63465, 0.0 ], [ 21.832502, 74.49319, 0.0 ], [ 26.24936, 77.14489, 0.0 ], [ 30.364733, 79.33035, 0.0 ], [ 33.77586, 80.83548, 0.0 ], [ 36.148773, 81.51306, 0.0 ]] 
boundary 1: [[ 37.251274, 46.703297, 0.0 ], [ 36.14878, 46.48697, 0.0 ], [ 33.77586, 47.164536, 0.0 ], [ 30.364756, 48.669678, 0.0 ], [ 26.249342, 50.85513, 0.0 ], [ 21.832535, 53.50689, 0.0 ], [ 17.546541, 56.365456, 0.0 ], [ 13.811062, 59.15087, 0.0 ], [ 10.991671, 61.590687, 0.0 ], [ 9.364371, 63.445824, 0.0 ], [ 9.088429, 64.53483, 0.0 ], [ 10.190926, 64.75136, 0.0 ], [ 12.563868, 64.073715, 0.0 ], [ 15.97497, 62.568535, 0.0 ], [ 20.09042, 60.383156, 0.0 ], [ 24.507252, 57.731304, 0.0 ], [ 28.793179, 54.872807, 0.0 ], [ 32.52867, 52.087353, 0.0 ], [ 35.34805, 49.647636, 0.0 ], [ 36.975414, 47.79236, 0.0 ]] 
boundary 0: [[ 36.50824, 82.41794, 0.0 ], [ 36.277954, 81.31831, 0.0 ], [ 34.729156, 79.39698, 0.0 ], [ 32.013626, 76.84213, 0.0 ], [ 28.397243, 73.90367, 0.0 ], [ 24.233917, 70.86946, 0.0 ], [ 19.931152, 68.036316, 0.0 ], [ 15.910199, 65.681465, 0.0 ], [ 12.564663, 64.03568, 0.0 ], [ 10.221936, 63.260113, 0.0 ], [ 9.111455, 63.43037, 0.0 ], [ 9.341818, 64.53001, 0.0 ], [ 10.890536, 66.451385, 0.0 ], [ 13.606024, 69.00609, 0.0 ], [ 17.222439, 71.94469, 0.0 ], [ 21.385782, 74.979, 0.0 ], [ 25.688534, 77.81213, 0.0 ], [ 29.709448, 80.16685, 0.0 ], [ 33.055023, 81.81255, 0.0 ], [ 35.397705, 82.58823, 0.0 ]] 
boundary 1: [[ 36.508247, 45.582077, 0.0 ], [ 35.397713, 45.4118, 0.0 ], [ 33.05503, 46.18747, 0.0 ], [ 29.709473, 47.833183, 0.0 ], [ 25.688519, 50.1879, 0.0 ], [ 21.385817, 53.02106, 0.0 ], [ 17.222425, 56.05542, 0.0 ], [ 13.606026, 58.99379, 0.0 ], [ 10.890551, 61.548763, 0.0 ], [ 9.341815, 63.469967, 0.0 ], [ 9.111405, 64.569496, 0.0 ], [ 10.221953, 64.74, 0.0 ], [ 12.564653, 63.964245, 0.0 ], [ 15.910206, 62.318493, 0.0 ], [ 19.931206, 59.963844, 0.0 ], [ 24.233921, 57.130585, 0.0 ], [ 28.397245, 54.096306, 0.0 ], [ 32.013657, 51.157898, 0.0 ], [ 34.729126, 48.603035, 0.0 ], [ 36.277924, 46.68167, 0.0 ]] 
boundary 0: [[ 35.784603, 83.42055, 0.0 ], [ 35.596527, 82.31295, 0.0 ], [ 34.122334, 80.333786, 0.0 ], [ 31.50647, 77.67698, 0.0 ], [ 28.00508, 74.60239, 0.0 ], [ 23.960814, 71.41122, 0.0 ], [ 19.769516, 68.415634, 0.0 ], [ 15.841539, 65.90876, 0.0 ], [ 12.561375, 64.13627, 0.0 ], [ 10.250013, 63.27169, 0.0 ], [ 9.133836, 63.39936, 0.0 ], [ 9.321987, 64.50701, 0.0 ], [ 10.796108, 66.48619, 0.0 ], [ 13.411934, 69.14284, 0.0 ], [ 16.913343, 72.21757, 0.0 ], [ 20.95763, 75.408844, 0.0 ], [ 25.148912, 78.40444, 0.0 ], [ 29.076853, 80.91117, 0.0 ], [ 32.357063, 82.68358, 0.0 ], [ 34.668377, 83.54826, 0.0 ]] 
boundary 1: [[ 35.78461, 44.579464, 0.0 ], [ 34.66839, 44.451767, 0.0 ], [ 32.35707, 45.31644, 0.0 ], [ 29.076878, 47.088867, 0.0 ], [ 25.148901, 49.5956, 0.0 ], [ 20.95767, 52.59121, 0.0 ], [ 16.913338, 55.78253, 0.0 ], [ 13.411929, 58.85702, 0.0 ], [ 10.796128, 61.513954, 0.0 ], [ 9.321981, 63.492973, 0.0 ], [ 9.13378, 64.6005, 0.0 ], [ 10.250037, 64.728424, 0.0 ], [ 12.561361, 63.86367, 0.0 ], [ 15.841542, 62.091194, 0.0 ], [ 19.769573, 59.584534, 0.0 ], [ 23.96082, 56.58882, 0.0 ], [ 28.00508, 53.397583, 0.0 ], [ 31.506502, 50.32306, 0.0 ], [ 34.122303, 47.666237, 0.0 ], [ 35.596497, 45.687057, 0.0 ]] 
boundary 0: [[ 35.50459, 83.787796, 0.0 ], [ 35.332355, 82.67761, 0.0 ], [ 33.88658, 80.67759, 0.0 ], [ 31.30893, 77.9837, 0.0 ], [ 27.851805, 74.85941, 0.0 ], [ 23.85354, 71.61081, 0.0 ], [ 19.705446, 68.55566, 0.0 ], [ 15.813675, 65.99295, 0.0 ], [ 12.55916, 64.17378, 0.0 ], [ 10.260384, 63.276283, 0.0 ], [ 9.142496, 63.388004, 0.0 ], [ 9.314808, 64.49823, 0.0 ], [ 10.760511, 66.49825, 0.0 ], [ 13.338127, 69.192, 0.0 ], [ 16.795265, 72.31643, 0.0 ], [ 20.793568, 75.56513, 0.0 ], [ 24.941628, 78.620285, 0.0 ], [ 28.833366, 81.18286, 0.0 ], [ 32.08792, 83.00195, 0.0 ], [ 34.386658, 83.89957, 0.0 ]] 
boundary 1: [[ 35.504597, 44.212227, 0.0 ], [ 34.386673, 44.10048, 0.0 ], [ 32.08793, 44.99807, 0.0 ], [ 28.833393, 46.81717, 0.0 ], [ 24.94162, 49.37975, 0.0 ], [ 20.79361, 52.43492, 0.0 ], [ 16.795261, 55.683678, 0.0 ], [ 13.33812, 58.807865, 0.0 ], [ 10.760533, 61.501884, 0.0 ], [ 9.314802, 63.501762, 0.0 ], [ 9.142438, 64.61186, 0.0 ], [ 10.260408, 64.72383, 0.0 ], [ 12.559147, 63.82615, 0.0 ], [ 15.813677, 62.007004, 0.0 ], [ 19.705505, 59.444492, 0.0 ], [ 23.853544, 56.38923, 0.0 ], [ 27.851805, 53.140553, 0.0 ], [ 31.308962, 50.016335, 0.0 ], [ 33.88655, 47.322426, 0.0 ], [ 35.332325, 45.322388, 0.0 ]] 
boundary 0: [[ 35.529663, 83.755356, 0.0 ], [ 35.356018, 82.64539, 0.0 ], [ 33.907707, 80.6472, 0.0 ], [ 31.326643, 77.95659, 0.0 ], [ 27.86556, 74.836685, 0.0 ], [ 23.86318, 71.593155, 0.0 ], [ 19.711216, 68.54326, 0.0 ], [ 15.816197, 65.98549, 0.0 ], [ 12.559379, 64.170456, 0.0 ], [ 10.259465, 63.275867, 0.0 ], [ 9.141721, 63.389008, 0.0 ], [ 9.31544, 64.499016, 0.0 ], [ 10.763679, 66.4972, 0.0 ], [ 13.3447075, 69.18768, 0.0 ], [ 16.805805, 72.307724, 0.0 ], [ 20.808224, 75.55135, 0.0 ], [ 24.960155, 78.60124, 0.0 ], [ 28.855139, 81.15888, 0.0 ], [ 32.112, 82.97385, 0.0 ], [ 34.411873, 83.868546, 0.0 ]] 
boundary 1: [[ 35.52967, 44.244667, 0.0 ], [ 34.41189, 44.1315, 0.0 ], [ 32.112007, 45.026176, 0.0 ], [ 28.855165, 46.84115, 0.0 ], [ 24.960148, 49.398792, 0.0 ], [ 20.808266, 52.4487, 0.0 ], [ 16.805801, 55.692387, 0.0 ], [ 13.344702, 58.812187, 0.0 ], [ 10.7637005, 61.502934, 0.0 ], [ 9.315434, 63.500977, 0.0 ], [ 9.141663, 64.610855, 0.0 ], [ 10.25949, 64.72424, 0.0 ], [ 12.559365, 63.82948, 0.0 ], [ 15.816199, 62.01446, 0.0 ], [ 19.711273, 59.456886, 0.0 ], [ 23.863184, 56.406883, 0.0 ], [ 27.86556, 53.16328, 0.0 ], [ 31.326675, 50.04345, 0.0 ], [ 33.907677, 47.352814, 0.0 ], [ 35.355988, 45.354607, 0.0 ]] 
boundary 0: [[ 35.821815, 83.37095, 0.0 ], [ 35.631615, 82.263695, 0.0 ], [ 34.153618, 80.28735, 0.0 ], [ 31.532665, 77.63559, 0.0 ], [ 28.025389, 74.5677, 0.0 ], [ 23.97502, 71.3843, 0.0 ], [ 19.77797, 68.39676, 0.0 ], [ 15.84519, 65.89742, 0.0 ], [ 12.561632, 64.13121, 0.0 ], [ 10.248616, 63.27108, 0.0 ], [ 9.132686, 63.400898, 0.0 ], [ 9.322959, 64.50819, 0.0 ], [ 10.800877, 66.484535, 0.0 ], [ 13.421793, 69.13616, 0.0 ], [ 16.929096, 72.20418, 0.0 ], [ 20.9795, 75.38768, 0.0 ], [ 25.176517, 78.375244, 0.0 ], [ 29.109251, 80.87443, 0.0 ], [ 32.392853, 82.64055, 0.0 ], [ 34.70584, 83.50082, 0.0 ]] 
boundary 1: [[ 35.821823, 44.62908, 0.0 ], [ 34.705856, 44.49923, 0.0 ], [ 32.39286, 45.359474, 0.0 ], [ 29.109278, 47.12561, 0.0 ], [ 25.176508, 49.624805, 0.0 ], [ 20.979542, 52.61237, 0.0 ], [ 16.929089, 55.795937, 0.0 ], [ 13.421789, 58.8637, 0.0 ], [ 10.800895, 61.51562, 0.0 ], [ 9.322953, 63.491806, 0.0 ], [ 9.1326275, 64.59896, 0.0 ], [ 10.248639, 64.729034, 0.0 ], [ 12.56162, 63.868706, 0.0 ], [ 15.845194, 62.10253, 0.0 ], [ 19.778023, 59.6034, 0.0 ], [ 23.975023, 56.615734, 0.0 ], [ 28.025389, 53.43226, 0.0 ], [ 31.532698, 50.364456, 0.0 ], [ 34.153587, 47.712666, 0.0 ], [ 35.631584, 45.736305, 0.0 ]] 
boundary 0: [[ 36.56179, 82.34047, 0.0 ], [ 36.3283, 81.24151, 0.0 ], [ 34.77392, 79.32468, 0.0 ], [ 32.05095, 76.77777, 0.0 ], [ 28.42602, 73.849846, 0.0 ], [ 24.25389, 70.82778, 0.0 ], [ 19.942871, 68.00718, 0.0 ], [ 15.915073, 65.66404, 0.0 ], [ 12.564756, 64.02801, 0.0 ], [ 10.21978, 63.259274, 0.0 ], [ 9.1098, 63.43277, 0.0 ], [ 9.343365, 64.53174, 0.0 ], [ 10.897674, 66.448616, 0.0 ], [ 13.620594, 68.99536, 0.0 ], [ 17.245556, 71.92344, 0.0 ], [ 21.417725, 74.94557, 0.0 ], [ 25.72871, 77.76621, 0.0 ], [ 29.756456, 80.10919, 0.0 ], [ 33.106815, 81.74515, 0.0 ], [ 35.45178, 82.51401, 0.0 ]] 
boundary 1: [[ 36.5618, 45.659573, 0.0 ], [ 35.451782, 45.48604, 0.0 ], [ 33.106808, 46.25489, 0.0 ], [ 29.756483, 47.89085, 0.0 ], [ 25.728699, 50.233852, 0.0 ], [ 21.417763, 53.054466, 0.0 ], [ 17.245537, 56.076687, 0.0 ], [ 13.620594, 59.0045, 0.0 ], [ 10.897688, 61.551567, 0.0 ], [ 9.343359, 63.468246, 0.0 ], [ 9.109747, 64.56708, 0.0 ], [ 10.219796, 64.740845, 0.0 ], [ 12.564748, 63.971912, 0.0 ], [ 15.915077, 62.33591, 0.0 ], [ 19.942919, 59.992985, 0.0 ], [ 24.253891, 57.17226, 0.0 ], [ 28.426022, 54.150124, 0.0 ], [ 32.05098, 51.222267, 0.0 ], [ 34.773888, 48.675343, 0.0 ], [ 36.32827, 46.75849, 0.0 ]] 
boundary 0: [[ 37.852554, 80.308426, 0.0 ], [ 37.53795, 79.22986, 0.0 ], [ 35.845264, 77.43401, 0.0 ], [ 32.940342, 75.096756, 0.0 ], [ 29.107615, 72.44665, 0.0 ], [ 24.722202, 69.74337, 0.0 ], [ 20.213268, 67.25135, 0.0 ], [ 16.022303, 65.21437, 0.0 ], [ 12.559549, 63.832146, 0.0 ], [ 10.163876, 63.240017, 0.0 ], [ 9.069881, 63.495617, 0.0 ], [ 9.384563, 64.574165, 0.0 ], [ 11.077183, 66.37008, 0.0 ], [ 13.98204, 68.70718, 0.0 ], [ 17.81481, 71.35744, 0.0 ], [ 22.20027, 74.06077, 0.0 ], [ 26.70917, 76.55286, 0.0 ], [ 30.900076, 78.58965, 0.0 ], [ 34.362858, 79.9718, 0.0 ], [ 36.75853, 80.56406, 0.0 ]] 
boundary 1: [[ 37.852562, 47.691624, 0.0 ], [ 36.75853, 47.43598, 0.0 ], [ 34.362846, 48.02822, 0.0 ], [ 30.900097, 49.410378, 0.0 ], [ 26.709152, 51.447216, 0.0 ], [ 22.200302, 53.939262, 0.0 ], [ 17.814783, 56.642693, 0.0 ], [ 13.98205, 59.292686, 0.0 ], [ 11.077185, 61.6301, 0.0 ], [ 9.384558, 63.425823, 0.0 ], [ 9.069838, 64.50423, 0.0 ], [ 10.163882, 64.76011, 0.0 ], [ 12.5595455, 64.16776, 0.0 ], [ 16.02231, 62.785576, 0.0 ], [ 20.213306, 60.74883, 0.0 ], [ 24.722198, 58.256668, 0.0 ], [ 29.107616, 55.55332, 0.0 ], [ 32.940372, 52.90328, 0.0 ], [ 35.845234, 50.566013, 0.0 ], [ 37.537918, 48.770123, 0.0 ]] 
boundary 0: [[ 38.882435, 78.40129, 0.0 ], [ 38.49628, 77.34623, 0.0 ], [ 36.687073, 75.66781, 0.0 ], [ 33.632095, 73.530426, 0.0 ], [ 29.630426, 71.14306, 0.0 ], [ 25.073757, 68.73966, 0.0 ], [ 20.408003, 66.55533, 0.0 ], [ 16.089981, 64.80369, 0.0 ], [ 12.542404, 63.656574, 0.0 ], [ 10.11244, 63.22628, 0.0 ], [ 9.038029, 63.5546, 0.0 ], [ 9.424263, 64.60963, 0.0 ], [ 11.233399, 66.28811, 0.0 ], [ 14.28831, 68.42534, 0.0 ], [ 18.290024, 70.812874, 0.0 ], [ 22.846743, 73.216324, 0.0 ], [ 27.512476, 75.40073, 0.0 ], [ 31.830423, 77.15216, 0.0 ], [ 35.37803, 78.29922, 0.0 ], [ 37.808, 78.72963, 0.0 ]] 
boundary 1: [[ 38.88244, 49.598774, 0.0 ], [ 37.808, 49.2704, 0.0 ], [ 35.378006, 49.700806, 0.0 ], [ 31.830444, 50.847862, 0.0 ], [ 27.512455, 52.599342, 0.0 ], [ 22.846775, 54.783714, 0.0 ], [ 18.28999, 57.187256, 0.0 ], [ 14.288328, 59.57451, 0.0 ], [ 11.23339, 61.712055, 0.0 ], [ 9.42426, 63.39035, 0.0 ], [ 9.037997, 64.445244, 0.0 ], [ 10.112439, 64.77385, 0.0 ], [ 12.542404, 64.34333, 0.0 ], [ 16.08999, 63.196243, 0.0 ], [ 20.408026, 61.444855, 0.0 ], [ 25.07375, 59.26038, 0.0 ], [ 29.630432, 56.856915, 0.0 ], [ 33.632126, 54.469612, 0.0 ], [ 36.687042, 52.33221, 0.0 ], [ 38.49625, 50.653763, 0.0 ]] 
boundary 0: [[ 39.96501, 75.98108, 0.0 ], [ 39.493706, 74.9612, 0.0 ], [ 37.553078, 73.436646, 0.0 ], [ 34.333252, 71.556755, 0.0 ], [ 30.149435, 69.50526, 0.0 ], [ 25.411179, 67.48327, 0.0 ], [ 20.582146, 65.688545, 0.0 ], [ 16.135128, 64.29658, 0.0 ], [ 12.505497, 63.44397, 0.0 ], [ 10.048448, 63.21421, 0.0 ], [ 9.004545, 63.62945, 0.0 ], [ 9.475922, 64.64929, 0.0 ], [ 11.416492, 66.173904, 0.0 ], [ 14.636236, 68.05366, 0.0 ], [ 18.82011, 70.10531, 0.0 ], [ 23.558426, 72.127335, 0.0 ], [ 28.387438, 73.922134, 0.0 ], [ 32.83436, 75.31392, 0.0 ], [ 36.464035, 76.16646, 0.0 ], [ 38.921085, 76.39633, 0.0 ]] 
boundary 1: [[ 39.965004, 52.018997, 0.0 ], [ 38.921085, 51.6037, 0.0 ], [ 36.464005, 51.83357, 0.0 ], [ 32.83438, 52.68611, 0.0 ], [ 28.387411, 54.077934, 0.0 ], [ 23.558456, 55.8727, 0.0 ], [ 18.820068, 57.894825, 0.0 ], [ 14.636267, 59.946186, 0.0 ], [ 11.416471, 61.826263, 0.0 ], [ 9.47592, 63.35069, 0.0 ], [ 9.00453, 64.37039, 0.0 ], [ 10.048436, 64.78593, 0.0 ], [ 12.505505, 64.55594, 0.0 ], [ 16.135147, 63.703358, 0.0 ], [ 20.582153, 62.311634, 0.0 ], [ 25.411167, 60.516773, 0.0 ], [ 30.149443, 58.49471, 0.0 ], [ 34.333282, 56.443295, 0.0 ], [ 37.553047, 54.563374, 0.0 ], [ 39.493683, 53.038795, 0.0 ]] 
boundary 0: [[ 40.70248, 73.93514, 0.0 ], [ 40.16369, 72.949265, 0.0 ], [ 38.124954, 71.5586, 0.0 ], [ 34.78605, 69.89942, 0.0 ], [ 30.473787, 68.13381, 0.0 ], [ 25.610323, 66.434906, 0.0 ], [ 20.671562, 64.96888, 0.0 ], [ 16.141037, 63.879005, 0.0 ], [ 12.462299, 63.272312, 0.0 ], [ 9.995364, 63.20825, 0.0 ], [ 8.981737, 63.692726, 0.0 ], [ 9.520603, 64.67859, 0.0 ], [ 11.559275, 66.06928, 0.0 ], [ 14.8981, 67.728355, 0.0 ], [ 19.21043, 69.4941, 0.0 ], [ 24.073952, 71.19304, 0.0 ], [ 29.012693, 72.65915, 0.0 ], [ 33.54311, 73.74884, 0.0 ], [ 37.221886, 74.35545, 0.0 ], [ 39.688835, 74.41963, 0.0 ]] 
boundary 1: [[ 40.702473, 54.064926, 0.0 ], [ 39.688835, 53.580395, 0.0 ], [ 37.221855, 53.644573, 0.0 ], [ 33.543125, 54.25119, 0.0 ], [ 29.01266, 55.340916, 0.0 ], [ 24.07398, 56.807014, 0.0 ], [ 19.210379, 58.50603, 0.0 ], [ 14.898137, 60.271503, 0.0 ], [ 11.559241, 61.930878, 0.0 ], [ 9.520603, 63.321407, 0.0 ], [ 8.981732, 64.307106, 0.0 ], [ 9.995343, 64.791885, 0.0 ], [ 12.462315, 64.72758, 0.0 ], [ 16.141062, 64.12093, 0.0 ], [ 20.671564, 63.0313, 0.0 ], [ 25.610308, 61.56512, 0.0 ], [ 30.473797, 59.86615, 0.0 ], [ 34.78608, 58.10063, 0.0 ], [ 38.124924, 56.441406, 0.0 ], [ 40.163666, 55.050735, 0.0 ]] 
boundary 0: [[ 41.224625, 72.142685, 0.0 ], [ 40.62983, 71.18954, 0.0 ], [ 38.51423, 69.91887, 0.0 ], [ 35.085125, 68.45517, 0.0 ], [ 30.678143, 66.94138, 0.0 ], [ 25.724728, 65.526024, 0.0 ], [ 20.709587, 64.347496, 0.0 ], [ 16.123703, 63.52092, 0.0 ], [ 12.416084, 63.127556, 0.0 ], [ 9.949564, 63.205986, 0.0 ], [ 8.965588, 63.74816, 0.0 ], [ 9.560456, 64.70128, 0.0 ], [ 11.675997, 65.972, 0.0 ], [ 15.105013, 67.43558, 0.0 ], [ 19.512066, 68.94949, 0.0 ], [ 24.465546, 70.36491, 0.0 ], [ 29.48067, 71.54352, 0.0 ], [ 34.06643, 72.36992, 0.0 ], [ 37.77408, 72.76319, 0.0 ], [ 40.24063, 72.684875, 0.0 ]] 
boundary 1: [[ 41.22461, 55.85738, 0.0 ], [ 40.24063, 55.31516, 0.0 ], [ 37.774048, 55.23684, 0.0 ], [ 34.066444, 55.630123, 0.0 ], [ 29.48063, 56.45655, 0.0 ], [ 24.465567, 57.635162, 0.0 ], [ 19.512012, 59.05063, 0.0 ], [ 15.105059, 60.564266, 0.0 ], [ 11.675954, 62.028168, 0.0 ], [ 9.560456, 63.298717, 0.0 ], [ 8.965592, 64.25167, 0.0 ], [ 9.949535, 64.79414, 0.0 ], [ 12.416103, 64.87234, 0.0 ], [ 16.123735, 64.479034, 0.0 ], [ 20.709576, 63.652695, 0.0 ], [ 25.724712, 62.474003, 0.0 ], [ 30.678154, 61.05857, 0.0 ], [ 35.085144, 59.54489, 0.0 ], [ 38.514194, 58.081135, 0.0 ], [ 40.629807, 56.810463, 0.0 ]] 
boundary 0: [[ 41.441303, 71.25919, 0.0 ], [ 40.81993, 70.32316, 0.0 ], [ 38.66941, 69.11252, 0.0 ], [ 35.200493, 67.74585, 0.0 ], [ 30.752674, 66.356636, 0.0 ], [ 25.761406, 65.08119, 0.0 ], [ 20.715092, 64.044205, 0.0 ], [ 16.107777, 63.346966, 0.0 ], [ 12.39056, 63.05806, 0.0 ], [ 9.927223, 63.205853, 0.0 ], [ 8.958886, 63.775482, 0.0 ], [ 9.580332, 64.71149, 0.0 ], [ 11.730781, 65.9222, 0.0 ], [ 15.199614, 67.28874, 0.0 ], [ 19.647503, 68.67807, 0.0 ], [ 24.63885, 69.95358, 0.0 ], [ 29.685144, 70.990654, 0.0 ], [ 34.292336, 71.68771, 0.0 ], [ 38.009575, 71.976524, 0.0 ], [ 40.472946, 71.82885, 0.0 ]] 
boundary 1: [[ 41.441288, 56.740864, 0.0 ], [ 40.472942, 56.17118, 0.0 ], [ 38.009544, 56.023506, 0.0 ], [ 34.29235, 56.312332, 0.0 ], [ 29.685102, 57.00943, 0.0 ], [ 24.638863, 58.046494, 0.0 ], [ 19.64745, 59.322052, 0.0 ], [ 15.199663, 60.711117, 0.0 ], [ 11.730735, 62.077972, 0.0 ], [ 9.580332, 63.28851, 0.0 ], [ 8.958897, 64.22434, 0.0 ], [ 9.927188, 64.79428, 0.0 ], [ 12.39058, 64.94184, 0.0 ], [ 16.107807, 64.65299, 0.0 ], [ 20.715076, 63.955982, 0.0 ], [ 25.76139, 62.918842, 0.0 ], [ 30.752686, 61.643314, 0.0 ], [ 35.200516, 60.25421, 0.0 ], [ 38.669373, 58.887497, 0.0 ], [ 40.81991, 57.676838, 0.0 ]] 
boundary 0: [[ 41.449974, 71.22147, 0.0 ], [ 40.827488, 70.28618, 0.0 ], [ 38.675507, 69.07812, 0.0 ], [ 35.204956, 67.71561, 0.0 ], [ 30.755476, 66.33171, 0.0 ], [ 25.762691, 65.06225, 0.0 ], [ 20.715136, 64.03132, 0.0 ], [ 16.106995, 63.339573, 0.0 ], [ 12.38943, 63.05511, 0.0 ], [ 9.926273, 63.205868, 0.0 ], [ 8.958619, 63.77664, 0.0 ], [ 9.581186, 64.711914, 0.0 ], [ 11.73308, 65.920044, 0.0 ], [ 15.203545, 67.28244, 0.0 ], [ 19.653095, 68.666435, 0.0 ], [ 24.64597, 69.93598, 0.0 ], [ 29.693497, 70.966995, 0.0 ], [ 34.301517, 71.658554, 0.0 ], [ 38.019104, 71.94291, 0.0 ], [ 40.482304, 71.7923, 0.0 ]] 
boundary 1: [[ 41.44996, 56.778584, 0.0 ], [ 40.482304, 56.207745, 0.0 ], [ 38.019073, 56.057114, 0.0 ], [ 34.301533, 56.34149, 0.0 ], [ 29.693453, 57.033073, 0.0 ], [ 24.64598, 58.064095, 0.0 ], [ 19.653042, 59.333683, 0.0 ], [ 15.203594, 60.717426, 0.0 ], [ 11.733035, 62.08012, 0.0 ], [ 9.581186, 63.28808, 0.0 ], [ 8.958629, 64.223145, 0.0 ], [ 9.926238, 64.7943, 0.0 ], [ 12.389452, 64.94479, 0.0 ], [ 16.107025, 64.660385, 0.0 ], [ 20.715122, 63.9689, 0.0 ], [ 25.762676, 62.937786, 0.0 ], [ 30.755487, 61.668236, 0.0 ], [ 35.20498, 60.284454, 0.0 ], [ 38.67547, 58.921894, 0.0 ], [ 40.827465, 57.713814, 0.0 ]] 
boundary 0: [[ 41.278336, 71.93345, 0.0 ], [ 40.6772, 70.98429, 0.0 ], [ 38.553123, 69.72779, 0.0 ], [ 35.11431, 68.28703, 0.0 ], [ 30.697319, 66.80272, 0.0 ], [ 25.734571, 65.42048, 0.0 ], [ 20.711657, 64.275505, 0.0 ], [ 16.12037, 63.47957, 0.0 ], [ 12.410202, 63.11098, 0.0 ], [ 9.944261, 63.20591, 0.0 ], [ 8.963928, 63.754623, 0.0 ], [ 9.565155, 64.70375, 0.0 ], [ 11.689132, 65.96031, 0.0 ], [ 15.12785, 67.40096, 0.0 ], [ 19.54491, 68.88538, 0.0 ], [ 24.50776, 70.26769, 0.0 ], [ 29.530636, 71.41276, 0.0 ], [ 34.121803, 72.208496, 0.0 ], [ 37.83201, 72.57699, 0.0 ], [ 40.297974, 72.4822, 0.0 ]] 
boundary 1: [[ 41.27832, 56.066612, 0.0 ], [ 40.297974, 55.517838, 0.0 ], [ 37.831978, 55.423035, 0.0 ], [ 34.12182, 55.791534, 0.0 ], [ 29.530596, 56.58732, 0.0 ], [ 24.50777, 57.732388, 0.0 ], [ 19.544857, 59.11474, 0.0 ], [ 15.127894, 60.598904, 0.0 ], [ 11.68909, 62.039852, 0.0 ], [ 9.565155, 63.296227, 0.0 ], [ 8.963933, 64.24516, 0.0 ], [ 9.944231, 64.79425, 0.0 ], [ 12.410221, 64.88892, 0.0 ], [ 16.120401, 64.520386, 0.0 ], [ 20.71165, 63.72471, 0.0 ], [ 25.734556, 62.579536, 0.0 ], [ 30.697329, 61.197235, 0.0 ], [ 35.11434, 59.713028, 0.0 ], [ 38.553085, 58.272217, 0.0 ], [ 40.677177, 57.015705, 0.0 ]] 
boundary 0: [[ 41.08802, 72.65068, 0.0 ], [ 40.508827, 71.68799, 0.0 ], [ 38.414146, 70.38308, 0.0 ], [ 35.009304, 68.86378, 0.0 ], [ 30.627542, 67.2785, 0.0 ], [ 25.697811, 65.78273, 0.0 ], [ 20.702501, 64.52278, 0.0 ], [ 16.130684, 63.621696, 0.0 ], [ 12.429952, 63.168053, 0.0 ], [ 9.9624815, 63.20637, 0.0 ], [ 8.969817, 63.73244, 0.0 ], [ 9.549101, 64.69512, 0.0 ], [ 11.643682, 66.00011, 0.0 ], [ 15.048435, 67.51928, 0.0 ], [ 19.430273, 69.104675, 0.0 ], [ 24.360088, 70.60051, 0.0 ], [ 29.355366, 71.86053, 0.0 ], [ 33.927055, 72.76144, 0.0 ], [ 37.62783, 73.215, 0.0 ], [ 40.09532, 73.1768, 0.0 ]] 
boundary 1: [[ 41.088005, 55.349358, 0.0 ], [ 40.09533, 54.82323, 0.0 ], [ 37.6278, 54.785046, 0.0 ], [ 33.92707, 55.238594, 0.0 ], [ 29.355328, 56.13953, 0.0 ], [ 24.3601, 57.399567, 0.0 ], [ 19.430222, 58.89545, 0.0 ], [ 15.048476, 60.48059, 0.0 ], [ 11.643644, 62.00008, 0.0 ], [ 9.549101, 63.30486, 0.0 ], [ 8.969812, 64.26734, 0.0 ], [ 9.962455, 64.79379, 0.0 ], [ 12.42997, 64.83184, 0.0 ], [ 16.130709, 64.37826, 0.0 ], [ 20.702503, 63.477432, 0.0 ], [ 25.697796, 62.21729, 0.0 ], [ 30.627552, 60.721462, 0.0 ], [ 35.009335, 59.13628, 0.0 ], [ 38.41411, 57.61693, 0.0 ], [ 40.508804, 56.312004, 0.0 ]] 
boundary 0: [[ 40.598347, 74.25212, 0.0 ], [ 40.06977, 73.26071, 0.0 ], [ 38.045456, 71.849106, 0.0 ], [ 34.723843, 70.15556, 0.0 ], [ 30.43004, 68.345535, 0.0 ], [ 25.584358, 66.59656, 0.0 ], [ 20.660992, 65.07966, 0.0 ], [ 16.141956, 63.94307, 0.0 ], [ 12.469677, 63.298424, 0.0 ], [ 10.003533, 63.208946, 0.0 ], [ 8.984963, 63.68291, 0.0 ], [ 9.513626, 64.67429, 0.0 ], [ 11.537832, 66.08598, 0.0 ], [ 14.859365, 67.779396, 0.0 ], [ 19.153244, 69.58953, 0.0 ], [ 23.998997, 71.33859, 0.0 ], [ 28.922335, 72.85556, 0.0 ], [ 33.44125, 73.99195, 0.0 ], [ 37.113567, 74.63652, 0.0 ], [ 39.579727, 74.72612, 0.0 ]] 
boundary 1: [[ 40.598335, 53.747932, 0.0 ], [ 39.579742, 53.27391, 0.0 ], [ 37.11354, 53.363533, 0.0 ], [ 33.441265, 54.00808, 0.0 ], [ 28.922297, 55.144497, 0.0 ], [ 23.999008, 56.661476, 0.0 ], [ 19.153198, 58.4106, 0.0 ], [ 14.859397, 60.22048, 0.0 ], [ 11.537806, 61.914215, 0.0 ], [ 9.513625, 63.32569, 0.0 ], [ 8.984948, 64.31688, 0.0 ], [ 10.003515, 64.79122, 0.0 ], [ 12.469689, 64.701454, 0.0 ], [ 16.14198, 64.05688, 0.0 ], [ 20.661001, 62.92056, 0.0 ], [ 25.584347, 61.40348, 0.0 ], [ 30.43005, 59.65442, 0.0 ], [ 34.723877, 57.8445, 0.0 ], [ 38.045418, 56.15091, 0.0 ], [ 40.069748, 54.739277, 0.0 ]] 
boundary 0: [[ 39.85048, 76.26431, 0.0 ], [ 39.38885, 75.240005, 0.0 ], [ 37.462677, 73.6972, 0.0 ], [ 34.260754, 71.78699, 0.0 ], [ 30.09652, 69.69603, 0.0 ], [ 25.377571, 67.62935, 0.0 ], [ 20.56571, 65.789116, 0.0 ], [ 16.132053, 64.35517, 0.0 ], [ 12.51064, 63.468266, 0.0 ], [ 10.055868, 63.215347, 0.0 ], [ 9.008095, 63.62068, 0.0 ], [ 9.469808, 64.64495, 0.0 ], [ 11.395881, 66.18786, 0.0 ], [ 14.597727, 68.09793, 0.0 ], [ 18.762028, 70.18902, 0.0 ], [ 23.481045, 72.25575, 0.0 ], [ 28.292873, 74.09608, 0.0 ], [ 32.726425, 75.5298, 0.0 ], [ 36.34787, 76.41663, 0.0 ], [ 38.802643, 76.66966, 0.0 ]] 
boundary 1: [[ 39.850464, 51.73574, 0.0 ], [ 38.802658, 51.330353, 0.0 ], [ 36.34785, 51.583427, 0.0 ], [ 32.726448, 52.470226, 0.0 ], [ 28.29284, 53.904, 0.0 ], [ 23.48106, 55.744316, 0.0 ], [ 18.76199, 57.81113, 0.0 ], [ 14.59775, 59.901936, 0.0 ], [ 11.395867, 61.812347, 0.0 ], [ 9.469806, 63.355022, 0.0 ], [ 9.008063, 64.37911, 0.0 ], [ 10.0558605, 64.78481, 0.0 ], [ 12.510645, 64.53161, 0.0 ], [ 16.132072, 63.64478, 0.0 ], [ 20.565731, 62.211098, 0.0 ], [ 25.37756, 60.370674, 0.0 ], [ 30.096525, 58.303936, 0.0 ], [ 34.260788, 56.21309, 0.0 ], [ 37.46264, 54.30283, 0.0 ], [ 39.38883, 52.759975, 0.0 ]] 
boundary 0: [[ 39.27257, 77.588875, 0.0 ], [ 38.85718, 76.54498, 0.0 ], [ 37.00187, 74.91764, 0.0 ], [ 33.888496, 72.86626, 0.0 ], [ 29.821857, 70.59132, 0.0 ], [ 25.19997, 68.315834, 0.0 ], [ 20.475143, 66.262436, 0.0 ], [ 16.109993, 64.6318, 0.0 ], [ 12.531827, 63.583958, 0.0 ], [ 10.090807, 63.221607, 0.0 ], [ 9.025969, 63.579716, 0.0 ], [ 9.44145, 64.6236, 0.0 ], [ 11.296657, 66.25103, 0.0 ], [ 14.409954, 68.30226, 0.0 ], [ 18.476658, 70.57733, 0.0 ], [ 23.098606, 72.852875, 0.0 ], [ 27.823397, 74.90637, 0.0 ], [ 32.18846, 76.53678, 0.0 ], [ 35.76665, 77.58453, 0.0 ], [ 38.207672, 77.94701, 0.0 ]] 
boundary 1: [[ 39.272556, 50.411167, 0.0 ], [ 38.207687, 50.05301, 0.0 ], [ 35.766632, 50.41552, 0.0 ], [ 32.18849, 51.463253, 0.0 ], [ 27.823372, 53.093704, 0.0 ], [ 23.09863, 55.147194, 0.0 ], [ 18.476624, 57.42281, 0.0 ], [ 14.409971, 59.6976, 0.0 ], [ 11.296654, 61.749184, 0.0 ], [ 9.441448, 63.376377, 0.0 ], [ 9.0259285, 64.42008, 0.0 ], [ 10.090807, 64.77855, 0.0 ], [ 12.531824, 64.41591, 0.0 ], [ 16.110008, 63.36815, 0.0 ], [ 20.475176, 61.73779, 0.0 ], [ 25.199959, 59.68419, 0.0 ], [ 29.821861, 57.408646, 0.0 ], [ 33.888527, 55.133812, 0.0 ], [ 37.00184, 53.082397, 0.0 ], [ 38.85716, 51.45501, 0.0 ]] 
boundary 0: [[ 38.237835, 79.63023, 0.0 ], [ 37.897324, 78.55956, 0.0 ], [ 36.161774, 76.80506, 0.0 ], [ 33.20131, 74.53859, 0.0 ], [ 29.30578, 71.981674, 0.0 ], [ 24.856432, 69.38496, 0.0 ], [ 20.288696, 67.002464, 0.0 ], [ 16.049831, 65.06713, 0.0 ], [ 12.554747, 63.768818, 0.0 ], [ 10.1454735, 63.2347, 0.0 ], [ 9.057971, 63.51658, 0.0 ], [ 9.398571, 64.587234, 0.0 ], [ 11.13401, 66.341835, 0.0 ], [ 14.094408, 68.60815, 0.0 ], [ 17.989994, 71.1652, 0.0 ], [ 22.439396, 73.76197, 0.0 ], [ 27.00709, 76.14456, 0.0 ], [ 31.245886, 78.07965, 0.0 ], [ 34.740997, 79.37789, 0.0 ], [ 37.15027, 79.91215, 0.0 ]] 
boundary 1: [[ 38.237823, 48.369812, 0.0 ], [ 37.150284, 48.087883, 0.0 ], [ 34.740982, 48.62215, 0.0 ], [ 31.245918, 49.920372, 0.0 ], [ 27.00707, 51.855522, 0.0 ], [ 22.439423, 54.238083, 0.0 ], [ 17.989967, 56.834946, 0.0 ], [ 14.094414, 59.39171, 0.0 ], [ 11.134019, 61.658382, 0.0 ], [ 9.398566, 63.412727, 0.0 ], [ 9.057917, 64.48321, 0.0 ], [ 10.145487, 64.76546, 0.0 ], [ 12.554735, 64.231064, 0.0 ], [ 16.049839, 62.93281, 0.0 ], [ 20.288748, 60.99775, 0.0 ], [ 24.856422, 58.61507, 0.0 ], [ 29.305784, 56.01828, 0.0 ], [ 33.20134, 53.46148, 0.0 ], [ 36.161747, 51.194973, 0.0 ], [ 37.8973, 49.440422, 0.0 ]] 
boundary 0: [[ 37.250946, 81.29731, 0.0 ], [ 36.975166, 80.20818, 0.0 ], [ 35.347816, 78.352875, 0.0 ], [ 32.528397, 75.91316, 0.0 ], [ 28.792995, 73.12753, 0.0 ], [ 24.507145, 70.26902, 0.0 ], [ 20.090294, 67.61725, 0.0 ], [ 15.974941, 65.43153, 0.0 ], [ 12.563887, 63.92622, 0.0 ], [ 10.190925, 63.248775, 0.0 ], [ 9.088495, 63.465023, 0.0 ], [ 9.364363, 64.55415, 0.0 ], [ 10.991606, 66.40955, 0.0 ], [ 13.810961, 68.84907, 0.0 ], [ 17.546415, 71.63485, 0.0 ], [ 21.83231, 74.49344, 0.0 ], [ 26.249111, 77.14529, 0.0 ], [ 30.364408, 79.330765, 0.0 ], [ 33.77549, 80.836006, 0.0 ], [ 36.14845, 81.513596, 0.0 ]] 
boundary 1: [[ 37.25093, 46.702744, 0.0 ], [ 36.148464, 46.486446, 0.0 ], [ 33.775475, 47.16404, 0.0 ], [ 30.36444, 48.66925, 0.0 ], [ 26.2491, 50.85479, 0.0 ], [ 21.832338, 53.506622, 0.0 ], [ 17.546398, 56.365303, 0.0 ], [ 13.810959, 59.150772, 0.0 ], [ 10.991626, 61.59068, 0.0 ], [ 9.364355, 63.445805, 0.0 ], [ 9.088428, 64.53477, 0.0 ], [ 10.190948, 64.75137, 0.0 ], [ 12.563868, 64.07366, 0.0 ], [ 15.974949, 62.568413, 0.0 ], [ 20.090359, 60.382965, 0.0 ], [ 24.507141, 57.73101, 0.0 ], [ 28.793, 54.87241, 0.0 ], [ 32.52843, 52.086895, 0.0 ], [ 35.347786, 49.64716, 0.0 ], [ 36.975143, 47.791817, 0.0 ]] 
boundary 0: [[ 36.507893, 82.41851, 0.0 ], [ 36.27765, 81.31886, 0.0 ], [ 34.728867, 79.39746, 0.0 ], [ 32.013367, 76.842606, 0.0 ], [ 28.397053, 73.90403, 0.0 ], [ 24.233795, 70.869736, 0.0 ], [ 19.931057, 68.03656, 0.0 ], [ 15.910175, 65.68157, 0.0 ], [ 12.56468, 64.03569, 0.0 ], [ 10.221946, 63.260143, 0.0 ], [ 9.111477, 63.43035, 0.0 ], [ 9.341808, 64.53001, 0.0 ], [ 10.890473, 66.45149, 0.0 ], [ 13.60593, 69.00614, 0.0 ], [ 17.222288, 71.94488, 0.0 ], [ 21.385582, 74.97925, 0.0 ], [ 25.68827, 77.8125, 0.0 ], [ 29.709108, 80.16725, 0.0 ], [ 33.054634, 81.81306, 0.0 ], [ 35.397354, 82.588745, 0.0 ]] 
boundary 1: [[ 36.50788, 45.581547, 0.0 ], [ 35.39737, 45.41129, 0.0 ], [ 33.054626, 46.18699, 0.0 ], [ 29.70914, 47.832767, 0.0 ], [ 25.68826, 50.187572, 0.0 ], [ 21.385612, 53.020805, 0.0 ], [ 17.222279, 56.055267, 0.0 ], [ 13.60592, 58.993694, 0.0 ], [ 10.890505, 61.548756, 0.0 ], [ 9.341797, 63.469948, 0.0 ], [ 9.111401, 64.569435, 0.0 ], [ 10.221976, 64.74001, 0.0 ], [ 12.564653, 63.96419, 0.0 ], [ 15.910181, 62.318375, 0.0 ], [ 19.931133, 59.963654, 0.0 ], [ 24.233797, 57.13029, 0.0 ], [ 28.39705, 54.09591, 0.0 ], [ 32.013397, 51.15746, 0.0 ], [ 34.728836, 48.602566, 0.0 ], [ 36.277626, 46.681137, 0.0 ]] 
boundary 0: [[ 35.78424, 83.42111, 0.0 ], [ 35.596207, 82.31345, 0.0 ], [ 34.122025, 80.33425, 0.0 ], [ 31.506191, 77.67745, 0.0 ], [ 28.004875, 74.60275, 0.0 ], [ 23.960676, 71.41149, 0.0 ], [ 19.76941, 68.41587, 0.0 ], [ 15.84151, 65.90887, 0.0 ], [ 12.561392, 64.13628, 0.0 ], [ 10.250022, 63.27172, 0.0 ], [ 9.133858, 63.39934, 0.0 ], [ 9.321978, 64.507, 0.0 ], [ 10.796042, 66.4863, 0.0 ], [ 13.411839, 69.14288, 0.0 ], [ 16.913189, 72.21776, 0.0 ], [ 20.957417, 75.40909, 0.0 ], [ 25.148636, 78.40479, 0.0 ], [ 29.076498, 80.91155, 0.0 ], [ 32.35665, 82.68405, 0.0 ], [ 34.668007, 83.54875, 0.0 ]] 
boundary 1: [[ 35.784225, 44.578945, 0.0 ], [ 34.668022, 44.45128, 0.0 ], [ 32.356644, 45.315983, 0.0 ], [ 29.07653, 47.088463, 0.0 ], [ 25.148628, 49.595284, 0.0 ], [ 20.95745, 52.590958, 0.0 ], [ 16.913183, 55.78238, 0.0 ], [ 13.411821, 58.85693, 0.0 ], [ 10.7960825, 61.513947, 0.0 ], [ 9.321961, 63.492954, 0.0 ], [ 9.133774, 64.60044, 0.0 ], [ 10.25006, 64.728424, 0.0 ], [ 12.561359, 63.863617, 0.0 ], [ 15.841514, 62.091076, 0.0 ], [ 19.769497, 59.584343, 0.0 ], [ 23.960684, 56.588535, 0.0 ], [ 28.00487, 53.397198, 0.0 ], [ 31.506224, 50.32263, 0.0 ], [ 34.121994, 47.665764, 0.0 ], [ 35.596184, 45.68654, 0.0 ]] 
boundary 0: [[ 35.504227, 83.788345, 0.0 ], [ 35.332024, 82.678116, 0.0 ], [ 33.886253, 80.67806, 0.0 ], [ 31.308645, 77.98417, 0.0 ], [ 27.851597, 74.85978, 0.0 ], [ 23.853401, 71.611084, 0.0 ], [ 19.705338, 68.55589, 0.0 ], [ 15.813644, 65.99306, 0.0 ], [ 12.559177, 64.1738, 0.0 ], [ 10.260391, 63.276314, 0.0 ], [ 9.142518, 63.387985, 0.0 ], [ 9.314798, 64.49822, 0.0 ], [ 10.760444, 66.49836, 0.0 ], [ 13.33803, 69.19205, 0.0 ], [ 16.795107, 72.316605, 0.0 ], [ 20.793346, 75.56537, 0.0 ], [ 24.94134, 78.620636, 0.0 ], [ 28.83301, 81.18324, 0.0 ], [ 32.08751, 83.00241, 0.0 ], [ 34.38629, 83.90005, 0.0 ]] 
boundary 1: [[ 35.50421, 44.211716, 0.0 ], [ 34.386307, 44.09999, 0.0 ], [ 32.0875, 44.997616, 0.0 ], [ 28.833042, 46.816772, 0.0 ], [ 24.941332, 49.37944, 0.0 ], [ 20.793385, 52.43467, 0.0 ], [ 16.795103, 55.683533, 0.0 ], [ 13.338011, 58.807777, 0.0 ], [ 10.760488, 61.501877, 0.0 ], [ 9.314781, 63.501743, 0.0 ], [ 9.142431, 64.6118, 0.0 ], [ 10.260431, 64.72383, 0.0 ], [ 12.559144, 63.826096, 0.0 ], [ 15.813646, 62.00689, 0.0 ], [ 19.705427, 59.4443, 0.0 ], [ 23.853409, 56.388943, 0.0 ], [ 27.851591, 53.14017, 0.0 ], [ 31.308678, 50.01591, 0.0 ], [ 33.886223, 47.32196, 0.0 ], [ 35.332, 45.32187, 0.0 ]] 
