boundary 0: [[ 35.543358, 83.73756, 0.0 ], [ 35.368874, 82.62766, 0.0 ], [ 33.919266, 80.63052, 0.0 ], [ 31.336334, 77.941666, 0.0 ], [ 27.873095, 74.82427, 0.0 ], [ 23.868404, 71.583405, 0.0 ], [ 19.714378, 68.53644, 0.0 ], [ 15.817591, 65.98147, 0.0 ], [ 12.5594635, 64.1687, 0.0 ], [ 10.258966, 63.27562, 0.0 ], [ 9.141271, 63.38957, 0.0 ], [ 9.315809, 64.49932, 0.0 ], [ 10.765423, 66.496544, 0.0 ], [ 13.34831, 69.18542, 0.0 ], [ 16.81158, 72.302826, 0.0 ], [ 20.816257, 75.5437, 0.0 ], [ 24.97031, 78.5907, 0.0 ], [ 28.867085, 81.145615, 0.0 ], [ 32.125202, 82.95835, 0.0 ], [ 34.42569, 83.85147, 0.0 ]] 
boundary 1: [[ 35.543396, 44.262512, 0.0 ], [ 34.42569, 44.148552, 0.0 ], [ 32.125202, 45.04165, 0.0 ], [ 28.86708, 46.854366, 0.0 ], [ 24.970295, 49.40925, 0.0 ], [ 20.81625, 52.4563, 0.0 ], [ 16.811577, 55.697163, 0.0 ], [ 13.348305, 58.814617, 0.0 ], [ 10.765425, 61.503464, 0.0 ], [ 9.315788, 63.50061, 0.0 ], [ 9.141279, 64.61048, 0.0 ], [ 10.258968, 64.724365, 0.0 ], [ 12.559482, 63.831352, 0.0 ], [ 15.817583, 62.01854, 0.0 ], [ 19.714394, 59.463654, 0.0 ], [ 23.868408, 56.41663, 0.0 ], [ 27.873104, 53.175774, 0.0 ], [ 31.336319, 50.058327, 0.0 ], [ 33.91926, 47.369453, 0.0 ], [ 35.368874, 45.372368, 0.0 ]] 
boundary 0: [[ 35.980614, 83.15683, 0.0 ], [ 35.78122, 82.05115, 0.0 ], [ 34.287086, 80.08709, 0.0 ], [ 31.644348, 77.45697, 0.0 ], [ 28.111912, 74.41824, 0.0 ], [ 24.03537, 71.26821, 0.0 ], [ 19.813892, 68.3154, 0.0 ], [ 15.860649, 65.84868, 0.0 ], [ 12.562593, 64.10963, 0.0 ], [ 10.2425995, 63.268482, 0.0 ], [ 9.1277485, 63.407528, 0.0 ], [ 9.32719, 64.51307, 0.0 ], [ 10.821338, 66.4772, 0.0 ], [ 13.464021, 69.10733, 0.0 ], [ 16.996496, 72.14609, 0.0 ], [ 21.073023, 75.29613, 0.0 ], [ 25.294529, 78.24897, 0.0 ], [ 29.247757, 80.71564, 0.0 ], [ 32.545807, 82.45468, 0.0 ], [ 34.865784, 83.295845, 0.0 ]] 
boundary 1: [[ 35.98065, 44.84324, 0.0 ], [ 34.865784, 44.704178, 0.0 ], [ 32.545807, 45.54532, 0.0 ], [ 29.247753, 47.284344, 0.0 ], [ 25.294514, 49.750977, 0.0 ], [ 21.073015, 52.703865, 0.0 ], [ 16.996492, 55.853893, 0.0 ], [ 13.464013, 58.892696, 0.0 ], [ 10.82134, 61.522797, 0.0 ], [ 9.327171, 63.48686, 0.0 ], [ 9.127756, 64.59252, 0.0 ], [ 10.242601, 64.73151, 0.0 ], [ 12.562612, 63.890438, 0.0 ], [ 15.8606415, 62.15132, 0.0 ], [ 19.813908, 59.684685, 0.0 ], [ 24.03537, 56.731823, 0.0 ], [ 28.111917, 53.581814, 0.0 ], [ 31.644333, 50.543015, 0.0 ], [ 34.28708, 47.912888, 0.0 ], [ 35.78122, 45.948887, 0.0 ]] 
boundary 0: [[ 36.987087, 81.70704, 0.0 ], [ 36.72766, 80.61391, 0.0 ], [ 35.12858, 78.73429, 0.0 ], [ 32.346275, 76.25229, 0.0 ], [ 28.653294, 73.41084, 0.0 ], [ 24.410948, 70.487915, 0.0 ], [ 20.034641, 67.769844, 0.0 ], [ 15.952692, 65.52251, 0.0 ], [ 12.564658, 63.966003, 0.0 ], [ 10.202224, 63.252705, 0.0 ], [ 9.096622, 63.452366, 0.0 ], [ 9.356087, 64.54537, 0.0 ], [ 10.955182, 66.42507, 0.0 ], [ 13.737437, 68.9071, 0.0 ], [ 17.430456, 71.74855, 0.0 ], [ 21.672794, 74.67147, 0.0 ], [ 26.049128, 77.38957, 0.0 ], [ 30.131052, 79.636856, 0.0 ], [ 33.519085, 81.19337, 0.0 ], [ 35.8815, 81.90669, 0.0 ]] 
boundary 1: [[ 36.987125, 46.293022, 0.0 ], [ 35.881496, 46.09333, 0.0 ], [ 33.519085, 46.806633, 0.0 ], [ 30.131052, 48.363117, 0.0 ], [ 26.049112, 50.610367, 0.0 ], [ 21.672787, 53.328514, 0.0 ], [ 17.430452, 56.251423, 0.0 ], [ 13.737429, 59.092953, 0.0 ], [ 10.955183, 61.57494, 0.0 ], [ 9.356073, 63.454548, 0.0 ], [ 9.096624, 64.547676, 0.0 ], [ 10.202226, 64.7473, 0.0 ], [ 12.564674, 64.034065, 0.0 ], [ 15.952684, 62.47749, 0.0 ], [ 20.03465, 60.230232, 0.0 ], [ 24.410948, 57.51211, 0.0 ], [ 28.653294, 54.58923, 0.0 ], [ 32.34626, 51.7477, 0.0 ], [ 35.12857, 49.265694, 0.0 ], [ 36.727654, 47.38613, 0.0 ]] 
boundary 0: [[ 38.44526, 79.24844, 0.0 ], [ 38.0903, 78.18248, 0.0 ], [ 36.33146, 76.451454, 0.0 ], [ 33.34082, 74.224884, 0.0 ], [ 29.411314, 71.7207, 0.0 ], [ 24.927391, 69.1839, 0.0 ], [ 20.328121, 66.86296, 0.0 ], [ 16.063639, 64.984924, 0.0 ], [ 12.551373, 63.733738, 0.0 ], [ 10.135173, 63.231876, 0.0 ], [ 9.051523, 63.52841, 0.0 ], [ 9.40651, 64.594215, 0.0 ], [ 11.165375, 66.325356, 0.0 ], [ 14.15597, 68.55194, 0.0 ], [ 18.08552, 71.05612, 0.0 ], [ 22.569433, 73.592926, 0.0 ], [ 27.16873, 75.91387, 0.0 ], [ 31.433186, 77.79188, 0.0 ], [ 34.945435, 79.04306, 0.0 ], [ 37.36164, 79.544945, 0.0 ]] 
boundary 1: [[ 38.445297, 48.751617, 0.0 ], [ 37.361633, 48.455063, 0.0 ], [ 34.945435, 48.956936, 0.0 ], [ 31.433187, 50.20811, 0.0 ], [ 27.16872, 52.08605, 0.0 ], [ 22.569426, 54.40706, 0.0 ], [ 18.085518, 56.94386, 0.0 ], [ 14.155958, 59.448112, 0.0 ], [ 11.165372, 61.674667, 0.0 ], [ 9.406506, 63.405697, 0.0 ], [ 9.051524, 64.47164, 0.0 ], [ 10.135173, 64.768135, 0.0 ], [ 12.551385, 64.26633, 0.0 ], [ 16.063631, 63.01507, 0.0 ], [ 20.328129, 61.137127, 0.0 ], [ 24.927387, 58.816143, 0.0 ], [ 29.411306, 56.279373, 0.0 ], [ 33.340816, 53.77511, 0.0 ], [ 36.33145, 51.54854, 0.0 ], [ 38.090294, 49.817554, 0.0 ]] 
boundary 0: [[ 39.610184, 76.834694, 0.0 ], [ 39.168167, 75.801796, 0.0 ], [ 37.272003, 74.22239, 0.0 ], [ 34.10724, 72.25115, 0.0 ], [ 29.983833, 70.08101, 0.0 ], [ 25.305212, 67.924286, 0.0 ], [ 20.529524, 65.992226, 0.0 ], [ 16.124151, 64.47383, 0.0 ], [ 12.520327, 63.517822, 0.0 ], [ 10.070864, 63.217796, 0.0 ], [ 9.015494, 63.603065, 0.0 ], [ 9.457534, 64.6358, 0.0 ], [ 11.353727, 66.215324, 0.0 ], [ 14.518457, 68.186584, 0.0 ], [ 18.641905, 70.35671, 0.0 ], [ 23.320515, 72.51344, 0.0 ], [ 28.09623, 74.44552, 0.0 ], [ 32.50158, 75.96387, 0.0 ], [ 36.105373, 76.91988, 0.0 ], [ 38.55486, 77.21993, 0.0 ]] 
boundary 1: [[ 39.61022, 51.16536, 0.0 ], [ 38.55485, 50.780075, 0.0 ], [ 36.105373, 51.08011, 0.0 ], [ 32.50158, 52.03611, 0.0 ], [ 28.096228, 53.554405, 0.0 ], [ 23.320507, 55.486538, 0.0 ], [ 18.641905, 57.643265, 0.0 ], [ 14.518439, 59.813465, 0.0 ], [ 11.353724, 61.7847, 0.0 ], [ 9.457536, 63.364113, 0.0 ], [ 9.015493, 64.396996, 0.0 ], [ 10.070864, 64.782196, 0.0 ], [ 12.520334, 64.48225, 0.0 ], [ 16.124144, 63.526165, 0.0 ], [ 20.529522, 62.007862, 0.0 ], [ 25.305202, 60.075764, 0.0 ], [ 29.98381, 57.91906, 0.0 ], [ 34.10724, 55.748848, 0.0 ], [ 37.271996, 53.777603, 0.0 ], [ 39.16816, 52.198235, 0.0 ]] 
boundary 0: [[ 40.519028, 74.48619, 0.0 ], [ 39.997955, 73.49082, 0.0 ], [ 37.984642, 72.06377, 0.0 ], [ 34.676067, 70.34482, 0.0 ], [ 30.396273, 68.50216, 0.0 ], [ 25.563995, 66.71608, 0.0 ], [ 20.652428, 65.161545, 0.0 ], [ 16.142252, 63.990593, 0.0 ], [ 12.474955, 63.317955, 0.0 ], [ 10.009572, 63.209465, 0.0 ], [ 8.987386, 63.6757, 0.0 ], [ 9.508458, 64.670906, 0.0 ], [ 11.521826, 66.09806, 0.0 ], [ 14.830369, 67.817055, 0.0 ], [ 19.110199, 69.6597, 0.0 ], [ 23.942467, 71.44577, 0.0 ], [ 28.854055, 73.00032, 0.0 ], [ 33.364212, 74.17121, 0.0 ], [ 37.03148, 74.843864, 0.0 ], [ 39.49688, 74.95239, 0.0 ]] 
boundary 1: [[ 40.519066, 53.513866, 0.0 ], [ 39.496872, 53.04761, 0.0 ], [ 37.03148, 53.156116, 0.0 ], [ 33.364212, 53.828747, 0.0 ], [ 28.854061, 54.9996, 0.0 ], [ 23.94246, 56.554207, 0.0 ], [ 19.110199, 58.340282, 0.0 ], [ 14.830345, 60.183, 0.0 ], [ 11.52182, 61.901955, 0.0 ], [ 9.508467, 63.329014, 0.0 ], [ 8.98738, 64.32437, 0.0 ], [ 10.009572, 64.79053, 0.0 ], [ 12.474958, 64.68212, 0.0 ], [ 16.142244, 64.0094, 0.0 ], [ 20.652418, 62.838543, 0.0 ], [ 25.563984, 61.283974, 0.0 ], [ 30.396242, 59.497917, 0.0 ], [ 34.676067, 57.65519, 0.0 ], [ 37.984634, 55.93621, 0.0 ], [ 39.997948, 54.509212, 0.0 ]] 
boundary 0: [[ 41.233303, 72.10901, 0.0 ], [ 40.63742, 71.15655, 0.0 ], [ 38.52056, 69.88814, 0.0 ], [ 35.08987, 68.42808, 0.0 ], [ 30.68134, 66.91915, 0.0 ], [ 25.726292, 65.509026, 0.0 ], [ 20.709946, 64.335846, 0.0 ], [ 16.123234, 63.51433, 0.0 ], [ 12.415144, 63.124992, 0.0 ], [ 9.948704, 63.205944, 0.0 ], [ 8.965296, 63.749226, 0.0 ], [ 9.561176, 64.70151, 0.0 ], [ 11.678092, 65.97003, 0.0 ], [ 15.108751, 67.430145, 0.0 ], [ 19.517323, 68.93905, 0.0 ], [ 24.472359, 70.34917, 0.0 ], [ 29.488728, 71.522354, 0.0 ], [ 34.07542, 72.34383, 0.0 ], [ 37.78347, 72.73317, 0.0 ], [ 40.24994, 72.65226, 0.0 ]] 
boundary 1: [[ 41.23334, 55.891045, 0.0 ], [ 40.24993, 55.34775, 0.0 ], [ 37.783474, 55.266815, 0.0 ], [ 34.07542, 55.656136, 0.0 ], [ 29.48874, 56.477562, 0.0 ], [ 24.472351, 57.650818, 0.0 ], [ 19.517323, 59.06093, 0.0 ], [ 15.108725, 60.569897, 0.0 ], [ 11.678083, 62.02999, 0.0 ], [ 9.5611925, 63.298397, 0.0 ], [ 8.965283, 64.250854, 0.0 ], [ 9.948705, 64.79405, 0.0 ], [ 12.415142, 64.875084, 0.0 ], [ 16.123226, 64.48567, 0.0 ], [ 20.709929, 63.66424, 0.0 ], [ 25.726273, 62.491035, 0.0 ], [ 30.681301, 61.080925, 0.0 ], [ 35.08987, 59.57194, 0.0 ], [ 38.520557, 58.11183, 0.0 ], [ 40.637413, 56.84348, 0.0 ]] 
boundary 0: [[ 41.35826, 71.61033, 0.0 ], [ 40.747307, 70.667465, 0.0 ], [ 38.610573, 69.43287, 0.0 ], [ 35.15708, 68.02754, 0.0 ], [ 30.725128, 66.5889, 0.0 ], [ 25.748283, 65.25773, 0.0 ], [ 20.713924, 64.16447, 0.0 ], [ 16.114727, 63.415974, 0.0 ], [ 12.400918, 63.085644, 0.0 ], [ 9.936078, 63.2058, 0.0 ], [ 8.9614315, 63.76465, 0.0 ], [ 9.572377, 64.70734, 0.0 ], [ 11.709193, 65.94205, 0.0 ], [ 15.162636, 67.34743, 0.0 ], [ 19.594639, 68.78604, 0.0 ], [ 24.571465, 70.1172, 0.0 ], [ 29.605856, 71.21048, 0.0 ], [ 34.205032, 71.95892, 0.0 ], [ 37.91879, 72.28926, 0.0 ], [ 40.38366, 72.16915, 0.0 ]] 
boundary 1: [[ 41.3583, 56.38972, 0.0 ], [ 40.38365, 55.830856, 0.0 ], [ 37.91879, 55.710712, 0.0 ], [ 34.205032, 56.041035, 0.0 ], [ 29.60587, 56.789433, 0.0 ], [ 24.571457, 57.882786, 0.0 ], [ 19.594639, 59.213932, 0.0 ], [ 15.162609, 60.65262, 0.0 ], [ 11.709184, 62.057976, 0.0 ], [ 9.572394, 63.292572, 0.0 ], [ 8.961419, 64.235435, 0.0 ], [ 9.936079, 64.79419, 0.0 ], [ 12.400914, 64.91443, 0.0 ], [ 16.11472, 64.58402, 0.0 ], [ 20.71391, 63.835625, 0.0 ], [ 25.748264, 62.742317, 0.0 ], [ 30.72509, 61.41117, 0.0 ], [ 35.15708, 59.972477, 0.0 ], [ 38.610565, 58.56709, 0.0 ], [ 40.7473, 57.332554, 0.0 ]] 
boundary 0: [[ 41.386124, 71.494354, 0.0 ], [ 40.771698, 70.55376, 0.0 ], [ 38.630417, 69.32705, 0.0 ], [ 35.17176, 67.93447, 0.0 ], [ 30.734549, 66.512184, 0.0 ], [ 25.75282, 65.19938, 0.0 ], [ 20.714455, 64.124725, 0.0 ], [ 16.11253, 63.39317, 0.0 ], [ 12.397528, 63.07655, 0.0 ], [ 9.93315, 63.2058, 0.0 ], [ 8.960569, 63.768227, 0.0 ], [ 9.574988, 64.70865, 0.0 ], [ 11.716347, 65.93549, 0.0 ], [ 15.17495, 67.32812, 0.0 ], [ 19.612228, 68.750374, 0.0 ], [ 24.593937, 70.063156, 0.0 ], [ 29.632328, 71.13786, 0.0 ], [ 34.234222, 71.86934, 0.0 ], [ 37.94918, 72.185974, 0.0 ], [ 40.41359, 72.05678, 0.0 ]] 
boundary 1: [[ 41.38616, 56.505695, 0.0 ], [ 40.41358, 55.943245, 0.0 ], [ 37.94918, 55.814007, 0.0 ], [ 34.234222, 56.130627, 0.0 ], [ 29.632341, 56.862053, 0.0 ], [ 24.59393, 57.936825, 0.0 ], [ 19.612228, 59.249607, 0.0 ], [ 15.174923, 60.67193, 0.0 ], [ 11.716337, 62.06454, 0.0 ], [ 9.5750065, 63.29124, 0.0 ], [ 8.960557, 64.23186, 0.0 ], [ 9.933151, 64.79419, 0.0 ], [ 12.397524, 64.923546, 0.0 ], [ 16.112522, 64.6068, 0.0 ], [ 20.714441, 63.875404, 0.0 ], [ 25.7528, 62.800667, 0.0 ], [ 30.734509, 61.48789, 0.0 ], [ 35.17176, 60.06555, 0.0 ], [ 38.63041, 58.672916, 0.0 ], [ 40.77169, 57.44627, 0.0 ]] 
boundary 0: [[ 41.287544, 71.89664, 0.0 ], [ 40.685215, 70.94825, 0.0 ], [ 38.55983, 69.69421, 0.0 ], [ 35.1193, 68.25745, 0.0 ], [ 30.70067, 66.77844, 0.0 ], [ 25.736149, 65.401924, 0.0 ], [ 20.711975, 64.26284, 0.0 ], [ 16.119797, 63.472374, 0.0 ], [ 12.409156, 63.10819, 0.0 ], [ 9.943326, 63.20586, 0.0 ], [ 8.963617, 63.75579, 0.0 ], [ 9.565941, 64.703995, 0.0 ], [ 11.691407, 65.95817, 0.0 ], [ 15.131888, 67.39498, 0.0 ], [ 19.550583, 68.87396, 0.0 ], [ 24.515068, 70.25046, 0.0 ], [ 29.539276, 71.38962, 0.0 ], [ 34.13142, 72.179955, 0.0 ], [ 37.842026, 72.54416, 0.0 ], [ 40.307877, 72.44656, 0.0 ]] 
boundary 1: [[ 41.287582, 56.103416, 0.0 ], [ 40.30787, 55.553467, 0.0 ], [ 37.842026, 55.455807, 0.0 ], [ 34.13142, 55.81998, 0.0 ], [ 29.539288, 56.610306, 0.0 ], [ 24.51506, 57.749523, 0.0 ], [ 19.550583, 59.12602, 0.0 ], [ 15.131863, 60.605057, 0.0 ], [ 11.691399, 62.04186, 0.0 ], [ 9.565956, 63.29589, 0.0 ], [ 8.963605, 64.24429, 0.0 ], [ 9.943327, 64.79413, 0.0 ], [ 12.409152, 64.89191, 0.0 ], [ 16.11979, 64.52759, 0.0 ], [ 20.71196, 63.737316, 0.0 ], [ 25.73613, 62.59812, 0.0 ], [ 30.70063, 61.22164, 0.0 ], [ 35.1193, 59.742584, 0.0 ], [ 38.559822, 58.305748, 0.0 ], [ 40.685207, 57.05178, 0.0 ]] 
boundary 0: [[ 40.94292, 73.15694, 0.0 ], [ 40.379402, 72.18498, 0.0 ], [ 38.30641, 70.84611, 0.0 ], [ 34.926735, 69.271515, 0.0 ], [ 30.571468, 67.615204, 0.0 ], [ 25.666615, 66.03924, 0.0 ], [ 20.692558, 64.69809, 0.0 ], [ 16.136066, 63.722748, 0.0 ], [ 12.443165, 63.208942, 0.0 ], [ 9.975401, 63.20691, 0.0 ], [ 8.974275, 63.716812, 0.0 ], [ 9.537798, 64.688576, 0.0 ], [ 11.610862, 66.027596, 0.0 ], [ 14.990485, 67.60224, 0.0 ], [ 19.345821, 69.25853, 0.0 ], [ 24.250643, 70.83447, 0.0 ], [ 29.224724, 72.1757, 0.0 ], [ 33.781193, 73.1509, 0.0 ], [ 37.474052, 73.66473, 0.0 ], [ 39.941833, 73.66683, 0.0 ]] 
boundary 1: [[ 40.94296, 54.843117, 0.0 ], [ 39.941826, 54.3332, 0.0 ], [ 37.474052, 54.33524, 0.0 ], [ 33.78118, 54.84903, 0.0 ], [ 29.22473, 55.824234, 0.0 ], [ 24.250635, 57.165512, 0.0 ], [ 19.345821, 58.741455, 0.0 ], [ 14.990461, 60.3978, 0.0 ], [ 11.610852, 61.972427, 0.0 ], [ 9.537809, 63.31131, 0.0 ], [ 8.974265, 64.28328, 0.0 ], [ 9.975402, 64.79307, 0.0 ], [ 12.443165, 64.791145, 0.0 ], [ 16.136055, 64.27723, 0.0 ], [ 20.692549, 63.302067, 0.0 ], [ 25.6666, 61.96081, 0.0 ], [ 30.57143, 60.384888, 0.0 ], [ 34.926735, 58.72852, 0.0 ], [ 38.306404, 57.153854, 0.0 ], [ 40.379402, 55.81505, 0.0 ]] 
boundary 0: [[ 40.499, 74.544426, 0.0 ], [ 39.97982, 73.54809, 0.0 ], [ 37.969246, 72.11717, 0.0 ], [ 34.663925, 70.39195, 0.0 ], [ 30.387682, 68.54116, 0.0 ], [ 25.558796, 66.74586, 0.0 ], [ 20.6502, 65.182, 0.0 ], [ 16.142262, 64.00242, 0.0 ], [ 12.47625, 63.3228, 0.0 ], [ 10.011082, 63.20961, 0.0 ], [ 8.988003, 63.6739, 0.0 ], [ 9.507183, 64.67005, 0.0 ], [ 11.51783, 66.101105, 0.0 ], [ 14.823093, 67.82638, 0.0 ], [ 19.099407, 69.677155, 0.0 ], [ 23.928265, 71.47244, 0.0 ], [ 28.836882, 73.03635, 0.0 ], [ 33.344803, 74.21581, 0.0 ], [ 37.010773, 74.895454, 0.0 ], [ 39.475952, 75.00872, 0.0 ]] 
boundary 1: [[ 40.49904, 53.455616, 0.0 ], [ 39.475945, 52.991318, 0.0 ], [ 37.010773, 53.10451, 0.0 ], [ 33.344788, 53.78412, 0.0 ], [ 28.836887, 54.963573, 0.0 ], [ 23.928257, 56.527542, 0.0 ], [ 19.099407, 58.32282, 0.0 ], [ 14.823072, 60.173664, 0.0 ], [ 11.51782, 61.898922, 0.0 ], [ 9.50719, 63.329826, 0.0 ], [ 8.987998, 64.326195, 0.0 ], [ 10.011082, 64.79037, 0.0 ], [ 12.476255, 64.6773, 0.0 ], [ 16.14225, 63.99755, 0.0 ], [ 20.6502, 62.818134, 0.0 ], [ 25.55878, 61.254192, 0.0 ], [ 30.38765, 59.45894, 0.0 ], [ 34.663925, 57.608067, 0.0 ], [ 37.96924, 55.882774, 0.0 ], [ 39.979824, 54.45195, 0.0 ]] 
boundary 0: [[ 40.114647, 75.59883, 0.0 ], [ 39.630367, 74.58506, 0.0 ], [ 37.670647, 73.08524, 0.0 ], [ 34.42719, 71.24635, 0.0 ], [ 30.217762, 69.248276, 0.0 ], [ 25.454088, 67.28646, 0.0 ], [ 20.602718, 65.55321, 0.0 ], [ 16.138437, 64.217896, 0.0 ], [ 12.498219, 63.41146, 0.0 ], [ 10.038465, 63.212795, 0.0 ], [ 8.999889, 63.64129, 0.0 ], [ 9.484187, 64.65486, 0.0 ], [ 11.443958, 66.15482, 0.0 ], [ 14.687357, 67.993774, 0.0 ], [ 18.896864, 69.99183, 0.0 ], [ 23.660503, 71.95362, 0.0 ], [ 28.511896, 73.686935, 0.0 ], [ 32.976162, 75.02212, 0.0 ], [ 36.616333, 75.82858, 0.0 ], [ 39.076103, 76.02732, 0.0 ]] 
boundary 1: [[ 40.114685, 52.401226, 0.0 ], [ 39.076096, 51.972702, 0.0 ], [ 36.616333, 52.17138, 0.0 ], [ 32.976147, 52.977806, 0.0 ], [ 28.5119, 54.31298, 0.0 ], [ 23.660496, 56.04636, 0.0 ], [ 18.89686, 58.00814, 0.0 ], [ 14.687336, 60.00628, 0.0 ], [ 11.44395, 61.8452, 0.0 ], [ 9.48419, 63.34502, 0.0 ], [ 8.999887, 64.3588, 0.0 ], [ 10.038464, 64.787186, 0.0 ], [ 12.498228, 64.588646, 0.0 ], [ 16.138426, 63.782078, 0.0 ], [ 20.602728, 62.44693, 0.0 ], [ 25.454075, 60.713577, 0.0 ], [ 30.217733, 58.75183, 0.0 ], [ 34.42719, 56.753662, 0.0 ], [ 37.67064, 54.91471, 0.0 ], [ 39.630367, 53.41497, 0.0 ]] 
boundary 0: [[ 39.244556, 77.649055, 0.0 ], [ 38.83121, 76.60433, 0.0 ], [ 36.979397, 74.97316, 0.0 ], [ 33.870224, 72.915344, 0.0 ], [ 29.808338, 70.632225, 0.0 ], [ 25.191021, 68.347145, 0.0 ], [ 20.470482, 66.28403, 0.0 ], [ 16.108713, 64.64455, 0.0 ], [ 12.53265, 63.589424, 0.0 ], [ 10.092407, 63.221905, 0.0 ], [ 9.0268, 63.577877, 0.0 ], [ 9.44017, 64.62239, 0.0 ], [ 11.292034, 66.2537, 0.0 ], [ 14.40114, 68.31157, 0.0 ], [ 18.46311, 70.59467, 0.0 ], [ 23.080397, 72.87975, 0.0 ], [ 27.800957, 74.94293, 0.0 ], [ 32.16272, 76.58227, 0.0 ], [ 35.73873, 77.637405, 0.0 ], [ 38.178986, 78.00503, 0.0 ]] 
boundary 1: [[ 39.244595, 50.35101, 0.0 ], [ 38.178978, 49.995007, 0.0 ], [ 35.738724, 50.36255, 0.0 ], [ 32.16269, 51.41766, 0.0 ], [ 27.800951, 53.05698, 0.0 ], [ 23.080387, 55.12023, 0.0 ], [ 18.463104, 57.405293, 0.0 ], [ 14.401123, 59.688484, 0.0 ], [ 11.2920265, 61.74632, 0.0 ], [ 9.440167, 63.37749, 0.0 ], [ 9.026801, 64.42221, 0.0 ], [ 10.092406, 64.77811, 0.0 ], [ 12.532666, 64.410675, 0.0 ], [ 16.1087, 63.35543, 0.0 ], [ 20.470499, 61.716118, 0.0 ], [ 25.19101, 59.6529, 0.0 ], [ 29.808313, 57.367874, 0.0 ], [ 33.870224, 55.084656, 0.0 ], [ 36.97938, 53.02679, 0.0 ], [ 38.83121, 51.395695, 0.0 ]] 
boundary 0: [[ 38.384117, 79.36219, 0.0 ], [ 38.03341, 78.294815, 0.0 ], [ 36.281525, 76.55677, 0.0 ], [ 33.299778, 74.3183, 0.0 ], [ 29.380335, 71.79847, 0.0 ], [ 24.906563, 69.243744, 0.0 ], [ 20.316597, 66.904495, 0.0 ], [ 16.059656, 65.00941, 0.0 ], [ 12.552412, 63.744194, 0.0 ], [ 10.138242, 63.232697, 0.0 ], [ 9.053412, 63.524895, 0.0 ], [ 9.404151, 64.59207, 0.0 ], [ 11.156081, 66.33027, 0.0 ], [ 14.137759, 68.56879, 0.0 ], [ 18.05728, 71.0886, 0.0 ], [ 22.531025, 73.643295, 0.0 ], [ 27.121012, 75.98261, 0.0 ], [ 31.377947, 77.87757, 0.0 ], [ 34.88514, 79.14281, 0.0 ], [ 37.299324, 79.65439, 0.0 ]] 
boundary 1: [[ 38.384155, 48.63787, 0.0 ], [ 37.299316, 48.345642, 0.0 ], [ 34.88513, 48.857162, 0.0 ], [ 31.377914, 50.12235, 0.0 ], [ 27.121, 52.01729, 0.0 ], [ 22.53101, 54.356674, 0.0 ], [ 18.057276, 56.911366, 0.0 ], [ 14.137744, 59.43128, 0.0 ], [ 11.156074, 61.669754, 0.0 ], [ 9.40414, 63.407814, 0.0 ], [ 9.053416, 64.4752, 0.0 ], [ 10.138241, 64.76731, 0.0 ], [ 12.552437, 64.255905, 0.0 ], [ 16.05964, 62.990578, 0.0 ], [ 20.31662, 61.095642, 0.0 ], [ 24.906551, 58.756294, 0.0 ], [ 29.38032, 56.201637, 0.0 ], [ 33.299778, 53.6817, 0.0 ], [ 36.2815, 51.44319, 0.0 ], [ 38.033417, 49.70521, 0.0 ]] 
boundary 0: [[ 37.80739, 80.38538, 0.0 ], [ 37.49568, 79.305984, 0.0 ], [ 35.808083, 77.505455, 0.0 ], [ 32.909607, 75.160164, 0.0 ], [ 29.084267, 72.49963, 0.0 ], [ 24.706232, 69.78412, 0.0 ], [ 20.204256, 67.2797, 0.0 ], [ 16.018953, 65.23125, 0.0 ], [ 12.559977, 63.83949, 0.0 ], [ 10.165976, 63.240643, 0.0 ], [ 9.071248, 63.493248, 0.0 ], [ 9.382996, 64.57246, 0.0 ], [ 11.070641, 66.37314, 0.0 ], [ 13.969048, 68.71848, 0.0 ], [ 17.79446, 71.37898, 0.0 ], [ 22.17247, 74.09449, 0.0 ], [ 26.674469, 76.59896, 0.0 ], [ 30.859768, 78.64729, 0.0 ], [ 34.318695, 80.03907, 0.0 ], [ 36.71271, 80.638, 0.0 ]] 
boundary 1: [[ 37.807434, 47.61467, 0.0 ], [ 36.712704, 47.362038, 0.0 ], [ 34.318687, 47.9609, 0.0 ], [ 30.859734, 49.35264, 0.0 ], [ 26.674454, 51.400932, 0.0 ], [ 22.172455, 53.905483, 0.0 ], [ 17.794456, 56.62097, 0.0 ], [ 13.969034, 59.28159, 0.0 ], [ 11.070634, 61.62688, 0.0 ], [ 9.382982, 63.427425, 0.0 ], [ 9.071257, 64.50684, 0.0 ], [ 10.165975, 64.75936, 0.0 ], [ 12.560006, 64.160614, 0.0 ], [ 16.018938, 62.76874, 0.0 ], [ 20.20428, 60.720436, 0.0 ], [ 24.706223, 58.21592, 0.0 ], [ 29.084257, 55.500465, 0.0 ], [ 32.909607, 52.839836, 0.0 ], [ 35.80806, 50.494507, 0.0 ], [ 37.495697, 48.69404, 0.0 ]] 
boundary 0: [[ 36.739502, 82.07961, 0.0 ], [ 36.49522, 80.982994, 0.0 ], [ 34.922333, 79.08144, 0.0 ], [ 32.174606, 76.56121, 0.0 ], [ 28.521318, 73.66894, 0.0 ], [ 24.319805, 70.68761, 0.0 ], [ 19.98151, 67.90928, 0.0 ], [ 15.931052, 65.605644, 0.0 ], [ 12.564874, 64.00242, 0.0 ], [ 10.21254, 63.2565, 0.0 ], [ 9.104275, 63.440853, 0.0 ], [ 9.348612, 64.53728, 0.0 ], [ 10.921539, 66.439, 0.0 ], [ 13.669187, 68.95928, 0.0 ], [ 17.322552, 71.8515, 0.0 ], [ 21.524044, 74.83284, 0.0 ], [ 25.862358, 77.61122, 0.0 ], [ 29.912817, 79.914734, 0.0 ], [ 33.278954, 81.517975, 0.0 ], [ 35.631287, 82.26396, 0.0 ]] 
boundary 1: [[ 36.739555, 45.920425, 0.0 ], [ 35.63128, 45.73606, 0.0 ], [ 33.278946, 46.481983, 0.0 ], [ 29.912779, 48.085194, 0.0 ], [ 25.862337, 50.388664, 0.0 ], [ 21.524029, 53.167126, 0.0 ], [ 17.322548, 56.148457, 0.0 ], [ 13.669178, 59.0408, 0.0 ], [ 10.921533, 61.561028, 0.0 ], [ 9.34859, 63.462597, 0.0 ], [ 9.104288, 64.55924, 0.0 ], [ 10.212539, 64.74351, 0.0 ], [ 12.564911, 63.997696, 0.0 ], [ 15.931037, 62.394344, 0.0 ], [ 19.98154, 60.090866, 0.0 ], [ 24.319798, 57.31243, 0.0 ], [ 28.521322, 54.33115, 0.0 ], [ 32.174606, 51.438797, 0.0 ], [ 34.922306, 48.918533, 0.0 ], [ 36.495235, 47.01703, 0.0 ]] 
boundary 0: [[ 36.034203, 83.083694, 0.0 ], [ 35.831703, 81.97859, 0.0 ], [ 34.332108, 80.01874, 0.0 ], [ 31.681978, 77.39606, 0.0 ], [ 28.141062, 74.36725, 0.0 ], [ 24.055695, 71.228645, 0.0 ], [ 19.825943, 68.28773, 0.0 ], [ 15.8658085, 65.83206, 0.0 ], [ 12.562886, 64.102264, 0.0 ], [ 10.24055, 63.267628, 0.0 ], [ 9.126087, 63.409798, 0.0 ], [ 9.328647, 64.5147, 0.0 ], [ 10.828284, 66.47473, 0.0 ], [ 13.478326, 69.09746, 0.0 ], [ 17.019321, 72.12622, 0.0 ], [ 21.104668, 75.264824, 0.0 ], [ 25.334438, 78.20582, 0.0 ], [ 29.294577, 80.661354, 0.0 ], [ 32.597466, 82.39116, 0.0 ], [ 34.91979, 83.225845, 0.0 ]] 
boundary 1: [[ 36.034256, 44.916336, 0.0 ], [ 34.91978, 44.77417, 0.0 ], [ 32.59745, 45.608807, 0.0 ], [ 29.294533, 47.338585, 0.0 ], [ 25.334415, 49.794075, 0.0 ], [ 21.104649, 52.735146, 0.0 ], [ 17.019318, 55.873745, 0.0 ], [ 13.478321, 58.902622, 0.0 ], [ 10.8282795, 61.525288, 0.0 ], [ 9.32862, 63.485165, 0.0 ], [ 9.126104, 64.5903, 0.0 ], [ 10.240549, 64.732376, 0.0 ], [ 12.562927, 63.897846, 0.0 ], [ 15.865793, 62.167934, 0.0 ], [ 19.825985, 59.712425, 0.0 ], [ 24.055687, 56.77138, 0.0 ], [ 28.141071, 53.632835, 0.0 ], [ 31.681978, 50.60395, 0.0 ], [ 34.332077, 47.981247, 0.0 ], [ 35.83172, 46.021427, 0.0 ]] 
boundary 0: [[ 35.55719, 83.71954, 0.0 ], [ 35.38192, 82.60981, 0.0 ], [ 33.93096, 80.61368, 0.0 ], [ 31.3461, 77.92666, 0.0 ], [ 27.880709, 74.8117, 0.0 ], [ 23.873726, 71.57363, 0.0 ], [ 19.717552, 68.52961, 0.0 ], [ 15.818979, 65.97734, 0.0 ], [ 12.559576, 64.16687, 0.0 ], [ 10.258461, 63.2754, 0.0 ], [ 9.14084, 63.390133, 0.0 ], [ 9.316177, 64.49967, 0.0 ], [ 10.767179, 66.49598, 0.0 ], [ 13.351946, 69.18306, 0.0 ], [ 16.817417, 72.29795, 0.0 ], [ 20.824375, 75.53604, 0.0 ], [ 24.98057, 78.580124, 0.0 ], [ 28.879147, 81.132256, 0.0 ], [ 32.13852, 82.94273, 0.0 ], [ 34.439613, 83.834274, 0.0 ]] 
boundary 1: [[ 35.55725, 44.28048, 0.0 ], [ 34.439606, 44.16575, 0.0 ], [ 32.138504, 45.05722, 0.0 ], [ 28.879103, 46.867683, 0.0 ], [ 24.980543, 49.41977, 0.0 ], [ 20.824356, 52.46393, 0.0 ], [ 16.817413, 55.70201, 0.0 ], [ 13.351944, 58.817017, 0.0 ], [ 10.767174, 61.504036, 0.0 ], [ 9.316147, 63.50018, 0.0 ], [ 9.14086, 64.60997, 0.0 ], [ 10.25846, 64.724594, 0.0 ], [ 12.55962, 63.83324, 0.0 ], [ 15.818964, 62.022648, 0.0 ], [ 19.717594, 59.470535, 0.0 ], [ 23.873718, 56.426407, 0.0 ], [ 27.88072, 53.18838, 0.0 ], [ 31.3461, 50.073364, 0.0 ], [ 33.93093, 47.3863, 0.0 ], [ 35.381935, 45.390205, 0.0 ]] 
boundary 0: [[ 35.504917, 83.78728, 0.0 ], [ 35.33259, 82.67708, 0.0 ], [ 33.886917, 80.6771, 0.0 ], [ 31.309164, 77.98326, 0.0 ], [ 27.852028, 74.859146, 0.0 ], [ 23.853636, 71.61049, 0.0 ], [ 19.705532, 68.5555, 0.0 ], [ 15.813726, 65.99293, 0.0 ], [ 12.559124, 64.173805, 0.0 ], [ 10.260375, 63.276257, 0.0 ], [ 9.142456, 63.38804, 0.0 ], [ 9.314856, 64.498024, 0.0 ], [ 10.760571, 66.49818, 0.0 ], [ 13.338219, 69.192085, 0.0 ], [ 16.795437, 72.31613, 0.0 ], [ 20.793816, 75.56482, 0.0 ], [ 24.941933, 78.61989, 0.0 ], [ 28.833738, 81.18231, 0.0 ], [ 32.088318, 83.00142, 0.0 ], [ 34.387047, 83.89905, 0.0 ]] 
boundary 1: [[ 35.50498, 44.212753, 0.0 ], [ 34.38704, 44.100975, 0.0 ], [ 32.088303, 44.998535, 0.0 ], [ 28.833693, 46.81761, 0.0 ], [ 24.941906, 49.380005, 0.0 ], [ 20.793797, 52.435158, 0.0 ], [ 16.795433, 55.68383, 0.0 ], [ 13.338219, 58.80799, 0.0 ], [ 10.760565, 61.50184, 0.0 ], [ 9.314825, 63.501827, 0.0 ], [ 9.142476, 64.61206, 0.0 ], [ 10.260374, 64.7237, 0.0 ], [ 12.55917, 63.826305, 0.0 ], [ 15.813711, 62.007088, 0.0 ], [ 19.705574, 59.444664, 0.0 ], [ 23.853628, 56.38955, 0.0 ], [ 27.85204, 53.14093, 0.0 ], [ 31.309164, 50.016754, 0.0 ], [ 33.886887, 47.32287, 0.0 ], [ 35.332603, 45.322937, 0.0 ]] 
boundary 0: [[ 35.543137, 83.737785, 0.0 ], [ 35.36866, 82.62792, 0.0 ], [ 33.91913, 80.630745, 0.0 ], [ 31.336168, 77.941895, 0.0 ], [ 27.872997, 74.82447, 0.0 ], [ 23.868328, 71.58356, 0.0 ], [ 19.714325, 68.53659, 0.0 ], [ 15.81757, 65.98155, 0.0 ], [ 12.559456, 64.168724, 0.0 ], [ 10.258975, 63.275627, 0.0 ], [ 9.141274, 63.38957, 0.0 ], [ 9.31582, 64.49922, 0.0 ], [ 10.765401, 66.496574, 0.0 ], [ 13.348254, 69.18549, 0.0 ], [ 16.811508, 72.30284, 0.0 ], [ 20.816162, 75.54379, 0.0 ], [ 24.97018, 78.590836, 0.0 ], [ 28.866934, 81.14573, 0.0 ], [ 32.125027, 82.958534, 0.0 ], [ 34.425484, 83.851715, 0.0 ]] 
boundary 1: [[ 35.543198, 44.262245, 0.0 ], [ 34.425476, 44.148304, 0.0 ], [ 32.12501, 45.04142, 0.0 ], [ 28.866888, 46.854195, 0.0 ], [ 24.970154, 49.409058, 0.0 ], [ 20.816143, 52.456184, 0.0 ], [ 16.811504, 55.697117, 0.0 ], [ 13.348253, 58.814587, 0.0 ], [ 10.765394, 61.503445, 0.0 ], [ 9.315789, 63.500633, 0.0 ], [ 9.141294, 64.61053, 0.0 ], [ 10.258974, 64.724335, 0.0 ], [ 12.559501, 63.831383, 0.0 ], [ 15.817554, 62.018463, 0.0 ], [ 19.714367, 59.463573, 0.0 ], [ 23.86832, 56.416485, 0.0 ], [ 27.873009, 53.175606, 0.0 ], [ 31.336168, 50.05812, 0.0 ], [ 33.919098, 47.369225, 0.0 ], [ 35.368675, 45.372093, 0.0 ]] 
boundary 0: [[ 35.980392, 83.15706, 0.0 ], [ 35.78101, 82.05141, 0.0 ], [ 34.28695, 80.08731, 0.0 ], [ 31.644192, 77.4572, 0.0 ], [ 28.111818, 74.41844, 0.0 ], [ 24.035294, 71.268364, 0.0 ], [ 19.813843, 68.31555, 0.0 ], [ 15.860631, 65.84876, 0.0 ], [ 12.562586, 64.10965, 0.0 ], [ 10.242608, 63.26849, 0.0 ], [ 9.127752, 63.407528, 0.0 ], [ 9.327199, 64.51297, 0.0 ], [ 10.821316, 66.477234, 0.0 ], [ 13.463966, 69.10741, 0.0 ], [ 16.996424, 72.1461, 0.0 ], [ 21.072933, 75.29622, 0.0 ], [ 25.2944, 78.24911, 0.0 ], [ 29.247606, 80.71575, 0.0 ], [ 32.54564, 82.454865, 0.0 ], [ 34.865578, 83.2961, 0.0 ]] 
boundary 1: [[ 35.980453, 44.842968, 0.0 ], [ 34.86557, 44.703926, 0.0 ], [ 32.545624, 45.54509, 0.0 ], [ 29.247562, 47.284172, 0.0 ], [ 25.294376, 49.750786, 0.0 ], [ 21.072914, 52.70375, 0.0 ], [ 16.996426, 55.853844, 0.0 ], [ 13.463962, 58.892666, 0.0 ], [ 10.82131, 61.52278, 0.0 ], [ 9.32717, 63.48688, 0.0 ], [ 9.127768, 64.59257, 0.0 ], [ 10.242607, 64.731476, 0.0 ], [ 12.562629, 63.89047, 0.0 ], [ 15.860616, 62.151245, 0.0 ], [ 19.81388, 59.68461, 0.0 ], [ 24.035286, 56.731678, 0.0 ], [ 28.111828, 53.581635, 0.0 ], [ 31.644192, 50.5428, 0.0 ], [ 34.28692, 47.91266, 0.0 ], [ 35.781025, 45.948612, 0.0 ]] 
boundary 0: [[ 36.98687, 81.70729, 0.0 ], [ 36.72745, 80.61417, 0.0 ], [ 35.128464, 78.73452, 0.0 ], [ 32.34613, 76.25253, 0.0 ], [ 28.653214, 73.41104, 0.0 ], [ 24.410881, 70.488075, 0.0 ], [ 20.034597, 67.77, 0.0 ], [ 15.952679, 65.52259, 0.0 ], [ 12.564653, 63.966026, 0.0 ], [ 10.202233, 63.252712, 0.0 ], [ 9.096626, 63.452366, 0.0 ], [ 9.3560915, 64.54527, 0.0 ], [ 10.955161, 66.4251, 0.0 ], [ 13.737387, 68.90717, 0.0 ], [ 17.430384, 71.74857, 0.0 ], [ 21.672709, 74.67156, 0.0 ], [ 26.049006, 77.38972, 0.0 ], [ 30.130913, 79.63698, 0.0 ], [ 33.51892, 81.193565, 0.0 ], [ 35.88131, 81.90696, 0.0 ]] 
boundary 1: [[ 36.98693, 46.292736, 0.0 ], [ 35.8813, 46.09307, 0.0 ], [ 33.518913, 46.806396, 0.0 ], [ 30.130873, 48.36293, 0.0 ], [ 26.048994, 50.610165, 0.0 ], [ 21.672691, 53.3284, 0.0 ], [ 17.430391, 56.251366, 0.0 ], [ 13.737377, 59.092922, 0.0 ], [ 10.955155, 61.57492, 0.0 ], [ 9.356072, 63.45457, 0.0 ], [ 9.096634, 64.54772, 0.0 ], [ 10.202232, 64.74727, 0.0 ], [ 12.564688, 64.034096, 0.0 ], [ 15.9526615, 62.477413, 0.0 ], [ 20.03463, 60.230156, 0.0 ], [ 24.41087, 57.511955, 0.0 ], [ 28.653217, 54.589046, 0.0 ], [ 32.34613, 51.747475, 0.0 ], [ 35.128433, 49.265457, 0.0 ], [ 36.727467, 47.38585, 0.0 ]] 
boundary 0: [[ 38.445076, 79.24872, 0.0 ], [ 38.09012, 78.18276, 0.0 ], [ 36.331367, 76.45168, 0.0 ], [ 33.3407, 74.225136, 0.0 ], [ 29.411251, 71.720924, 0.0 ], [ 24.927341, 69.18406, 0.0 ], [ 20.32809, 66.86312, 0.0 ], [ 16.063631, 64.98501, 0.0 ], [ 12.55137, 63.73376, 0.0 ], [ 10.135182, 63.231884, 0.0 ], [ 9.051527, 63.52841, 0.0 ], [ 9.406506, 64.59412, 0.0 ], [ 11.165356, 66.325386, 0.0 ], [ 14.155927, 68.55202, 0.0 ], [ 18.08545, 71.05616, 0.0 ], [ 22.569359, 73.59302, 0.0 ], [ 27.168621, 75.91405, 0.0 ], [ 31.433052, 77.792, 0.0 ], [ 34.945297, 79.04329, 0.0 ], [ 37.361473, 79.545235, 0.0 ]] 
boundary 1: [[ 38.44513, 48.751324, 0.0 ], [ 37.361458, 48.454792, 0.0 ], [ 34.94529, 48.956684, 0.0 ], [ 31.433025, 50.2079, 0.0 ], [ 27.16862, 52.08584, 0.0 ], [ 22.56934, 54.406933, 0.0 ], [ 18.085457, 56.9438, 0.0 ], [ 14.155909, 59.448074, 0.0 ], [ 11.165348, 61.674644, 0.0 ], [ 9.4065, 63.40572, 0.0 ], [ 9.051528, 64.47169, 0.0 ], [ 10.135182, 64.768105, 0.0 ], [ 12.5513935, 64.26636, 0.0 ], [ 16.063612, 63.014996, 0.0 ], [ 20.32811, 61.13705, 0.0 ], [ 24.92733, 58.815983, 0.0 ], [ 29.41125, 56.279182, 0.0 ], [ 33.3407, 53.77488, 0.0 ], [ 36.331337, 51.548286, 0.0 ], [ 38.090134, 49.817253, 0.0 ]] 
boundary 0: [[ 39.61003, 76.83499, 0.0 ], [ 39.16801, 75.80209, 0.0 ], [ 37.271935, 74.222626, 0.0 ], [ 34.107132, 72.2514, 0.0 ], [ 29.983784, 70.08124, 0.0 ], [ 25.30518, 67.924446, 0.0 ], [ 20.529507, 65.992386, 0.0 ], [ 16.12415, 64.473915, 0.0 ], [ 12.520327, 63.517845, 0.0 ], [ 10.070873, 63.2178, 0.0 ], [ 9.015498, 63.60306, 0.0 ], [ 9.457521, 64.63571, 0.0 ], [ 11.353712, 66.215355, 0.0 ], [ 14.518419, 68.18666, 0.0 ], [ 18.641838, 70.356766, 0.0 ], [ 23.320446, 72.51355, 0.0 ], [ 28.096136, 74.4457, 0.0 ], [ 32.50145, 75.96401, 0.0 ], [ 36.105255, 76.92012, 0.0 ], [ 38.554703, 77.22023, 0.0 ]] 
boundary 1: [[ 39.610073, 51.16506, 0.0 ], [ 38.554688, 50.779793, 0.0 ], [ 36.105247, 51.079857, 0.0 ], [ 32.50144, 52.035885, 0.0 ], [ 28.096146, 53.55419, 0.0 ], [ 23.320427, 55.48641, 0.0 ], [ 18.641846, 57.643204, 0.0 ], [ 14.5183935, 59.813423, 0.0 ], [ 11.353702, 61.784668, 0.0 ], [ 9.457526, 63.364132, 0.0 ], [ 9.0154915, 64.39704, 0.0 ], [ 10.070875, 64.78217, 0.0 ], [ 12.520341, 64.48228, 0.0 ], [ 16.12413, 63.52609, 0.0 ], [ 20.52951, 62.007786, 0.0 ], [ 25.305164, 60.0756, 0.0 ], [ 29.983772, 57.91887, 0.0 ], [ 34.107132, 55.748604, 0.0 ], [ 37.271904, 53.777344, 0.0 ], [ 39.16802, 52.19793, 0.0 ]] 
boundary 0: [[ 40.51889, 74.48649, 0.0 ], [ 39.99783, 73.491135, 0.0 ], [ 37.984585, 72.06402, 0.0 ], [ 34.675964, 70.345085, 0.0 ], [ 30.39624, 68.50239, 0.0 ], [ 25.563976, 66.71624, 0.0 ], [ 20.652431, 65.16171, 0.0 ], [ 16.142258, 63.990677, 0.0 ], [ 12.474957, 63.317978, 0.0 ], [ 10.009582, 63.20947, 0.0 ], [ 8.98739, 63.675697, 0.0 ], [ 9.508438, 64.670815, 0.0 ], [ 11.521813, 66.0981, 0.0 ], [ 14.830338, 67.81713, 0.0 ], [ 19.110134, 69.65976, 0.0 ], [ 23.942402, 71.445885, 0.0 ], [ 28.853981, 73.00051, 0.0 ], [ 33.36409, 74.17139, 0.0 ], [ 37.031372, 74.84412, 0.0 ], [ 39.496758, 74.9527, 0.0 ]] 
boundary 1: [[ 40.518936, 53.513554, 0.0 ], [ 39.496742, 53.04732, 0.0 ], [ 37.031376, 53.155853, 0.0 ], [ 33.36409, 53.828514, 0.0 ], [ 28.853998, 54.99938, 0.0 ], [ 23.942394, 56.554073, 0.0 ], [ 19.110146, 58.340218, 0.0 ], [ 14.830305, 60.182953, 0.0 ], [ 11.5218, 61.901924, 0.0 ], [ 9.508456, 63.329033, 0.0 ], [ 8.987374, 64.32442, 0.0 ], [ 10.009585, 64.790504, 0.0 ], [ 12.474962, 64.68215, 0.0 ], [ 16.142235, 64.00932, 0.0 ], [ 20.652416, 62.838467, 0.0 ], [ 25.563957, 61.28381, 0.0 ], [ 30.39622, 59.497726, 0.0 ], [ 34.675964, 57.654934, 0.0 ], [ 37.984562, 55.935947, 0.0 ], [ 39.997837, 54.50889, 0.0 ]] 
boundary 0: [[ 41.233196, 72.109314, 0.0 ], [ 40.637318, 71.15686, 0.0 ], [ 38.520527, 69.8884, 0.0 ], [ 35.089794, 68.42835, 0.0 ], [ 30.681326, 66.91938, 0.0 ], [ 25.726284, 65.509186, 0.0 ], [ 20.709963, 64.33601, 0.0 ], [ 16.123253, 63.514416, 0.0 ], [ 12.415148, 63.125015, 0.0 ], [ 9.948714, 63.205948, 0.0 ], [ 8.9653, 63.74922, 0.0 ], [ 9.56115, 64.70143, 0.0 ], [ 11.678081, 65.97007, 0.0 ], [ 15.108724, 67.43022, 0.0 ], [ 19.517258, 68.93911, 0.0 ], [ 24.472305, 70.34928, 0.0 ], [ 29.488668, 71.52255, 0.0 ], [ 34.0753, 72.34402, 0.0 ], [ 37.783382, 72.73342, 0.0 ], [ 40.24984, 72.65257, 0.0 ]] 
boundary 1: [[ 41.233242, 55.890717, 0.0 ], [ 40.249825, 55.347458, 0.0 ], [ 37.78339, 55.26654, 0.0 ], [ 34.075317, 55.65589, 0.0 ], [ 29.488695, 56.477333, 0.0 ], [ 24.472301, 57.650673, 0.0 ], [ 19.517277, 59.06086, 0.0 ], [ 15.108688, 60.569847, 0.0 ], [ 11.678066, 62.02996, 0.0 ], [ 9.561179, 63.298416, 0.0 ], [ 8.965277, 64.2509, 0.0 ], [ 9.948719, 64.79403, 0.0 ], [ 12.415144, 64.875114, 0.0 ], [ 16.12323, 64.485596, 0.0 ], [ 20.709934, 63.664165, 0.0 ], [ 25.726255, 62.490864, 0.0 ], [ 30.681293, 61.080734, 0.0 ], [ 35.089794, 59.57168, 0.0 ], [ 38.52051, 58.111565, 0.0 ], [ 40.637325, 56.84315, 0.0 ]] 
boundary 0: [[ 41.358154, 71.610634, 0.0 ], [ 40.747215, 70.66778, 0.0 ], [ 38.610542, 69.43313, 0.0 ], [ 35.15701, 68.02782, 0.0 ], [ 30.725117, 66.589134, 0.0 ], [ 25.74828, 65.25789, 0.0 ], [ 20.713943, 64.164635, 0.0 ], [ 16.11475, 63.416058, 0.0 ], [ 12.400922, 63.085667, 0.0 ], [ 9.936089, 63.205803, 0.0 ], [ 8.961435, 63.764645, 0.0 ], [ 9.57235, 64.70726, 0.0 ], [ 11.709183, 65.942085, 0.0 ], [ 15.162609, 67.3475, 0.0 ], [ 19.594574, 68.78611, 0.0 ], [ 24.571411, 70.11732, 0.0 ], [ 29.605797, 71.21068, 0.0 ], [ 34.20491, 71.95913, 0.0 ], [ 37.918697, 72.28952, 0.0 ], [ 40.38356, 72.16947, 0.0 ]] 
boundary 1: [[ 41.3582, 56.389393, 0.0 ], [ 40.383545, 55.830566, 0.0 ], [ 37.918705, 55.710438, 0.0 ], [ 34.204926, 56.04079, 0.0 ], [ 29.605824, 56.789204, 0.0 ], [ 24.571411, 57.88264, 0.0 ], [ 19.594593, 59.213863, 0.0 ], [ 15.162573, 60.652565, 0.0 ], [ 11.709167, 62.057945, 0.0 ], [ 9.572381, 63.29259, 0.0 ], [ 8.961412, 64.23548, 0.0 ], [ 9.936093, 64.79417, 0.0 ], [ 12.400916, 64.91446, 0.0 ], [ 16.114727, 64.58395, 0.0 ], [ 20.713913, 63.83555, 0.0 ], [ 25.748245, 62.742146, 0.0 ], [ 30.725084, 61.41098, 0.0 ], [ 35.15701, 59.972214, 0.0 ], [ 38.610527, 58.566822, 0.0 ], [ 40.747223, 57.332226, 0.0 ]] 
boundary 0: [[ 41.386017, 71.49466, 0.0 ], [ 40.771614, 70.55406, 0.0 ], [ 38.630386, 69.32731, 0.0 ], [ 35.171684, 67.934746, 0.0 ], [ 30.734539, 66.51241, 0.0 ], [ 25.752815, 65.19954, 0.0 ], [ 20.714478, 64.12489, 0.0 ], [ 16.112553, 63.393253, 0.0 ], [ 12.3975315, 63.076572, 0.0 ], [ 9.933161, 63.205803, 0.0 ], [ 8.960573, 63.768223, 0.0 ], [ 9.574961, 64.70857, 0.0 ], [ 11.716336, 65.93553, 0.0 ], [ 15.174925, 67.32819, 0.0 ], [ 19.612164, 68.75044, 0.0 ], [ 24.593884, 70.06327, 0.0 ], [ 29.63227, 71.13806, 0.0 ], [ 34.2341, 71.86954, 0.0 ], [ 37.94909, 72.18623, 0.0 ], [ 40.413498, 72.0571, 0.0 ]] 
boundary 1: [[ 41.386063, 56.505367, 0.0 ], [ 40.413483, 55.942955, 0.0 ], [ 37.949097, 55.813732, 0.0 ], [ 34.234116, 56.130383, 0.0 ], [ 29.632298, 56.861824, 0.0 ], [ 24.593884, 57.93668, 0.0 ], [ 19.612183, 59.24954, 0.0 ], [ 15.174887, 60.671875, 0.0 ], [ 11.71632, 62.06451, 0.0 ], [ 9.574993, 63.29126, 0.0 ], [ 8.960549, 64.2319, 0.0 ], [ 9.933166, 64.79417, 0.0 ], [ 12.397526, 64.92358, 0.0 ], [ 16.11253, 64.60672, 0.0 ], [ 20.714445, 63.875328, 0.0 ], [ 25.75278, 62.800495, 0.0 ], [ 30.734505, 61.487698, 0.0 ], [ 35.171684, 60.065292, 0.0 ], [ 38.63037, 58.67265, 0.0 ], [ 40.77162, 57.445942, 0.0 ]] 
boundary 0: [[ 41.28743, 71.89694, 0.0 ], [ 40.68512, 70.948555, 0.0 ], [ 38.559795, 69.694466, 0.0 ], [ 35.119225, 68.25772, 0.0 ], [ 30.70065, 66.77867, 0.0 ], [ 25.736145, 65.402084, 0.0 ], [ 20.711992, 64.26301, 0.0 ], [ 16.11982, 63.472458, 0.0 ], [ 12.40916, 63.10821, 0.0 ], [ 9.9433365, 63.205864, 0.0 ], [ 8.963621, 63.755787, 0.0 ], [ 9.565913, 64.70392, 0.0 ], [ 11.691398, 65.958206, 0.0 ], [ 15.131864, 67.39506, 0.0 ], [ 19.550518, 68.87404, 0.0 ], [ 24.515015, 70.25057, 0.0 ], [ 29.539215, 71.38982, 0.0 ], [ 34.131294, 72.18015, 0.0 ], [ 37.841934, 72.54442, 0.0 ], [ 40.307785, 72.446884, 0.0 ]] 
boundary 1: [[ 41.287476, 56.10309, 0.0 ], [ 40.30777, 55.55318, 0.0 ], [ 37.841938, 55.455532, 0.0 ], [ 34.13131, 55.819748, 0.0 ], [ 29.539242, 56.610077, 0.0 ], [ 24.515015, 57.74938, 0.0 ], [ 19.550537, 59.12595, 0.0 ], [ 15.131825, 60.605003, 0.0 ], [ 11.6913805, 62.04183, 0.0 ], [ 9.565944, 63.29591, 0.0 ], [ 8.963598, 64.24434, 0.0 ], [ 9.94334, 64.794106, 0.0 ], [ 12.409154, 64.89194, 0.0 ], [ 16.119797, 64.52751, 0.0 ], [ 20.711964, 63.73724, 0.0 ], [ 25.73611, 62.59795, 0.0 ], [ 30.70062, 61.22145, 0.0 ], [ 35.119225, 59.742325, 0.0 ], [ 38.55978, 58.30548, 0.0 ], [ 40.685127, 57.051453, 0.0 ]] 
boundary 0: [[ 40.942795, 73.15724, 0.0 ], [ 40.379295, 72.18529, 0.0 ], [ 38.306366, 70.84636, 0.0 ], [ 34.926636, 69.27179, 0.0 ], [ 30.57144, 67.61543, 0.0 ], [ 25.666603, 66.0394, 0.0 ], [ 20.69257, 64.69826, 0.0 ], [ 16.136086, 63.72283, 0.0 ], [ 12.443169, 63.208965, 0.0 ], [ 9.975411, 63.206913, 0.0 ], [ 8.974278, 63.71681, 0.0 ], [ 9.537774, 64.6885, 0.0 ], [ 11.61085, 66.02763, 0.0 ], [ 14.990458, 67.60232, 0.0 ], [ 19.345753, 69.258606, 0.0 ], [ 24.250584, 70.83458, 0.0 ], [ 29.224655, 72.17588, 0.0 ], [ 33.78105, 73.1511, 0.0 ], [ 37.473953, 73.664986, 0.0 ], [ 39.941727, 73.667145, 0.0 ]] 
boundary 1: [[ 40.94284, 54.842793, 0.0 ], [ 39.94171, 54.33292, 0.0 ], [ 37.473953, 54.33497, 0.0 ], [ 33.781067, 54.8488, 0.0 ], [ 29.224678, 55.824005, 0.0 ], [ 24.250584, 57.165367, 0.0 ], [ 19.345768, 58.741386, 0.0 ], [ 14.990422, 60.397747, 0.0 ], [ 11.610833, 61.972397, 0.0 ], [ 9.537798, 63.31133, 0.0 ], [ 8.974264, 64.283325, 0.0 ], [ 9.975415, 64.793045, 0.0 ], [ 12.443167, 64.791176, 0.0 ], [ 16.136063, 64.27715, 0.0 ], [ 20.692549, 63.30199, 0.0 ], [ 25.666573, 61.960644, 0.0 ], [ 30.571415, 60.3847, 0.0 ], [ 34.926643, 58.728264, 0.0 ], [ 38.30635, 57.153595, 0.0 ], [ 40.379303, 55.814728, 0.0 ]] 
boundary 0: [[ 40.498856, 74.54473, 0.0 ], [ 39.979706, 73.548386, 0.0 ], [ 37.969193, 72.11743, 0.0 ], [ 34.663803, 70.39222, 0.0 ], [ 30.387644, 68.54138, 0.0 ], [ 25.558777, 66.74602, 0.0 ], [ 20.650204, 65.18217, 0.0 ], [ 16.142277, 64.0025, 0.0 ], [ 12.476253, 63.322823, 0.0 ], [ 10.011092, 63.209614, 0.0 ], [ 8.988008, 63.673897, 0.0 ], [ 9.507163, 64.669975, 0.0 ], [ 11.517817, 66.10114, 0.0 ], [ 14.823063, 67.826454, 0.0 ], [ 19.099333, 69.67723, 0.0 ], [ 23.928204, 71.47255, 0.0 ], [ 28.83681, 73.03653, 0.0 ], [ 33.344643, 74.215996, 0.0 ], [ 37.01066, 74.89571, 0.0 ], [ 39.475838, 75.00903, 0.0 ]] 
boundary 1: [[ 40.49891, 53.4553, 0.0 ], [ 39.475822, 52.991035, 0.0 ], [ 37.01066, 53.104244, 0.0 ], [ 33.344658, 53.783897, 0.0 ], [ 28.836823, 54.963352, 0.0 ], [ 23.9282, 56.527397, 0.0 ], [ 19.099348, 58.322754, 0.0 ], [ 14.82303, 60.17361, 0.0 ], [ 11.517801, 61.89889, 0.0 ], [ 9.507179, 63.329845, 0.0 ], [ 8.987999, 64.32624, 0.0 ], [ 10.011094, 64.790344, 0.0 ], [ 12.476257, 64.67733, 0.0 ], [ 16.14225, 63.997475, 0.0 ], [ 20.650188, 62.81806, 0.0 ], [ 25.558746, 61.254025, 0.0 ], [ 30.387625, 59.458755, 0.0 ], [ 34.66382, 57.607822, 0.0 ], [ 37.969177, 55.88252, 0.0 ], [ 39.979713, 54.45164, 0.0 ]] 
boundary 0: [[ 40.1145, 75.59914, 0.0 ], [ 39.630234, 74.58536, 0.0 ], [ 37.67059, 73.0855, 0.0 ], [ 34.427063, 71.246605, 0.0 ], [ 30.217716, 69.2485, 0.0 ], [ 25.454063, 67.28662, 0.0 ], [ 20.602718, 65.553375, 0.0 ], [ 16.13845, 64.21798, 0.0 ], [ 12.498222, 63.411484, 0.0 ], [ 10.038475, 63.2128, 0.0 ], [ 8.999895, 63.641285, 0.0 ], [ 9.484169, 64.654785, 0.0 ], [ 11.443944, 66.15486, 0.0 ], [ 14.6873255, 67.99384, 0.0 ], [ 18.896788, 69.991905, 0.0 ], [ 23.660442, 71.95373, 0.0 ], [ 28.511816, 73.68711, 0.0 ], [ 32.975998, 75.0223, 0.0 ], [ 36.61622, 75.82884, 0.0 ], [ 39.075977, 76.02763, 0.0 ]] 
boundary 1: [[ 40.11455, 52.400906, 0.0 ], [ 39.075962, 51.972427, 0.0 ], [ 36.61622, 52.17112, 0.0 ], [ 32.976013, 52.97759, 0.0 ], [ 28.511822, 54.312767, 0.0 ], [ 23.660437, 56.04622, 0.0 ], [ 18.896801, 58.00807, 0.0 ], [ 14.687294, 60.006226, 0.0 ], [ 11.44393, 61.84517, 0.0 ], [ 9.4841795, 63.34504, 0.0 ], [ 8.99989, 64.35885, 0.0 ], [ 10.038474, 64.78716, 0.0 ], [ 12.49823, 64.58868, 0.0 ], [ 16.138424, 63.782, 0.0 ], [ 20.60271, 62.446857, 0.0 ], [ 25.454033, 60.71341, 0.0 ], [ 30.217703, 58.751648, 0.0 ], [ 34.42708, 56.753426, 0.0 ], [ 37.670567, 54.91445, 0.0 ], [ 39.63024, 53.414665, 0.0 ]] 
boundary 0: [[ 39.244385, 77.64933, 0.0 ], [ 38.831062, 76.60462, 0.0 ], [ 36.979324, 74.97342, 0.0 ], [ 33.87008, 72.915596, 0.0 ], [ 29.808277, 70.63244, 0.0 ], [ 25.190979, 68.347305, 0.0 ], [ 20.470467, 66.284195, 0.0 ], [ 16.10872, 64.64463, 0.0 ], [ 12.532653, 63.589447, 0.0 ], [ 10.092418, 63.22191, 0.0 ], [ 9.026806, 63.577873, 0.0 ], [ 9.440158, 64.62231, 0.0 ], [ 11.292015, 66.25374, 0.0 ], [ 14.401106, 68.31164, 0.0 ], [ 18.463032, 70.59475, 0.0 ], [ 23.080334, 72.87986, 0.0 ], [ 27.800863, 74.9431, 0.0 ], [ 32.162537, 76.58244, 0.0 ], [ 35.7386, 77.637665, 0.0 ], [ 38.178837, 78.005325, 0.0 ]] 
boundary 1: [[ 39.244446, 50.350708, 0.0 ], [ 38.17882, 49.994736, 0.0 ], [ 35.7386, 50.362293, 0.0 ], [ 32.162544, 51.417446, 0.0 ], [ 27.800861, 53.056778, 0.0 ], [ 23.080322, 55.120094, 0.0 ], [ 18.463043, 57.405224, 0.0 ], [ 14.401079, 59.688435, 0.0 ], [ 11.292006, 61.74629, 0.0 ], [ 9.440157, 63.37751, 0.0 ], [ 9.02681, 64.42226, 0.0 ], [ 10.092416, 64.77808, 0.0 ], [ 12.532671, 64.410706, 0.0 ], [ 16.108692, 63.355354, 0.0 ], [ 20.470476, 61.716045, 0.0 ], [ 25.190956, 59.65274, 0.0 ], [ 29.808271, 57.367695, 0.0 ], [ 33.870094, 55.08443, 0.0 ], [ 36.979294, 53.026535, 0.0 ], [ 38.83107, 51.3954, 0.0 ]] 
boundary 0: [[ 38.383923, 79.362465, 0.0 ], [ 38.03325, 78.29508, 0.0 ], [ 36.28144, 76.55702, 0.0 ], [ 33.299614, 74.31854, 0.0 ], [ 29.380266, 71.79868, 0.0 ], [ 24.906517, 69.24391, 0.0 ], [ 20.316566, 66.90466, 0.0 ], [ 16.059664, 65.00949, 0.0 ], [ 12.552416, 63.744217, 0.0 ], [ 10.138252, 63.2327, 0.0 ], [ 9.053418, 63.52489, 0.0 ], [ 9.404144, 64.59199, 0.0 ], [ 11.156057, 66.33029, 0.0 ], [ 14.137721, 68.56884, 0.0 ], [ 18.057198, 71.08868, 0.0 ], [ 22.530954, 73.6434, 0.0 ], [ 27.120909, 75.98278, 0.0 ], [ 31.377758, 77.87775, 0.0 ], [ 34.885, 79.14306, 0.0 ], [ 37.29916, 79.654686, 0.0 ]] 
boundary 1: [[ 38.383987, 48.637577, 0.0 ], [ 37.299145, 48.345383, 0.0 ], [ 34.885, 48.85691, 0.0 ], [ 31.37776, 50.122147, 0.0 ], [ 27.120901, 52.01709, 0.0 ], [ 22.530937, 54.356544, 0.0 ], [ 18.057209, 56.9113, 0.0 ], [ 14.137698, 59.43123, 0.0 ], [ 11.156053, 61.669724, 0.0 ], [ 9.404133, 63.407837, 0.0 ], [ 9.053429, 64.47524, 0.0 ], [ 10.138249, 64.76729, 0.0 ], [ 12.552441, 64.255936, 0.0 ], [ 16.059633, 62.990505, 0.0 ], [ 20.316593, 61.095573, 0.0 ], [ 24.906494, 58.756134, 0.0 ], [ 29.380268, 56.20146, 0.0 ], [ 33.29963, 53.681484, 0.0 ], [ 36.28141, 51.44294, 0.0 ], [ 38.033257, 49.704933, 0.0 ]] 
boundary 0: [[ 37.80719, 80.38566, 0.0 ], [ 37.495514, 79.30625, 0.0 ], [ 35.808, 77.50571, 0.0 ], [ 32.909435, 75.16041, 0.0 ], [ 29.08419, 72.49984, 0.0 ], [ 24.706184, 69.78429, 0.0 ], [ 20.20422, 67.27986, 0.0 ], [ 16.018959, 65.23133, 0.0 ], [ 12.5599785, 63.83951, 0.0 ], [ 10.165986, 63.240646, 0.0 ], [ 9.071255, 63.493244, 0.0 ], [ 9.382992, 64.57237, 0.0 ], [ 11.070615, 66.37317, 0.0 ], [ 13.969009, 68.71853, 0.0 ], [ 17.79438, 71.37906, 0.0 ], [ 22.172398, 74.09458, 0.0 ], [ 26.674358, 76.59913, 0.0 ], [ 30.859571, 78.64746, 0.0 ], [ 34.318542, 80.03932, 0.0 ], [ 36.712532, 80.63829, 0.0 ]] 
boundary 1: [[ 37.80726, 47.61438, 0.0 ], [ 36.712517, 47.361786, 0.0 ], [ 34.318542, 47.960648, 0.0 ], [ 30.85957, 49.352436, 0.0 ], [ 26.674347, 51.40074, 0.0 ], [ 22.172379, 53.905354, 0.0 ], [ 17.794392, 56.62091, 0.0 ], [ 13.9689865, 59.281544, 0.0 ], [ 11.070612, 61.626854, 0.0 ], [ 9.382975, 63.42745, 0.0 ], [ 9.07127, 64.50689, 0.0 ], [ 10.165983, 64.75934, 0.0 ], [ 12.56001, 64.160645, 0.0 ], [ 16.018929, 62.76867, 0.0 ], [ 20.204254, 60.720367, 0.0 ], [ 24.706161, 58.215767, 0.0 ], [ 29.084198, 55.50029, 0.0 ], [ 32.90945, 52.839622, 0.0 ], [ 35.80797, 50.49426, 0.0 ], [ 37.49552, 48.69377, 0.0 ]] 
boundary 0: [[ 36.739296, 82.07989, 0.0 ], [ 36.495037, 80.983246, 0.0 ], [ 34.92224, 79.081696, 0.0 ], [ 32.174423, 76.56144, 0.0 ], [ 28.521238, 73.669136, 0.0 ], [ 24.31974, 70.687775, 0.0 ], [ 19.98146, 67.90944, 0.0 ], [ 15.931054, 65.60573, 0.0 ], [ 12.564876, 64.00244, 0.0 ], [ 10.21255, 63.256508, 0.0 ], [ 9.104282, 63.44085, 0.0 ], [ 9.348613, 64.53719, 0.0 ], [ 10.921512, 66.43903, 0.0 ], [ 13.669146, 68.95933, 0.0 ], [ 17.322468, 71.85158, 0.0 ], [ 21.523968, 74.83293, 0.0 ], [ 25.862236, 77.61138, 0.0 ], [ 29.912611, 79.9149, 0.0 ], [ 33.278778, 81.51823, 0.0 ], [ 35.63109, 82.264244, 0.0 ]] 
boundary 1: [[ 36.739372, 45.920143, 0.0 ], [ 35.63108, 45.735825, 0.0 ], [ 33.278778, 46.481743, 0.0 ], [ 29.912603, 48.085003, 0.0 ], [ 25.862219, 50.38849, 0.0 ], [ 21.523941, 53.167004, 0.0 ], [ 17.322477, 56.148396, 0.0 ], [ 13.669128, 59.040752, 0.0 ], [ 10.921511, 61.561, 0.0 ], [ 9.348583, 63.46262, 0.0 ], [ 9.104305, 64.55929, 0.0 ], [ 10.212547, 64.743484, 0.0 ], [ 12.564917, 63.997726, 0.0 ], [ 15.931024, 62.39427, 0.0 ], [ 19.981506, 60.090797, 0.0 ], [ 24.319725, 57.31228, 0.0 ], [ 28.521248, 54.330982, 0.0 ], [ 32.17444, 51.4386, 0.0 ], [ 34.922203, 48.918285, 0.0 ], [ 36.495045, 47.016773, 0.0 ]] 
boundary 0: [[ 36.03399, 83.08397, 0.0 ], [ 35.831512, 81.978836, 0.0 ], [ 34.33201, 80.01898, 0.0 ], [ 31.681784, 77.39628, 0.0 ], [ 28.140976, 74.36745, 0.0 ], [ 24.055626, 71.228806, 0.0 ], [ 19.825886, 68.28789, 0.0 ], [ 15.86581, 65.832146, 0.0 ], [ 12.562887, 64.10229, 0.0 ], [ 10.24056, 63.267635, 0.0 ], [ 9.126095, 63.409794, 0.0 ], [ 9.32865, 64.51462, 0.0 ], [ 10.828256, 66.47476, 0.0 ], [ 13.478284, 69.0975, 0.0 ], [ 17.019234, 72.1263, 0.0 ], [ 21.104588, 75.264915, 0.0 ], [ 25.334307, 78.20596, 0.0 ], [ 29.294363, 80.66151, 0.0 ], [ 32.597275, 82.3914, 0.0 ], [ 34.919582, 83.22612, 0.0 ]] 
boundary 1: [[ 36.034065, 44.916054, 0.0 ], [ 34.919575, 44.773933, 0.0 ], [ 32.597275, 45.60857, 0.0 ], [ 29.294352, 47.338394, 0.0 ], [ 25.334284, 49.793907, 0.0 ], [ 21.104557, 52.735027, 0.0 ], [ 17.019241, 55.873684, 0.0 ], [ 13.47827, 58.902576, 0.0 ], [ 10.828256, 61.52526, 0.0 ], [ 9.328616, 63.48519, 0.0 ], [ 9.126123, 64.59035, 0.0 ], [ 10.240556, 64.732346, 0.0 ], [ 12.562936, 63.897877, 0.0 ], [ 15.86578, 62.16786, 0.0 ], [ 19.825943, 59.712357, 0.0 ], [ 24.05561, 56.771233, 0.0 ], [ 28.140987, 53.632668, 0.0 ], [ 31.681807, 50.60376, 0.0 ], [ 34.33197, 47.980995, 0.0 ], [ 35.83152, 46.02118, 0.0 ]] 
boundary 0: [[ 35.55697, 83.71982, 0.0 ], [ 35.38172, 82.61005, 0.0 ], [ 33.930847, 80.61392, 0.0 ], [ 31.345903, 77.926865, 0.0 ], [ 27.880615, 74.8119, 0.0 ], [ 23.873653, 71.573784, 0.0 ], [ 19.717487, 68.52978, 0.0 ], [ 15.818979, 65.977425, 0.0 ], [ 12.559576, 64.16689, 0.0 ], [ 10.25847, 63.275406, 0.0 ], [ 9.140847, 63.39013, 0.0 ], [ 9.316182, 64.49959, 0.0 ], [ 10.76715, 66.49601, 0.0 ], [ 13.351903, 69.183105, 0.0 ], [ 16.817324, 72.29803, 0.0 ], [ 20.824291, 75.53613, 0.0 ], [ 24.980434, 78.58026, 0.0 ], [ 28.878933, 81.13241, 0.0 ], [ 32.138313, 82.94298, 0.0 ], [ 34.439407, 83.83454, 0.0 ]] 
boundary 1: [[ 35.557045, 44.2802, 0.0 ], [ 34.4394, 44.16552, 0.0 ], [ 32.138313, 45.05699, 0.0 ], [ 28.878916, 46.867493, 0.0 ], [ 24.980408, 49.4196, 0.0 ], [ 20.824259, 52.463814, 0.0 ], [ 16.817331, 55.70195, 0.0 ], [ 13.351891, 58.81697, 0.0 ], [ 10.76715, 61.50401, 0.0 ], [ 9.316144, 63.500206, 0.0 ], [ 9.14088, 64.610016, 0.0 ], [ 10.258465, 64.72456, 0.0 ], [ 12.559629, 63.83327, 0.0 ], [ 15.818949, 62.02257, 0.0 ], [ 19.717552, 59.470467, 0.0 ], [ 23.873638, 56.426258, 0.0 ], [ 27.88063, 53.18822, 0.0 ], [ 31.345926, 50.07318, 0.0 ], [ 33.93081, 47.386047, 0.0 ], [ 35.38173, 45.389977, 0.0 ]] 
boundary 0: [[ 35.504696, 83.787544, 0.0 ], [ 35.33239, 82.67731, 0.0 ], [ 33.886803, 80.677345, 0.0 ], [ 31.308966, 77.983475, 0.0 ], [ 27.851934, 74.859344, 0.0 ], [ 23.853563, 71.61064, 0.0 ], [ 19.705467, 68.555664, 0.0 ], [ 15.813726, 65.99301, 0.0 ], [ 12.559124, 64.17383, 0.0 ], [ 10.260384, 63.276264, 0.0 ], [ 9.142464, 63.388035, 0.0 ], [ 9.314861, 64.49794, 0.0 ], [ 10.760541, 66.49821, 0.0 ], [ 13.338175, 69.19213, 0.0 ], [ 16.795341, 72.31621, 0.0 ], [ 20.793732, 75.56491, 0.0 ], [ 24.9418, 78.620026, 0.0 ], [ 28.833523, 81.182465, 0.0 ], [ 32.08811, 83.00166, 0.0 ], [ 34.38684, 83.89931, 0.0 ]] 
boundary 1: [[ 35.504772, 44.21247, 0.0 ], [ 34.386833, 44.100746, 0.0 ], [ 32.08811, 44.998306, 0.0 ], [ 28.833506, 46.81742, 0.0 ], [ 24.941772, 49.379837, 0.0 ], [ 20.793697, 52.435043, 0.0 ], [ 16.79535, 55.68377, 0.0 ], [ 13.338163, 58.807945, 0.0 ], [ 10.760542, 61.501812, 0.0 ], [ 9.314822, 63.501854, 0.0 ], [ 9.142497, 64.61211, 0.0 ], [ 10.260379, 64.72367, 0.0 ], [ 12.559179, 63.826336, 0.0 ], [ 15.813696, 62.00701, 0.0 ], [ 19.705532, 59.444595, 0.0 ], [ 23.853548, 56.3894, 0.0 ], [ 27.85195, 53.14077, 0.0 ], [ 31.308989, 50.01657, 0.0 ], [ 33.886765, 47.322617, 0.0 ], [ 35.332397, 45.32271, 0.0 ]] 
