boundary 0: [[ 35.526146, 83.75981, 0.0 ], [ 35.352592, 82.6499, 0.0 ], [ 33.904724, 80.6515, 0.0 ], [ 31.324162, 77.96032, 0.0 ], [ 27.863642, 74.83987, 0.0 ], [ 23.861786, 71.595604, 0.0 ], [ 19.710413, 68.54494, 0.0 ], [ 15.81584, 65.986626, 0.0 ], [ 12.559323, 64.17104, 0.0 ], [ 10.259585, 63.275894, 0.0 ], [ 9.1418085, 63.388897, 0.0 ], [ 9.315341, 64.49895, 0.0 ], [ 10.76327, 66.49721, 0.0 ], [ 13.34378, 69.18835, 0.0 ], [ 16.804346, 72.30888, 0.0 ], [ 20.806156, 75.55325, 0.0 ], [ 24.957537, 78.60385, 0.0 ], [ 28.852116, 81.16223, 0.0 ], [ 32.10867, 82.97775, 0.0 ], [ 34.40837, 83.87289, 0.0 ]] 
boundary 1: [[ 35.526108, 44.240128, 0.0 ], [ 34.408363, 44.127098, 0.0 ], [ 32.108677, 45.02226, 0.0 ], [ 28.852125, 46.837814, 0.0 ], [ 24.957556, 49.396187, 0.0 ], [ 20.806156, 52.446808, 0.0 ], [ 16.804354, 55.691162, 0.0 ], [ 13.343757, 58.81158, 0.0 ], [ 10.763242, 61.50272, 0.0 ], [ 9.315354, 63.50113, 0.0 ], [ 9.141807, 64.61116, 0.0 ], [ 10.259587, 64.724106, 0.0 ], [ 12.559347, 63.829075, 0.0 ], [ 15.815847, 62.013412, 0.0 ], [ 19.710417, 59.455086, 0.0 ], [ 23.861786, 56.404434, 0.0 ], [ 27.86364, 53.1601, 0.0 ], [ 31.32415, 50.039665, 0.0 ], [ 33.904686, 47.348457, 0.0 ], [ 35.3526, 45.350113, 0.0 ]] 
boundary 0: [[ 35.765556, 83.44577, 0.0 ], [ 35.57847, 82.33807, 0.0 ], [ 34.1063, 80.3575, 0.0 ], [ 31.493065, 77.69805, 0.0 ], [ 27.994692, 74.62008, 0.0 ], [ 23.953514, 71.424934, 0.0 ], [ 19.765186, 68.42519, 0.0 ], [ 15.839663, 65.91464, 0.0 ], [ 12.561216, 64.138954, 0.0 ], [ 10.250718, 63.271965, 0.0 ], [ 9.134404, 63.398605, 0.0 ], [ 9.321481, 64.50646, 0.0 ], [ 10.793705, 66.486885, 0.0 ], [ 13.40689, 69.14631, 0.0 ], [ 16.90531, 72.22434, 0.0 ], [ 20.94645, 75.41961, 0.0 ], [ 25.134773, 78.41929, 0.0 ], [ 29.060312, 80.92991, 0.0 ], [ 32.3388, 82.70553, 0.0 ], [ 34.64925, 83.57249, 0.0 ]] 
boundary 1: [[ 35.76552, 44.554165, 0.0 ], [ 34.649242, 44.42749, 0.0 ], [ 32.338806, 45.29449, 0.0 ], [ 29.06032, 47.070145, 0.0 ], [ 25.134792, 49.580757, 0.0 ], [ 20.946445, 52.580444, 0.0 ], [ 16.905315, 55.775696, 0.0 ], [ 13.406868, 58.85362, 0.0 ], [ 10.793676, 61.51304, 0.0 ], [ 9.321494, 63.493618, 0.0 ], [ 9.134402, 64.60145, 0.0 ], [ 10.25072, 64.72804, 0.0 ], [ 12.561239, 63.86116, 0.0 ], [ 15.83967, 62.0854, 0.0 ], [ 19.76519, 59.574825, 0.0 ], [ 23.953514, 56.575104, 0.0 ], [ 27.994694, 53.379883, 0.0 ], [ 31.493053, 50.301933, 0.0 ], [ 34.106262, 47.64246, 0.0 ], [ 35.578476, 45.661945, 0.0 ]] 
boundary 0: [[ 36.340855, 82.657005, 0.0 ], [ 36.120415, 81.55548, 0.0 ], [ 34.589115, 79.620255, 0.0 ], [ 31.896786, 77.0409, 0.0 ], [ 28.307085, 74.069954, 0.0 ], [ 24.171288, 70.998276, 0.0 ], [ 19.894302, 68.12634, 0.0 ], [ 15.894775, 65.73545, 0.0 ], [ 12.564214, 64.05956, 0.0 ], [ 10.228595, 63.26271, 0.0 ], [ 9.1166115, 63.423, 0.0 ], [ 9.33705, 64.524704, 0.0 ], [ 10.868393, 66.45977, 0.0 ], [ 13.560675, 69.03909, 0.0 ], [ 17.150429, 72.0101, 0.0 ], [ 21.28619, 75.08192, 0.0 ], [ 25.563168, 77.95377, 0.0 ], [ 29.562714, 80.34474, 0.0 ], [ 32.89331, 82.02057, 0.0 ], [ 35.22888, 82.81738, 0.0 ]] 
boundary 1: [[ 36.340824, 45.34292, 0.0 ], [ 35.228874, 45.182594, 0.0 ], [ 32.89332, 45.979446, 0.0 ], [ 29.56272, 47.65531, 0.0 ], [ 25.563187, 50.046265, 0.0 ], [ 21.286186, 52.918144, 0.0 ], [ 17.150434, 55.98994, 0.0 ], [ 13.560656, 58.960835, 0.0 ], [ 10.868366, 61.540146, 0.0 ], [ 9.337061, 63.475384, 0.0 ], [ 9.116608, 64.57705, 0.0 ], [ 10.228596, 64.73728, 0.0 ], [ 12.564234, 63.940563, 0.0 ], [ 15.894782, 62.264587, 0.0 ], [ 19.894306, 59.87367, 0.0 ], [ 24.171284, 57.001766, 0.0 ], [ 28.307089, 53.930008, 0.0 ], [ 31.896776, 50.959072, 0.0 ], [ 34.589077, 48.3797, 0.0 ], [ 36.120422, 46.444542, 0.0 ]] 
boundary 0: [[ 37.453163, 80.97352, 0.0 ], [ 37.164436, 79.88789, 0.0 ], [ 35.515408, 78.05196, 0.0 ], [ 32.667442, 75.64555, 0.0 ], [ 28.899416, 72.904305, 0.0 ], [ 24.58007, 70.09656, 0.0 ], [ 20.13229, 67.497, 0.0 ], [ 15.991415, 65.36024, 0.0 ], [ 12.562809, 63.895348, 0.0 ], [ 10.182032, 63.24573, 0.0 ], [ 9.0822115, 63.475067, 0.0 ], [ 9.37094, 64.56088, 0.0 ], [ 11.019999, 66.396645, 0.0 ], [ 13.867922, 68.803024, 0.0 ], [ 17.636002, 71.54434, 0.0 ], [ 21.955313, 74.35222, 0.0 ], [ 26.403097, 76.9517, 0.0 ], [ 30.543982, 79.088554, 0.0 ], [ 33.972626, 80.553375, 0.0 ], [ 36.353348, 81.20294, 0.0 ]] 
boundary 1: [[ 37.453133, 47.026405, 0.0 ], [ 36.353348, 46.797028, 0.0 ], [ 33.972633, 47.446648, 0.0 ], [ 30.543983, 48.911503, 0.0 ], [ 26.40311, 51.048347, 0.0 ], [ 21.955305, 53.647846, 0.0 ], [ 17.636005, 56.4557, 0.0 ], [ 13.8679085, 59.196896, 0.0 ], [ 11.019979, 61.603256, 0.0 ], [ 9.370944, 63.439213, 0.0 ], [ 9.082206, 64.524994, 0.0 ], [ 10.182033, 64.75426, 0.0 ], [ 12.562819, 64.10478, 0.0 ], [ 15.991419, 62.639812, 0.0 ], [ 20.132294, 60.50302, 0.0 ], [ 24.580067, 57.903473, 0.0 ], [ 28.899426, 55.09567, 0.0 ], [ 32.667435, 52.354424, 0.0 ], [ 35.515377, 49.94801, 0.0 ], [ 37.164444, 48.112125, 0.0 ]] 
boundary 0: [[ 38.63801, 78.882286, 0.0 ], [ 38.269432, 77.82112, 0.0 ], [ 36.48858, 76.11277, 0.0 ], [ 33.469727, 73.92456, 0.0 ], [ 29.508467, 71.4708, 0.0 ], [ 24.992481, 68.99168, 0.0 ], [ 20.363888, 66.7297, 0.0 ], [ 16.075722, 64.90645, 0.0 ], [ 12.547768, 63.700302, 0.0 ], [ 10.125312, 63.22934, 0.0 ], [ 9.0455675, 63.539745, 0.0 ], [ 9.41416, 64.60111, 0.0 ], [ 11.19503, 66.30929, 0.0 ], [ 14.213845, 68.49747, 0.0 ], [ 18.175156, 70.95129, 0.0 ], [ 22.691109, 73.43055, 0.0 ], [ 27.319712, 75.69245, 0.0 ], [ 31.607893, 77.5158, 0.0 ], [ 35.13588, 78.72186, 0.0 ], [ 37.55828, 79.1928, 0.0 ]] 
boundary 1: [[ 38.637985, 49.117622, 0.0 ], [ 37.55828, 48.80718, 0.0 ], [ 35.135887, 49.27816, 0.0 ], [ 31.607887, 50.484264, 0.0 ], [ 27.319723, 52.307602, 0.0 ], [ 22.691101, 54.56951, 0.0 ], [ 18.175152, 57.048744, 0.0 ], [ 14.213839, 59.50245, 0.0 ], [ 11.195018, 61.6906, 0.0 ], [ 9.414155, 63.398987, 0.0 ], [ 9.045558, 64.46032, 0.0 ], [ 10.125315, 64.770645, 0.0 ], [ 12.547768, 64.29983, 0.0 ], [ 16.075722, 63.09359, 0.0 ], [ 20.363892, 61.270317, 0.0 ], [ 24.992477, 59.00836, 0.0 ], [ 29.508478, 56.529182, 0.0 ], [ 33.46972, 54.075417, 0.0 ], [ 36.48855, 51.887207, 0.0 ], [ 38.26944, 50.1789, 0.0 ]] 
boundary 0: [[ 39.88896, 76.16969, 0.0 ], [ 39.424023, 75.14708, 0.0 ], [ 37.493103, 73.61035, 0.0 ], [ 34.285202, 71.7101, 0.0 ], [ 30.114395, 69.63238, 0.0 ], [ 25.388885, 67.5806, 0.0 ], [ 20.571293, 65.75545, 0.0 ], [ 16.133165, 64.3357, 0.0 ], [ 12.508953, 63.4603, 0.0 ], [ 10.053371, 63.214916, 0.0 ], [ 9.006881, 63.62364, 0.0 ], [ 9.471849, 64.64646, 0.0 ], [ 11.402764, 66.18299, 0.0 ], [ 14.610639, 68.08324, 0.0 ], [ 18.7815, 70.16101, 0.0 ], [ 23.506987, 72.21293, 0.0 ], [ 28.324581, 74.03802, 0.0 ], [ 32.762733, 75.457825, 0.0 ], [ 36.38697, 76.33316, 0.0 ], [ 38.8425, 76.57854, 0.0 ]] 
boundary 1: [[ 39.888947, 51.830215, 0.0 ], [ 38.8425, 51.42145, 0.0 ], [ 36.38698, 51.666866, 0.0 ], [ 32.762726, 52.54223, 0.0 ], [ 28.324587, 53.962044, 0.0 ], [ 23.506971, 55.787144, 0.0 ], [ 18.781492, 57.839027, 0.0 ], [ 14.610639, 59.91668, 0.0 ], [ 11.402763, 61.81689, 0.0 ], [ 9.471835, 63.35364, 0.0 ], [ 9.0068655, 64.37643, 0.0 ], [ 10.053375, 64.78507, 0.0 ], [ 12.508939, 64.53983, 0.0 ], [ 16.13316, 63.664318, 0.0 ], [ 20.571293, 62.24458, 0.0 ], [ 25.388882, 60.419434, 0.0 ], [ 30.114408, 58.367607, 0.0 ], [ 34.285194, 56.28988, 0.0 ], [ 37.49308, 54.389614, 0.0 ], [ 39.424023, 52.85295, 0.0 ]] 
boundary 0: [[ 40.429832, 74.74266, 0.0 ], [ 39.91716, 73.743126, 0.0 ], [ 37.91588, 72.299225, 0.0 ], [ 34.62188, 70.55245, 0.0 ], [ 30.357683, 68.67384, 0.0 ], [ 25.54063, 66.84733, 0.0 ], [ 20.642279, 65.25154, 0.0 ], [ 16.142097, 64.04278, 0.0 ], [ 12.4806185, 63.33937, 0.0 ], [ 10.016192, 63.210125, 0.0 ], [ 8.990154, 63.667774, 0.0 ], [ 9.502866, 64.66752, 0.0 ], [ 11.504133, 66.11122, 0.0 ], [ 14.798098, 67.85799, 0.0 ], [ 19.062359, 69.73664, 0.0 ], [ 23.879398, 71.56331, 0.0 ], [ 28.777748, 73.15904, 0.0 ], [ 33.277954, 74.36784, 0.0 ], [ 36.93945, 75.07119, 0.0 ], [ 39.403824, 75.200424, 0.0 ]] 
boundary 1: [[ 40.42982, 53.25724, 0.0 ], [ 39.40383, 52.79955, 0.0 ], [ 36.939457, 52.928825, 0.0 ], [ 33.277946, 53.63221, 0.0 ], [ 28.77775, 54.841026, 0.0 ], [ 23.879381, 56.43677, 0.0 ], [ 19.062347, 58.263397, 0.0 ], [ 14.798101, 60.14193, 0.0 ], [ 11.504137, 61.88866, 0.0 ], [ 9.502848, 63.332584, 0.0 ], [ 8.990135, 64.33228, 0.0 ], [ 10.016197, 64.78986, 0.0 ], [ 12.480598, 64.66077, 0.0 ], [ 16.142094, 63.957237, 0.0 ], [ 20.642275, 62.748493, 0.0 ], [ 25.540627, 61.152695, 0.0 ], [ 30.357698, 59.32613, 0.0 ], [ 34.621872, 57.44752, 0.0 ], [ 37.915855, 55.700737, 0.0 ], [ 39.91716, 54.2569, 0.0 ]] 
boundary 0: [[ 41.21057, 72.19606, 0.0 ], [ 40.61737, 71.2421, 0.0 ], [ 38.504036, 69.96782, 0.0 ], [ 35.07743, 68.49809, 0.0 ], [ 30.673082, 66.97686, 0.0 ], [ 25.722034, 65.55304, 0.0 ], [ 20.708954, 64.365845, 0.0 ], [ 16.124552, 63.531597, 0.0 ], [ 12.417599, 63.13195, 0.0 ], [ 9.950895, 63.205986, 0.0 ], [ 8.966011, 63.746532, 0.0 ], [ 9.55927, 64.70069, 0.0 ], [ 11.672578, 65.97477, 0.0 ], [ 15.099141, 67.44449, 0.0 ], [ 19.503567, 68.965775, 0.0 ], [ 24.454613, 70.38974, 0.0 ], [ 29.46768, 71.57688, 0.0 ], [ 34.052105, 72.41118, 0.0 ], [ 37.759083, 72.81075, 0.0 ], [ 40.22572, 72.73672, 0.0 ]] 
boundary 1: [[ 41.210567, 55.803856, 0.0 ], [ 40.22574, 55.26327, 0.0 ], [ 37.75909, 55.189262, 0.0 ], [ 34.052097, 55.588875, 0.0 ], [ 29.46768, 56.423187, 0.0 ], [ 24.45459, 57.610332, 0.0 ], [ 19.503551, 59.03427, 0.0 ], [ 15.099149, 60.555447, 0.0 ], [ 11.67259, 62.025116, 0.0 ], [ 9.559243, 63.299423, 0.0 ], [ 8.965986, 64.25353, 0.0 ], [ 9.950902, 64.79401, 0.0 ], [ 12.417566, 64.86819, 0.0 ], [ 16.124548, 64.46842, 0.0 ], [ 20.708946, 63.634197, 0.0 ], [ 25.722027, 62.44699, 0.0 ], [ 30.6731, 61.023113, 0.0 ], [ 35.077423, 59.501865, 0.0 ], [ 38.504013, 58.032143, 0.0 ], [ 40.617363, 56.75792, 0.0 ]] 
boundary 0: [[ 41.319164, 71.769844, 0.0 ], [ 40.713047, 70.824066, 0.0 ], [ 38.582573, 69.57863, 0.0 ], [ 35.136284, 68.155655, 0.0 ], [ 30.711662, 66.69447, 0.0 ], [ 25.741695, 65.33813, 0.0 ], [ 20.712933, 64.21923, 0.0 ], [ 16.117603, 63.447422, 0.0 ], [ 12.4055605, 63.09824, 0.0 ], [ 9.94009, 63.205822, 0.0 ], [ 8.962652, 63.759716, 0.0 ], [ 9.568836, 64.70572, 0.0 ], [ 11.699278, 65.95093, 0.0 ], [ 15.145517, 67.37388, 0.0 ], [ 19.570229, 68.83514, 0.0 ], [ 24.540188, 70.19161, 0.0 ], [ 29.568932, 71.31046, 0.0 ], [ 34.16429, 72.08232, 0.0 ], [ 37.876354, 72.43144, 0.0 ], [ 40.341766, 72.323845, 0.0 ]] 
boundary 1: [[ 41.319157, 56.230064, 0.0 ], [ 40.34179, 55.676125, 0.0 ], [ 37.876358, 55.568573, 0.0 ], [ 34.164284, 55.917736, 0.0 ], [ 29.56893, 56.689613, 0.0 ], [ 24.540165, 57.80845, 0.0 ], [ 19.570213, 59.16491, 0.0 ], [ 15.145528, 60.62603, 0.0 ], [ 11.699292, 62.048958, 0.0 ], [ 9.568808, 63.2944, 0.0 ], [ 8.962627, 64.24034, 0.0 ], [ 9.940097, 64.79417, 0.0 ], [ 12.405526, 64.9019, 0.0 ], [ 16.1176, 64.552605, 0.0 ], [ 20.712925, 63.780804, 0.0 ], [ 25.741688, 62.6619, 0.0 ], [ 30.71168, 61.3055, 0.0 ], [ 35.136276, 59.844307, 0.0 ], [ 38.58255, 58.421333, 0.0 ], [ 40.71304, 57.175976, 0.0 ]] 
boundary 0: [[ 41.33047, 71.72399, 0.0 ], [ 40.72298, 70.77911, 0.0 ], [ 38.590683, 69.53681, 0.0 ], [ 35.14231, 68.11884, 0.0 ], [ 30.715576, 66.6641, 0.0 ], [ 25.743639, 65.315056, 0.0 ], [ 20.71325, 64.2035, 0.0 ], [ 16.116785, 63.438385, 0.0 ], [ 12.404244, 63.094635, 0.0 ], [ 9.938929, 63.20582, 0.0 ], [ 8.962306, 63.761147, 0.0 ], [ 9.569868, 64.706245, 0.0 ], [ 11.702126, 65.948326, 0.0 ], [ 15.150433, 67.36627, 0.0 ], [ 19.577286, 68.82109, 0.0 ], [ 24.549217, 70.170265, 0.0 ], [ 29.579584, 71.28178, 0.0 ], [ 34.17607, 72.046936, 0.0 ], [ 37.88864, 72.39066, 0.0 ], [ 40.353897, 72.27943, 0.0 ]] 
boundary 1: [[ 41.330463, 56.275887, 0.0 ], [ 40.35392, 55.720543, 0.0 ], [ 37.88865, 55.60939, 0.0 ], [ 34.176064, 55.95312, 0.0 ], [ 29.579582, 56.718304, 0.0 ], [ 24.549194, 57.829796, 0.0 ], [ 19.57727, 59.178993, 0.0 ], [ 15.150444, 60.633636, 0.0 ], [ 11.70214, 62.051525, 0.0 ], [ 9.5698395, 63.293873, 0.0 ], [ 8.962281, 64.238914, 0.0 ], [ 9.938935, 64.794174, 0.0 ], [ 12.40421, 64.90554, 0.0 ], [ 16.116781, 64.56164, 0.0 ], [ 20.713242, 63.796535, 0.0 ], [ 25.743631, 62.68497, 0.0 ], [ 30.715593, 61.33584, 0.0 ], [ 35.142303, 59.88112, 0.0 ], [ 38.59066, 58.463154, 0.0 ], [ 40.722973, 57.220924, 0.0 ]] 
boundary 0: [[ 41.337234, 71.69652, 0.0 ], [ 40.728905, 70.752174, 0.0 ], [ 38.59551, 69.511734, 0.0 ], [ 35.145912, 68.09678, 0.0 ], [ 30.717892, 66.64592, 0.0 ], [ 25.744781, 65.301216, 0.0 ], [ 20.713423, 64.19407, 0.0 ], [ 16.116291, 63.43298, 0.0 ], [ 12.403454, 63.092472, 0.0 ], [ 9.938231, 63.205814, 0.0 ], [ 8.962098, 63.761993, 0.0 ], [ 9.570486, 64.706566, 0.0 ], [ 11.703831, 65.94678, 0.0 ], [ 15.153377, 67.3617, 0.0 ], [ 19.581509, 68.81265, 0.0 ], [ 24.554604, 70.15747, 0.0 ], [ 29.585949, 71.26458, 0.0 ], [ 34.183105, 72.02571, 0.0 ], [ 37.895966, 72.3662, 0.0 ], [ 40.361122, 72.25282, 0.0 ]] 
boundary 1: [[ 41.337227, 56.30337, 0.0 ], [ 40.361145, 55.74716, 0.0 ], [ 37.895977, 55.633858, 0.0 ], [ 34.183098, 55.974327, 0.0 ], [ 29.585947, 56.735497, 0.0 ], [ 24.55458, 57.84259, 0.0 ], [ 19.58149, 59.187435, 0.0 ], [ 15.153387, 60.638203, 0.0 ], [ 11.703844, 62.053074, 0.0 ], [ 9.570457, 63.293552, 0.0 ], [ 8.962073, 64.23805, 0.0 ], [ 9.938238, 64.79416, 0.0 ], [ 12.403418, 64.907715, 0.0 ], [ 16.116287, 64.56704, 0.0 ], [ 20.713417, 63.805965, 0.0 ], [ 25.744774, 62.698807, 0.0 ], [ 30.71791, 61.354023, 0.0 ], [ 35.145905, 59.903183, 0.0 ], [ 38.595486, 58.488228, 0.0 ], [ 40.728897, 57.24787, 0.0 ]] 
boundary 0: [[ 40.888546, 73.338974, 0.0 ], [ 40.330757, 72.363914, 0.0 ], [ 38.26562, 71.012886, 0.0 ], [ 34.895294, 69.418304, 0.0 ], [ 30.549791, 67.73636, 0.0 ], [ 25.654358, 66.13174, 0.0 ], [ 20.688255, 64.76126, 0.0 ], [ 16.137568, 63.75924, 0.0 ], [ 12.447801, 63.22376, 0.0 ], [ 9.98003, 63.207172, 0.0 ], [ 8.975973, 63.7112, 0.0 ], [ 9.533796, 64.68649, 0.0 ], [ 11.598898, 66.03727, 0.0 ], [ 14.969176, 67.631836, 0.0 ], [ 19.314789, 69.31385, 0.0 ], [ 24.210194, 70.9186, 0.0 ], [ 29.176289, 72.28904, 0.0 ], [ 33.727005, 73.29111, 0.0 ], [ 37.416794, 73.82657, 0.0 ], [ 39.884502, 73.8431, 0.0 ]] 
boundary 1: [[ 40.88854, 54.660923, 0.0 ], [ 39.884518, 54.156864, 0.0 ], [ 37.4168, 54.17349, 0.0 ], [ 33.726997, 54.70893, 0.0 ], [ 29.176287, 55.71105, 0.0 ], [ 24.210175, 57.08145, 0.0 ], [ 19.314774, 58.686226, 0.0 ], [ 14.969183, 60.368073, 0.0 ], [ 11.598902, 61.96257, 0.0 ], [ 9.533772, 63.313633, 0.0 ], [ 8.975952, 64.28887, 0.0 ], [ 9.980035, 64.7928, 0.0 ], [ 12.447775, 64.77643, 0.0 ], [ 16.137564, 64.240776, 0.0 ], [ 20.688248, 63.23876, 0.0 ], [ 25.654352, 61.86829, 0.0 ], [ 30.549805, 60.263577, 0.0 ], [ 34.895287, 58.581657, 0.0 ], [ 38.26559, 56.987072, 0.0 ], [ 40.330757, 55.636135, 0.0 ]] 
boundary 0: [[ 40.451035, 74.682304, 0.0 ], [ 39.936363, 73.68381, 0.0 ], [ 37.932228, 72.243866, 0.0 ], [ 34.634773, 70.50357, 0.0 ], [ 30.366892, 68.6334, 0.0 ], [ 25.546227, 66.81646, 0.0 ], [ 20.644733, 65.230354, 0.0 ], [ 16.142166, 64.030495, 0.0 ], [ 12.479309, 63.33434, 0.0 ], [ 10.014621, 63.209972, 0.0 ], [ 8.989506, 63.669655, 0.0 ], [ 9.504188, 64.66838, 0.0 ], [ 11.508313, 66.10808, 0.0 ], [ 14.805718, 67.84836, 0.0 ], [ 19.0737, 69.71859, 0.0 ], [ 23.894333, 71.535675, 0.0 ], [ 28.795818, 73.121735, 0.0 ], [ 33.298424, 74.32166, 0.0 ], [ 36.961296, 75.017784, 0.0 ], [ 39.425926, 75.142105, 0.0 ]] 
boundary 1: [[ 40.45102, 53.317585, 0.0 ], [ 39.42594, 52.85787, 0.0 ], [ 36.961304, 52.982277, 0.0 ], [ 33.298416, 53.67839, 0.0 ], [ 28.795822, 54.87835, 0.0 ], [ 23.894316, 56.464386, 0.0 ], [ 19.073689, 58.28148, 0.0 ], [ 14.805717, 60.151554, 0.0 ], [ 11.50831, 61.891758, 0.0 ], [ 9.50417, 63.33174, 0.0 ], [ 8.989486, 64.33042, 0.0 ], [ 10.014623, 64.79, 0.0 ], [ 12.479293, 64.66584, 0.0 ], [ 16.142162, 63.969517, 0.0 ], [ 20.64473, 62.769672, 0.0 ], [ 25.546219, 61.18357, 0.0 ], [ 30.366903, 59.366528, 0.0 ], [ 34.634766, 57.496387, 0.0 ], [ 37.932198, 55.756096, 0.0 ], [ 39.93637, 54.316235, 0.0 ]] 
boundary 0: [[ 39.791946, 76.405846, 0.0 ], [ 39.33507, 75.37961, 0.0 ], [ 37.416332, 73.8277, 0.0 ], [ 34.22354, 71.90213, 0.0 ], [ 30.069294, 69.791534, 0.0 ], [ 25.36013, 67.70254, 0.0 ], [ 20.557102, 65.8394, 0.0 ], [ 16.130318, 64.38464, 0.0 ], [ 12.513138, 63.480663, 0.0 ], [ 10.059557, 63.215897, 0.0 ], [ 9.009889, 63.616352, 0.0 ], [ 9.466758, 64.64281, 0.0 ], [ 11.3854885, 66.194496, 0.0 ], [ 14.578247, 68.12005, 0.0 ], [ 18.732586, 70.23071, 0.0 ], [ 23.441711, 72.31984, 0.0 ], [ 28.24473, 74.182915, 0.0 ], [ 32.671555, 75.637764, 0.0 ], [ 36.28875, 76.5417, 0.0 ], [ 38.74227, 76.80643, 0.0 ]] 
boundary 1: [[ 39.791927, 51.59404, 0.0 ], [ 38.74228, 51.193546, 0.0 ], [ 36.288765, 51.45836, 0.0 ], [ 32.671547, 52.36229, 0.0 ], [ 28.244743, 53.817154, 0.0 ], [ 23.441694, 55.68023, 0.0 ], [ 18.732578, 57.769367, 0.0 ], [ 14.578241, 59.879868, 0.0 ], [ 11.385478, 61.805344, 0.0 ], [ 9.466746, 63.357315, 0.0 ], [ 9.009872, 64.38373, 0.0 ], [ 10.059556, 64.78408, 0.0 ], [ 12.513131, 64.51952, 0.0 ], [ 16.130314, 63.615368, 0.0 ], [ 20.557098, 62.160625, 0.0 ], [ 25.360123, 60.29748, 0.0 ], [ 30.069302, 58.2084, 0.0 ], [ 34.223534, 56.097836, 0.0 ], [ 37.4163, 54.172276, 0.0 ], [ 39.33508, 52.620422, 0.0 ]] 
boundary 0: [[ 38.814156, 78.53751, 0.0 ], [ 38.432873, 77.48086, 0.0 ], [ 36.631676, 75.79397, 0.0 ], [ 33.586853, 73.64204, 0.0 ], [ 29.596523, 71.23586, 0.0 ], [ 25.051168, 68.81103, 0.0 ], [ 20.395826, 66.60463, 0.0 ], [ 16.086136, 64.832825, 0.0 ], [ 12.543997, 63.669025, 0.0 ], [ 10.116059, 63.22711, 0.0 ], [ 9.040127, 63.550423, 0.0 ], [ 9.421391, 64.6073, 0.0 ], [ 11.222599, 66.29398, 0.0 ], [ 14.267386, 68.44588, 0.0 ], [ 18.257801, 70.85216, 0.0 ], [ 22.803104, 73.27711, 0.0 ], [ 27.45845, 75.483444, 0.0 ], [ 31.768175, 77.25534, 0.0 ], [ 35.31032, 78.41909, 0.0 ], [ 37.738205, 78.86096, 0.0 ]] 
boundary 1: [[ 38.814133, 49.46237, 0.0 ], [ 37.738205, 49.139008, 0.0 ], [ 35.31035, 49.580967, 0.0 ], [ 31.76817, 50.744717, 0.0 ], [ 27.458467, 52.516632, 0.0 ], [ 22.803091, 54.722954, 0.0 ], [ 18.257801, 57.14794, 0.0 ], [ 14.26737, 59.554012, 0.0 ], [ 11.222579, 61.70586, 0.0 ], [ 9.421389, 63.392826, 0.0 ], [ 9.040115, 64.449646, 0.0 ], [ 10.116058, 64.77289, 0.0 ], [ 12.544002, 64.33116, 0.0 ], [ 16.086132, 63.16719, 0.0 ], [ 20.395826, 61.39539, 0.0 ], [ 25.051167, 59.18901, 0.0 ], [ 29.596525, 56.764084, 0.0 ], [ 33.586845, 54.357944, 0.0 ], [ 36.631645, 52.206017, 0.0 ], [ 38.43288, 50.519165, 0.0 ]] 
boundary 0: [[ 38.188164, 79.719574, 0.0 ], [ 37.850925, 78.64805, 0.0 ], [ 36.121037, 76.88812, 0.0 ], [ 33.16781, 74.61209, 0.0 ], [ 29.280418, 72.04295, 0.0 ], [ 24.839247, 69.4322, 0.0 ], [ 20.279144, 67.035126, 0.0 ], [ 16.046417, 65.0866, 0.0 ], [ 12.555451, 63.777287, 0.0 ], [ 10.147871, 63.235332, 0.0 ], [ 9.059486, 63.513863, 0.0 ], [ 9.396709, 64.58561, 0.0 ], [ 11.126617, 66.345345, 0.0 ], [ 14.079794, 68.62133, 0.0 ], [ 17.96727, 71.1906, 0.0 ], [ 22.408386, 73.80148, 0.0 ], [ 26.968496, 76.19846, 0.0 ], [ 31.201244, 78.1471, 0.0 ], [ 34.69223, 79.456345, 0.0 ], [ 37.099762, 79.99826, 0.0 ]] 
boundary 1: [[ 38.188133, 48.280296, 0.0 ], [ 37.099754, 48.00171, 0.0 ], [ 34.692253, 48.5437, 0.0 ], [ 31.20124, 49.852966, 0.0 ], [ 26.968515, 51.801617, 0.0 ], [ 22.408377, 54.1986, 0.0 ], [ 17.967278, 56.80951, 0.0 ], [ 14.079775, 59.378563, 0.0 ], [ 11.126589, 61.6545, 0.0 ], [ 9.396713, 63.414516, 0.0 ], [ 9.059477, 64.486206, 0.0 ], [ 10.14787, 64.76467, 0.0 ], [ 12.555466, 64.22289, 0.0 ], [ 16.046413, 62.913425, 0.0 ], [ 20.279144, 60.96489, 0.0 ], [ 24.839247, 58.567852, 0.0 ], [ 29.28042, 55.957, 0.0 ], [ 33.1678, 53.38789, 0.0 ], [ 36.121006, 51.111855, 0.0 ], [ 37.850933, 49.35196, 0.0 ]] 
boundary 0: [[ 36.99237, 81.69886, 0.0 ], [ 36.732574, 80.60597, 0.0 ], [ 35.132904, 78.72692, 0.0 ], [ 32.3499, 76.24561, 0.0 ], [ 28.656076, 73.40519, 0.0 ], [ 24.412863, 70.48369, 0.0 ], [ 20.035753, 67.76682, 0.0 ], [ 15.953119, 65.52076, 0.0 ], [ 12.564663, 63.96527, 0.0 ], [ 10.201976, 63.25262, 0.0 ], [ 9.096467, 63.452652, 0.0 ], [ 9.356224, 64.54578, 0.0 ], [ 10.955934, 66.42465, 0.0 ], [ 13.738886, 68.90586, 0.0 ], [ 17.432785, 71.746414, 0.0 ], [ 21.675934, 74.66806, 0.0 ], [ 26.053057, 77.38484, 0.0 ], [ 30.135708, 79.63102, 0.0 ], [ 33.52419, 81.18645, 0.0 ], [ 35.886833, 81.89904, 0.0 ]] 
boundary 1: [[ 36.99233, 46.301025, 0.0 ], [ 35.886818, 46.10093, 0.0 ], [ 33.52421, 46.813606, 0.0 ], [ 30.135706, 48.36904, 0.0 ], [ 26.053082, 50.615242, 0.0 ], [ 21.675926, 53.332027, 0.0 ], [ 17.4328, 56.25368, 0.0 ], [ 13.738859, 59.094025, 0.0 ], [ 10.955896, 61.57521, 0.0 ], [ 9.356238, 63.454372, 0.0 ], [ 9.096462, 64.54742, 0.0 ], [ 10.201975, 64.74738, 0.0 ], [ 12.564692, 64.03491, 0.0 ], [ 15.953117, 62.47928, 0.0 ], [ 20.035753, 60.233192, 0.0 ], [ 24.41287, 57.516357, 0.0 ], [ 28.656078, 54.59476, 0.0 ], [ 32.349888, 51.75437, 0.0 ], [ 35.132866, 49.27308, 0.0 ], [ 36.732582, 47.394035, 0.0 ]] 
boundary 0: [[ 36.051743, 83.059616, 0.0 ], [ 35.84819, 81.95487, 0.0 ], [ 34.346703, 79.99647, 0.0 ], [ 31.694263, 77.37607, 0.0 ], [ 28.150543, 74.35045, 0.0 ], [ 24.062305, 71.21577, 0.0 ], [ 19.829876, 68.27857, 0.0 ], [ 15.86746, 65.82665, 0.0 ], [ 12.562996, 64.09989, 0.0 ], [ 10.23985, 63.267338, 0.0 ], [ 9.125556, 63.410572, 0.0 ], [ 9.329066, 64.51555, 0.0 ], [ 10.830586, 66.47378, 0.0 ], [ 13.482996, 69.09407, 0.0 ], [ 17.026785, 72.11982, 0.0 ], [ 21.114952, 75.25467, 0.0 ], [ 25.347395, 78.19176, 0.0 ], [ 29.309816, 80.643814, 0.0 ], [ 32.61431, 82.37048, 0.0 ], [ 34.93743, 83.203, 0.0 ]] 
boundary 1: [[ 36.051704, 44.94026, 0.0 ], [ 34.937416, 44.796974, 0.0 ], [ 32.61434, 45.629555, 0.0 ], [ 29.309822, 47.35626, 0.0 ], [ 25.347422, 49.808315, 0.0 ], [ 21.114944, 52.745415, 0.0 ], [ 17.0268, 55.88026, 0.0 ], [ 13.482963, 58.905815, 0.0 ], [ 10.830542, 61.526085, 0.0 ], [ 9.32909, 63.484596, 0.0 ], [ 9.125556, 64.58951, 0.0 ], [ 10.239849, 64.732666, 0.0 ], [ 12.563033, 63.90029, 0.0 ], [ 15.86746, 62.173386, 0.0 ], [ 19.829876, 59.721436, 0.0 ], [ 24.062317, 56.7843, 0.0 ], [ 28.150543, 53.64951, 0.0 ], [ 31.694256, 50.623917, 0.0 ], [ 34.346664, 48.003536, 0.0 ], [ 35.848198, 46.045135, 0.0 ]] 
boundary 0: [[ 35.54715, 83.7325, 0.0 ], [ 35.372414, 82.62285, 0.0 ], [ 33.92237, 80.626045, 0.0 ], [ 31.338987, 77.937546, 0.0 ], [ 27.875164, 74.82078, 0.0 ], [ 23.869839, 71.58082, 0.0 ], [ 19.715242, 68.534546, 0.0 ], [ 15.81794, 65.98039, 0.0 ], [ 12.559507, 64.16826, 0.0 ], [ 10.258802, 63.275555, 0.0 ], [ 9.141162, 63.38976, 0.0 ], [ 9.315862, 64.499664, 0.0 ], [ 10.76594, 66.49627, 0.0 ], [ 13.349299, 69.18468, 0.0 ], [ 16.813185, 72.30158, 0.0 ], [ 20.818432, 75.54169, 0.0 ], [ 24.97305, 78.587875, 0.0 ], [ 28.870352, 81.14218, 0.0 ], [ 32.128822, 82.95419, 0.0 ], [ 34.429497, 83.846855, 0.0 ]] 
boundary 1: [[ 35.54711, 44.267372, 0.0 ], [ 34.42948, 44.15312, 0.0 ], [ 32.12886, 45.045834, 0.0 ], [ 28.870358, 46.857903, 0.0 ], [ 24.973082, 49.4122, 0.0 ], [ 20.818424, 52.45838, 0.0 ], [ 16.813211, 55.6985, 0.0 ], [ 13.349262, 58.815216, 0.0 ], [ 10.765891, 61.503582, 0.0 ], [ 9.315888, 63.50049, 0.0 ], [ 9.141163, 64.61032, 0.0 ], [ 10.258802, 64.72445, 0.0 ], [ 12.559549, 63.83193, 0.0 ], [ 15.817943, 62.01966, 0.0 ], [ 19.715242, 59.465473, 0.0 ], [ 23.869854, 56.419247, 0.0 ], [ 27.875164, 53.17918, 0.0 ], [ 31.33898, 50.062447, 0.0 ], [ 33.922333, 47.373962, 0.0 ], [ 35.37242, 45.37717, 0.0 ]] 
boundary 0: [[ 35.505016, 83.78711, 0.0 ], [ 35.33264, 82.67708, 0.0 ], [ 33.886864, 80.67717, 0.0 ], [ 31.309216, 77.98317, 0.0 ], [ 27.852045, 74.859024, 0.0 ], [ 23.853642, 71.61055, 0.0 ], [ 19.705551, 68.55542, 0.0 ], [ 15.8137045, 65.99296, 0.0 ], [ 12.559144, 64.17389, 0.0 ], [ 10.260347, 63.27624, 0.0 ], [ 9.142467, 63.388077, 0.0 ], [ 9.314797, 64.49836, 0.0 ], [ 10.760613, 66.498055, 0.0 ], [ 13.338232, 69.191956, 0.0 ], [ 16.795465, 72.31624, 0.0 ], [ 20.793793, 75.564896, 0.0 ], [ 24.941906, 78.61992, 0.0 ], [ 28.83375, 81.18255, 0.0 ], [ 32.08835, 83.001495, 0.0 ], [ 34.387115, 83.89906, 0.0 ]] 
boundary 1: [[ 35.50498, 44.212772, 0.0 ], [ 34.3871, 44.100906, 0.0 ], [ 32.088387, 44.998528, 0.0 ], [ 28.833755, 46.817543, 0.0 ], [ 24.941936, 49.38015, 0.0 ], [ 20.793785, 52.435184, 0.0 ], [ 16.795492, 55.683846, 0.0 ], [ 13.338196, 58.807938, 0.0 ], [ 10.760563, 61.50181, 0.0 ], [ 9.314824, 63.501793, 0.0 ], [ 9.1424675, 64.61204, 0.0 ], [ 10.260347, 64.72376, 0.0 ], [ 12.559186, 63.826332, 0.0 ], [ 15.813706, 62.007114, 0.0 ], [ 19.705551, 59.44462, 0.0 ], [ 23.853657, 56.389538, 0.0 ], [ 27.852045, 53.14093, 0.0 ], [ 31.309208, 50.016815, 0.0 ], [ 33.886826, 47.32283, 0.0 ], [ 35.33265, 45.322945, 0.0 ]] 
boundary 0: [[ 35.525978, 83.759995, 0.0 ], [ 35.352425, 82.65015, 0.0 ], [ 33.904526, 80.65177, 0.0 ], [ 31.324026, 77.9605, 0.0 ], [ 27.863546, 74.84003, 0.0 ], [ 23.861702, 71.59579, 0.0 ], [ 19.710375, 68.54506, 0.0 ], [ 15.815813, 65.986725, 0.0 ], [ 12.559327, 64.171104, 0.0 ], [ 10.25958, 63.275894, 0.0 ], [ 9.141818, 63.388916, 0.0 ], [ 9.315326, 64.499016, 0.0 ], [ 10.763261, 66.49718, 0.0 ], [ 13.343734, 69.18835, 0.0 ], [ 16.804277, 72.30896, 0.0 ], [ 20.806046, 75.553375, 0.0 ], [ 24.957396, 78.604004, 0.0 ], [ 28.851954, 81.162506, 0.0 ], [ 32.10848, 82.978, 0.0 ], [ 34.408195, 83.87313, 0.0 ]] 
boundary 1: [[ 35.52594, 44.23989, 0.0 ], [ 34.40818, 44.12684, 0.0 ], [ 32.108517, 45.022022, 0.0 ], [ 28.85196, 46.837585, 0.0 ], [ 24.957426, 49.396065, 0.0 ], [ 20.806038, 52.4467, 0.0 ], [ 16.804304, 55.691124, 0.0 ], [ 13.343698, 58.81155, 0.0 ], [ 10.76321, 61.502686, 0.0 ], [ 9.315352, 63.501137, 0.0 ], [ 9.141819, 64.6112, 0.0 ], [ 10.25958, 64.724106, 0.0 ], [ 12.559368, 63.829117, 0.0 ], [ 15.815815, 62.013348, 0.0 ], [ 19.710375, 59.45498, 0.0 ], [ 23.861717, 56.404297, 0.0 ], [ 27.863546, 53.159927, 0.0 ], [ 31.324018, 50.039482, 0.0 ], [ 33.904488, 47.34823, 0.0 ], [ 35.352432, 45.349876, 0.0 ]] 
boundary 0: [[ 35.765404, 83.44595, 0.0 ], [ 35.578304, 82.33833, 0.0 ], [ 34.106106, 80.35777, 0.0 ], [ 31.492931, 77.698235, 0.0 ], [ 27.9946, 74.62024, 0.0 ], [ 23.95343, 71.42512, 0.0 ], [ 19.765148, 68.425316, 0.0 ], [ 15.839637, 65.91474, 0.0 ], [ 12.561222, 64.139015, 0.0 ], [ 10.250712, 63.271965, 0.0 ], [ 9.134414, 63.398624, 0.0 ], [ 9.3214655, 64.50653, 0.0 ], [ 10.793695, 66.486855, 0.0 ], [ 13.406844, 69.14631, 0.0 ], [ 16.905241, 72.22442, 0.0 ], [ 20.946339, 75.41973, 0.0 ], [ 25.134632, 78.41944, 0.0 ], [ 29.060152, 80.93018, 0.0 ], [ 32.338615, 82.70577, 0.0 ], [ 34.649082, 83.57275, 0.0 ]] 
boundary 1: [[ 35.765366, 44.55393, 0.0 ], [ 34.649067, 44.42723, 0.0 ], [ 32.338654, 45.294254, 0.0 ], [ 29.060158, 47.06991, 0.0 ], [ 25.134663, 49.580635, 0.0 ], [ 20.946331, 52.580338, 0.0 ], [ 16.905268, 55.775658, 0.0 ], [ 13.406811, 58.85359, 0.0 ], [ 10.793645, 61.51301, 0.0 ], [ 9.321492, 63.493626, 0.0 ], [ 9.134415, 64.60149, 0.0 ], [ 10.250712, 64.72804, 0.0 ], [ 12.561259, 63.861202, 0.0 ], [ 15.839638, 62.085335, 0.0 ], [ 19.765148, 59.57472, 0.0 ], [ 23.953445, 56.574966, 0.0 ], [ 27.9946, 53.379707, 0.0 ], [ 31.492924, 50.30175, 0.0 ], [ 34.106068, 47.642223, 0.0 ], [ 35.578312, 45.6617, 0.0 ]] 
boundary 0: [[ 36.340714, 82.65719, 0.0 ], [ 36.120255, 81.55574, 0.0 ], [ 34.588936, 79.620544, 0.0 ], [ 31.896656, 77.041084, 0.0 ], [ 28.307, 74.07012, 0.0 ], [ 24.171207, 70.998474, 0.0 ], [ 19.894268, 68.126465, 0.0 ], [ 15.894752, 65.73556, 0.0 ], [ 12.564222, 64.05962, 0.0 ], [ 10.228589, 63.26271, 0.0 ], [ 9.116621, 63.423016, 0.0 ], [ 9.337037, 64.52477, 0.0 ], [ 10.868383, 66.45974, 0.0 ], [ 13.560629, 69.03909, 0.0 ], [ 17.150364, 72.01018, 0.0 ], [ 21.286087, 75.08204, 0.0 ], [ 25.563028, 77.95393, 0.0 ], [ 29.562565, 80.34502, 0.0 ], [ 32.893135, 82.02081, 0.0 ], [ 35.22872, 82.81764, 0.0 ]] 
boundary 1: [[ 36.340675, 45.34268, 0.0 ], [ 35.228706, 45.182327, 0.0 ], [ 32.893173, 45.979202, 0.0 ], [ 29.562567, 47.655075, 0.0 ], [ 25.563057, 50.046143, 0.0 ], [ 21.286076, 52.91803, 0.0 ], [ 17.150387, 55.9899, 0.0 ], [ 13.5606, 58.9608, 0.0 ], [ 10.868336, 61.54011, 0.0 ], [ 9.337059, 63.47539, 0.0 ], [ 9.116618, 64.57709, 0.0 ], [ 10.228588, 64.73728, 0.0 ], [ 12.564253, 63.940605, 0.0 ], [ 15.894751, 62.26452, 0.0 ], [ 19.894268, 59.87356, 0.0 ], [ 24.171219, 57.001625, 0.0 ], [ 28.307, 53.929832, 0.0 ], [ 31.896648, 50.958885, 0.0 ], [ 34.588898, 48.379456, 0.0 ], [ 36.120262, 46.444298, 0.0 ]] 
boundary 0: [[ 37.453026, 80.97372, 0.0 ], [ 37.16429, 79.88817, 0.0 ], [ 35.51525, 78.05225, 0.0 ], [ 32.66732, 75.64574, 0.0 ], [ 28.899343, 72.90448, 0.0 ], [ 24.58001, 70.096756, 0.0 ], [ 20.13226, 67.49712, 0.0 ], [ 15.991398, 65.360344, 0.0 ], [ 12.562819, 63.89541, 0.0 ], [ 10.182026, 63.24573, 0.0 ], [ 9.082223, 63.475082, 0.0 ], [ 9.370931, 64.56095, 0.0 ], [ 11.019988, 66.396614, 0.0 ], [ 13.867876, 68.803024, 0.0 ], [ 17.635942, 71.54443, 0.0 ], [ 21.955215, 74.35234, 0.0 ], [ 26.402967, 76.95186, 0.0 ], [ 30.54385, 79.08884, 0.0 ], [ 33.972466, 80.55363, 0.0 ], [ 36.35321, 81.203224, 0.0 ]] 
boundary 1: [[ 37.453003, 47.026157, 0.0 ], [ 36.353195, 46.796753, 0.0 ], [ 33.972504, 47.446404, 0.0 ], [ 30.543844, 48.911266, 0.0 ], [ 26.402994, 51.0482, 0.0 ], [ 21.9552, 53.647728, 0.0 ], [ 17.63596, 56.455658, 0.0 ], [ 13.867855, 59.196857, 0.0 ], [ 11.01995, 61.60322, 0.0 ], [ 9.370942, 63.43922, 0.0 ], [ 9.082212, 64.52503, 0.0 ], [ 10.182025, 64.75426, 0.0 ], [ 12.562832, 64.10483, 0.0 ], [ 15.991392, 62.63974, 0.0 ], [ 20.132256, 60.502907, 0.0 ], [ 24.580013, 57.90333, 0.0 ], [ 28.899343, 55.09549, 0.0 ], [ 32.667313, 52.35423, 0.0 ], [ 35.515213, 49.947746, 0.0 ], [ 37.164284, 48.111877, 0.0 ]] 
boundary 0: [[ 38.637886, 78.882484, 0.0 ], [ 38.269302, 77.8214, 0.0 ], [ 36.48844, 76.11307, 0.0 ], [ 33.469612, 73.92476, 0.0 ], [ 29.508406, 71.47098, 0.0 ], [ 24.992437, 68.991875, 0.0 ], [ 20.363865, 66.72982, 0.0 ], [ 16.075708, 64.906555, 0.0 ], [ 12.547783, 63.700363, 0.0 ], [ 10.125306, 63.22934, 0.0 ], [ 9.045581, 63.53976, 0.0 ], [ 9.414155, 64.60118, 0.0 ], [ 11.19502, 66.30926, 0.0 ], [ 14.213799, 68.49747, 0.0 ], [ 18.175098, 70.951385, 0.0 ], [ 22.691025, 73.43067, 0.0 ], [ 27.319595, 75.69261, 0.0 ], [ 31.607782, 77.51608, 0.0 ], [ 35.135735, 78.72213, 0.0 ], [ 37.558167, 79.19308, 0.0 ]] 
boundary 1: [[ 38.63787, 49.117367, 0.0 ], [ 37.55815, 48.8069, 0.0 ], [ 35.135773, 49.277905, 0.0 ], [ 31.607767, 50.484028, 0.0 ], [ 27.319618, 52.30744, 0.0 ], [ 22.690998, 54.56939, 0.0 ], [ 18.175114, 57.0487, 0.0 ], [ 14.213787, 59.502407, 0.0 ], [ 11.194995, 61.690567, 0.0 ], [ 9.414153, 63.398994, 0.0 ], [ 9.045562, 64.46036, 0.0 ], [ 10.125307, 64.770645, 0.0 ], [ 12.547777, 64.29987, 0.0 ], [ 16.0757, 63.093517, 0.0 ], [ 20.363857, 61.2702, 0.0 ], [ 24.99244, 59.008217, 0.0 ], [ 29.50841, 56.528988, 0.0 ], [ 33.469604, 54.07521, 0.0 ], [ 36.488403, 51.886936, 0.0 ], [ 38.269295, 50.178646, 0.0 ]] 
boundary 0: [[ 39.88886, 76.1699, 0.0 ], [ 39.423927, 75.14738, 0.0 ], [ 37.493004, 73.61067, 0.0 ], [ 34.285095, 71.710304, 0.0 ], [ 30.114347, 69.63255, 0.0 ], [ 25.388859, 67.580795, 0.0 ], [ 20.571278, 65.75557, 0.0 ], [ 16.133156, 64.33581, 0.0 ], [ 12.508972, 63.46036, 0.0 ], [ 10.053366, 63.214916, 0.0 ], [ 9.006896, 63.623653, 0.0 ], [ 9.471853, 64.64653, 0.0 ], [ 11.40275, 66.18296, 0.0 ], [ 14.610593, 68.08324, 0.0 ], [ 18.781456, 70.16111, 0.0 ], [ 23.506916, 72.21305, 0.0 ], [ 28.32448, 74.038185, 0.0 ], [ 32.762657, 75.45812, 0.0 ], [ 36.38685, 76.333435, 0.0 ], [ 38.842415, 76.57883, 0.0 ]] 
boundary 1: [[ 39.88885, 51.82995, 0.0 ], [ 38.8424, 51.421154, 0.0 ], [ 36.386883, 51.6666, 0.0 ], [ 32.762627, 52.54199, 0.0 ], [ 28.3245, 53.961876, 0.0 ], [ 23.50688, 55.787006, 0.0 ], [ 18.781462, 57.838974, 0.0 ], [ 14.610592, 59.916634, 0.0 ], [ 11.402743, 61.816853, 0.0 ], [ 9.471833, 63.35365, 0.0 ], [ 9.0068655, 64.376465, 0.0 ], [ 10.053368, 64.78507, 0.0 ], [ 12.5089445, 64.53988, 0.0 ], [ 16.133146, 63.66424, 0.0 ], [ 20.57127, 62.244453, 0.0 ], [ 25.388851, 60.41928, 0.0 ], [ 30.114357, 58.3674, 0.0 ], [ 34.285088, 56.289665, 0.0 ], [ 37.492966, 54.38934, 0.0 ], [ 39.423904, 52.852684, 0.0 ]] 
boundary 0: [[ 40.429737, 74.742874, 0.0 ], [ 39.917072, 73.74343, 0.0 ], [ 37.915802, 72.299545, 0.0 ], [ 34.62178, 70.552666, 0.0 ], [ 30.357645, 68.67403, 0.0 ], [ 25.540607, 66.84753, 0.0 ], [ 20.642265, 65.25166, 0.0 ], [ 16.142097, 64.042885, 0.0 ], [ 12.48064, 63.33943, 0.0 ], [ 10.016187, 63.210125, 0.0 ], [ 8.99017, 63.66779, 0.0 ], [ 9.502874, 64.66759, 0.0 ], [ 11.504118, 66.11119, 0.0 ], [ 14.798052, 67.85799, 0.0 ], [ 19.062319, 69.73675, 0.0 ], [ 23.879335, 71.56343, 0.0 ], [ 28.777655, 73.15921, 0.0 ], [ 33.277885, 74.36815, 0.0 ], [ 36.939346, 75.07147, 0.0 ], [ 39.403755, 75.200714, 0.0 ]] 
boundary 1: [[ 40.42974, 53.256973, 0.0 ], [ 39.403748, 52.79925, 0.0 ], [ 36.939377, 52.928555, 0.0 ], [ 33.277855, 53.631958, 0.0 ], [ 28.777672, 54.84085, 0.0 ], [ 23.879295, 56.43663, 0.0 ], [ 19.06232, 58.263344, 0.0 ], [ 14.798058, 60.141884, 0.0 ], [ 11.50412, 61.888622, 0.0 ], [ 9.502845, 63.332592, 0.0 ], [ 8.990134, 64.33232, 0.0 ], [ 10.01619, 64.78986, 0.0 ], [ 12.4806, 64.66081, 0.0 ], [ 16.142082, 63.95716, 0.0 ], [ 20.642258, 62.748363, 0.0 ], [ 25.540596, 61.152542, 0.0 ], [ 30.357656, 59.32592, 0.0 ], [ 34.621773, 57.4473, 0.0 ], [ 37.915764, 55.700455, 0.0 ], [ 39.917046, 54.256626, 0.0 ]] 
boundary 0: [[ 41.210503, 72.19627, 0.0 ], [ 40.617313, 71.24242, 0.0 ], [ 38.503975, 69.968155, 0.0 ], [ 35.077354, 68.49835, 0.0 ], [ 30.67306, 66.97705, 0.0 ], [ 25.722027, 65.55324, 0.0 ], [ 20.708954, 64.36597, 0.0 ], [ 16.12456, 63.531704, 0.0 ], [ 12.417625, 63.132008, 0.0 ], [ 9.95089, 63.205986, 0.0 ], [ 8.966026, 63.746548, 0.0 ], [ 9.559285, 64.70076, 0.0 ], [ 11.672561, 65.97474, 0.0 ], [ 15.099095, 67.44449, 0.0 ], [ 19.503536, 68.96588, 0.0 ], [ 24.454556, 70.389885, 0.0 ], [ 29.467602, 71.57705, 0.0 ], [ 34.052074, 72.41148, 0.0 ], [ 37.758987, 72.81104, 0.0 ], [ 40.22568, 72.737015, 0.0 ]] 
boundary 1: [[ 41.210518, 55.803577, 0.0 ], [ 40.22569, 55.262966, 0.0 ], [ 37.759018, 55.188988, 0.0 ], [ 34.052032, 55.588615, 0.0 ], [ 29.467613, 56.423008, 0.0 ], [ 24.454514, 57.610188, 0.0 ], [ 19.503529, 59.034214, 0.0 ], [ 15.099112, 60.555397, 0.0 ], [ 11.672577, 62.025078, 0.0 ], [ 9.55924, 63.29943, 0.0 ], [ 8.965982, 64.25357, 0.0 ], [ 9.950894, 64.79401, 0.0 ], [ 12.417566, 64.86823, 0.0 ], [ 16.124542, 64.468346, 0.0 ], [ 20.708942, 63.63406, 0.0 ], [ 25.722012, 62.44684, 0.0 ], [ 30.673075, 61.0229, 0.0 ], [ 35.077347, 59.501637, 0.0 ], [ 38.503937, 58.031845, 0.0 ], [ 40.617283, 56.75764, 0.0 ]] 
boundary 0: [[ 41.319096, 71.77006, 0.0 ], [ 40.712997, 70.82438, 0.0 ], [ 38.58251, 69.578964, 0.0 ], [ 35.136215, 68.155914, 0.0 ], [ 30.711641, 66.69467, 0.0 ], [ 25.741692, 65.338326, 0.0 ], [ 20.712933, 64.21935, 0.0 ], [ 16.11761, 63.44753, 0.0 ], [ 12.405587, 63.098297, 0.0 ], [ 9.940084, 63.205822, 0.0 ], [ 8.962667, 63.75973, 0.0 ], [ 9.568852, 64.70578, 0.0 ], [ 11.699261, 65.9509, 0.0 ], [ 15.145472, 67.37388, 0.0 ], [ 19.570198, 68.83524, 0.0 ], [ 24.540134, 70.191765, 0.0 ], [ 29.568857, 71.31063, 0.0 ], [ 34.16426, 72.08263, 0.0 ], [ 37.87627, 72.43173, 0.0 ], [ 40.341736, 72.32415, 0.0 ]] 
boundary 1: [[ 41.31911, 56.229782, 0.0 ], [ 40.341743, 55.67582, 0.0 ], [ 37.876293, 55.5683, 0.0 ], [ 34.164223, 55.91747, 0.0 ], [ 29.568865, 56.68943, 0.0 ], [ 24.540092, 57.808304, 0.0 ], [ 19.57019, 59.164856, 0.0 ], [ 15.145491, 60.62598, 0.0 ], [ 11.69928, 62.04892, 0.0 ], [ 9.568805, 63.294407, 0.0 ], [ 8.962623, 64.24038, 0.0 ], [ 9.940089, 64.79417, 0.0 ], [ 12.405526, 64.90195, 0.0 ], [ 16.117596, 64.55253, 0.0 ], [ 20.712921, 63.780666, 0.0 ], [ 25.741673, 62.661747, 0.0 ], [ 30.711657, 61.305286, 0.0 ], [ 35.136208, 59.844078, 0.0 ], [ 38.582474, 58.421036, 0.0 ], [ 40.712963, 57.175697, 0.0 ]] 
boundary 0: [[ 41.330402, 71.724205, 0.0 ], [ 40.722935, 70.77943, 0.0 ], [ 38.590622, 69.53715, 0.0 ], [ 35.142242, 68.1191, 0.0 ], [ 30.715555, 66.6643, 0.0 ], [ 25.743637, 65.315254, 0.0 ], [ 20.71325, 64.20362, 0.0 ], [ 16.116795, 63.43849, 0.0 ], [ 12.404271, 63.094692, 0.0 ], [ 9.938923, 63.20582, 0.0 ], [ 8.962321, 63.76116, 0.0 ], [ 9.569884, 64.70631, 0.0 ], [ 11.702108, 65.948296, 0.0 ], [ 15.150387, 67.36627, 0.0 ], [ 19.577255, 68.8212, 0.0 ], [ 24.549164, 70.17042, 0.0 ], [ 29.57951, 71.281944, 0.0 ], [ 34.17604, 72.04724, 0.0 ], [ 37.88856, 72.39095, 0.0 ], [ 40.353867, 72.27973, 0.0 ]] 
boundary 1: [[ 41.33042, 56.275604, 0.0 ], [ 40.353874, 55.720238, 0.0 ], [ 37.888584, 55.609116, 0.0 ], [ 34.176003, 55.952854, 0.0 ], [ 29.579517, 56.71812, 0.0 ], [ 24.549122, 57.82965, 0.0 ], [ 19.577248, 59.17894, 0.0 ], [ 15.150406, 60.633587, 0.0 ], [ 11.702127, 62.051487, 0.0 ], [ 9.569836, 63.29388, 0.0 ], [ 8.962276, 64.23895, 0.0 ], [ 9.938928, 64.794174, 0.0 ], [ 12.40421, 64.90559, 0.0 ], [ 16.11678, 64.56156, 0.0 ], [ 20.713238, 63.7964, 0.0 ], [ 25.743616, 62.68482, 0.0 ], [ 30.71557, 61.335625, 0.0 ], [ 35.142235, 59.88089, 0.0 ], [ 38.590584, 58.462856, 0.0 ], [ 40.722897, 57.220646, 0.0 ]] 
boundary 0: [[ 41.337166, 71.69673, 0.0 ], [ 40.72886, 70.752495, 0.0 ], [ 38.595448, 69.51207, 0.0 ], [ 35.145847, 68.09704, 0.0 ], [ 30.717873, 66.64612, 0.0 ], [ 25.74478, 65.301414, 0.0 ], [ 20.713423, 64.19419, 0.0 ], [ 16.116302, 63.433086, 0.0 ], [ 12.403481, 63.09253, 0.0 ], [ 9.938226, 63.205814, 0.0 ], [ 8.962113, 63.76201, 0.0 ], [ 9.570502, 64.70663, 0.0 ], [ 11.703814, 65.94675, 0.0 ], [ 15.153331, 67.3617, 0.0 ], [ 19.581478, 68.81276, 0.0 ], [ 24.55455, 70.15762, 0.0 ], [ 29.58588, 71.26475, 0.0 ], [ 34.183075, 72.02602, 0.0 ], [ 37.89589, 72.36649, 0.0 ], [ 40.3611, 72.25313, 0.0 ]] 
boundary 1: [[ 41.33719, 56.30309, 0.0 ], [ 40.361107, 55.746857, 0.0 ], [ 37.895912, 55.633583, 0.0 ], [ 34.183037, 55.97406, 0.0 ], [ 29.585884, 56.735313, 0.0 ], [ 24.554508, 57.84244, 0.0 ], [ 19.58147, 59.18738, 0.0 ], [ 15.153349, 60.638153, 0.0 ], [ 11.703833, 62.053036, 0.0 ], [ 9.570454, 63.29356, 0.0 ], [ 8.962069, 64.23809, 0.0 ], [ 9.9382305, 64.79416, 0.0 ], [ 12.403418, 64.90776, 0.0 ], [ 16.116287, 64.56696, 0.0 ], [ 20.713411, 63.80583, 0.0 ], [ 25.744759, 62.698654, 0.0 ], [ 30.71789, 61.35381, 0.0 ], [ 35.14584, 59.902954, 0.0 ], [ 38.59541, 58.48793, 0.0 ], [ 40.72882, 57.24759, 0.0 ]] 
boundary 0: [[ 40.88846, 73.33918, 0.0 ], [ 40.330704, 72.36422, 0.0 ], [ 38.26555, 71.01322, 0.0 ], [ 34.895214, 69.41856, 0.0 ], [ 30.54976, 67.73655, 0.0 ], [ 25.65435, 66.131935, 0.0 ], [ 20.68825, 64.76138, 0.0 ], [ 16.137568, 63.759346, 0.0 ], [ 12.447825, 63.22382, 0.0 ], [ 9.980024, 63.207172, 0.0 ], [ 8.9759865, 63.711216, 0.0 ], [ 9.533807, 64.686554, 0.0 ], [ 11.598881, 66.03724, 0.0 ], [ 14.9691305, 67.631836, 0.0 ], [ 19.314754, 69.31396, 0.0 ], [ 24.210133, 70.918755, 0.0 ], [ 29.176212, 72.2892, 0.0 ], [ 33.72696, 73.29141, 0.0 ], [ 37.416695, 73.82686, 0.0 ], [ 39.88446, 73.84341, 0.0 ]] 
boundary 1: [[ 40.88848, 54.66064, 0.0 ], [ 39.884464, 54.15656, 0.0 ], [ 37.416718, 54.173218, 0.0 ], [ 33.726925, 54.708664, 0.0 ], [ 29.176218, 55.710865, 0.0 ], [ 24.210094, 57.081306, 0.0 ], [ 19.314754, 58.686172, 0.0 ], [ 14.969144, 60.368034, 0.0 ], [ 11.598888, 61.962532, 0.0 ], [ 9.533769, 63.31364, 0.0 ], [ 8.975948, 64.28891, 0.0 ], [ 9.980027, 64.7928, 0.0 ], [ 12.447779, 64.776474, 0.0 ], [ 16.137552, 64.2407, 0.0 ], [ 20.688238, 63.238625, 0.0 ], [ 25.654335, 61.868137, 0.0 ], [ 30.549776, 60.263363, 0.0 ], [ 34.895206, 58.581432, 0.0 ], [ 38.26551, 56.98678, 0.0 ], [ 40.330666, 55.635853, 0.0 ]] 
boundary 0: [[ 40.450935, 74.6825, 0.0 ], [ 39.93631, 73.68411, 0.0 ], [ 37.932144, 72.2442, 0.0 ], [ 34.63468, 70.503815, 0.0 ], [ 30.366852, 68.6336, 0.0 ], [ 25.546215, 66.81666, 0.0 ], [ 20.644726, 65.23048, 0.0 ], [ 16.142159, 64.0306, 0.0 ], [ 12.479333, 63.334404, 0.0 ], [ 10.014615, 63.209972, 0.0 ], [ 8.989515, 63.66967, 0.0 ], [ 9.504196, 64.66844, 0.0 ], [ 11.508296, 66.10805, 0.0 ], [ 14.805673, 67.84836, 0.0 ], [ 19.073664, 69.7187, 0.0 ], [ 23.894268, 71.53582, 0.0 ], [ 28.79574, 73.12189, 0.0 ], [ 33.298355, 74.32195, 0.0 ], [ 36.96119, 75.018074, 0.0 ], [ 39.42587, 75.142395, 0.0 ]] 
boundary 1: [[ 40.45095, 53.317307, 0.0 ], [ 39.42587, 52.857567, 0.0 ], [ 36.961212, 52.982014, 0.0 ], [ 33.298325, 53.678135, 0.0 ], [ 28.795746, 54.878174, 0.0 ], [ 23.894234, 56.46424, 0.0 ], [ 19.073666, 58.281425, 0.0 ], [ 14.805677, 60.15152, 0.0 ], [ 11.508294, 61.891724, 0.0 ], [ 9.504167, 63.33175, 0.0 ], [ 8.989482, 64.33046, 0.0 ], [ 10.014615, 64.79, 0.0 ], [ 12.479298, 64.665886, 0.0 ], [ 16.142147, 63.96944, 0.0 ], [ 20.644718, 62.769535, 0.0 ], [ 25.546204, 61.18342, 0.0 ], [ 30.366867, 59.366314, 0.0 ], [ 34.634674, 57.496162, 0.0 ], [ 37.932106, 55.7558, 0.0 ], [ 39.93627, 54.315964, 0.0 ]] 
boundary 0: [[ 39.791832, 76.406044, 0.0 ], [ 39.335, 75.37991, 0.0 ], [ 37.416245, 73.82803, 0.0 ], [ 34.223434, 71.90235, 0.0 ], [ 30.069244, 69.79172, 0.0 ], [ 25.36011, 67.702736, 0.0 ], [ 20.557085, 65.839516, 0.0 ], [ 16.130306, 64.38475, 0.0 ], [ 12.513157, 63.48073, 0.0 ], [ 10.059551, 63.215897, 0.0 ], [ 9.009895, 63.616367, 0.0 ], [ 9.466762, 64.64287, 0.0 ], [ 11.385474, 66.194466, 0.0 ], [ 14.578201, 68.12005, 0.0 ], [ 18.732544, 70.230804, 0.0 ], [ 23.441635, 72.31998, 0.0 ], [ 28.244646, 74.18307, 0.0 ], [ 32.67147, 75.63805, 0.0 ], [ 36.288628, 76.541985, 0.0 ], [ 38.742203, 76.80672, 0.0 ]] 
boundary 1: [[ 39.79184, 51.59376, 0.0 ], [ 38.742203, 51.19325, 0.0 ], [ 36.288666, 51.4581, 0.0 ], [ 32.67144, 52.362038, 0.0 ], [ 28.244652, 53.816986, 0.0 ], [ 23.441608, 55.680084, 0.0 ], [ 18.732552, 57.769314, 0.0 ], [ 14.578198, 59.879833, 0.0 ], [ 11.385457, 61.80531, 0.0 ], [ 9.466743, 63.357323, 0.0 ], [ 9.009871, 64.383766, 0.0 ], [ 10.059548, 64.78408, 0.0 ], [ 12.513141, 64.51957, 0.0 ], [ 16.130295, 63.61529, 0.0 ], [ 20.557077, 62.16049, 0.0 ], [ 25.360098, 60.297333, 0.0 ], [ 30.069254, 58.208187, 0.0 ], [ 34.223427, 56.09761, 0.0 ], [ 37.416206, 54.171978, 0.0 ], [ 39.33497, 52.620155, 0.0 ]] 
boundary 0: [[ 38.814026, 78.537704, 0.0 ], [ 38.432777, 77.48116, 0.0 ], [ 36.631557, 75.794304, 0.0 ], [ 33.58673, 73.64225, 0.0 ], [ 29.59646, 71.236046, 0.0 ], [ 25.051136, 68.811226, 0.0 ], [ 20.395803, 66.604744, 0.0 ], [ 16.086117, 64.83293, 0.0 ], [ 12.54401, 63.66909, 0.0 ], [ 10.116054, 63.22711, 0.0 ], [ 9.0401325, 63.550438, 0.0 ], [ 9.4213915, 64.60736, 0.0 ], [ 11.222588, 66.29395, 0.0 ], [ 14.267341, 68.44588, 0.0 ], [ 18.257751, 70.85224, 0.0 ], [ 22.80302, 73.27723, 0.0 ], [ 27.458353, 75.4836, 0.0 ], [ 31.768064, 77.255615, 0.0 ], [ 35.31018, 78.41936, 0.0 ], [ 37.73812, 78.861244, 0.0 ]] 
boundary 1: [[ 38.814026, 49.462093, 0.0 ], [ 37.73812, 49.138718, 0.0 ], [ 35.310226, 49.580723, 0.0 ], [ 31.768044, 50.74447, 0.0 ], [ 27.45836, 52.51647, 0.0 ], [ 22.802998, 54.722813, 0.0 ], [ 18.25777, 57.147896, 0.0 ], [ 14.267328, 59.55398, 0.0 ], [ 11.222553, 61.705826, 0.0 ], [ 9.421386, 63.392834, 0.0 ], [ 9.040117, 64.449684, 0.0 ], [ 10.116051, 64.77289, 0.0 ], [ 12.544014, 64.33121, 0.0 ], [ 16.086105, 63.167114, 0.0 ], [ 20.395798, 61.39526, 0.0 ], [ 25.051125, 59.188858, 0.0 ], [ 29.596464, 56.76387, 0.0 ], [ 33.586716, 54.357727, 0.0 ], [ 36.63152, 52.20573, 0.0 ], [ 38.43276, 50.518906, 0.0 ]] 
boundary 0: [[ 38.188026, 79.71977, 0.0 ], [ 37.850807, 78.64835, 0.0 ], [ 36.120895, 76.88845, 0.0 ], [ 33.167675, 74.6123, 0.0 ], [ 29.280352, 72.04314, 0.0 ], [ 24.839207, 69.432396, 0.0 ], [ 20.279116, 67.03523, 0.0 ], [ 16.046398, 65.0867, 0.0 ], [ 12.555463, 63.77735, 0.0 ], [ 10.147865, 63.235332, 0.0 ], [ 9.059492, 63.513878, 0.0 ], [ 9.396709, 64.58567, 0.0 ], [ 11.126606, 66.345314, 0.0 ], [ 14.079748, 68.62133, 0.0 ], [ 17.967218, 71.190674, 0.0 ], [ 22.408298, 73.80157, 0.0 ], [ 26.968391, 76.198616, 0.0 ], [ 31.201124, 78.14737, 0.0 ], [ 34.69207, 79.45662, 0.0 ], [ 37.099663, 79.99854, 0.0 ]] 
boundary 1: [[ 38.18802, 48.28002, 0.0 ], [ 37.099663, 48.001427, 0.0 ], [ 34.69212, 48.543465, 0.0 ], [ 31.201105, 49.852722, 0.0 ], [ 26.968403, 51.80146, 0.0 ], [ 22.408276, 54.198456, 0.0 ], [ 17.967247, 56.809464, 0.0 ], [ 14.079731, 59.378532, 0.0 ], [ 11.126563, 61.654465, 0.0 ], [ 9.39671, 63.414524, 0.0 ], [ 9.059481, 64.486244, 0.0 ], [ 10.147862, 64.76467, 0.0 ], [ 12.555478, 64.22294, 0.0 ], [ 16.046387, 62.91335, 0.0 ], [ 20.279112, 60.96476, 0.0 ], [ 24.8392, 58.567703, 0.0 ], [ 29.280346, 55.956787, 0.0 ], [ 33.16766, 53.38767, 0.0 ], [ 36.120857, 51.11158, 0.0 ], [ 37.850784, 49.3517, 0.0 ]] 
boundary 0: [[ 36.992214, 81.69906, 0.0 ], [ 36.732437, 80.60626, 0.0 ], [ 35.13273, 78.72722, 0.0 ], [ 32.349754, 76.24581, 0.0 ], [ 28.655994, 73.40537, 0.0 ], [ 24.412811, 70.48389, 0.0 ], [ 20.035717, 67.76692, 0.0 ], [ 15.953094, 65.52086, 0.0 ], [ 12.5646715, 63.96534, 0.0 ], [ 10.20197, 63.25262, 0.0 ], [ 9.096473, 63.452667, 0.0 ], [ 9.356222, 64.54584, 0.0 ], [ 10.955925, 66.42462, 0.0 ], [ 13.73884, 68.90586, 0.0 ], [ 17.432726, 71.74649, 0.0 ], [ 21.675838, 74.66814, 0.0 ], [ 26.052946, 77.38499, 0.0 ], [ 30.135569, 79.63129, 0.0 ], [ 33.52401, 81.18671, 0.0 ], [ 35.886707, 81.899315, 0.0 ]] 
boundary 1: [[ 36.992188, 46.30075, 0.0 ], [ 35.886707, 46.10066, 0.0 ], [ 33.524067, 46.81339, 0.0 ], [ 30.135551, 48.368805, 0.0 ], [ 26.052961, 50.61509, 0.0 ], [ 21.675816, 53.331882, 0.0 ], [ 17.432762, 56.253635, 0.0 ], [ 13.738812, 59.093994, 0.0 ], [ 10.955866, 61.575176, 0.0 ], [ 9.3562355, 63.45438, 0.0 ], [ 9.09647, 64.547455, 0.0 ], [ 10.201967, 64.74738, 0.0 ], [ 12.564707, 64.03496, 0.0 ], [ 15.953083, 62.479202, 0.0 ], [ 20.035713, 60.23307, 0.0 ], [ 24.412807, 57.516212, 0.0 ], [ 28.655987, 54.594547, 0.0 ], [ 32.34974, 51.754154, 0.0 ], [ 35.132694, 49.272816, 0.0 ], [ 36.73242, 47.393784, 0.0 ]] 
boundary 0: [[ 36.05159, 83.059814, 0.0 ], [ 35.84803, 81.955154, 0.0 ], [ 34.34652, 79.99676, 0.0 ], [ 31.6941, 77.37626, 0.0 ], [ 28.150454, 74.35063, 0.0 ], [ 24.062243, 71.215965, 0.0 ], [ 19.829834, 68.27867, 0.0 ], [ 15.86743, 65.82675, 0.0 ], [ 12.562999, 64.09996, 0.0 ], [ 10.239844, 63.267338, 0.0 ], [ 9.125562, 63.410587, 0.0 ], [ 9.329059, 64.51561, 0.0 ], [ 10.83058, 66.47375, 0.0 ], [ 13.48295, 69.09407, 0.0 ], [ 17.026718, 72.119896, 0.0 ], [ 21.11485, 75.254745, 0.0 ], [ 25.347279, 78.191895, 0.0 ], [ 29.309668, 80.64407, 0.0 ], [ 32.614124, 82.37073, 0.0 ], [ 34.93728, 83.20325, 0.0 ]] 
boundary 1: [[ 36.051544, 44.940002, 0.0 ], [ 34.93728, 44.79672, 0.0 ], [ 32.614185, 45.629353, 0.0 ], [ 29.309654, 47.35603, 0.0 ], [ 25.347296, 49.808174, 0.0 ], [ 21.114826, 52.745277, 0.0 ], [ 17.026762, 55.880222, 0.0 ], [ 13.482915, 58.905785, 0.0 ], [ 10.83051, 61.526054, 0.0 ], [ 9.329087, 63.484604, 0.0 ], [ 9.125566, 64.58955, 0.0 ], [ 10.239841, 64.732666, 0.0 ], [ 12.563049, 63.900337, 0.0 ], [ 15.867422, 62.17331, 0.0 ], [ 19.82983, 59.721313, 0.0 ], [ 24.062244, 56.784157, 0.0 ], [ 28.150444, 53.6493, 0.0 ], [ 31.694082, 50.623703, 0.0 ], [ 34.34649, 48.00328, 0.0 ], [ 35.848015, 46.044888, 0.0 ]] 
boundary 0: [[ 35.546997, 83.7327, 0.0 ], [ 35.372246, 82.6231, 0.0 ], [ 33.92218, 80.626335, 0.0 ], [ 31.338818, 77.93773, 0.0 ], [ 27.875069, 74.82096, 0.0 ], [ 23.869778, 71.581, 0.0 ], [ 19.7152, 68.53463, 0.0 ], [ 15.817907, 65.98049, 0.0 ], [ 12.55951, 64.16833, 0.0 ], [ 10.258797, 63.275555, 0.0 ], [ 9.141167, 63.389774, 0.0 ], [ 9.315852, 64.499725, 0.0 ], [ 10.765935, 66.49624, 0.0 ], [ 13.349254, 69.18468, 0.0 ], [ 16.81312, 72.30166, 0.0 ], [ 20.818321, 75.54176, 0.0 ], [ 24.972935, 78.588005, 0.0 ], [ 28.870201, 81.142426, 0.0 ], [ 32.128624, 82.95442, 0.0 ], [ 34.429344, 83.84709, 0.0 ]] 
boundary 1: [[ 35.54695, 44.26712, 0.0 ], [ 34.429344, 44.152863, 0.0 ], [ 32.128693, 45.045643, 0.0 ], [ 28.870188, 46.857677, 0.0 ], [ 24.97295, 49.412064, 0.0 ], [ 20.818302, 52.45826, 0.0 ], [ 16.81317, 55.69847, 0.0 ], [ 13.349213, 58.815186, 0.0 ], [ 10.76586, 61.503555, 0.0 ], [ 9.3158865, 63.500496, 0.0 ], [ 9.141173, 64.61036, 0.0 ], [ 10.258795, 64.72445, 0.0 ], [ 12.559568, 63.831974, 0.0 ], [ 15.817902, 62.019585, 0.0 ], [ 19.715197, 59.46535, 0.0 ], [ 23.869778, 56.4191, 0.0 ], [ 27.875057, 53.178967, 0.0 ], [ 31.3388, 50.062233, 0.0 ], [ 33.922157, 47.373703, 0.0 ], [ 35.37223, 45.37693, 0.0 ]] 
boundary 0: [[ 35.504864, 83.78729, 0.0 ], [ 35.332474, 82.67732, 0.0 ], [ 33.886673, 80.67746, 0.0 ], [ 31.309046, 77.98335, 0.0 ], [ 27.85195, 74.85921, 0.0 ], [ 23.85358, 71.61073, 0.0 ], [ 19.70551, 68.555504, 0.0 ], [ 15.813672, 65.99306, 0.0 ], [ 12.559146, 64.17396, 0.0 ], [ 10.260342, 63.27624, 0.0 ], [ 9.142471, 63.388092, 0.0 ], [ 9.314788, 64.49842, 0.0 ], [ 10.760608, 66.498024, 0.0 ], [ 13.338186, 69.191956, 0.0 ], [ 16.7954, 72.316315, 0.0 ], [ 20.793682, 75.56497, 0.0 ], [ 24.941792, 78.620056, 0.0 ], [ 28.833597, 81.182785, 0.0 ], [ 32.08815, 83.001724, 0.0 ], [ 34.386963, 83.89931, 0.0 ]] 
boundary 1: [[ 35.504818, 44.21252, 0.0 ], [ 34.386963, 44.100647, 0.0 ], [ 32.08822, 44.998337, 0.0 ], [ 28.833586, 46.81732, 0.0 ], [ 24.941807, 49.380013, 0.0 ], [ 20.793663, 52.435062, 0.0 ], [ 16.79545, 55.683815, 0.0 ], [ 13.338146, 58.807907, 0.0 ], [ 10.760532, 61.501778, 0.0 ], [ 9.314822, 63.5018, 0.0 ], [ 9.142478, 64.612076, 0.0 ], [ 10.26034, 64.72376, 0.0 ], [ 12.559205, 63.826378, 0.0 ], [ 15.813666, 62.00704, 0.0 ], [ 19.705505, 59.444496, 0.0 ], [ 23.85358, 56.389393, 0.0 ], [ 27.851938, 53.140717, 0.0 ], [ 31.309029, 50.0166, 0.0 ], [ 33.88665, 47.32257, 0.0 ], [ 35.33246, 45.32271, 0.0 ]] 
