boundary 0: [[ 35.552338, 83.725945, 0.0 ], [ 35.377327, 82.61618, 0.0 ], [ 33.92674, 80.619675, 0.0 ], [ 31.342638, 77.932014, 0.0 ], [ 27.877964, 74.816086, 0.0 ], [ 23.871813, 71.577156, 0.0 ], [ 19.71643, 68.53194, 0.0 ], [ 15.818481, 65.97874, 0.0 ], [ 12.559544, 64.167496, 0.0 ], [ 10.258632, 63.27545, 0.0 ], [ 9.140986, 63.389923, 0.0 ], [ 9.31602, 64.49966, 0.0 ], [ 10.766543, 66.49616, 0.0 ], [ 13.3506565, 69.183815, 0.0 ], [ 16.815338, 72.29974, 0.0 ], [ 20.821453, 75.53874, 0.0 ], [ 24.976868, 78.583916, 0.0 ], [ 28.8748, 81.13701, 0.0 ], [ 32.133766, 82.94834, 0.0 ], [ 34.43466, 83.840385, 0.0 ]] 
boundary 1: [[ 35.552338, 44.27404, 0.0 ], [ 34.43467, 44.159637, 0.0 ], [ 32.13378, 45.051666, 0.0 ], [ 28.874796, 46.86296, 0.0 ], [ 24.976852, 49.416084, 0.0 ], [ 20.82145, 52.461235, 0.0 ], [ 16.81533, 55.70026, 0.0 ], [ 13.3506565, 58.816166, 0.0 ], [ 10.766562, 61.503857, 0.0 ], [ 9.316002, 63.500275, 0.0 ], [ 9.140996, 64.61006, 0.0 ], [ 10.25864, 64.724556, 0.0 ], [ 12.559504, 63.832397, 0.0 ], [ 15.818474, 62.021217, 0.0 ], [ 19.716446, 59.4681, 0.0 ], [ 23.871862, 56.42296, 0.0 ], [ 27.877968, 53.1839, 0.0 ], [ 31.342623, 50.067986, 0.0 ], [ 33.926723, 47.380314, 0.0 ], [ 35.37733, 45.383842, 0.0 ]] 
boundary 0: [[ 36.058342, 83.050735, 0.0 ], [ 35.854435, 81.94589, 0.0 ], [ 34.352257, 79.98793, 0.0 ], [ 31.698893, 77.36862, 0.0 ], [ 28.154089, 74.344154, 0.0 ], [ 24.064781, 71.21086, 0.0 ], [ 19.83135, 68.27511, 0.0 ], [ 15.868111, 65.82449, 0.0 ], [ 12.563018, 64.098915, 0.0 ], [ 10.2396145, 63.267212, 0.0 ], [ 9.125338, 63.41081, 0.0 ], [ 9.329269, 64.515594, 0.0 ], [ 10.831395, 66.47358, 0.0 ], [ 13.484759, 69.09288, 0.0 ], [ 17.029568, 72.11734, 0.0 ], [ 21.11884, 75.250694, 0.0 ], [ 25.352297, 78.1864, 0.0 ], [ 29.315517, 80.63691, 0.0 ], [ 32.620636, 82.362595, 0.0 ], [ 34.94404, 83.19429, 0.0 ]] 
boundary 1: [[ 36.058342, 44.949257, 0.0 ], [ 34.944046, 44.805733, 0.0 ], [ 32.62065, 45.637417, 0.0 ], [ 29.315514, 47.363052, 0.0 ], [ 25.352282, 49.8136, 0.0 ], [ 21.118835, 52.74927, 0.0 ], [ 17.02956, 55.882668, 0.0 ], [ 13.48476, 58.907104, 0.0 ], [ 10.831413, 61.52645, 0.0 ], [ 9.329252, 63.484337, 0.0 ], [ 9.125347, 64.58918, 0.0 ], [ 10.239622, 64.732796, 0.0 ], [ 12.562983, 63.90098, 0.0 ], [ 15.868104, 62.175453, 0.0 ], [ 19.831366, 59.724922, 0.0 ], [ 24.064827, 56.789257, 0.0 ], [ 28.154093, 53.65583, 0.0 ], [ 31.698877, 50.631386, 0.0 ], [ 34.35224, 48.012062, 0.0 ], [ 35.854435, 46.05412, 0.0 ]] 
boundary 0: [[ 36.95832, 81.75097, 0.0 ], [ 36.70066, 80.6574, 0.0 ], [ 35.104572, 78.77521, 0.0 ], [ 32.326347, 76.288734, 0.0 ], [ 28.63794, 73.441154, 0.0 ], [ 24.400358, 70.5115, 0.0 ], [ 20.028488, 67.78617, 0.0 ], [ 15.9502, 65.53221, 0.0 ], [ 12.564708, 63.970253, 0.0 ], [ 10.203429, 63.253117, 0.0 ], [ 9.097503, 63.451004, 0.0 ], [ 9.355193, 64.544495, 0.0 ], [ 10.951233, 66.42672, 0.0 ], [ 13.729457, 68.913185, 0.0 ], [ 17.417866, 71.760765, 0.0 ], [ 21.655407, 74.690506, 0.0 ], [ 26.027308, 77.415764, 0.0 ], [ 30.105576, 79.66962, 0.0 ], [ 33.49109, 81.23167, 0.0 ], [ 35.85238, 81.94882, 0.0 ]] 
boundary 1: [[ 36.95832, 46.24903, 0.0 ], [ 35.852386, 46.051212, 0.0 ], [ 33.491104, 46.76834, 0.0 ], [ 30.105572, 48.33035, 0.0 ], [ 26.027292, 50.584244, 0.0 ], [ 21.655403, 53.30947, 0.0 ], [ 17.417858, 56.23924, 0.0 ], [ 13.72946, 59.08678, 0.0 ], [ 10.951249, 61.573303, 0.0 ], [ 9.35518, 63.45542, 0.0 ], [ 9.097513, 64.54898, 0.0 ], [ 10.203437, 64.74689, 0.0 ], [ 12.56468, 64.02964, 0.0 ], [ 15.950195, 62.467724, 0.0 ], [ 20.028503, 60.213852, 0.0 ], [ 24.400402, 57.488632, 0.0 ], [ 28.637947, 54.558834, 0.0 ], [ 32.326332, 51.711277, 0.0 ], [ 35.104557, 49.22478, 0.0 ], [ 36.70066, 47.342598, 0.0 ]] 
boundary 0: [[ 38.187687, 79.72064, 0.0 ], [ 37.850494, 78.648926, 0.0 ], [ 36.120636, 76.88888, 0.0 ], [ 33.167492, 74.612915, 0.0 ], [ 29.280128, 72.043594, 0.0 ], [ 24.839052, 69.432686, 0.0 ], [ 20.279037, 67.035416, 0.0 ], [ 16.04639, 65.08669, 0.0 ], [ 12.555436, 63.7773, 0.0 ], [ 10.147912, 63.235313, 0.0 ], [ 9.059481, 63.5138, 0.0 ], [ 9.396694, 64.58543, 0.0 ], [ 11.126511, 66.34552, 0.0 ], [ 14.079651, 68.62147, 0.0 ], [ 17.967014, 71.19081, 0.0 ], [ 22.408058, 73.8018, 0.0 ], [ 26.968096, 76.19898, 0.0 ], [ 31.20072, 78.1476, 0.0 ], [ 34.6917, 79.45709, 0.0 ], [ 37.099236, 79.99911, 0.0 ]] 
boundary 1: [[ 38.187687, 48.279358, 0.0 ], [ 37.099236, 48.00094, 0.0 ], [ 34.691715, 48.542923, 0.0 ], [ 31.200716, 49.85237, 0.0 ], [ 26.96808, 51.801018, 0.0 ], [ 22.408058, 54.198185, 0.0 ], [ 17.967007, 56.809196, 0.0 ], [ 14.079656, 59.37849, 0.0 ], [ 11.126524, 61.65452, 0.0 ], [ 9.396686, 63.41447, 0.0 ], [ 9.059492, 64.48619, 0.0 ], [ 10.14792, 64.76469, 0.0 ], [ 12.555417, 64.22259, 0.0 ], [ 16.04639, 62.91324, 0.0 ], [ 20.279053, 60.964615, 0.0 ], [ 24.839085, 58.56745, 0.0 ], [ 29.280136, 55.95641, 0.0 ], [ 33.167473, 53.387096, 0.0 ], [ 36.12062, 51.111103, 0.0 ], [ 37.850494, 49.351078, 0.0 ]] 
boundary 0: [[ 39.33152, 77.460815, 0.0 ], [ 38.91148, 76.41876, 0.0 ], [ 37.04916, 74.79952, 0.0 ], [ 33.926926, 72.761696, 0.0 ], [ 29.85038, 70.50454, 0.0 ], [ 25.21856, 68.249275, 0.0 ], [ 20.484892, 66.2163, 0.0 ], [ 16.112694, 64.604866, 0.0 ], [ 12.52996, 63.57274, 0.0 ], [ 10.087399, 63.220863, 0.0 ], [ 9.024105, 63.5837, 0.0 ], [ 9.444165, 64.62563, 0.0 ], [ 11.306445, 66.24493, 0.0 ], [ 14.428673, 68.28273, 0.0 ], [ 18.505222, 70.53992, 0.0 ], [ 23.137018, 72.79528, 0.0 ], [ 27.870697, 74.82816, 0.0 ], [ 32.242867, 76.43948, 0.0 ], [ 35.82563, 77.47171, 0.0 ], [ 38.26821, 77.82361, 0.0 ]] 
boundary 1: [[ 39.33152, 50.5392, 0.0 ], [ 38.268204, 50.17644, 0.0 ], [ 35.825645, 50.52831, 0.0 ], [ 32.24286, 51.560482, 0.0 ], [ 27.870682, 53.17185, 0.0 ], [ 23.137018, 55.204712, 0.0 ], [ 18.505215, 57.460094, 0.0 ], [ 14.428683, 59.717224, 0.0 ], [ 11.306455, 61.755104, 0.0 ], [ 9.444165, 63.374264, 0.0 ], [ 9.0241165, 64.4163, 0.0 ], [ 10.087405, 64.779144, 0.0 ], [ 12.529949, 64.42713, 0.0 ], [ 16.112698, 63.39507, 0.0 ], [ 20.484903, 61.783737, 0.0 ], [ 25.218578, 59.750862, 0.0 ], [ 29.850388, 57.49546, 0.0 ], [ 33.92691, 55.238308, 0.0 ], [ 37.049145, 53.200462, 0.0 ], [ 38.91148, 51.58124, 0.0 ]] 
boundary 0: [[ 40.328636, 75.026, 0.0 ], [ 39.825256, 74.021545, 0.0 ], [ 37.837456, 72.55907, 0.0 ], [ 34.559868, 70.78187, 0.0 ], [ 30.313297, 68.863625, 0.0 ], [ 25.513447, 66.992424, 0.0 ], [ 20.630157, 65.35105, 0.0 ], [ 16.14141, 64.10045, 0.0 ], [ 12.486625, 63.36303, 0.0 ], [ 10.02354, 63.210915, 0.0 ], [ 8.993268, 63.659004, 0.0 ], [ 9.496653, 64.66334, 0.0 ], [ 11.484425, 66.12585, 0.0 ], [ 14.762001, 67.90307, 0.0 ], [ 19.00858, 69.82133, 0.0 ], [ 23.80841, 71.69262, 0.0 ], [ 28.691704, 73.333885, 0.0 ], [ 33.180412, 74.584404, 0.0 ], [ 36.835243, 75.321915, 0.0 ], [ 39.298344, 75.474045, 0.0 ]] 
boundary 1: [[ 40.32863, 52.974026, 0.0 ], [ 39.29833, 52.52601, 0.0 ], [ 36.83526, 52.67811, 0.0 ], [ 33.180405, 53.415573, 0.0 ], [ 28.691689, 54.66612, 0.0 ], [ 23.80841, 56.30738, 0.0 ], [ 19.008572, 58.178688, 0.0 ], [ 14.762016, 60.0969, 0.0 ], [ 11.484432, 61.874187, 0.0 ], [ 9.496661, 63.33656, 0.0 ], [ 8.993279, 64.340996, 0.0 ], [ 10.023546, 64.78909, 0.0 ], [ 12.486625, 64.636826, 0.0 ], [ 16.141426, 63.899494, 0.0 ], [ 20.630165, 62.64898, 0.0 ], [ 25.513453, 61.007717, 0.0 ], [ 30.313303, 59.136375, 0.0 ], [ 34.559853, 57.21814, 0.0 ], [ 37.83744, 55.440903, 0.0 ], [ 39.825256, 53.978455, 0.0 ]] 
boundary 0: [[ 41.005123, 72.94377, 0.0 ], [ 40.43492, 71.975685, 0.0 ], [ 38.352703, 70.651085, 0.0 ], [ 34.962364, 69.09977, 0.0 ], [ 30.595715, 67.4733, 0.0 ], [ 25.68024, 65.931206, 0.0 ], [ 20.697067, 64.62408, 0.0 ], [ 16.133978, 63.680103, 0.0 ], [ 12.437666, 63.1917, 0.0 ], [ 9.969933, 63.206627, 0.0 ], [ 8.972345, 63.723408, 0.0 ], [ 9.542544, 64.69137, 0.0 ], [ 11.624731, 66.01601, 0.0 ], [ 15.015065, 67.567345, 0.0 ], [ 19.381718, 69.193825, 0.0 ], [ 24.297188, 70.73601, 0.0 ], [ 29.280355, 72.04305, 0.0 ], [ 33.8434, 72.98693, 0.0 ], [ 37.539772, 73.47541, 0.0 ], [ 40.00751, 73.46052, 0.0 ]] 
boundary 1: [[ 41.005116, 55.056255, 0.0 ], [ 40.007492, 54.539536, 0.0 ], [ 37.53978, 54.524605, 0.0 ], [ 33.84339, 55.013042, 0.0 ], [ 29.280338, 55.956955, 0.0 ], [ 24.297188, 57.263985, 0.0 ], [ 19.38171, 58.806183, 0.0 ], [ 15.015084, 60.432617, 0.0 ], [ 11.624738, 61.984028, 0.0 ], [ 9.542561, 63.30853, 0.0 ], [ 8.972357, 64.27661, 0.0 ], [ 9.969938, 64.79341, 0.0 ], [ 12.437676, 64.80815, 0.0 ], [ 16.133997, 64.31985, 0.0 ], [ 20.69707, 63.37597, 0.0 ], [ 25.680233, 62.068935, 0.0 ], [ 30.59572, 60.52671, 0.0 ], [ 34.96235, 58.90024, 0.0 ], [ 38.352688, 57.34889, 0.0 ], [ 40.43492, 56.02432, 0.0 ]] 
boundary 0: [[ 41.40814, 71.40162, 0.0 ], [ 40.790916, 70.462814, 0.0 ], [ 38.645958, 69.24245, 0.0 ], [ 35.183273, 67.86009, 0.0 ], [ 30.741781, 66.45079, 0.0 ], [ 25.756283, 65.15283, 0.0 ], [ 20.714748, 64.092865, 0.0 ], [ 16.110678, 63.37491, 0.0 ], [ 12.394789, 63.06926, 0.0 ], [ 9.930788, 63.205788, 0.0 ], [ 8.959882, 63.771103, 0.0 ], [ 9.577091, 64.70978, 0.0 ], [ 11.72203, 65.93019, 0.0 ], [ 15.184696, 67.31257, 0.0 ], [ 19.6262, 68.721886, 0.0 ], [ 24.611698, 70.01994, 0.0 ], [ 29.653225, 71.07981, 0.0 ], [ 34.25724, 71.797676, 0.0 ], [ 37.9732, 72.10339, 0.0 ], [ 40.43721, 71.9669, 0.0 ]] 
boundary 1: [[ 41.40813, 56.598396, 0.0 ], [ 40.437187, 56.03315, 0.0 ], [ 37.97321, 55.896618, 0.0 ], [ 34.257233, 56.202297, 0.0 ], [ 29.653208, 56.92019, 0.0 ], [ 24.611702, 57.98005, 0.0 ], [ 19.626192, 59.27813, 0.0 ], [ 15.18472, 60.687386, 0.0 ], [ 11.722033, 62.069836, 0.0 ], [ 9.577112, 63.290104, 0.0 ], [ 8.959892, 64.22892, 0.0 ], [ 9.930792, 64.79425, 0.0 ], [ 12.394806, 64.93058, 0.0 ], [ 16.110697, 64.625046, 0.0 ], [ 20.714748, 63.90719, 0.0 ], [ 25.756268, 62.847324, 0.0 ], [ 30.741787, 61.549213, 0.0 ], [ 35.183258, 60.13992, 0.0 ], [ 38.645943, 58.757534, 0.0 ], [ 40.790916, 57.537193, 0.0 ]] 
boundary 0: [[ 41.568115, 70.684944, 0.0 ], [ 40.929733, 69.76041, 0.0 ], [ 38.757607, 68.589066, 0.0 ], [ 35.26442, 67.285706, 0.0 ], [ 30.79207, 65.977615, 0.0 ], [ 25.77839, 64.79321, 0.0 ], [ 20.714077, 63.848, 0.0 ], [ 16.094894, 63.234787, 0.0 ], [ 12.373016, 63.013603, 0.0 ], [ 9.912752, 63.20605, 0.0 ], [ 8.954935, 63.79327, 0.0 ], [ 9.593302, 64.71768, 0.0 ], [ 11.765402, 65.88908, 0.0 ], [ 15.258568, 67.19246, 0.0 ], [ 19.73093, 68.500534, 0.0 ], [ 24.744621, 69.68505, 0.0 ], [ 29.808918, 70.63016, 0.0 ], [ 34.428047, 71.24329, 0.0 ], [ 38.15, 71.464554, 0.0 ], [ 40.610268, 71.27213, 0.0 ]] 
boundary 1: [[ 41.568108, 57.315063, 0.0 ], [ 40.610245, 56.727917, 0.0 ], [ 38.15001, 56.535465, 0.0 ], [ 34.42804, 56.75668, 0.0 ], [ 29.8089, 57.36984, 0.0 ], [ 24.744625, 58.31494, 0.0 ], [ 19.730923, 59.499466, 0.0 ], [ 15.258593, 60.807495, 0.0 ], [ 11.765404, 62.11095, 0.0 ], [ 9.593325, 63.282196, 0.0 ], [ 8.954946, 64.20675, 0.0 ], [ 9.912755, 64.79398, 0.0 ], [ 12.373038, 64.98624, 0.0 ], [ 16.094913, 64.76517, 0.0 ], [ 20.714077, 64.15206, 0.0 ], [ 25.77837, 63.206947, 0.0 ], [ 30.792076, 62.02239, 0.0 ], [ 35.264404, 60.714317, 0.0 ], [ 38.75759, 59.410923, 0.0 ], [ 40.929733, 58.2396, 0.0 ]] 
boundary 0: [[ 41.5342, 70.843506, 0.0 ], [ 40.90046, 69.91578, 0.0 ], [ 38.73423, 68.73357, 0.0 ], [ 35.247623, 67.4127, 0.0 ], [ 30.781889, 66.08218, 0.0 ], [ 25.774216, 64.87269, 0.0 ], [ 20.714703, 63.902065, 0.0 ], [ 16.098654, 63.26569, 0.0 ], [ 12.377932, 63.02584, 0.0 ], [ 9.916731, 63.205956, 0.0 ], [ 8.955984, 63.78836, 0.0 ], [ 9.589709, 64.71595, 0.0 ], [ 11.755904, 65.89826, 0.0 ], [ 15.242491, 67.21914, 0.0 ], [ 19.708237, 68.54962, 0.0 ], [ 24.715923, 69.759254, 0.0 ], [ 29.775414, 70.72975, 0.0 ], [ 34.39141, 71.36605, 0.0 ], [ 38.112213, 71.605965, 0.0 ], [ 40.573414, 71.42589, 0.0 ]] 
boundary 1: [[ 41.53419, 57.1565, 0.0 ], [ 40.57339, 56.574165, 0.0 ], [ 38.11222, 56.394054, 0.0 ], [ 34.391403, 56.633934, 0.0 ], [ 29.775396, 57.27024, 0.0 ], [ 24.715927, 58.240738, 0.0 ], [ 19.70823, 59.45039, 0.0 ], [ 15.242516, 60.78083, 0.0 ], [ 11.755907, 62.101788, 0.0 ], [ 9.589731, 63.283905, 0.0 ], [ 8.955995, 64.211655, 0.0 ], [ 9.916734, 64.79408, 0.0 ], [ 12.3779545, 64.97397, 0.0 ], [ 16.098673, 64.73427, 0.0 ], [ 20.714703, 64.098015, 0.0 ], [ 25.774195, 63.127506, 0.0 ], [ 30.781895, 61.917805, 0.0 ], [ 35.24761, 60.587326, 0.0 ], [ 38.734215, 59.266426, 0.0 ], [ 40.90046, 58.08423, 0.0 ]] 
boundary 0: [[ 41.402428, 71.42587, 0.0 ], [ 40.785957, 70.48661, 0.0 ], [ 38.6419, 69.264595, 0.0 ], [ 35.180298, 67.87956, 0.0 ], [ 30.739882, 66.466805, 0.0 ], [ 25.755402, 65.16506, 0.0 ], [ 20.714674, 64.101166, 0.0 ], [ 16.11116, 63.379658, 0.0 ], [ 12.395504, 63.07115, 0.0 ], [ 9.931396, 63.205788, 0.0 ], [ 8.960058, 63.77035, 0.0 ], [ 9.576548, 64.70949, 0.0 ], [ 11.720539, 65.931595, 0.0 ], [ 15.18214, 67.31663, 0.0 ], [ 19.622555, 68.72935, 0.0 ], [ 24.607052, 70.03125, 0.0 ], [ 29.647762, 71.09501, 0.0 ], [ 34.251205, 71.81644, 0.0 ], [ 37.966965, 72.125015, 0.0 ], [ 40.43106, 71.99042, 0.0 ]] 
boundary 1: [[ 41.40242, 56.574127, 0.0 ], [ 40.431038, 56.009636, 0.0 ], [ 37.966972, 55.875004, 0.0 ], [ 34.251198, 56.183548, 0.0 ], [ 29.647745, 56.904984, 0.0 ], [ 24.607056, 57.968742, 0.0 ], [ 19.622547, 59.27066, 0.0 ], [ 15.182165, 60.68334, 0.0 ], [ 11.720543, 62.06846, 0.0 ], [ 9.576564, 63.29037, 0.0 ], [ 8.96007, 64.229675, 0.0 ], [ 9.931398, 64.79425, 0.0 ], [ 12.395525, 64.92866, 0.0 ], [ 16.11118, 64.62029, 0.0 ], [ 20.714678, 63.89892, 0.0 ], [ 25.755379, 62.83514, 0.0 ], [ 30.739887, 61.53317, 0.0 ], [ 35.180283, 60.120453, 0.0 ], [ 38.641884, 58.735397, 0.0 ], [ 40.785957, 57.5134, 0.0 ]] 
boundary 0: [[ 41.10263, 72.597824, 0.0 ], [ 40.521725, 71.63616, 0.0 ], [ 38.42489, 70.33479, 0.0 ], [ 35.017517, 68.82125, 0.0 ], [ 30.63305, 67.24337, 0.0 ], [ 25.700745, 65.756096, 0.0 ], [ 20.703346, 64.50439, 0.0 ], [ 16.130043, 63.611176, 0.0 ], [ 12.428525, 63.163902, 0.0 ], [ 9.961105, 63.20627, 0.0 ], [ 8.969329, 63.734104, 0.0 ], [ 9.550259, 64.69565, 0.0 ], [ 11.647037, 65.9971, 0.0 ], [ 15.054407, 67.51065, 0.0 ], [ 19.438873, 69.08847, 0.0 ], [ 24.37118, 70.57591, 0.0 ], [ 29.368574, 71.827484, 0.0 ], [ 33.941803, 72.7206, 0.0 ], [ 37.643425, 73.16795, 0.0 ], [ 40.110832, 73.12564, 0.0 ]] 
boundary 1: [[ 41.102623, 55.402176, 0.0 ], [ 40.110817, 54.874424, 0.0 ], [ 37.643433, 54.83205, 0.0 ], [ 33.941795, 55.279377, 0.0 ], [ 29.368555, 56.172504, 0.0 ], [ 24.371183, 57.42407, 0.0 ], [ 19.438866, 58.91153, 0.0 ], [ 15.054428, 60.48932, 0.0 ], [ 11.64704, 62.002956, 0.0 ], [ 9.550267, 63.304214, 0.0 ], [ 8.969342, 64.265915, 0.0 ], [ 9.961111, 64.79376, 0.0 ], [ 12.42854, 64.83591, 0.0 ], [ 16.130058, 64.388756, 0.0 ], [ 20.703354, 63.495697, 0.0 ], [ 25.700731, 62.244114, 0.0 ], [ 30.633057, 60.7566, 0.0 ], [ 35.0175, 59.178772, 0.0 ], [ 38.424873, 57.665207, 0.0 ], [ 40.521725, 56.36386, 0.0 ]] 
boundary 0: [[ 40.651264, 74.09238, 0.0 ], [ 40.117447, 73.103806, 0.0 ], [ 38.085884, 71.70273, 0.0 ], [ 34.755543, 70.026474, 0.0 ], [ 30.452354, 68.23879, 0.0 ], [ 25.597591, 66.51517, 0.0 ], [ 20.666443, 65.02368, 0.0 ], [ 16.141588, 63.91076, 0.0 ], [ 12.465976, 63.285324, 0.0 ], [ 9.999387, 63.20853, 0.0 ], [ 8.98329, 63.687885, 0.0 ], [ 9.517125, 64.67635, 0.0 ], [ 11.5486355, 66.0775, 0.0 ], [ 14.878973, 67.75375, 0.0 ], [ 19.182163, 69.5414, 0.0 ], [ 24.03692, 71.26518, 0.0 ], [ 28.968077, 72.75653, 0.0 ], [ 33.49286, 73.86934, 0.0 ], [ 37.168575, 74.49488, 0.0 ], [ 39.63514, 74.57172, 0.0 ]] 
boundary 1: [[ 40.651257, 53.907616, 0.0 ], [ 39.63513, 53.42836, 0.0 ], [ 37.168583, 53.505142, 0.0 ], [ 33.49285, 54.130623, 0.0 ], [ 28.968058, 55.243465, 0.0 ], [ 24.036924, 56.734802, 0.0 ], [ 19.182156, 58.45862, 0.0 ], [ 14.878992, 60.246216, 0.0 ], [ 11.548642, 61.92256, 0.0 ], [ 9.517127, 63.323517, 0.0 ], [ 8.983303, 64.31215, 0.0 ], [ 9.9993925, 64.7915, 0.0 ], [ 12.4659815, 64.714485, 0.0 ], [ 16.1416, 64.08917, 0.0 ], [ 20.666458, 62.976402, 0.0 ], [ 25.597586, 61.485046, 0.0 ], [ 30.452358, 59.761185, 0.0 ], [ 34.755527, 57.97355, 0.0 ], [ 38.08587, 56.297264, 0.0 ], [ 40.117447, 54.896225, 0.0 ]] 
boundary 0: [[ 40.06861, 75.71806, 0.0 ], [ 39.58832, 74.702415, 0.0 ], [ 37.634476, 73.194855, 0.0 ], [ 34.39838, 71.34318, 0.0 ], [ 30.19677, 69.32829, 0.0 ], [ 25.440964, 67.34792, 0.0 ], [ 20.59648, 65.595276, 0.0 ], [ 16.137499, 64.24235, 0.0 ], [ 12.500521, 63.421566, 0.0 ], [ 10.04155, 63.213184, 0.0 ], [ 9.001309, 63.637608, 0.0 ], [ 9.4816065, 64.65316, 0.0 ], [ 11.43541, 66.16078, 0.0 ], [ 14.671501, 68.01246, 0.0 ], [ 18.873108, 70.027306, 0.0 ], [ 23.628906, 72.00783, 0.0 ], [ 28.4734, 73.76034, 0.0 ], [ 32.93232, 75.11315, 0.0 ], [ 36.569393, 75.93404, 0.0 ], [ 39.028336, 76.14246, 0.0 ]] 
boundary 1: [[ 40.068604, 52.28193, 0.0 ], [ 39.028328, 51.857613, 0.0 ], [ 36.5694, 52.065975, 0.0 ], [ 32.932312, 52.886818, 0.0 ], [ 28.473381, 54.239662, 0.0 ], [ 23.62891, 55.992157, 0.0 ], [ 18.8731, 57.972713, 0.0 ], [ 14.671516, 59.98752, 0.0 ], [ 11.435421, 61.83928, 0.0 ], [ 9.481603, 63.3467, 0.0 ], [ 9.001324, 64.36243, 0.0 ], [ 10.041557, 64.78684, 0.0 ], [ 12.500519, 64.57824, 0.0 ], [ 16.137505, 63.75758, 0.0 ], [ 20.596498, 62.4048, 0.0 ], [ 25.440964, 60.65229, 0.0 ], [ 30.196774, 58.671688, 0.0 ], [ 34.398365, 56.656845, 0.0 ], [ 37.63446, 54.805145, 0.0 ], [ 39.58832, 53.297638, 0.0 ]] 
boundary 0: [[ 39.302547, 77.52395, 0.0 ], [ 38.884727, 76.48105, 0.0 ], [ 37.02591, 74.85777, 0.0 ], [ 33.90805, 72.813255, 0.0 ], [ 29.836359, 70.547295, 0.0 ], [ 25.2094, 68.28217, 0.0 ], [ 20.480114, 66.23897, 0.0 ], [ 16.11138, 64.618126, 0.0 ], [ 12.530873, 63.57831, 0.0 ], [ 10.089066, 63.221195, 0.0 ], [ 9.025001, 63.58175, 0.0 ], [ 9.442828, 64.624565, 0.0 ], [ 11.301611, 66.247894, 0.0 ], [ 14.41946, 68.29241, 0.0 ], [ 18.491142, 70.55835, 0.0 ], [ 23.118088, 72.823616, 0.0 ], [ 27.847395, 74.86666, 0.0 ], [ 32.216076, 76.4874, 0.0 ], [ 35.79667, 77.52732, 0.0 ], [ 38.23844, 77.88448, 0.0 ]] 
boundary 1: [[ 39.30254, 50.476044, 0.0 ], [ 38.23845, 50.115593, 0.0 ], [ 35.796677, 50.47268, 0.0 ], [ 32.21607, 51.512577, 0.0 ], [ 27.847374, 53.13332, 0.0 ], [ 23.118092, 55.176373, 0.0 ], [ 18.491138, 57.441692, 0.0 ], [ 14.419472, 59.707565, 0.0 ], [ 11.301625, 61.752167, 0.0 ], [ 9.442816, 63.375294, 0.0 ], [ 9.025017, 64.41827, 0.0 ], [ 10.089073, 64.77883, 0.0 ], [ 12.530859, 64.421486, 0.0 ], [ 16.111383, 63.38179, 0.0 ], [ 20.480139, 61.7611, 0.0 ], [ 25.20941, 59.71804, 0.0 ], [ 29.836363, 57.452686, 0.0 ], [ 33.90804, 55.186768, 0.0 ], [ 37.025894, 53.142223, 0.0 ], [ 38.884735, 51.519, 0.0 ]] 
boundary 0: [[ 38.43521, 79.267296, 0.0 ], [ 38.080933, 78.20112, 0.0 ], [ 36.323204, 76.46891, 0.0 ], [ 33.334057, 74.240425, 0.0 ], [ 29.406155, 71.73348, 0.0 ], [ 24.923935, 69.19394, 0.0 ], [ 20.326214, 66.86976, 0.0 ], [ 16.062967, 64.98889, 0.0 ], [ 12.551547, 63.735428, 0.0 ], [ 10.135664, 63.231976, 0.0 ], [ 9.051824, 63.527832, 0.0 ], [ 9.406122, 64.5939, 0.0 ], [ 11.163817, 66.326195, 0.0 ], [ 14.152945, 68.554665, 0.0 ], [ 18.080847, 71.06158, 0.0 ], [ 22.563046, 73.60126, 0.0 ], [ 27.160795, 75.925285, 0.0 ], [ 31.423994, 77.806046, 0.0 ], [ 34.935493, 79.059616, 0.0 ], [ 37.35134, 79.563126, 0.0 ]] 
boundary 1: [[ 38.435204, 48.7327, 0.0 ], [ 37.351353, 48.436966, 0.0 ], [ 34.9355, 48.94038, 0.0 ], [ 31.423985, 50.19392, 0.0 ], [ 27.160774, 52.074696, 0.0 ], [ 22.56305, 54.39872, 0.0 ], [ 18.080845, 56.938446, 0.0 ], [ 14.152955, 59.445312, 0.0 ], [ 11.163837, 61.673874, 0.0 ], [ 9.406101, 63.405952, 0.0 ], [ 9.051841, 64.472176, 0.0 ], [ 10.1356735, 64.76804, 0.0 ], [ 12.551519, 64.26436, 0.0 ], [ 16.06297, 63.01103, 0.0 ], [ 20.32624, 61.130302, 0.0 ], [ 24.923958, 58.806267, 0.0 ], [ 29.406155, 56.266506, 0.0 ], [ 33.33404, 53.759605, 0.0 ], [ 36.32319, 51.531086, 0.0 ], [ 38.080948, 49.79892, 0.0 ]] 
boundary 0: [[ 37.54461, 80.82452, 0.0 ], [ 37.25, 79.74034, 0.0 ], [ 35.59105, 77.91332, 0.0 ], [ 32.730095, 75.522484, 0.0 ], [ 28.947275, 72.80154, 0.0 ], [ 24.6128, 70.017334, 0.0 ], [ 20.151064, 67.44173, 0.0 ], [ 15.998686, 65.327324, 0.0 ], [ 12.562191, 63.881042, 0.0 ], [ 10.177947, 63.244377, 0.0 ], [ 9.079366, 63.479668, 0.0 ], [ 9.373996, 64.56375, 0.0 ], [ 11.032912, 66.390854, 0.0 ], [ 13.893846, 68.78167, 0.0 ], [ 17.676668, 71.50256, 0.0 ], [ 22.011112, 74.28691, 0.0 ], [ 26.472893, 76.86238, 0.0 ], [ 30.625227, 78.97667, 0.0 ], [ 34.0618, 80.423065, 0.0 ], [ 36.446003, 81.05978, 0.0 ]] 
boundary 1: [[ 37.5446, 47.17547, 0.0 ], [ 36.44601, 46.9403, 0.0 ], [ 34.061806, 47.576923, 0.0 ], [ 30.625216, 49.02329, 0.0 ], [ 26.47287, 51.1376, 0.0 ], [ 22.011116, 53.71305, 0.0 ], [ 17.676664, 56.49745, 0.0 ], [ 13.893853, 59.2183, 0.0 ], [ 11.032934, 61.60921, 0.0 ], [ 9.373965, 63.436108, 0.0 ], [ 9.079383, 64.520325, 0.0 ], [ 10.177958, 64.75564, 0.0 ], [ 12.562151, 64.11875, 0.0 ], [ 15.998684, 62.672596, 0.0 ], [ 20.15109, 60.55832, 0.0 ], [ 24.612835, 57.982876, 0.0 ], [ 28.947275, 55.198433, 0.0 ], [ 32.73008, 52.47755, 0.0 ], [ 35.591034, 50.086685, 0.0 ], [ 37.250023, 48.259705, 0.0 ]] 
boundary 0: [[ 36.716377, 82.11396, 0.0 ], [ 36.473473, 81.01703, 0.0 ], [ 34.902954, 79.113464, 0.0 ], [ 32.15851, 76.589745, 0.0 ], [ 28.50887, 73.692604, 0.0 ], [ 24.311188, 70.70616, 0.0 ], [ 19.976505, 67.92203, 0.0 ], [ 15.92898, 65.613235, 0.0 ], [ 12.564877, 64.005745, 0.0 ], [ 10.213476, 63.256817, 0.0 ], [ 9.1049795, 63.439785, 0.0 ], [ 9.34791, 64.53662, 0.0 ], [ 10.918387, 66.44027, 0.0 ], [ 13.66282, 68.96395, 0.0 ], [ 17.31247, 71.86105, 0.0 ], [ 21.510109, 74.84767, 0.0 ], [ 25.844841, 77.631645, 0.0 ], [ 29.892328, 79.94032, 0.0 ], [ 33.256508, 81.547935, 0.0 ], [ 35.607857, 82.296906, 0.0 ]] 
boundary 1: [[ 36.71637, 45.886024, 0.0 ], [ 35.607872, 45.70318, 0.0 ], [ 33.256516, 46.452065, 0.0 ], [ 29.892315, 48.059647, 0.0 ], [ 25.844818, 50.368332, 0.0 ], [ 21.510113, 53.15231, 0.0 ], [ 17.312466, 56.138966, 0.0 ], [ 13.662827, 59.036003, 0.0 ], [ 10.918413, 61.55979, 0.0 ], [ 9.347875, 63.463245, 0.0 ], [ 9.104996, 64.5602, 0.0 ], [ 10.213488, 64.7432, 0.0 ], [ 12.564827, 63.99406, 0.0 ], [ 15.928974, 62.38669, 0.0 ], [ 19.976532, 60.07803, 0.0 ], [ 24.31123, 57.294052, 0.0 ], [ 28.508867, 54.307358, 0.0 ], [ 32.158493, 51.410286, 0.0 ], [ 34.90294, 48.886543, 0.0 ], [ 36.473503, 46.983006, 0.0 ]] 
boundary 0: [[ 36.01405, 83.11133, 0.0 ], [ 35.812695, 82.00602, 0.0 ], [ 34.31509, 80.04458, 0.0 ], [ 31.667807, 77.41911, 0.0 ], [ 28.130041, 74.38637, 0.0 ], [ 24.047997, 71.243706, 0.0 ], [ 19.821413, 68.298065, 0.0 ], [ 15.863858, 65.838234, 0.0 ], [ 12.562786, 64.10499, 0.0 ], [ 10.241309, 63.267914, 0.0 ], [ 9.1267, 63.408936, 0.0 ], [ 9.328086, 64.51415, 0.0 ], [ 10.82564, 66.475685, 0.0 ], [ 13.472923, 69.10109, 0.0 ], [ 17.010698, 72.1338, 0.0 ], [ 21.092693, 75.27663, 0.0 ], [ 25.31933, 78.22213, 0.0 ], [ 29.27685, 80.68182, 0.0 ], [ 32.578, 82.415184, 0.0 ], [ 34.899414, 83.25232, 0.0 ]] 
boundary 1: [[ 36.01404, 44.888664, 0.0 ], [ 34.89944, 44.74776, 0.0 ], [ 32.578007, 45.5848, 0.0 ], [ 29.276833, 47.31814, 0.0 ], [ 25.319307, 49.77785, 0.0 ], [ 21.092697, 52.72336, 0.0 ], [ 17.010695, 55.86622, 0.0 ], [ 13.47293, 58.898857, 0.0 ], [ 10.825665, 61.524372, 0.0 ], [ 9.328045, 63.485706, 0.0 ], [ 9.126717, 64.59105, 0.0 ], [ 10.241322, 64.7321, 0.0 ], [ 12.56273, 63.894802, 0.0 ], [ 15.86385, 62.16168, 0.0 ], [ 19.821445, 59.701996, 0.0 ], [ 24.048042, 56.75649, 0.0 ], [ 28.130037, 53.613583, 0.0 ], [ 31.667791, 50.580917, 0.0 ], [ 34.31508, 47.955452, 0.0 ], [ 35.812725, 45.99401, 0.0 ]] 
boundary 0: [[ 35.504997, 83.78729, 0.0 ], [ 35.332626, 82.67709, 0.0 ], [ 33.88687, 80.67712, 0.0 ], [ 31.309198, 77.98329, 0.0 ], [ 27.85201, 74.859, 0.0 ], [ 23.853607, 71.610596, 0.0 ], [ 19.705547, 68.55535, 0.0 ], [ 15.8137245, 65.99279, 0.0 ], [ 12.559136, 64.17376, 0.0 ], [ 10.260361, 63.276222, 0.0 ], [ 9.142444, 63.388027, 0.0 ], [ 9.314838, 64.49814, 0.0 ], [ 10.760547, 66.49819, 0.0 ], [ 13.338221, 69.19197, 0.0 ], [ 16.795422, 72.316216, 0.0 ], [ 20.79377, 75.5648, 0.0 ], [ 24.94188, 78.6199, 0.0 ], [ 28.833675, 81.18231, 0.0 ], [ 32.088333, 83.001465, 0.0 ], [ 34.387054, 83.89906, 0.0 ]] 
boundary 1: [[ 35.50499, 44.2127, 0.0 ], [ 34.387085, 44.101013, 0.0 ], [ 32.08834, 44.998512, 0.0 ], [ 28.833658, 46.81765, 0.0 ], [ 24.941854, 49.380085, 0.0 ], [ 20.793774, 52.435196, 0.0 ], [ 16.795418, 55.6838, 0.0 ], [ 13.338223, 58.80798, 0.0 ], [ 10.760575, 61.501877, 0.0 ], [ 9.314794, 63.501724, 0.0 ], [ 9.142458, 64.611946, 0.0 ], [ 10.260373, 64.72379, 0.0 ], [ 12.559074, 63.826027, 0.0 ], [ 15.813713, 62.00711, 0.0 ], [ 19.705582, 59.44471, 0.0 ], [ 23.853657, 56.3896, 0.0 ], [ 27.852005, 53.140945, 0.0 ], [ 31.309185, 50.01674, 0.0 ], [ 33.886856, 47.322906, 0.0 ], [ 35.332657, 45.322945, 0.0 ]] 
boundary 0: [[ 35.55214, 83.72622, 0.0 ], [ 35.377117, 82.61644, 0.0 ], [ 33.926594, 80.61992, 0.0 ], [ 31.3425, 77.93225, 0.0 ], [ 27.877869, 74.816216, 0.0 ], [ 23.871727, 71.57736, 0.0 ], [ 19.716389, 68.53202, 0.0 ], [ 15.818462, 65.97875, 0.0 ], [ 12.559544, 64.167496, 0.0 ], [ 10.258633, 63.275444, 0.0 ], [ 9.1409855, 63.389915, 0.0 ], [ 9.316029, 64.49961, 0.0 ], [ 10.766505, 66.49621, 0.0 ], [ 13.350599, 69.18383, 0.0 ], [ 16.815245, 72.29982, 0.0 ], [ 20.821331, 75.53885, 0.0 ], [ 24.976719, 78.58405, 0.0 ], [ 28.874619, 81.13717, 0.0 ], [ 32.133606, 82.94855, 0.0 ], [ 34.434464, 83.84066, 0.0 ]] 
boundary 1: [[ 35.55213, 44.273773, 0.0 ], [ 34.434494, 44.159416, 0.0 ], [ 32.133614, 45.05143, 0.0 ], [ 28.874601, 46.862793, 0.0 ], [ 24.976696, 49.41594, 0.0 ], [ 20.821335, 52.461143, 0.0 ], [ 16.81524, 55.700195, 0.0 ], [ 13.350602, 58.816116, 0.0 ], [ 10.766534, 61.503857, 0.0 ], [ 9.315985, 63.500248, 0.0 ], [ 9.141, 64.610054, 0.0 ], [ 10.258645, 64.72457, 0.0 ], [ 12.559482, 63.83229, 0.0 ], [ 15.818451, 62.02115, 0.0 ], [ 19.716423, 59.46804, 0.0 ], [ 23.871775, 56.422836, 0.0 ], [ 27.877863, 53.18373, 0.0 ], [ 31.342487, 50.06778, 0.0 ], [ 33.92658, 47.380108, 0.0 ], [ 35.377148, 45.3836, 0.0 ]] 
boundary 0: [[ 36.058147, 83.05101, 0.0 ], [ 35.85423, 81.94615, 0.0 ], [ 34.35212, 79.98819, 0.0 ], [ 31.698763, 77.36885, 0.0 ], [ 28.154, 74.344284, 0.0 ], [ 24.064703, 71.21107, 0.0 ], [ 19.831314, 68.27519, 0.0 ], [ 15.868093, 65.82451, 0.0 ], [ 12.563018, 64.098915, 0.0 ], [ 10.2396145, 63.267204, 0.0 ], [ 9.125336, 63.4108, 0.0 ], [ 9.329275, 64.51555, 0.0 ], [ 10.831359, 66.473625, 0.0 ], [ 13.484702, 69.092896, 0.0 ], [ 17.029476, 72.11743, 0.0 ], [ 21.118717, 75.2508, 0.0 ], [ 25.35215, 78.18655, 0.0 ], [ 29.315344, 80.637085, 0.0 ], [ 32.62049, 82.3628, 0.0 ], [ 34.94384, 83.194565, 0.0 ]] 
boundary 1: [[ 36.05814, 44.94899, 0.0 ], [ 34.94387, 44.80551, 0.0 ], [ 32.6205, 45.637177, 0.0 ], [ 29.315327, 47.362885, 0.0 ], [ 25.352127, 49.813454, 0.0 ], [ 21.118721, 52.74918, 0.0 ], [ 17.029472, 55.882603, 0.0 ], [ 13.484707, 58.90706, 0.0 ], [ 10.831385, 61.526447, 0.0 ], [ 9.329235, 63.484306, 0.0 ], [ 9.125351, 64.58917, 0.0 ], [ 10.239627, 64.73281, 0.0 ], [ 12.562962, 63.900875, 0.0 ], [ 15.868084, 62.175385, 0.0 ], [ 19.831345, 59.72486, 0.0 ], [ 24.064743, 56.78913, 0.0 ], [ 28.153994, 53.655663, 0.0 ], [ 31.69875, 50.63118, 0.0 ], [ 34.352097, 48.011837, 0.0 ], [ 35.85426, 46.053867, 0.0 ]] 
boundary 0: [[ 36.958138, 81.75124, 0.0 ], [ 36.700466, 80.65766, 0.0 ], [ 35.104446, 78.77548, 0.0 ], [ 32.32623, 76.28897, 0.0 ], [ 28.637856, 73.441284, 0.0 ], [ 24.400293, 70.5117, 0.0 ], [ 20.028458, 67.786255, 0.0 ], [ 15.950183, 65.53223, 0.0 ], [ 12.564708, 63.970253, 0.0 ], [ 10.203429, 63.25311, 0.0 ], [ 9.097501, 63.450996, 0.0 ], [ 9.355197, 64.54445, 0.0 ], [ 10.951198, 66.42677, 0.0 ], [ 13.7294, 68.91321, 0.0 ], [ 17.417778, 71.76087, 0.0 ], [ 21.655296, 74.69061, 0.0 ], [ 26.027166, 77.41591, 0.0 ], [ 30.105406, 79.66979, 0.0 ], [ 33.49096, 81.23188, 0.0 ], [ 35.852192, 81.9491, 0.0 ]] 
boundary 1: [[ 36.95813, 46.24876, 0.0 ], [ 35.85222, 46.05098, 0.0 ], [ 33.490967, 46.768097, 0.0 ], [ 30.105392, 48.330177, 0.0 ], [ 26.027145, 50.584084, 0.0 ], [ 21.6553, 53.30938, 0.0 ], [ 17.417774, 56.239178, 0.0 ], [ 13.729408, 59.086735, 0.0 ], [ 10.951221, 61.5733, 0.0 ], [ 9.355165, 63.45539, 0.0 ], [ 9.097517, 64.54897, 0.0 ], [ 10.203441, 64.7469, 0.0 ], [ 12.564662, 64.02953, 0.0 ], [ 15.950176, 62.467655, 0.0 ], [ 20.028484, 60.21379, 0.0 ], [ 24.40032, 57.488506, 0.0 ], [ 28.63785, 54.558662, 0.0 ], [ 32.326214, 51.711067, 0.0 ], [ 35.104424, 49.224552, 0.0 ], [ 36.700497, 47.342346, 0.0 ]] 
boundary 0: [[ 38.18753, 79.72093, 0.0 ], [ 37.85032, 78.649185, 0.0 ], [ 36.12053, 76.889175, 0.0 ], [ 33.167404, 74.61317, 0.0 ], [ 29.280052, 72.04375, 0.0 ], [ 24.839003, 69.4329, 0.0 ], [ 20.279009, 67.0355, 0.0 ], [ 16.046375, 65.08672, 0.0 ], [ 12.555436, 63.7773, 0.0 ], [ 10.147912, 63.235306, 0.0 ], [ 9.059479, 63.513794, 0.0 ], [ 9.396693, 64.58538, 0.0 ], [ 11.126479, 66.34557, 0.0 ], [ 14.0795965, 68.62149, 0.0 ], [ 17.966934, 71.190926, 0.0 ], [ 22.407955, 73.80191, 0.0 ], [ 26.967972, 76.19915, 0.0 ], [ 31.200565, 78.14778, 0.0 ], [ 34.69159, 79.45731, 0.0 ], [ 37.099075, 79.99938, 0.0 ]] 
boundary 1: [[ 38.187523, 48.279068, 0.0 ], [ 37.099087, 48.000698, 0.0 ], [ 34.691597, 48.542664, 0.0 ], [ 31.200552, 49.852184, 0.0 ], [ 26.96795, 51.800842, 0.0 ], [ 22.407963, 54.198082, 0.0 ], [ 17.966928, 56.809135, 0.0 ], [ 14.079609, 59.378445, 0.0 ], [ 11.126496, 61.65451, 0.0 ], [ 9.396675, 63.41444, 0.0 ], [ 9.059498, 64.48618, 0.0 ], [ 10.1479225, 64.7647, 0.0 ], [ 12.555408, 64.22248, 0.0 ], [ 16.046375, 62.913166, 0.0 ], [ 20.279036, 60.96455, 0.0 ], [ 24.839014, 58.56732, 0.0 ], [ 29.28005, 55.956223, 0.0 ], [ 33.167385, 53.386875, 0.0 ], [ 36.120506, 51.11087, 0.0 ], [ 37.85035, 49.350815, 0.0 ]] 
boundary 0: [[ 39.33139, 77.461105, 0.0 ], [ 38.911324, 76.41903, 0.0 ], [ 37.04908, 74.79983, 0.0 ], [ 33.92686, 72.761955, 0.0 ], [ 29.85031, 70.50471, 0.0 ], [ 25.218525, 68.24949, 0.0 ], [ 20.484867, 66.216385, 0.0 ], [ 16.112682, 64.6049, 0.0 ], [ 12.52996, 63.57274, 0.0 ], [ 10.087397, 63.220856, 0.0 ], [ 9.024102, 63.58369, 0.0 ], [ 9.4441595, 64.62559, 0.0 ], [ 11.306417, 66.24499, 0.0 ], [ 14.428619, 68.28275, 0.0 ], [ 18.50515, 70.54003, 0.0 ], [ 23.136919, 72.79539, 0.0 ], [ 27.87059, 74.82833, 0.0 ], [ 32.24273, 76.43968, 0.0 ], [ 35.825546, 77.47194, 0.0 ], [ 38.268066, 77.8239, 0.0 ]] 
boundary 1: [[ 39.331383, 50.5389, 0.0 ], [ 38.26807, 50.176186, 0.0 ], [ 35.825554, 50.52804, 0.0 ], [ 32.242714, 51.560287, 0.0 ], [ 27.87057, 53.17166, 0.0 ], [ 23.136929, 55.204605, 0.0 ], [ 18.505138, 57.46003, 0.0 ], [ 14.428638, 59.717175, 0.0 ], [ 11.306427, 61.755096, 0.0 ], [ 9.444157, 63.37423, 0.0 ], [ 9.024124, 64.41629, 0.0 ], [ 10.087406, 64.77916, 0.0 ], [ 12.529946, 64.427025, 0.0 ], [ 16.112694, 63.394997, 0.0 ], [ 20.484888, 61.78367, 0.0 ], [ 25.218521, 59.75073, 0.0 ], [ 29.85031, 57.495262, 0.0 ], [ 33.926838, 55.238083, 0.0 ], [ 37.04905, 53.20021, 0.0 ], [ 38.911354, 51.58097, 0.0 ]] 
boundary 0: [[ 40.32853, 75.0263, 0.0 ], [ 39.825127, 74.02183, 0.0 ], [ 37.837402, 72.559395, 0.0 ], [ 34.559822, 70.78213, 0.0 ], [ 30.313242, 68.8638, 0.0 ], [ 25.513432, 66.99265, 0.0 ], [ 20.630136, 65.35114, 0.0 ], [ 16.141403, 64.10048, 0.0 ], [ 12.486625, 63.36303, 0.0 ], [ 10.023538, 63.210907, 0.0 ], [ 8.993264, 63.658997, 0.0 ], [ 9.496644, 64.66329, 0.0 ], [ 11.484404, 66.12591, 0.0 ], [ 14.7619505, 67.90309, 0.0 ], [ 19.008514, 69.82144, 0.0 ], [ 23.808321, 71.69273, 0.0 ], [ 28.691612, 73.33406, 0.0 ], [ 33.18029, 74.5846, 0.0 ], [ 36.835186, 75.32214, 0.0 ], [ 39.298225, 75.47434, 0.0 ]] 
boundary 1: [[ 40.32852, 52.9737, 0.0 ], [ 39.298218, 52.52575, 0.0 ], [ 36.835194, 52.67784, 0.0 ], [ 33.180275, 53.41536, 0.0 ], [ 28.691591, 54.66592, 0.0 ], [ 23.808334, 56.307262, 0.0 ], [ 19.0085, 58.178623, 0.0 ], [ 14.761976, 60.09685, 0.0 ], [ 11.4844055, 61.87418, 0.0 ], [ 9.496654, 63.336525, 0.0 ], [ 8.993287, 64.34099, 0.0 ], [ 10.023546, 64.78911, 0.0 ], [ 12.48663, 64.63672, 0.0 ], [ 16.141424, 63.89942, 0.0 ], [ 20.630156, 62.64891, 0.0 ], [ 25.513409, 61.00758, 0.0 ], [ 30.313242, 59.136166, 0.0 ], [ 34.5598, 57.217915, 0.0 ], [ 37.83737, 55.44064, 0.0 ], [ 39.825157, 53.97818, 0.0 ]] 
boundary 0: [[ 41.005035, 72.94407, 0.0 ], [ 40.434807, 71.97597, 0.0 ], [ 38.352684, 70.65141, 0.0 ], [ 34.962334, 69.10003, 0.0 ], [ 30.595667, 67.47347, 0.0 ], [ 25.680237, 65.931435, 0.0 ], [ 20.697056, 64.62417, 0.0 ], [ 16.133974, 63.680134, 0.0 ], [ 12.437666, 63.1917, 0.0 ], [ 9.969931, 63.20662, 0.0 ], [ 8.972342, 63.7234, 0.0 ], [ 9.542532, 64.69132, 0.0 ], [ 11.624716, 66.01607, 0.0 ], [ 15.015016, 67.56738, 0.0 ], [ 19.381664, 69.193954, 0.0 ], [ 24.297104, 70.73613, 0.0 ], [ 29.280277, 72.043236, 0.0 ], [ 33.843285, 72.98714, 0.0 ], [ 37.539722, 73.475655, 0.0 ], [ 40.00741, 73.46082, 0.0 ]] 
boundary 1: [[ 41.005028, 55.055916, 0.0 ], [ 40.0074, 54.53927, 0.0 ], [ 37.53973, 54.524334, 0.0 ], [ 33.843277, 55.01282, 0.0 ], [ 29.280258, 55.95675, 0.0 ], [ 24.297121, 57.263863, 0.0 ], [ 19.381641, 58.806114, 0.0 ], [ 15.015047, 60.432568, 0.0 ], [ 11.624711, 61.98402, 0.0 ], [ 9.542555, 63.308495, 0.0 ], [ 8.972365, 64.2766, 0.0 ], [ 9.969936, 64.79343, 0.0 ], [ 12.437689, 64.808044, 0.0 ], [ 16.133999, 64.31978, 0.0 ], [ 20.697071, 63.375896, 0.0 ], [ 25.680206, 62.06879, 0.0 ], [ 30.595669, 60.526497, 0.0 ], [ 34.9623, 58.900013, 0.0 ], [ 38.352646, 57.34862, 0.0 ], [ 40.434837, 56.024033, 0.0 ]] 
boundary 0: [[ 41.408073, 71.40193, 0.0 ], [ 40.790817, 70.463104, 0.0 ], [ 38.645954, 69.24277, 0.0 ], [ 35.183266, 67.86035, 0.0 ], [ 30.74174, 66.450966, 0.0 ], [ 25.75629, 65.15306, 0.0 ], [ 20.71474, 64.09296, 0.0 ], [ 16.110674, 63.37494, 0.0 ], [ 12.394789, 63.06926, 0.0 ], [ 9.930786, 63.20578, 0.0 ], [ 8.959878, 63.771095, 0.0 ], [ 9.577077, 64.70973, 0.0 ], [ 11.722018, 65.93025, 0.0 ], [ 15.18465, 67.31261, 0.0 ], [ 19.626154, 68.722015, 0.0 ], [ 24.611622, 70.02007, 0.0 ], [ 29.653156, 71.079994, 0.0 ], [ 34.257133, 71.79789, 0.0 ], [ 37.973164, 72.10364, 0.0 ], [ 40.43712, 71.96721, 0.0 ]] 
boundary 1: [[ 41.408066, 56.59806, 0.0 ], [ 40.437096, 56.032867, 0.0 ], [ 37.97317, 55.896343, 0.0 ], [ 34.257133, 56.202072, 0.0 ], [ 29.653137, 56.919983, 0.0 ], [ 24.61164, 57.979927, 0.0 ], [ 19.626123, 59.278057, 0.0 ], [ 15.184685, 60.687336, 0.0 ], [ 11.722008, 62.069828, 0.0 ], [ 9.577109, 63.29007, 0.0 ], [ 8.959901, 64.22891, 0.0 ], [ 9.93079, 64.794266, 0.0 ], [ 12.394824, 64.93047, 0.0 ], [ 16.110706, 64.62498, 0.0 ], [ 20.714752, 63.907116, 0.0 ], [ 25.756248, 62.847176, 0.0 ], [ 30.741743, 61.548996, 0.0 ], [ 35.183228, 60.13969, 0.0 ], [ 38.645916, 58.757267, 0.0 ], [ 40.790848, 57.536892, 0.0 ]] 
boundary 0: [[ 41.568058, 70.68525, 0.0 ], [ 40.929634, 69.7607, 0.0 ], [ 38.757607, 68.589386, 0.0 ], [ 35.26442, 67.285965, 0.0 ], [ 30.79203, 65.97779, 0.0 ], [ 25.778402, 64.79344, 0.0 ], [ 20.714071, 63.84809, 0.0 ], [ 16.09489, 63.234818, 0.0 ], [ 12.373016, 63.013603, 0.0 ], [ 9.91275, 63.206043, 0.0 ], [ 8.954931, 63.793262, 0.0 ], [ 9.5932865, 64.717636, 0.0 ], [ 11.765391, 65.88914, 0.0 ], [ 15.258524, 67.1925, 0.0 ], [ 19.730885, 68.50066, 0.0 ], [ 24.744545, 69.68518, 0.0 ], [ 29.808851, 70.63034, 0.0 ], [ 34.42794, 71.24351, 0.0 ], [ 38.14997, 71.4648, 0.0 ], [ 40.610184, 71.27244, 0.0 ]] 
boundary 1: [[ 41.568054, 57.314728, 0.0 ], [ 40.61016, 56.72763, 0.0 ], [ 38.14998, 56.535194, 0.0 ], [ 34.42794, 56.75645, 0.0 ], [ 29.808834, 57.36963, 0.0 ], [ 24.744564, 58.31481, 0.0 ], [ 19.730854, 59.49939, 0.0 ], [ 15.25856, 60.80744, 0.0 ], [ 11.765379, 62.110943, 0.0 ], [ 9.593323, 63.28216, 0.0 ], [ 8.954954, 64.20674, 0.0 ], [ 9.912753, 64.794, 0.0 ], [ 12.373059, 64.98613, 0.0 ], [ 16.094925, 64.7651, 0.0 ], [ 20.714083, 64.15199, 0.0 ], [ 25.778357, 63.2068, 0.0 ], [ 30.792036, 62.02217, 0.0 ], [ 35.26438, 60.71409, 0.0 ], [ 38.75757, 59.410656, 0.0 ], [ 40.929665, 58.2393, 0.0 ]] 
boundary 0: [[ 41.534134, 70.84381, 0.0 ], [ 40.90036, 69.91607, 0.0 ], [ 38.73423, 68.73389, 0.0 ], [ 35.24762, 67.41296, 0.0 ], [ 30.781845, 66.08235, 0.0 ], [ 25.774227, 64.87292, 0.0 ], [ 20.714695, 63.902157, 0.0 ], [ 16.09865, 63.26572, 0.0 ], [ 12.377932, 63.02584, 0.0 ], [ 9.916729, 63.205948, 0.0 ], [ 8.95598, 63.788353, 0.0 ], [ 9.589694, 64.715904, 0.0 ], [ 11.755895, 65.89832, 0.0 ], [ 15.242447, 67.21918, 0.0 ], [ 19.708187, 68.54974, 0.0 ], [ 24.715847, 69.75939, 0.0 ], [ 29.775347, 70.729935, 0.0 ], [ 34.391304, 71.366264, 0.0 ], [ 38.112183, 71.60621, 0.0 ], [ 40.573326, 71.42619, 0.0 ]] 
boundary 1: [[ 41.534126, 57.156166, 0.0 ], [ 40.573303, 56.573875, 0.0 ], [ 38.11219, 56.39378, 0.0 ], [ 34.391304, 56.633705, 0.0 ], [ 29.77533, 57.270035, 0.0 ], [ 24.715866, 58.24061, 0.0 ], [ 19.70816, 59.450314, 0.0 ], [ 15.242483, 60.780777, 0.0 ], [ 11.755882, 62.101784, 0.0 ], [ 9.589729, 63.28387, 0.0 ], [ 8.956003, 64.21165, 0.0 ], [ 9.916732, 64.7941, 0.0 ], [ 12.3779745, 64.97386, 0.0 ], [ 16.098684, 64.7342, 0.0 ], [ 20.714706, 64.097946, 0.0 ], [ 25.774181, 63.127357, 0.0 ], [ 30.78185, 61.91759, 0.0 ], [ 35.24758, 60.587097, 0.0 ], [ 38.73419, 59.26616, 0.0 ], [ 40.90039, 58.08393, 0.0 ]] 
boundary 0: [[ 41.402367, 71.42618, 0.0 ], [ 40.78586, 70.4869, 0.0 ], [ 38.6419, 69.264915, 0.0 ], [ 35.180298, 67.87982, 0.0 ], [ 30.739836, 66.46698, 0.0 ], [ 25.755405, 65.16529, 0.0 ], [ 20.714663, 64.10126, 0.0 ], [ 16.111156, 63.37969, 0.0 ], [ 12.395504, 63.07115, 0.0 ], [ 9.931394, 63.20578, 0.0 ], [ 8.960054, 63.770344, 0.0 ], [ 9.576536, 64.70944, 0.0 ], [ 11.72053, 65.931656, 0.0 ], [ 15.1820965, 67.316666, 0.0 ], [ 19.622505, 68.72947, 0.0 ], [ 24.606972, 70.03138, 0.0 ], [ 29.647692, 71.09519, 0.0 ], [ 34.25109, 71.81664, 0.0 ], [ 37.966934, 72.12526, 0.0 ], [ 40.430965, 71.99072, 0.0 ]] 
boundary 1: [[ 41.40236, 56.57379, 0.0 ], [ 40.430946, 56.00935, 0.0 ], [ 37.96694, 55.87473, 0.0 ], [ 34.25109, 56.183323, 0.0 ], [ 29.647675, 56.90479, 0.0 ], [ 24.60699, 57.968616, 0.0 ], [ 19.622478, 59.270584, 0.0 ], [ 15.182133, 60.683285, 0.0 ], [ 11.720518, 62.068455, 0.0 ], [ 9.576562, 63.290337, 0.0 ], [ 8.960077, 64.22967, 0.0 ], [ 9.9313965, 64.794266, 0.0 ], [ 12.395542, 64.92855, 0.0 ], [ 16.11119, 64.620224, 0.0 ], [ 20.714678, 63.89885, 0.0 ], [ 25.755367, 62.83499, 0.0 ], [ 30.73984, 61.53296, 0.0 ], [ 35.18026, 60.120224, 0.0 ], [ 38.64186, 58.73513, 0.0 ], [ 40.78589, 57.513107, 0.0 ]] 
boundary 0: [[ 41.102562, 72.59813, 0.0 ], [ 40.521606, 71.63645, 0.0 ], [ 38.424873, 70.33511, 0.0 ], [ 35.017494, 68.82151, 0.0 ], [ 30.633003, 67.24354, 0.0 ], [ 25.700743, 65.756325, 0.0 ], [ 20.703335, 64.50448, 0.0 ], [ 16.130035, 63.611206, 0.0 ], [ 12.428525, 63.163902, 0.0 ], [ 9.961105, 63.20626, 0.0 ], [ 8.969326, 63.734097, 0.0 ], [ 9.550247, 64.6956, 0.0 ], [ 11.647024, 65.99716, 0.0 ], [ 15.054359, 67.51069, 0.0 ], [ 19.43882, 69.08859, 0.0 ], [ 24.371094, 70.576035, 0.0 ], [ 29.368492, 71.82767, 0.0 ], [ 33.941685, 72.7208, 0.0 ], [ 37.643383, 73.1682, 0.0 ], [ 40.110725, 73.125946, 0.0 ]] 
boundary 1: [[ 41.102554, 55.401848, 0.0 ], [ 40.11071, 54.87414, 0.0 ], [ 37.64339, 54.831776, 0.0 ], [ 33.941677, 55.279163, 0.0 ], [ 29.368475, 56.17231, 0.0 ], [ 24.371113, 57.423954, 0.0 ], [ 19.438793, 58.91146, 0.0 ], [ 15.054394, 60.48927, 0.0 ], [ 11.647016, 62.002956, 0.0 ], [ 9.550264, 63.304176, 0.0 ], [ 8.969349, 64.26591, 0.0 ], [ 9.961109, 64.79378, 0.0 ], [ 12.428555, 64.8358, 0.0 ], [ 16.130068, 64.38869, 0.0 ], [ 20.70335, 63.49563, 0.0 ], [ 25.700714, 62.243965, 0.0 ], [ 30.633007, 60.75639, 0.0 ], [ 35.017456, 59.178543, 0.0 ], [ 38.424835, 57.66494, 0.0 ], [ 40.521637, 56.363567, 0.0 ]] 
boundary 0: [[ 40.651184, 74.09266, 0.0 ], [ 40.117325, 73.10407, 0.0 ], [ 38.085854, 71.70304, 0.0 ], [ 34.75551, 70.02673, 0.0 ], [ 30.452303, 68.23896, 0.0 ], [ 25.597584, 66.515396, 0.0 ], [ 20.666428, 65.02377, 0.0 ], [ 16.14158, 63.91079, 0.0 ], [ 12.465976, 63.285324, 0.0 ], [ 9.999387, 63.208523, 0.0 ], [ 8.983287, 63.687878, 0.0 ], [ 9.517116, 64.67631, 0.0 ], [ 11.54862, 66.07756, 0.0 ], [ 14.8789215, 67.75379, 0.0 ], [ 19.1821, 69.54152, 0.0 ], [ 24.036825, 71.265305, 0.0 ], [ 28.967981, 72.7567, 0.0 ], [ 33.49272, 73.869545, 0.0 ], [ 37.168518, 74.49512, 0.0 ], [ 39.635025, 74.57201, 0.0 ]] 
boundary 1: [[ 40.651176, 53.90729, 0.0 ], [ 39.635017, 53.428078, 0.0 ], [ 37.168526, 53.504868, 0.0 ], [ 33.492714, 54.130417, 0.0 ], [ 28.967964, 55.243275, 0.0 ], [ 24.036844, 56.734688, 0.0 ], [ 19.182083, 58.45856, 0.0 ], [ 14.878954, 60.246162, 0.0 ], [ 11.548617, 61.92256, 0.0 ], [ 9.517123, 63.32348, 0.0 ], [ 8.98331, 64.31213, 0.0 ], [ 9.999392, 64.79151, 0.0 ], [ 12.46599, 64.71438, 0.0 ], [ 16.141607, 64.0891, 0.0 ], [ 20.666447, 62.976334, 0.0 ], [ 25.597565, 61.4849, 0.0 ], [ 30.452305, 59.76097, 0.0 ], [ 34.75547, 57.97332, 0.0 ], [ 38.085815, 56.296997, 0.0 ], [ 40.117355, 54.895927, 0.0 ]] 
boundary 0: [[ 40.068512, 75.718346, 0.0 ], [ 39.588196, 74.70267, 0.0 ], [ 37.63442, 73.19516, 0.0 ], [ 34.398327, 71.34344, 0.0 ], [ 30.19671, 69.32845, 0.0 ], [ 25.440937, 67.34815, 0.0 ], [ 20.596458, 65.59537, 0.0 ], [ 16.137487, 64.24238, 0.0 ], [ 12.500521, 63.421566, 0.0 ], [ 10.04155, 63.213177, 0.0 ], [ 9.001307, 63.6376, 0.0 ], [ 9.481601, 64.653114, 0.0 ], [ 11.435392, 66.160835, 0.0 ], [ 14.671446, 68.01249, 0.0 ], [ 18.873041, 70.02741, 0.0 ], [ 23.628807, 72.00795, 0.0 ], [ 28.473299, 73.760506, 0.0 ], [ 32.93217, 75.11335, 0.0 ], [ 36.569324, 75.93428, 0.0 ], [ 39.028206, 76.14275, 0.0 ]] 
boundary 1: [[ 40.068497, 52.28161, 0.0 ], [ 39.028202, 51.857338, 0.0 ], [ 36.569332, 52.06571, 0.0 ], [ 32.932163, 52.88662, 0.0 ], [ 28.473282, 54.23947, 0.0 ], [ 23.628826, 55.992043, 0.0 ], [ 18.873024, 57.972656, 0.0 ], [ 14.671477, 59.987465, 0.0 ], [ 11.435396, 61.83928, 0.0 ], [ 9.481595, 63.34666, 0.0 ], [ 9.001329, 64.36241, 0.0 ], [ 10.041557, 64.78686, 0.0 ], [ 12.500519, 64.57813, 0.0 ], [ 16.137508, 63.75751, 0.0 ], [ 20.596483, 62.40473, 0.0 ], [ 25.440939, 60.652145, 0.0 ], [ 30.196712, 58.671482, 0.0 ], [ 34.39829, 56.656624, 0.0 ], [ 37.63438, 54.80488, 0.0 ], [ 39.588226, 53.29734, 0.0 ]] 
boundary 0: [[ 39.30242, 77.52422, 0.0 ], [ 38.88459, 76.4813, 0.0 ], [ 37.02583, 74.85808, 0.0 ], [ 33.90798, 72.813515, 0.0 ], [ 29.836288, 70.547455, 0.0 ], [ 25.209358, 68.2824, 0.0 ], [ 20.480087, 66.23906, 0.0 ], [ 16.111368, 64.61816, 0.0 ], [ 12.530873, 63.57831, 0.0 ], [ 10.089066, 63.221188, 0.0 ], [ 9.024999, 63.58174, 0.0 ], [ 9.442826, 64.62452, 0.0 ], [ 11.301591, 66.24793, 0.0 ], [ 14.419401, 68.29244, 0.0 ], [ 18.491072, 70.55846, 0.0 ], [ 23.117983, 72.82373, 0.0 ], [ 27.847284, 74.86682, 0.0 ], [ 32.215908, 76.48759, 0.0 ], [ 35.796593, 77.52756, 0.0 ], [ 38.238297, 77.88477, 0.0 ]] 
boundary 1: [[ 39.302406, 50.475727, 0.0 ], [ 38.238297, 50.11532, 0.0 ], [ 35.7966, 50.472424, 0.0 ], [ 32.2159, 51.51238, 0.0 ], [ 27.847267, 53.133144, 0.0 ], [ 23.118002, 55.17626, 0.0 ], [ 18.491058, 57.44164, 0.0 ], [ 14.41943, 59.70752, 0.0 ], [ 11.3016, 61.752167, 0.0 ], [ 9.442807, 63.375256, 0.0 ], [ 9.025022, 64.41825, 0.0 ], [ 10.089075, 64.77885, 0.0 ], [ 12.530852, 64.42138, 0.0 ], [ 16.111383, 63.38172, 0.0 ], [ 20.480118, 61.761032, 0.0 ], [ 25.209381, 59.717903, 0.0 ], [ 29.836287, 57.452484, 0.0 ], [ 33.907944, 55.186546, 0.0 ], [ 37.02579, 53.14196, 0.0 ], [ 38.88462, 51.518715, 0.0 ]] 
boundary 0: [[ 38.435078, 79.26755, 0.0 ], [ 38.08078, 78.20137, 0.0 ], [ 36.3231, 76.469215, 0.0 ], [ 33.33397, 74.24067, 0.0 ], [ 29.406076, 71.73363, 0.0 ], [ 24.923882, 69.19417, 0.0 ], [ 20.326178, 66.86984, 0.0 ], [ 16.062956, 64.98892, 0.0 ], [ 12.551547, 63.735428, 0.0 ], [ 10.135664, 63.231968, 0.0 ], [ 9.051823, 63.527824, 0.0 ], [ 9.406123, 64.59386, 0.0 ], [ 11.163797, 66.32623, 0.0 ], [ 14.1528845, 68.554695, 0.0 ], [ 18.080772, 71.061676, 0.0 ], [ 22.562931, 73.60137, 0.0 ], [ 27.160675, 75.925446, 0.0 ], [ 31.423819, 77.80623, 0.0 ], [ 34.935406, 79.059845, 0.0 ], [ 37.351173, 79.5634, 0.0 ]] 
boundary 1: [[ 38.435062, 48.732395, 0.0 ], [ 37.35118, 48.43669, 0.0 ], [ 34.935413, 48.94012, 0.0 ], [ 31.42381, 50.193733, 0.0 ], [ 27.16065, 52.07454, 0.0 ], [ 22.56295, 54.39862, 0.0 ], [ 18.080763, 56.938393, 0.0 ], [ 14.152911, 59.44527, 0.0 ], [ 11.163813, 61.673878, 0.0 ], [ 9.406091, 63.405914, 0.0 ], [ 9.051845, 64.47216, 0.0 ], [ 10.135676, 64.76806, 0.0 ], [ 12.551507, 64.26425, 0.0 ], [ 16.062962, 63.01096, 0.0 ], [ 20.326218, 61.130234, 0.0 ], [ 24.923922, 58.806137, 0.0 ], [ 29.406067, 56.266308, 0.0 ], [ 33.33394, 53.759384, 0.0 ], [ 36.323063, 51.53083, 0.0 ], [ 38.08081, 49.798645, 0.0 ]] 
boundary 0: [[ 37.54446, 80.82476, 0.0 ], [ 37.249844, 79.74058, 0.0 ], [ 35.590935, 77.91363, 0.0 ], [ 32.729996, 75.52273, 0.0 ], [ 28.947193, 72.80168, 0.0 ], [ 24.612736, 70.01756, 0.0 ], [ 20.151016, 67.441795, 0.0 ], [ 15.998674, 65.327354, 0.0 ], [ 12.562191, 63.881042, 0.0 ], [ 10.177948, 63.24437, 0.0 ], [ 9.079366, 63.47966, 0.0 ], [ 9.373999, 64.563705, 0.0 ], [ 11.032889, 66.39089, 0.0 ], [ 13.893783, 68.7817, 0.0 ], [ 17.676588, 71.50266, 0.0 ], [ 22.010998, 74.28703, 0.0 ], [ 26.472767, 76.862526, 0.0 ], [ 30.625038, 78.976845, 0.0 ], [ 34.06169, 80.423294, 0.0 ], [ 36.445816, 81.06005, 0.0 ]] 
boundary 1: [[ 37.544437, 47.17517, 0.0 ], [ 36.44583, 46.94004, 0.0 ], [ 34.0617, 47.57667, 0.0 ], [ 30.625025, 49.023113, 0.0 ], [ 26.47274, 51.13746, 0.0 ], [ 22.011017, 53.71296, 0.0 ], [ 17.67658, 56.4974, 0.0 ], [ 13.893808, 59.21827, 0.0 ], [ 11.03291, 61.609215, 0.0 ], [ 9.373953, 63.43607, 0.0 ], [ 9.079386, 64.52031, 0.0 ], [ 10.17796, 64.75565, 0.0 ], [ 12.562133, 64.118645, 0.0 ], [ 15.998674, 62.672527, 0.0 ], [ 20.151068, 60.55825, 0.0 ], [ 24.612793, 57.98275, 0.0 ], [ 28.947176, 55.198242, 0.0 ], [ 32.729965, 52.477337, 0.0 ], [ 35.590904, 50.086433, 0.0 ], [ 37.249874, 48.25943, 0.0 ]] 
boundary 0: [[ 36.716217, 82.1142, 0.0 ], [ 36.473305, 81.01727, 0.0 ], [ 34.902832, 79.11375, 0.0 ], [ 32.158394, 76.58999, 0.0 ], [ 28.50878, 73.69274, 0.0 ], [ 24.311113, 70.706375, 0.0 ], [ 19.976456, 67.9221, 0.0 ], [ 15.928965, 65.613266, 0.0 ], [ 12.564877, 64.005745, 0.0 ], [ 10.213478, 63.25681, 0.0 ], [ 9.104981, 63.439777, 0.0 ], [ 9.347917, 64.536575, 0.0 ], [ 10.918364, 66.44031, 0.0 ], [ 13.662757, 68.96398, 0.0 ], [ 17.312384, 71.86115, 0.0 ], [ 21.509989, 74.84777, 0.0 ], [ 25.844711, 77.63178, 0.0 ], [ 29.892132, 79.94048, 0.0 ], [ 33.256386, 81.54814, 0.0 ], [ 35.60767, 82.297165, 0.0 ]] 
boundary 1: [[ 36.716187, 45.885735, 0.0 ], [ 35.607685, 45.702927, 0.0 ], [ 33.256393, 46.451813, 0.0 ], [ 29.892115, 48.05948, 0.0 ], [ 25.84468, 50.368195, 0.0 ], [ 21.510008, 53.152218, 0.0 ], [ 17.31238, 56.138916, 0.0 ], [ 13.662783, 59.035973, 0.0 ], [ 10.918392, 61.5598, 0.0 ], [ 9.347859, 63.463207, 0.0 ], [ 9.104999, 64.56019, 0.0 ], [ 10.213491, 64.74322, 0.0 ], [ 12.564802, 63.993954, 0.0 ], [ 15.928961, 62.38662, 0.0 ], [ 19.97651, 60.07796, 0.0 ], [ 24.31118, 57.293938, 0.0 ], [ 28.508755, 54.307167, 0.0 ], [ 32.158363, 51.41008, 0.0 ], [ 34.90281, 48.88629, 0.0 ], [ 36.473335, 46.98274, 0.0 ]] 
boundary 0: [[ 36.013885, 83.11156, 0.0 ], [ 35.81252, 82.00625, 0.0 ], [ 34.31497, 80.044846, 0.0 ], [ 31.667675, 77.41936, 0.0 ], [ 28.129946, 74.38649, 0.0 ], [ 24.047907, 71.24392, 0.0 ], [ 19.82136, 68.298134, 0.0 ], [ 15.863843, 65.838264, 0.0 ], [ 12.562786, 64.10499, 0.0 ], [ 10.241312, 63.267906, 0.0 ], [ 9.126702, 63.408928, 0.0 ], [ 9.3280945, 64.51411, 0.0 ], [ 10.825615, 66.47572, 0.0 ], [ 13.47286, 69.10111, 0.0 ], [ 17.010609, 72.133896, 0.0 ], [ 21.092567, 75.276726, 0.0 ], [ 25.319191, 78.22226, 0.0 ], [ 29.276648, 80.68198, 0.0 ], [ 32.57786, 82.4154, 0.0 ], [ 34.89922, 83.25258, 0.0 ]] 
boundary 1: [[ 36.013855, 44.888382, 0.0 ], [ 34.899235, 44.74751, 0.0 ], [ 32.57787, 45.584557, 0.0 ], [ 29.276628, 47.317978, 0.0 ], [ 25.31916, 49.777725, 0.0 ], [ 21.092587, 52.72327, 0.0 ], [ 17.010605, 55.86617, 0.0 ], [ 13.472886, 58.89883, 0.0 ], [ 10.8256445, 61.52438, 0.0 ], [ 9.328029, 63.48567, 0.0 ], [ 9.1267185, 64.591034, 0.0 ], [ 10.241327, 64.73212, 0.0 ], [ 12.5627, 63.894695, 0.0 ], [ 15.863836, 62.16161, 0.0 ], [ 19.821417, 59.701927, 0.0 ], [ 24.047993, 56.75638, 0.0 ], [ 28.129915, 53.613403, 0.0 ], [ 31.667652, 50.58072, 0.0 ], [ 34.314945, 47.955204, 0.0 ], [ 35.81255, 45.99375, 0.0 ]] 
boundary 0: [[ 35.50482, 83.787506, 0.0 ], [ 35.33245, 82.67732, 0.0 ], [ 33.88675, 80.677376, 0.0 ], [ 31.309053, 77.98353, 0.0 ], [ 27.85191, 74.85912, 0.0 ], [ 23.853506, 71.6108, 0.0 ], [ 19.705494, 68.55542, 0.0 ], [ 15.813705, 65.99282, 0.0 ], [ 12.559136, 64.17376, 0.0 ], [ 10.260364, 63.276215, 0.0 ], [ 9.142446, 63.38802, 0.0 ], [ 9.314848, 64.49809, 0.0 ], [ 10.760522, 66.49822, 0.0 ], [ 13.338157, 69.19199, 0.0 ], [ 16.79533, 72.316315, 0.0 ], [ 20.793644, 75.56489, 0.0 ], [ 24.941736, 78.620026, 0.0 ], [ 28.833473, 81.182465, 0.0 ], [ 32.08819, 83.00168, 0.0 ], [ 34.38685, 83.89932, 0.0 ]] 
boundary 1: [[ 35.50479, 44.212425, 0.0 ], [ 34.386864, 44.10077, 0.0 ], [ 32.088196, 44.99827, 0.0 ], [ 28.83345, 46.817497, 0.0 ], [ 24.941706, 49.379963, 0.0 ], [ 20.793663, 52.435112, 0.0 ], [ 16.795328, 55.683754, 0.0 ], [ 13.33818, 58.80795, 0.0 ], [ 10.760554, 61.501884, 0.0 ], [ 9.314775, 63.501686, 0.0 ], [ 9.14246, 64.61193, 0.0 ], [ 10.260381, 64.72381, 0.0 ], [ 12.559044, 63.825924, 0.0 ], [ 15.813697, 62.007042, 0.0 ], [ 19.705551, 59.44464, 0.0 ], [ 23.853603, 56.38949, 0.0 ], [ 27.85188, 53.14077, 0.0 ], [ 31.309036, 50.01655, 0.0 ], [ 33.886726, 47.322655, 0.0 ], [ 35.33248, 45.322685, 0.0 ]] 
