boundary 0: [[ 36.011635, 83.1145, 0.0 ], [ 35.810417, 82.00924, 0.0 ], [ 34.31315, 80.04767, 0.0 ], [ 31.66616, 77.42169, 0.0 ], [ 28.128805, 74.38864, 0.0 ], [ 24.047123, 71.2453, 0.0 ], [ 19.820877, 68.29926, 0.0 ], [ 15.863609, 65.83907, 0.0 ], [ 12.562764, 64.105354, 0.0 ], [ 10.241417, 63.267982, 0.0 ], [ 9.126789, 63.40883, 0.0 ], [ 9.328003, 64.51419, 0.0 ], [ 10.825381, 66.475716, 0.0 ], [ 13.472286, 69.10161, 0.0 ], [ 17.009747, 72.13461, 0.0 ], [ 21.091312, 75.27809, 0.0 ], [ 25.317566, 78.22408, 0.0 ], [ 29.274836, 80.684296, 0.0 ], [ 32.57571, 82.41801, 0.0 ], [ 34.897064, 83.25539, 0.0 ]] 
boundary 1: [[ 36.01168, 44.88555, 0.0 ], [ 34.897068, 44.744625, 0.0 ], [ 32.575695, 45.581966, 0.0 ], [ 29.274822, 47.315693, 0.0 ], [ 25.317574, 49.775932, 0.0 ], [ 21.091309, 52.721935, 0.0 ], [ 17.009686, 55.86532, 0.0 ], [ 13.472289, 58.898403, 0.0 ], [ 10.825343, 61.524227, 0.0 ], [ 9.327996, 63.485817, 0.0 ], [ 9.126817, 64.59124, 0.0 ], [ 10.241423, 64.73204, 0.0 ], [ 12.562803, 63.894684, 0.0 ], [ 15.86363, 62.16095, 0.0 ], [ 19.82087, 59.700714, 0.0 ], [ 24.047152, 56.754753, 0.0 ], [ 28.12875, 53.61126, 0.0 ], [ 31.666151, 50.578228, 0.0 ], [ 34.31314, 47.952396, 0.0 ], [ 35.810455, 45.99086, 0.0 ]] 
boundary 0: [[ 39.933365, 76.05985, 0.0 ], [ 39.464664, 75.03887, 0.0 ], [ 37.52821, 73.509254, 0.0 ], [ 34.313286, 71.620705, 0.0 ], [ 30.134928, 69.55829, 0.0 ], [ 25.40188, 67.52384, 0.0 ], [ 20.577648, 65.71636, 0.0 ], [ 16.134333, 64.31296, 0.0 ], [ 12.50693, 63.45081, 0.0 ], [ 10.050511, 63.21449, 0.0 ], [ 9.005496, 63.627014, 0.0 ], [ 9.474218, 64.6481, 0.0 ], [ 11.410773, 66.17764, 0.0 ], [ 14.625586, 68.066124, 0.0 ], [ 18.804043, 70.12848, 0.0 ], [ 23.537012, 72.16307, 0.0 ], [ 28.361248, 73.97052, 0.0 ], [ 32.80456, 75.37394, 0.0 ], [ 36.432, 76.236084, 0.0 ], [ 38.888428, 76.47241, 0.0 ]] 
boundary 1: [[ 39.9334, 51.940212, 0.0 ], [ 38.888428, 51.527596, 0.0 ], [ 36.43199, 51.763897, 0.0 ], [ 32.804554, 52.626045, 0.0 ], [ 28.361252, 54.029495, 0.0 ], [ 23.537004, 55.836945, 0.0 ], [ 18.803999, 57.871445, 0.0 ], [ 14.625587, 59.93388, 0.0 ], [ 11.410749, 61.822296, 0.0 ], [ 9.474211, 63.351906, 0.0 ], [ 9.005507, 64.37306, 0.0 ], [ 10.05051, 64.785545, 0.0 ], [ 12.506959, 64.54923, 0.0 ], [ 16.13435, 63.687065, 0.0 ], [ 20.57764, 62.283615, 0.0 ], [ 25.401897, 60.47621, 0.0 ], [ 30.1349, 58.44159, 0.0 ], [ 34.31331, 56.379208, 0.0 ], [ 37.52819, 54.4908, 0.0 ], [ 39.46469, 52.961243, 0.0 ]] 
boundary 0: [[ 41.408485, 71.399734, 0.0 ], [ 40.791252, 70.461075, 0.0 ], [ 38.646324, 69.24086, 0.0 ], [ 35.183464, 67.85851, 0.0 ], [ 30.741953, 66.44951, 0.0 ], [ 25.756315, 65.1518, 0.0 ], [ 20.714745, 64.092186, 0.0 ], [ 16.11065, 63.374626, 0.0 ], [ 12.394734, 63.06913, 0.0 ], [ 9.930762, 63.205803, 0.0 ], [ 8.959874, 63.771145, 0.0 ], [ 9.577161, 64.7099, 0.0 ], [ 11.722156, 65.93005, 0.0 ], [ 15.184908, 67.31233, 0.0 ], [ 19.6265, 68.72125, 0.0 ], [ 24.612087, 70.01914, 0.0 ], [ 29.653656, 71.07871, 0.0 ], [ 34.257748, 71.796295, 0.0 ], [ 37.9737, 72.10176, 0.0 ], [ 40.437683, 71.96511, 0.0 ]] 
boundary 1: [[ 41.408516, 56.600323, 0.0 ], [ 40.437683, 56.034904, 0.0 ], [ 37.973694, 55.898216, 0.0 ], [ 34.257744, 56.203697, 0.0 ], [ 29.653656, 56.921307, 0.0 ], [ 24.612076, 57.980892, 0.0 ], [ 19.62647, 59.27867, 0.0 ], [ 15.184908, 60.68767, 0.0 ], [ 11.72214, 62.069893, 0.0 ], [ 9.577152, 63.290104, 0.0 ], [ 8.959874, 64.22893, 0.0 ], [ 9.930756, 64.794235, 0.0 ], [ 12.394755, 64.93092, 0.0 ], [ 16.110668, 64.62539, 0.0 ], [ 20.71474, 63.907784, 0.0 ], [ 25.75632, 62.84826, 0.0 ], [ 30.741943, 61.55035, 0.0 ], [ 35.183495, 60.141407, 0.0 ], [ 38.64631, 58.7592, 0.0 ], [ 40.79126, 57.53904, 0.0 ]] 
boundary 0: [[ 41.876617, 69.006874, 0.0 ], [ 41.1904, 68.11741, 0.0 ], [ 38.959618, 67.06229, 0.0 ], [ 35.402435, 65.9448, 0.0 ], [ 30.867378, 64.87449, 0.0 ], [ 25.798126, 63.95618, 0.0 ], [ 20.691044, 63.279484, 0.0 ], [ 16.04596, 62.91091, 0.0 ], [ 12.317592, 62.8863, 0.0 ], [ 9.870923, 63.208256, 0.0 ], [ 8.945396, 63.84515, 0.0 ], [ 9.631669, 64.734726, 0.0 ], [ 11.86251, 65.78977, 0.0 ], [ 15.4195795, 66.90717, 0.0 ], [ 19.954716, 67.9774, 0.0 ], [ 25.023933, 68.895905, 0.0 ], [ 30.13101, 69.57256, 0.0 ], [ 34.77609, 69.94115, 0.0 ], [ 38.504494, 69.96574, 0.0 ], [ 40.95117, 69.64379, 0.0 ]] 
boundary 1: [[ 41.87664, 58.99319, 0.0 ], [ 40.95117, 58.35622, 0.0 ], [ 38.504486, 58.034252, 0.0 ], [ 34.77608, 58.058834, 0.0 ], [ 30.13101, 58.427467, 0.0 ], [ 25.023914, 59.104134, 0.0 ], [ 19.954693, 60.022522, 0.0 ], [ 15.4195795, 61.092827, 0.0 ], [ 11.862498, 62.21018, 0.0 ], [ 9.6316595, 63.265285, 0.0 ], [ 8.945392, 64.154915, 0.0 ], [ 9.870913, 64.79179, 0.0 ], [ 12.317606, 65.11376, 0.0 ], [ 16.045979, 65.08911, 0.0 ], [ 20.69104, 64.72049, 0.0 ], [ 25.79813, 64.043884, 0.0 ], [ 30.867376, 63.125362, 0.0 ], [ 35.402466, 62.05512, 0.0 ], [ 38.959602, 60.937775, 0.0 ], [ 41.190403, 59.88272, 0.0 ]] 
boundary 0: [[ 42.05711, 67.67495, 0.0 ], [ 41.33452, 66.81477, 0.0 ], [ 39.061813, 65.85327, 0.0 ], [ 35.46125, 64.884605, 0.0 ], [ 30.885633, 64.00369, 0.0 ], [ 25.782595, 63.29686, 0.0 ], [ 20.651802, 62.833008, 0.0 ], [ 15.995415, 62.657806, 0.0 ], [ 12.269244, 62.78817, 0.0 ], [ 9.838071, 63.21154, 0.0 ], [ 8.939815, 63.88634, 0.0 ], [ 9.662466, 64.74663, 0.0 ], [ 11.9352255, 65.70804, 0.0 ], [ 15.5356655, 66.67665, 0.0 ], [ 20.111359, 67.55746, 0.0 ], [ 25.214376, 68.2645, 0.0 ], [ 30.34516, 68.72831, 0.0 ], [ 35.001545, 68.90352, 0.0 ], [ 38.72775, 68.773125, 0.0 ], [ 41.158928, 68.349785, 0.0 ]] 
boundary 1: [[ 42.05713, 60.32511, 0.0 ], [ 41.158928, 59.650223, 0.0 ], [ 38.72775, 59.226856, 0.0 ], [ 35.001537, 59.09646, 0.0 ], [ 30.345158, 59.271717, 0.0 ], [ 25.214357, 59.735542, 0.0 ], [ 20.111338, 60.44246, 0.0 ], [ 15.5356655, 61.323353, 0.0 ], [ 11.935219, 62.291904, 0.0 ], [ 9.6624565, 63.25338, 0.0 ], [ 8.939807, 64.113716, 0.0 ], [ 9.838059, 64.78851, 0.0 ], [ 12.269257, 65.2119, 0.0 ], [ 15.995434, 65.34222, 0.0 ], [ 20.651798, 65.16697, 0.0 ], [ 25.782598, 64.70321, 0.0 ], [ 30.885637, 63.996166, 0.0 ], [ 35.461285, 63.115322, 0.0 ], [ 39.0618, 62.146786, 0.0 ], [ 41.33451, 61.185352, 0.0 ]] 
boundary 0: [[ 42.16341, 66.581406, 0.0 ], [ 41.412018, 65.74629, 0.0 ], [ 39.107964, 64.86254, 0.0 ], [ 35.476562, 64.01676, 0.0 ], [ 30.87366, 63.291824, 0.0 ], [ 25.749548, 62.75878, 0.0 ], [ 20.605959, 62.469513, 0.0 ], [ 15.946312, 62.452618, 0.0 ], [ 12.226723, 62.709507, 0.0 ], [ 9.811338, 63.215225, 0.0 ], [ 8.936527, 63.920162, 0.0 ], [ 9.687991, 64.7554, 0.0 ], [ 11.992101, 65.63903, 0.0 ], [ 15.623371, 66.48477, 0.0 ], [ 20.226345, 67.209595, 0.0 ], [ 25.350445, 67.74287, 0.0 ], [ 30.494019, 68.03208, 0.0 ], [ 35.15367, 68.04898, 0.0 ], [ 38.8733, 67.79206, 0.0 ], [ 41.288696, 67.28638, 0.0 ]] 
boundary 1: [[ 42.16343, 61.418663, 0.0 ], [ 41.288696, 60.713642, 0.0 ], [ 38.8733, 60.207916, 0.0 ], [ 35.153664, 59.950996, 0.0 ], [ 30.494017, 59.967945, 0.0 ], [ 25.350426, 60.257187, 0.0 ], [ 20.226334, 60.790314, 0.0 ], [ 15.623371, 61.51524, 0.0 ], [ 11.992095, 62.360905, 0.0 ], [ 9.68798, 63.244606, 0.0 ], [ 8.936517, 64.079895, 0.0 ], [ 9.811326, 64.78481, 0.0 ], [ 12.226732, 65.29056, 0.0 ], [ 15.946331, 65.54741, 0.0 ], [ 20.605957, 65.53046, 0.0 ], [ 25.749552, 65.24128, 0.0 ], [ 30.873669, 64.70803, 0.0 ], [ 35.476593, 63.983154, 0.0 ], [ 39.10795, 63.13751, 0.0 ], [ 41.412003, 62.253853, 0.0 ]] 
boundary 0: [[ 42.166, 66.548874, 0.0 ], [ 41.413757, 65.714554, 0.0 ], [ 39.108833, 64.83313, 0.0 ], [ 35.476562, 63.990982, 0.0 ], [ 30.872936, 63.27069, 0.0 ], [ 25.748283, 62.742832, 0.0 ], [ 20.604408, 62.45873, 0.0 ], [ 15.94475, 62.446552, 0.0 ], [ 12.225416, 62.707184, 0.0 ], [ 9.810549, 63.215336, 0.0 ], [ 8.936445, 63.921177, 0.0 ], [ 9.688754, 64.75562, 0.0 ], [ 11.993753, 65.636925, 0.0 ], [ 15.625876, 66.479034, 0.0 ], [ 20.229576, 67.19921, 0.0 ], [ 25.354221, 67.727325, 0.0 ], [ 30.498077, 68.011314, 0.0 ], [ 35.157738, 68.02356, 0.0 ], [ 38.877113, 67.76286, 0.0 ], [ 41.291996, 67.254715, 0.0 ]] 
boundary 1: [[ 42.16602, 61.4512, 0.0 ], [ 41.291996, 60.74527, 0.0 ], [ 38.877113, 60.23711, 0.0 ], [ 35.15773, 59.97645, 0.0 ], [ 30.498075, 59.988678, 0.0 ], [ 25.354202, 60.272728, 0.0 ], [ 20.229565, 60.800697, 0.0 ], [ 15.625876, 61.520977, 0.0 ], [ 11.993748, 62.362976, 0.0 ], [ 9.688743, 63.24435, 0.0 ], [ 8.936435, 64.07888, 0.0 ], [ 9.810536, 64.78467, 0.0 ], [ 12.225426, 65.292885, 0.0 ], [ 15.944769, 65.553505, 0.0 ], [ 20.604404, 65.54121, 0.0 ], [ 25.748287, 65.257256, 0.0 ], [ 30.872946, 64.729164, 0.0 ], [ 35.476593, 64.008934, 0.0 ], [ 39.108818, 63.166958, 0.0 ], [ 41.413742, 62.285625, 0.0 ]] 
boundary 0: [[ 42.163773, 66.57707, 0.0 ], [ 41.412224, 65.742065, 0.0 ], [ 39.108093, 64.85865, 0.0 ], [ 35.47657, 64.01331, 0.0 ], [ 30.87357, 63.28899, 0.0 ], [ 25.749382, 62.756657, 0.0 ], [ 20.605759, 62.468052, 0.0 ], [ 15.946102, 62.451794, 0.0 ], [ 12.22655, 62.70919, 0.0 ], [ 9.811236, 63.215237, 0.0 ], [ 8.936513, 63.92029, 0.0 ], [ 9.688097, 64.755424, 0.0 ], [ 11.992319, 65.63872, 0.0 ], [ 15.623709, 66.48401, 0.0 ], [ 20.226772, 67.20822, 0.0 ], [ 25.350967, 67.740814, 0.0 ], [ 30.494566, 68.029305, 0.0 ], [ 35.154213, 68.04559, 0.0 ], [ 38.87381, 67.78813, 0.0 ], [ 41.289146, 67.28213, 0.0 ]] 
boundary 1: [[ 42.16379, 61.42304, 0.0 ], [ 41.289146, 60.717857, 0.0 ], [ 38.87381, 60.211803, 0.0 ], [ 35.154205, 59.95442, 0.0 ], [ 30.494564, 59.970688, 0.0 ], [ 25.350948, 60.25924, 0.0 ], [ 20.22676, 60.791683, 0.0 ], [ 15.623709, 61.516, 0.0 ], [ 11.992313, 62.361187, 0.0 ], [ 9.688086, 63.24455, 0.0 ], [ 8.936502, 64.079765, 0.0 ], [ 9.811224, 64.78477, 0.0 ], [ 12.22656, 65.29092, 0.0 ], [ 15.946121, 65.548225, 0.0 ], [ 20.605755, 65.53188, 0.0 ], [ 25.749386, 65.24343, 0.0 ], [ 30.873579, 64.71087, 0.0 ], [ 35.476597, 63.9866, 0.0 ], [ 39.108078, 63.14147, 0.0 ], [ 41.41221, 62.258118, 0.0 ]] 
boundary 0: [[ 42.13229, 66.94435, 0.0 ], [ 41.3903, 66.10082, 0.0 ], [ 39.0964, 65.1912, 0.0 ], [ 35.474754, 64.304504, 0.0 ], [ 30.88032, 63.527767, 0.0 ], [ 25.762522, 62.937054, 0.0 ], [ 20.622528, 62.58982, 0.0 ], [ 15.963362, 62.520443, 0.0 ], [ 12.241118, 62.735416, 0.0 ], [ 9.820191, 63.213894, 0.0 ], [ 8.937485, 63.908928, 0.0 ], [ 9.679501, 64.75259, 0.0 ], [ 11.973507, 65.66208, 0.0 ], [ 15.59502, 66.54872, 0.0 ], [ 20.18953, 67.32536, 0.0 ], [ 25.307316, 67.91632, 0.0 ], [ 30.447298, 68.26346, 0.0 ], [ 35.106445, 68.33287, 0.0 ], [ 38.828743, 68.11785, 0.0 ], [ 41.249672, 67.6394, 0.0 ]] 
boundary 1: [[ 42.132313, 61.055756, 0.0 ], [ 41.249672, 60.36059, 0.0 ], [ 38.828743, 59.882103, 0.0 ], [ 35.106445, 59.667145, 0.0 ], [ 30.447296, 59.73653, 0.0 ], [ 25.3073, 60.08371, 0.0 ], [ 20.189518, 60.67454, 0.0 ], [ 15.595019, 61.451283, 0.0 ], [ 11.9734955, 62.33782, 0.0 ], [ 9.679489, 63.247395, 0.0 ], [ 8.937475, 64.09114, 0.0 ], [ 9.820179, 64.7861, 0.0 ], [ 12.241128, 65.26468, 0.0 ], [ 15.963381, 65.479576, 0.0 ], [ 20.622524, 65.41011, 0.0 ], [ 25.76253, 65.06304, 0.0 ], [ 30.880327, 64.472084, 0.0 ], [ 35.474785, 63.695385, 0.0 ], [ 39.096382, 62.808918, 0.0 ], [ 41.390285, 61.89934, 0.0 ]] 
boundary 0: [[ 42.156605, 66.664955, 0.0 ], [ 41.40734, 65.82789, 0.0 ], [ 39.10566, 64.938194, 0.0 ], [ 35.47643, 64.082954, 0.0 ], [ 30.87543, 63.346092, 0.0 ], [ 25.752707, 62.799797, 0.0 ], [ 20.609894, 62.497154, 0.0 ], [ 15.950302, 62.4682, 0.0 ], [ 12.230064, 62.71545, 0.0 ], [ 9.813377, 63.214905, 0.0 ], [ 8.936732, 63.91756, 0.0 ], [ 9.686038, 64.75475, 0.0 ], [ 11.987846, 65.644325, 0.0 ], [ 15.616914, 66.49951, 0.0 ], [ 20.217997, 67.236275, 0.0 ], [ 25.340704, 67.782814, 0.0 ], [ 30.483517, 68.085365, 0.0 ], [ 35.143074, 68.11435, 0.0 ], [ 38.863388, 67.86706, 0.0 ], [ 41.28006, 67.36762, 0.0 ]] 
boundary 1: [[ 42.156624, 61.335155, 0.0 ], [ 41.28006, 60.632366, 0.0 ], [ 38.863388, 60.132893, 0.0 ], [ 35.143074, 59.885654, 0.0 ], [ 30.483515, 59.914635, 0.0 ], [ 25.340689, 60.217205, 0.0 ], [ 20.217985, 60.76363, 0.0 ], [ 15.616913, 61.50049, 0.0 ], [ 11.987837, 62.355576, 0.0 ], [ 9.686027, 63.24522, 0.0 ], [ 8.936722, 64.08251, 0.0 ], [ 9.813365, 64.785095, 0.0 ], [ 12.230074, 65.28465, 0.0 ], [ 15.950321, 65.53183, 0.0 ], [ 20.60989, 65.50278, 0.0 ], [ 25.75271, 65.2003, 0.0 ], [ 30.875439, 64.65377, 0.0 ], [ 35.47646, 63.916935, 0.0 ], [ 39.105637, 63.061916, 0.0 ], [ 41.407326, 62.172276, 0.0 ]] 
boundary 0: [[ 42.16198, 66.59896, 0.0 ], [ 41.41102, 65.76342, 0.0 ], [ 39.10752, 64.87842, 0.0 ], [ 35.476547, 64.03065, 0.0 ], [ 30.874044, 63.3032, 0.0 ], [ 25.750216, 62.767395, 0.0 ], [ 20.606789, 62.475292, 0.0 ], [ 15.947151, 62.455887, 0.0 ], [ 12.227428, 62.710747, 0.0 ], [ 9.811772, 63.215153, 0.0 ], [ 8.936565, 63.919605, 0.0 ], [ 9.687584, 64.75528, 0.0 ], [ 11.991209, 65.64013, 0.0 ], [ 15.622019, 66.48785, 0.0 ], [ 20.2246, 67.21521, 0.0 ], [ 25.348423, 67.75125, 0.0 ], [ 30.49184, 68.04327, 0.0 ], [ 35.15145, 68.06271, 0.0 ], [ 38.87125, 67.8078, 0.0 ], [ 41.28689, 67.30343, 0.0 ]] 
boundary 1: [[ 42.162, 61.401154, 0.0 ], [ 41.28689, 60.696575, 0.0 ], [ 38.87125, 60.192146, 0.0 ], [ 35.15145, 59.937294, 0.0 ], [ 30.491838, 59.956734, 0.0 ], [ 25.348408, 60.248768, 0.0 ], [ 20.224588, 60.7847, 0.0 ], [ 15.622019, 61.512135, 0.0 ], [ 11.9911995, 62.359783, 0.0 ], [ 9.6875725, 63.244724, 0.0 ], [ 8.936554, 64.080505, 0.0 ], [ 9.81176, 64.78487, 0.0 ], [ 12.227438, 65.28935, 0.0 ], [ 15.94717, 65.54417, 0.0 ], [ 20.606785, 65.52463, 0.0 ], [ 25.750221, 65.23271, 0.0 ], [ 30.874054, 64.696625, 0.0 ], [ 35.476578, 63.969242, 0.0 ], [ 39.1075, 63.121655, 0.0 ], [ 41.411003, 62.236732, 0.0 ]] 
boundary 0: [[ 42.123993, 67.03326, 0.0 ], [ 41.384384, 66.18766, 0.0 ], [ 39.093033, 65.27169, 0.0 ], [ 35.473816, 64.37502, 0.0 ], [ 30.88154, 63.585598, 0.0 ], [ 25.765396, 62.980762, 0.0 ], [ 20.626373, 62.61934, 0.0 ], [ 15.967424, 62.53711, 0.0 ], [ 12.2446, 62.7418, 0.0 ], [ 9.822366, 63.213585, 0.0 ], [ 8.93774, 63.90618, 0.0 ], [ 9.677423, 64.7519, 0.0 ], [ 11.968909, 65.66772, 0.0 ], [ 15.587959, 66.56432, 0.0 ], [ 20.18031, 67.353645, 0.0 ], [ 25.296444, 67.95875, 0.0 ], [ 30.435457, 68.32008, 0.0 ], [ 35.09438, 68.40234, 0.0 ], [ 38.817276, 68.19761, 0.0 ], [ 41.2395, 67.72587, 0.0 ]] 
boundary 1: [[ 42.124016, 60.966866, 0.0 ], [ 41.2395, 60.274155, 0.0 ], [ 38.817276, 59.80233, 0.0 ], [ 35.09438, 59.597656, 0.0 ], [ 30.435455, 59.67992, 0.0 ], [ 25.296429, 60.041275, 0.0 ], [ 20.180298, 60.646233, 0.0 ], [ 15.587959, 61.43566, 0.0 ], [ 11.968895, 62.332176, 0.0 ], [ 9.677412, 63.248108, 0.0 ], [ 8.93773, 64.093956, 0.0 ], [ 9.822353, 64.78644, 0.0 ], [ 12.244612, 65.2583, 0.0 ], [ 15.967443, 65.462944, 0.0 ], [ 20.62637, 65.380585, 0.0 ], [ 25.7654, 65.019356, 0.0 ], [ 30.881548, 64.41422, 0.0 ], [ 35.473843, 63.62485, 0.0 ], [ 39.09301, 62.72839, 0.0 ], [ 41.38437, 61.8125, 0.0 ]] 
boundary 0: [[ 42.109734, 67.18083, 0.0 ], [ 41.37404, 66.33186, 0.0 ], [ 39.086906, 65.40542, 0.0 ], [ 35.471832, 64.49213, 0.0 ], [ 30.883217, 63.681652, 0.0 ], [ 25.769894, 63.053375, 0.0 ], [ 20.63258, 62.6684, 0.0 ], [ 15.974073, 62.56481, 0.0 ], [ 12.250343, 62.752426, 0.0 ], [ 9.825974, 63.213085, 0.0 ], [ 8.93818, 63.901627, 0.0 ], [ 9.673975, 64.75072, 0.0 ], [ 11.961237, 65.67702, 0.0 ], [ 15.576145, 66.59025, 0.0 ], [ 20.164818, 67.40058, 0.0 ], [ 25.27813, 68.02916, 0.0 ], [ 30.415434, 68.414085, 0.0 ], [ 35.07393, 68.51766, 0.0 ], [ 38.797726, 68.33004, 0.0 ], [ 41.222084, 67.86939, 0.0 ]] 
boundary 1: [[ 42.109756, 60.819286, 0.0 ], [ 41.222084, 60.13063, 0.0 ], [ 38.79772, 59.6699, 0.0 ], [ 35.07393, 59.4823, 0.0 ], [ 30.415432, 59.585957, 0.0 ], [ 25.278114, 59.970863, 0.0 ], [ 20.164806, 60.599266, 0.0 ], [ 15.576145, 61.409737, 0.0 ], [ 11.961223, 62.32284, 0.0 ], [ 9.6739645, 63.249287, 0.0 ], [ 8.93817, 64.09851, 0.0 ], [ 9.825963, 64.786934, 0.0 ], [ 12.250355, 65.24771, 0.0 ], [ 15.9740925, 65.43524, 0.0 ], [ 20.632576, 65.33156, 0.0 ], [ 25.7699, 64.94675, 0.0 ], [ 30.883223, 64.31813, 0.0 ], [ 35.471855, 63.507717, 0.0 ], [ 39.086884, 62.594666, 0.0 ], [ 41.374023, 61.668297, 0.0 ]] 
boundary 0: [[ 41.939827, 68.58509, 0.0 ], [ 41.24196, 67.704765, 0.0 ], [ 38.997543, 66.67917, 0.0 ], [ 35.42587, 65.60864, 0.0 ], [ 30.877094, 64.59823, 0.0 ], [ 25.796135, 63.746933, 0.0 ], [ 20.680578, 63.13763, 0.0 ], [ 16.031061, 62.830395, 0.0 ], [ 12.302691, 62.854958, 0.0 ], [ 9.860493, 63.20914, 0.0 ], [ 8.943435, 63.858192, 0.0 ], [ 9.641392, 64.73864, 0.0 ], [ 11.885948, 65.76411, 0.0 ], [ 15.457453, 66.83456, 0.0 ], [ 20.006298, 67.844826, 0.0 ], [ 25.08722, 68.69645, 0.0 ], [ 30.202774, 69.30567, 0.0 ], [ 34.852272, 69.6129, 0.0 ], [ 38.580704, 69.588326, 0.0 ], [ 41.0229, 69.23416, 0.0 ]] 
boundary 1: [[ 41.939854, 59.415035, 0.0 ], [ 41.0229, 58.76586, 0.0 ], [ 38.580704, 58.411594, 0.0 ], [ 34.852272, 58.387054, 0.0 ], [ 30.202772, 58.69435, 0.0 ], [ 25.087208, 59.30358, 0.0 ], [ 20.006275, 60.155025, 0.0 ], [ 15.457453, 61.165417, 0.0 ], [ 11.885927, 62.23575, 0.0 ], [ 9.641379, 63.26135, 0.0 ], [ 8.943431, 64.141945, 0.0 ], [ 9.860484, 64.79088, 0.0 ], [ 12.30271, 65.14517, 0.0 ], [ 16.031084, 65.16966, 0.0 ], [ 20.68057, 64.86233, 0.0 ], [ 25.79615, 64.253204, 0.0 ], [ 30.87709, 63.40153, 0.0 ], [ 35.425884, 62.391205, 0.0 ], [ 38.99752, 61.32092, 0.0 ], [ 41.24195, 60.295406, 0.0 ]] 
boundary 0: [[ 41.81749, 69.37018, 0.0 ], [ 41.141457, 68.472984, 0.0 ], [ 38.922928, 67.39255, 0.0 ], [ 35.37864, 66.234566, 0.0 ], [ 30.85607, 65.11269, 0.0 ], [ 25.797562, 64.136795, 0.0 ], [ 20.698523, 63.401974, 0.0 ], [ 16.057957, 62.980587, 0.0 ], [ 12.330112, 62.913525, 0.0 ], [ 9.879948, 63.207592, 0.0 ], [ 8.947218, 63.833908, 0.0 ], [ 9.62333, 64.73125, 0.0 ], [ 11.8420105, 65.811554, 0.0 ], [ 15.38613, 66.969444, 0.0 ], [ 19.90878, 68.09118, 0.0 ], [ 24.96724, 69.0674, 0.0 ], [ 30.066273, 69.80214, 0.0 ], [ 34.706818, 70.22353, 0.0 ], [ 38.43474, 70.29059, 0.0 ], [ 40.884903, 69.99653, 0.0 ]] 
boundary 1: [[ 41.817513, 58.629944, 0.0 ], [ 40.884903, 58.003494, 0.0 ], [ 38.434734, 57.709347, 0.0 ], [ 34.706818, 57.776432, 0.0 ], [ 30.06627, 58.197884, 0.0 ], [ 24.967228, 58.932632, 0.0 ], [ 19.908756, 59.90867, 0.0 ], [ 15.386128, 61.030533, 0.0 ], [ 11.841986, 62.188297, 0.0 ], [ 9.623318, 63.268745, 0.0 ], [ 8.947217, 64.16623, 0.0 ], [ 9.87994, 64.79243, 0.0 ], [ 12.330133, 65.086586, 0.0 ], [ 16.057983, 65.019455, 0.0 ], [ 20.698515, 64.597984, 0.0 ], [ 25.797579, 63.86334, 0.0 ], [ 30.85606, 62.88707, 0.0 ], [ 35.378647, 61.76527, 0.0 ], [ 38.922905, 60.60755, 0.0 ], [ 41.14146, 59.5272, 0.0 ]] 
boundary 0: [[ 41.719345, 69.92355, 0.0 ], [ 41.059006, 69.01475, 0.0 ], [ 38.85959, 67.895905, 0.0 ], [ 35.33596, 66.67649, 0.0 ], [ 30.833574, 65.47619, 0.0 ], [ 25.792782, 64.41251, 0.0 ], [ 20.707294, 63.589176, 0.0 ], [ 16.074749, 63.087193, 0.0 ], [ 12.348636, 62.955345, 0.0 ], [ 9.893728, 63.20679, 0.0 ], [ 8.950254, 63.81679, 0.0 ], [ 9.610667, 64.72575, 0.0 ], [ 11.810236, 65.84446, 0.0 ], [ 15.333693, 67.06378, 0.0 ], [ 19.836174, 68.26395, 0.0 ], [ 24.87689, 69.327934, 0.0 ], [ 29.962378, 70.1512, 0.0 ], [ 34.594913, 70.6532, 0.0 ], [ 38.321095, 70.78503, 0.0 ], [ 40.77601, 70.533615, 0.0 ]] 
boundary 1: [[ 41.719368, 58.076572, 0.0 ], [ 40.77601, 57.466434, 0.0 ], [ 38.32109, 57.214916, 0.0 ], [ 34.594913, 57.346775, 0.0 ], [ 29.962378, 57.848827, 0.0 ], [ 24.876879, 58.67209, 0.0 ], [ 19.836143, 59.735897, 0.0 ], [ 15.333691, 60.936207, 0.0 ], [ 11.810207, 62.1554, 0.0 ], [ 9.610655, 63.274242, 0.0 ], [ 8.950254, 64.18334, 0.0 ], [ 9.893721, 64.79323, 0.0 ], [ 12.348657, 65.04477, 0.0 ], [ 16.074776, 64.91286, 0.0 ], [ 20.707287, 64.41078, 0.0 ], [ 25.7928, 63.587624, 0.0 ], [ 30.833559, 62.523575, 0.0 ], [ 35.335968, 61.323345, 0.0 ], [ 38.859573, 60.104195, 0.0 ], [ 41.059013, 58.985443, 0.0 ]] 
boundary 0: [[ 41.48948, 71.046196, 0.0 ], [ 40.86177, 70.11456, 0.0 ], [ 38.70337, 68.91847, 0.0 ], [ 35.225166, 67.574974, 0.0 ], [ 30.768147, 66.21588, 0.0 ], [ 25.76821, 64.974236, 0.0 ], [ 20.715088, 63.97122, 0.0 ], [ 16.103233, 63.30539, 0.0 ], [ 12.384136, 63.041595, 0.0 ], [ 9.921862, 63.205883, 0.0 ], [ 8.957365, 63.782074, 0.0 ], [ 9.585154, 64.71386, 0.0 ], [ 11.743698, 65.9098, 0.0 ], [ 15.221733, 67.25323, 0.0 ], [ 19.67886, 68.61218, 0.0 ], [ 24.678705, 69.854126, 0.0 ], [ 29.73183, 70.85708, 0.0 ], [ 34.343678, 71.52292, 0.0 ], [ 38.06283, 71.7867, 0.0 ], [ 40.525124, 71.62244, 0.0 ]] 
boundary 1: [[ 41.489506, 56.95394, 0.0 ], [ 40.525124, 56.377613, 0.0 ], [ 38.06282, 56.213238, 0.0 ], [ 34.343678, 56.477055, 0.0 ], [ 29.73183, 57.142944, 0.0 ], [ 24.678694, 58.145905, 0.0 ], [ 19.678825, 59.387665, 0.0 ], [ 15.221731, 60.74677, 0.0 ], [ 11.743665, 62.090046, 0.0 ], [ 9.585141, 63.286133, 0.0 ], [ 8.957368, 64.21806, 0.0 ], [ 9.921854, 64.79413, 0.0 ], [ 12.384161, 64.95852, 0.0 ], [ 16.103264, 64.69466, 0.0 ], [ 20.71508, 64.02874, 0.0 ], [ 25.768234, 63.025887, 0.0 ], [ 30.76812, 61.783886, 0.0 ], [ 35.225166, 60.42487, 0.0 ], [ 38.703354, 59.081623, 0.0 ], [ 40.861782, 57.885635, 0.0 ]] 
boundary 0: [[ 41.04256, 72.812195, 0.0 ], [ 40.468323, 71.84669, 0.0 ], [ 38.380707, 70.53095, 0.0 ], [ 34.98369, 68.9937, 0.0 ], [ 30.610289, 67.38574, 0.0 ], [ 25.68821, 65.86449, 0.0 ], [ 20.699596, 64.578476, 0.0 ], [ 16.132563, 63.653965, 0.0 ], [ 12.434221, 63.18114, 0.0 ], [ 9.966603, 63.2065, 0.0 ], [ 8.971188, 63.727455, 0.0 ], [ 9.545503, 64.69312, 0.0 ], [ 11.633267, 66.00873, 0.0 ], [ 15.030125, 67.545906, 0.0 ], [ 19.403645, 69.15372, 0.0 ], [ 24.325607, 70.67527, 0.0 ], [ 29.31423, 71.96122, 0.0 ], [ 33.881268, 72.88573, 0.0 ], [ 37.579655, 73.358536, 0.0 ], [ 40.04728, 73.33321, 0.0 ]] 
boundary 1: [[ 41.042595, 55.18794, 0.0 ], [ 40.047287, 54.66684, 0.0 ], [ 37.579647, 54.641396, 0.0 ], [ 33.88126, 55.11425, 0.0 ], [ 29.314232, 56.038803, 0.0 ], [ 24.3256, 57.32476, 0.0 ], [ 19.403599, 58.846134, 0.0 ], [ 15.030123, 60.454098, 0.0 ], [ 11.633228, 61.99112, 0.0 ], [ 9.54549, 63.306873, 0.0 ], [ 8.971197, 64.272675, 0.0 ], [ 9.966597, 64.79352, 0.0 ], [ 12.434255, 64.81897, 0.0 ], [ 16.132595, 64.34608, 0.0 ], [ 20.699585, 63.421486, 0.0 ], [ 25.688242, 62.13564, 0.0 ], [ 30.61025, 60.61402, 0.0 ], [ 34.98369, 59.006153, 0.0 ], [ 38.3807, 57.46916, 0.0 ], [ 40.468346, 56.153507, 0.0 ]] 
boundary 0: [[ 39.444164, 77.21173, 0.0 ], [ 39.01535, 76.17342, 0.0 ], [ 37.13959, 74.57005, 0.0 ], [ 34.000137, 72.558395, 0.0 ], [ 29.904747, 70.335815, 0.0 ], [ 25.2539, 68.1198, 0.0 ], [ 20.50325, 66.126945, 0.0 ], [ 16.117563, 64.552704, 0.0 ], [ 12.526249, 63.550823, 0.0 ], [ 10.080829, 63.21962, 0.0 ], [ 9.020622, 63.591385, 0.0 ], [ 9.449489, 64.62986, 0.0 ], [ 11.325411, 66.23315, 0.0 ], [ 14.46472, 68.244675, 0.0 ], [ 18.560259, 70.467125, 0.0 ], [ 23.210945, 72.683426, 0.0 ], [ 27.961607, 74.676216, 0.0 ], [ 32.3473, 76.25047, 0.0 ], [ 35.938663, 77.252335, 0.0 ], [ 38.384075, 77.58357, 0.0 ]] 
boundary 1: [[ 39.444214, 50.7884, 0.0 ], [ 38.3841, 50.416466, 0.0 ], [ 35.938644, 50.7476, 0.0 ], [ 32.347294, 51.74951, 0.0 ], [ 27.96161, 53.323814, 0.0 ], [ 23.21094, 55.316605, 0.0 ], [ 18.560186, 57.53273, 0.0 ], [ 14.464718, 59.75533, 0.0 ], [ 11.325352, 61.76672, 0.0 ], [ 9.449475, 63.370136, 0.0 ], [ 9.020652, 64.408745, 0.0 ], [ 10.080828, 64.78042, 0.0 ], [ 12.5262985, 64.44927, 0.0 ], [ 16.1176, 63.447334, 0.0 ], [ 20.503235, 61.873005, 0.0 ], [ 25.253944, 59.880314, 0.0 ], [ 29.90467, 57.663956, 0.0 ], [ 34.000114, 55.441452, 0.0 ], [ 37.139603, 53.430065, 0.0 ], [ 39.0154, 51.826767, 0.0 ]] 
boundary 0: [[ 35.504887, 83.787224, 0.0 ], [ 35.332535, 82.677155, 0.0 ], [ 33.88691, 80.67729, 0.0 ], [ 31.309214, 77.98314, 0.0 ], [ 27.852098, 74.85899, 0.0 ], [ 23.85359, 71.610435, 0.0 ], [ 19.705551, 68.555305, 0.0 ], [ 15.813675, 65.99293, 0.0 ], [ 12.55912, 64.173805, 0.0 ], [ 10.260383, 63.276268, 0.0 ], [ 9.142456, 63.388023, 0.0 ], [ 9.314817, 64.498276, 0.0 ], [ 10.760615, 66.498085, 0.0 ], [ 13.3382, 69.19207, 0.0 ], [ 16.795494, 72.316154, 0.0 ], [ 20.793781, 75.564926, 0.0 ], [ 24.941845, 78.62, 0.0 ], [ 28.833723, 81.1824, 0.0 ], [ 32.088333, 83.0015, 0.0 ], [ 34.38706, 83.89906, 0.0 ]] 
boundary 1: [[ 35.50496, 44.21289, 0.0 ], [ 34.38708, 44.100952, 0.0 ], [ 32.088303, 44.99843, 0.0 ], [ 28.833715, 46.81759, 0.0 ], [ 24.941856, 49.38002, 0.0 ], [ 20.793781, 52.435112, 0.0 ], [ 16.795391, 55.683735, 0.0 ], [ 13.3382, 58.807934, 0.0 ], [ 10.760528, 61.501804, 0.0 ], [ 9.314803, 63.50173, 0.0 ], [ 9.142513, 64.612076, 0.0 ], [ 10.260392, 64.72377, 0.0 ], [ 12.559191, 63.826275, 0.0 ], [ 15.81372, 62.007114, 0.0 ], [ 19.70552, 59.44465, 0.0 ], [ 23.85366, 56.38966, 0.0 ], [ 27.85197, 53.14081, 0.0 ], [ 31.30916, 50.016705, 0.0 ], [ 33.886955, 47.322823, 0.0 ], [ 35.332626, 45.32302, 0.0 ]] 
boundary 0: [[ 36.0114, 83.11473, 0.0 ], [ 35.810204, 82.00953, 0.0 ], [ 34.313004, 80.04798, 0.0 ], [ 31.666033, 77.42186, 0.0 ], [ 28.12875, 74.38878, 0.0 ], [ 24.047016, 71.24543, 0.0 ], [ 19.82084, 68.29933, 0.0 ], [ 15.863569, 65.83915, 0.0 ], [ 12.562756, 64.105385, 0.0 ], [ 10.241428, 63.267998, 0.0 ], [ 9.126791, 63.40882, 0.0 ], [ 9.328, 64.51421, 0.0 ], [ 10.825376, 66.4757, 0.0 ], [ 13.472226, 69.10166, 0.0 ], [ 17.009687, 72.134674, 0.0 ], [ 21.091206, 75.278244, 0.0 ], [ 25.317406, 78.22429, 0.0 ], [ 29.27468, 80.68449, 0.0 ], [ 32.575546, 82.418236, 0.0 ], [ 34.896862, 83.25564, 0.0 ]] 
boundary 1: [[ 36.011467, 44.885384, 0.0 ], [ 34.896885, 44.744377, 0.0 ], [ 32.57552, 45.581696, 0.0 ], [ 29.274672, 47.315506, 0.0 ], [ 25.317415, 49.775738, 0.0 ], [ 21.091206, 52.721794, 0.0 ], [ 17.009588, 55.865215, 0.0 ], [ 13.472226, 58.898342, 0.0 ], [ 10.825291, 61.52419, 0.0 ], [ 9.327986, 63.485798, 0.0 ], [ 9.126845, 64.59128, 0.0 ], [ 10.241437, 64.73204, 0.0 ], [ 12.562824, 63.8947, 0.0 ], [ 15.863613, 62.160892, 0.0 ], [ 19.820812, 59.700623, 0.0 ], [ 24.047085, 56.75467, 0.0 ], [ 28.128628, 53.61102, 0.0 ], [ 31.665983, 50.577988, 0.0 ], [ 34.31304, 47.952133, 0.0 ], [ 35.81029, 45.990646, 0.0 ]] 
boundary 0: [[ 39.933193, 76.06015, 0.0 ], [ 39.46454, 75.03921, 0.0 ], [ 37.528152, 73.5096, 0.0 ], [ 34.31321, 71.62091, 0.0 ], [ 30.134909, 69.55843, 0.0 ], [ 25.40181, 67.524, 0.0 ], [ 20.57763, 65.71644, 0.0 ], [ 16.134315, 64.31305, 0.0 ], [ 12.5069275, 63.45084, 0.0 ], [ 10.050527, 63.214497, 0.0 ], [ 9.005498, 63.627007, 0.0 ], [ 9.474222, 64.648125, 0.0 ], [ 11.410763, 66.17763, 0.0 ], [ 14.625544, 68.06619, 0.0 ], [ 18.803999, 70.12855, 0.0 ], [ 23.53695, 72.16326, 0.0 ], [ 28.361143, 73.97077, 0.0 ], [ 32.804462, 75.374176, 0.0 ], [ 36.431892, 76.236336, 0.0 ], [ 38.888283, 76.47271, 0.0 ]] 
boundary 1: [[ 39.933228, 51.93999, 0.0 ], [ 38.888306, 51.527317, 0.0 ], [ 36.43188, 51.7636, 0.0 ], [ 32.804455, 52.625824, 0.0 ], [ 28.361145, 54.029266, 0.0 ], [ 23.536934, 55.836784, 0.0 ], [ 18.80393, 57.871326, 0.0 ], [ 14.62554, 59.93381, 0.0 ], [ 11.4107065, 61.822254, 0.0 ], [ 9.474204, 63.351887, 0.0 ], [ 9.005525, 64.37311, 0.0 ], [ 10.050525, 64.785545, 0.0 ], [ 12.506975, 64.549255, 0.0 ], [ 16.134346, 63.687008, 0.0 ], [ 20.577614, 62.283516, 0.0 ], [ 25.401855, 60.476112, 0.0 ], [ 30.13484, 58.44133, 0.0 ], [ 34.31321, 56.378933, 0.0 ], [ 37.528168, 54.490517, 0.0 ], [ 39.464577, 52.96099, 0.0 ]] 
boundary 0: [[ 41.408375, 71.40007, 0.0 ], [ 40.79116, 70.46144, 0.0 ], [ 38.64633, 69.2412, 0.0 ], [ 35.183403, 67.85873, 0.0 ], [ 30.741955, 66.44965, 0.0 ], [ 25.756271, 65.15196, 0.0 ], [ 20.714737, 64.09226, 0.0 ], [ 16.110645, 63.374718, 0.0 ], [ 12.394737, 63.06916, 0.0 ], [ 9.930778, 63.20581, 0.0 ], [ 8.959874, 63.771137, 0.0 ], [ 9.5771675, 64.70992, 0.0 ], [ 11.722142, 65.93004, 0.0 ], [ 15.184874, 67.31241, 0.0 ], [ 19.626469, 68.72132, 0.0 ], [ 24.612057, 70.01933, 0.0 ], [ 29.653587, 71.078964, 0.0 ], [ 34.25769, 71.79653, 0.0 ], [ 37.973633, 72.10204, 0.0 ], [ 40.43759, 71.96542, 0.0 ]] 
boundary 1: [[ 41.408386, 56.60008, 0.0 ], [ 40.437607, 56.034607, 0.0 ], [ 37.97363, 55.897896, 0.0 ], [ 34.257683, 56.203465, 0.0 ], [ 29.653585, 56.921074, 0.0 ], [ 24.61203, 57.980713, 0.0 ], [ 19.626423, 59.278538, 0.0 ], [ 15.18487, 60.687595, 0.0 ], [ 11.722105, 62.06984, 0.0 ], [ 9.5771475, 63.29008, 0.0 ], [ 8.959885, 64.22898, 0.0 ], [ 9.93077, 64.794235, 0.0 ], [ 12.39477, 64.93095, 0.0 ], [ 16.11067, 64.625336, 0.0 ], [ 20.714727, 63.90768, 0.0 ], [ 25.756296, 62.848156, 0.0 ], [ 30.741924, 61.550087, 0.0 ], [ 35.183437, 60.141117, 0.0 ], [ 38.646328, 58.75891, 0.0 ], [ 40.791176, 57.538765, 0.0 ]] 
boundary 0: [[ 41.876526, 69.00721, 0.0 ], [ 41.19034, 68.117775, 0.0 ], [ 38.959656, 67.06263, 0.0 ], [ 35.402393, 65.945015, 0.0 ], [ 30.86739, 64.87463, 0.0 ], [ 25.798094, 63.95634, 0.0 ], [ 20.691038, 63.27956, 0.0 ], [ 16.045967, 62.911003, 0.0 ], [ 12.317596, 62.88633, 0.0 ], [ 9.870938, 63.208263, 0.0 ], [ 8.945396, 63.845142, 0.0 ], [ 9.631678, 64.73475, 0.0 ], [ 11.862495, 65.78976, 0.0 ], [ 15.41955, 66.90726, 0.0 ], [ 19.954685, 67.97746, 0.0 ], [ 25.023914, 68.89609, 0.0 ], [ 30.13096, 69.57282, 0.0 ], [ 34.77604, 69.94139, 0.0 ], [ 38.504448, 69.96602, 0.0 ], [ 40.95111, 69.64411, 0.0 ]] 
boundary 1: [[ 41.876534, 58.992935, 0.0 ], [ 40.951126, 58.35592, 0.0 ], [ 38.504448, 58.033928, 0.0 ], [ 34.77603, 58.058605, 0.0 ], [ 30.130959, 58.42723, 0.0 ], [ 25.023884, 59.10395, 0.0 ], [ 19.954655, 60.022385, 0.0 ], [ 15.419546, 61.09275, 0.0 ], [ 11.862467, 62.210117, 0.0 ], [ 9.631657, 63.265263, 0.0 ], [ 8.945397, 64.15497, 0.0 ], [ 9.870927, 64.79179, 0.0 ], [ 12.317618, 65.113785, 0.0 ], [ 16.045986, 65.08906, 0.0 ], [ 20.69103, 64.72038, 0.0 ], [ 25.798113, 64.04378, 0.0 ], [ 30.86738, 63.1251, 0.0 ], [ 35.40244, 62.05483, 0.0 ], [ 38.95964, 60.937496, 0.0 ], [ 41.19034, 59.882435, 0.0 ]] 
boundary 0: [[ 42.05703, 67.675285, 0.0 ], [ 41.33447, 66.81514, 0.0 ], [ 39.06187, 65.853615, 0.0 ], [ 35.461235, 64.88482, 0.0 ], [ 30.88565, 64.00384, 0.0 ], [ 25.782574, 63.297024, 0.0 ], [ 20.6518, 62.833084, 0.0 ], [ 15.995426, 62.657894, 0.0 ], [ 12.269249, 62.7882, 0.0 ], [ 9.838086, 63.211544, 0.0 ], [ 8.939815, 63.886333, 0.0 ], [ 9.662475, 64.74665, 0.0 ], [ 11.935212, 65.70802, 0.0 ], [ 15.535639, 66.676735, 0.0 ], [ 20.11133, 67.557526, 0.0 ], [ 25.21436, 68.26469, 0.0 ], [ 30.34512, 68.72857, 0.0 ], [ 35.001507, 68.90377, 0.0 ], [ 38.727715, 68.773415, 0.0 ], [ 41.158882, 68.350105, 0.0 ]] 
boundary 1: [[ 42.05703, 60.324852, 0.0 ], [ 41.15889, 59.649925, 0.0 ], [ 38.727715, 59.226532, 0.0 ], [ 35.0015, 59.09623, 0.0 ], [ 30.345116, 59.27148, 0.0 ], [ 25.214329, 59.73536, 0.0 ], [ 20.11131, 60.442314, 0.0 ], [ 15.535634, 61.323273, 0.0 ], [ 11.93519, 62.291843, 0.0 ], [ 9.662454, 63.253357, 0.0 ], [ 8.939812, 64.11377, 0.0 ], [ 9.838074, 64.78851, 0.0 ], [ 12.269268, 65.21192, 0.0 ], [ 15.995441, 65.34216, 0.0 ], [ 20.651796, 65.16686, 0.0 ], [ 25.78258, 64.7031, 0.0 ], [ 30.885653, 63.995903, 0.0 ], [ 35.46129, 63.115032, 0.0 ], [ 39.06185, 62.146507, 0.0 ], [ 41.334457, 61.185066, 0.0 ]] 
boundary 0: [[ 42.16334, 66.58175, 0.0 ], [ 41.41198, 65.74666, 0.0 ], [ 39.10804, 64.86288, 0.0 ], [ 35.476555, 64.016975, 0.0 ], [ 30.873682, 63.29197, 0.0 ], [ 25.749533, 62.75895, 0.0 ], [ 20.60596, 62.46959, 0.0 ], [ 15.946325, 62.452705, 0.0 ], [ 12.226728, 62.709534, 0.0 ], [ 9.811354, 63.21523, 0.0 ], [ 8.936527, 63.920155, 0.0 ], [ 9.688, 64.755424, 0.0 ], [ 11.992087, 65.639015, 0.0 ], [ 15.623346, 66.484856, 0.0 ], [ 20.226322, 67.20966, 0.0 ], [ 25.350431, 67.74305, 0.0 ], [ 30.49399, 68.03234, 0.0 ], [ 35.153633, 68.04923, 0.0 ], [ 38.87327, 67.79235, 0.0 ], [ 41.28865, 67.2867, 0.0 ]] 
boundary 1: [[ 42.16334, 61.4184, 0.0 ], [ 41.28866, 60.713337, 0.0 ], [ 38.87327, 60.20759, 0.0 ], [ 35.153625, 59.950764, 0.0 ], [ 30.493986, 59.967705, 0.0 ], [ 25.350399, 60.257004, 0.0 ], [ 20.22631, 60.79017, 0.0 ], [ 15.623341, 61.51516, 0.0 ], [ 11.992069, 62.360844, 0.0 ], [ 9.687979, 63.244583, 0.0 ], [ 8.93652, 64.07995, 0.0 ], [ 9.81134, 64.78481, 0.0 ], [ 12.226744, 65.29058, 0.0 ], [ 15.946341, 65.547356, 0.0 ], [ 20.605959, 65.53035, 0.0 ], [ 25.749533, 65.24117, 0.0 ], [ 30.873692, 64.70777, 0.0 ], [ 35.476616, 63.982864, 0.0 ], [ 39.108017, 63.137234, 0.0 ], [ 41.411964, 62.253563, 0.0 ]] 
boundary 0: [[ 42.16593, 66.54922, 0.0 ], [ 41.413723, 65.71492, 0.0 ], [ 39.10891, 64.833466, 0.0 ], [ 35.476555, 63.991196, 0.0 ], [ 30.87296, 63.270836, 0.0 ], [ 25.748268, 62.743, 0.0 ], [ 20.604408, 62.458805, 0.0 ], [ 15.944763, 62.44664, 0.0 ], [ 12.225422, 62.70721, 0.0 ], [ 9.810564, 63.21534, 0.0 ], [ 8.936445, 63.92117, 0.0 ], [ 9.688763, 64.755646, 0.0 ], [ 11.99374, 65.63691, 0.0 ], [ 15.625852, 66.47912, 0.0 ], [ 20.229553, 67.19928, 0.0 ], [ 25.354206, 67.72751, 0.0 ], [ 30.498049, 68.01157, 0.0 ], [ 35.1577, 68.02381, 0.0 ], [ 38.877083, 67.76315, 0.0 ], [ 41.29195, 67.255035, 0.0 ]] 
boundary 1: [[ 42.16593, 61.450935, 0.0 ], [ 41.291958, 60.744965, 0.0 ], [ 38.877083, 60.236782, 0.0 ], [ 35.157692, 59.97622, 0.0 ], [ 30.498045, 59.98844, 0.0 ], [ 25.354176, 60.272545, 0.0 ], [ 20.229542, 60.800552, 0.0 ], [ 15.625846, 61.520897, 0.0 ], [ 11.993721, 62.362915, 0.0 ], [ 9.688742, 63.244328, 0.0 ], [ 8.936438, 64.07893, 0.0 ], [ 9.810551, 64.78467, 0.0 ], [ 12.225437, 65.29291, 0.0 ], [ 15.944778, 65.55345, 0.0 ], [ 20.604408, 65.5411, 0.0 ], [ 25.748268, 65.25715, 0.0 ], [ 30.872969, 64.728905, 0.0 ], [ 35.476616, 64.008644, 0.0 ], [ 39.108887, 63.166683, 0.0 ], [ 41.413704, 62.285336, 0.0 ]] 
boundary 0: [[ 42.163704, 66.577415, 0.0 ], [ 41.412193, 65.74243, 0.0 ], [ 39.10817, 64.858986, 0.0 ], [ 35.47656, 64.01353, 0.0 ], [ 30.873592, 63.289135, 0.0 ], [ 25.749367, 62.756824, 0.0 ], [ 20.605759, 62.46813, 0.0 ], [ 15.9461155, 62.45188, 0.0 ], [ 12.226556, 62.709217, 0.0 ], [ 9.811252, 63.21524, 0.0 ], [ 8.936514, 63.920284, 0.0 ], [ 9.688106, 64.75545, 0.0 ], [ 11.992306, 65.6387, 0.0 ], [ 15.623684, 66.48409, 0.0 ], [ 20.22675, 67.20829, 0.0 ], [ 25.350952, 67.741, 0.0 ], [ 30.494537, 68.029564, 0.0 ], [ 35.154175, 68.045845, 0.0 ], [ 38.87378, 67.78842, 0.0 ], [ 41.2891, 67.28245, 0.0 ]] 
boundary 1: [[ 42.163704, 61.422775, 0.0 ], [ 41.28911, 60.717552, 0.0 ], [ 38.87378, 60.211475, 0.0 ], [ 35.154167, 59.954185, 0.0 ], [ 30.494534, 59.97045, 0.0 ], [ 25.350922, 60.259056, 0.0 ], [ 20.226738, 60.79154, 0.0 ], [ 15.623678, 61.51592, 0.0 ], [ 11.992287, 62.361126, 0.0 ], [ 9.688085, 63.244526, 0.0 ], [ 8.936504, 64.07982, 0.0 ], [ 9.811238, 64.78477, 0.0 ], [ 12.226572, 65.29094, 0.0 ], [ 15.946131, 65.54817, 0.0 ], [ 20.605759, 65.53178, 0.0 ], [ 25.749367, 65.243324, 0.0 ], [ 30.873602, 64.71061, 0.0 ], [ 35.47662, 63.98631, 0.0 ], [ 39.108147, 63.141197, 0.0 ], [ 41.41217, 62.257828, 0.0 ]] 
boundary 0: [[ 42.132217, 66.944695, 0.0 ], [ 41.39027, 66.10119, 0.0 ], [ 39.09647, 65.19154, 0.0 ], [ 35.474747, 64.30472, 0.0 ], [ 30.88034, 63.527912, 0.0 ], [ 25.762503, 62.93722, 0.0 ], [ 20.622528, 62.589897, 0.0 ], [ 15.963373, 62.52053, 0.0 ], [ 12.241124, 62.735443, 0.0 ], [ 9.820207, 63.213898, 0.0 ], [ 8.937486, 63.90892, 0.0 ], [ 9.679509, 64.75261, 0.0 ], [ 11.973494, 65.66206, 0.0 ], [ 15.5949955, 66.548805, 0.0 ], [ 20.189507, 67.32543, 0.0 ], [ 25.3073, 67.916504, 0.0 ], [ 30.447264, 68.26372, 0.0 ], [ 35.106407, 68.33312, 0.0 ], [ 38.828712, 68.11814, 0.0 ], [ 41.249626, 67.63972, 0.0 ]] 
boundary 1: [[ 42.132217, 61.055496, 0.0 ], [ 41.249634, 60.360287, 0.0 ], [ 38.828712, 59.881775, 0.0 ], [ 35.1064, 59.666912, 0.0 ], [ 30.44726, 59.736294, 0.0 ], [ 25.30727, 60.083527, 0.0 ], [ 20.189495, 60.674397, 0.0 ], [ 15.59499, 61.451206, 0.0 ], [ 11.973467, 62.337757, 0.0 ], [ 9.679488, 63.24737, 0.0 ], [ 8.937479, 64.091194, 0.0 ], [ 9.820194, 64.7861, 0.0 ], [ 12.241141, 65.2647, 0.0 ], [ 15.96339, 65.47952, 0.0 ], [ 20.622528, 65.41, 0.0 ], [ 25.762506, 65.062935, 0.0 ], [ 30.880346, 64.471825, 0.0 ], [ 35.4748, 63.695095, 0.0 ], [ 39.096455, 62.80864, 0.0 ], [ 41.390247, 61.89905, 0.0 ]] 
boundary 0: [[ 42.156532, 66.66529, 0.0 ], [ 41.40732, 65.828255, 0.0 ], [ 39.10573, 64.93854, 0.0 ], [ 35.47642, 64.08317, 0.0 ], [ 30.875452, 63.346237, 0.0 ], [ 25.752691, 62.799965, 0.0 ], [ 20.609894, 62.49723, 0.0 ], [ 15.950314, 62.468285, 0.0 ], [ 12.23007, 62.715477, 0.0 ], [ 9.813393, 63.21491, 0.0 ], [ 8.936733, 63.917553, 0.0 ], [ 9.686047, 64.754776, 0.0 ], [ 11.987833, 65.64431, 0.0 ], [ 15.61689, 66.4996, 0.0 ], [ 20.217974, 67.23635, 0.0 ], [ 25.340693, 67.783, 0.0 ], [ 30.483484, 68.085625, 0.0 ], [ 35.143036, 68.1146, 0.0 ], [ 38.86336, 67.86735, 0.0 ], [ 41.280014, 67.36794, 0.0 ]] 
boundary 1: [[ 42.156532, 61.334896, 0.0 ], [ 41.28002, 60.63206, 0.0 ], [ 38.86336, 60.132565, 0.0 ], [ 35.14303, 59.885418, 0.0 ], [ 30.48348, 59.9144, 0.0 ], [ 25.340662, 60.217022, 0.0 ], [ 20.217962, 60.763485, 0.0 ], [ 15.616884, 61.500412, 0.0 ], [ 11.987808, 62.355515, 0.0 ], [ 9.686026, 63.245197, 0.0 ], [ 8.936726, 64.082565, 0.0 ], [ 9.81338, 64.785095, 0.0 ], [ 12.230087, 65.284676, 0.0 ], [ 15.950331, 65.53178, 0.0 ], [ 20.609894, 65.50267, 0.0 ], [ 25.752691, 65.200195, 0.0 ], [ 30.87546, 64.65351, 0.0 ], [ 35.476475, 63.916645, 0.0 ], [ 39.105713, 63.061638, 0.0 ], [ 41.407288, 62.171986, 0.0 ]] 
boundary 0: [[ 42.161907, 66.5993, 0.0 ], [ 41.411003, 65.76379, 0.0 ], [ 39.10759, 64.87876, 0.0 ], [ 35.47654, 64.03086, 0.0 ], [ 30.874067, 63.303345, 0.0 ], [ 25.7502, 62.767563, 0.0 ], [ 20.606789, 62.47537, 0.0 ], [ 15.947165, 62.45597, 0.0 ], [ 12.227434, 62.710777, 0.0 ], [ 9.811788, 63.21516, 0.0 ], [ 8.936565, 63.919598, 0.0 ], [ 9.6875925, 64.7553, 0.0 ], [ 11.991196, 65.640114, 0.0 ], [ 15.621998, 66.48794, 0.0 ], [ 20.224577, 67.21529, 0.0 ], [ 25.348412, 67.751434, 0.0 ], [ 30.491806, 68.043526, 0.0 ], [ 35.151413, 68.062965, 0.0 ], [ 38.871227, 67.80809, 0.0 ], [ 41.286842, 67.30375, 0.0 ]] 
boundary 1: [[ 42.161907, 61.400894, 0.0 ], [ 41.28685, 60.69627, 0.0 ], [ 38.871227, 60.19182, 0.0 ], [ 35.151405, 59.937057, 0.0 ], [ 30.491802, 59.956497, 0.0 ], [ 25.348381, 60.248585, 0.0 ], [ 20.224566, 60.784554, 0.0 ], [ 15.621992, 61.51206, 0.0 ], [ 11.991171, 62.359722, 0.0 ], [ 9.687572, 63.2447, 0.0 ], [ 8.936558, 64.08056, 0.0 ], [ 9.811775, 64.78487, 0.0 ], [ 12.227451, 65.289375, 0.0 ], [ 15.94718, 65.544106, 0.0 ], [ 20.606792, 65.52452, 0.0 ], [ 25.7502, 65.232605, 0.0 ], [ 30.874075, 64.696365, 0.0 ], [ 35.476593, 63.968952, 0.0 ], [ 39.107574, 63.121376, 0.0 ], [ 41.410965, 62.236443, 0.0 ]] 
boundary 0: [[ 42.123913, 67.03359, 0.0 ], [ 41.38437, 66.18803, 0.0 ], [ 39.093094, 65.27203, 0.0 ], [ 35.473804, 64.37524, 0.0 ], [ 30.881563, 63.585743, 0.0 ], [ 25.765377, 62.98093, 0.0 ], [ 20.626373, 62.619415, 0.0 ], [ 15.967438, 62.537193, 0.0 ], [ 12.244606, 62.74183, 0.0 ], [ 9.82238, 63.213593, 0.0 ], [ 8.93774, 63.906174, 0.0 ], [ 9.677431, 64.75192, 0.0 ], [ 11.968896, 65.6677, 0.0 ], [ 15.587936, 66.564415, 0.0 ], [ 20.180286, 67.35372, 0.0 ], [ 25.296429, 67.95893, 0.0 ], [ 30.435421, 68.32034, 0.0 ], [ 35.094334, 68.402596, 0.0 ], [ 38.817253, 68.1979, 0.0 ], [ 41.239445, 67.72619, 0.0 ]] 
boundary 1: [[ 42.123917, 60.96661, 0.0 ], [ 41.239452, 60.27385, 0.0 ], [ 38.817253, 59.802002, 0.0 ], [ 35.094326, 59.59742, 0.0 ], [ 30.435417, 59.679684, 0.0 ], [ 25.296398, 60.041092, 0.0 ], [ 20.180275, 60.646088, 0.0 ], [ 15.587931, 61.435585, 0.0 ], [ 11.968866, 62.332115, 0.0 ], [ 9.67741, 63.248085, 0.0 ], [ 8.937735, 64.09401, 0.0 ], [ 9.822369, 64.78644, 0.0 ], [ 12.244626, 65.25832, 0.0 ], [ 15.967453, 65.46288, 0.0 ], [ 20.626377, 65.38048, 0.0 ], [ 25.76538, 65.01925, 0.0 ], [ 30.881565, 64.41396, 0.0 ], [ 35.47385, 63.62456, 0.0 ], [ 39.09308, 62.728107, 0.0 ], [ 41.38433, 61.81221, 0.0 ]] 
boundary 0: [[ 42.109653, 67.18117, 0.0 ], [ 41.374023, 66.33223, 0.0 ], [ 39.086967, 65.40576, 0.0 ], [ 35.471817, 64.49234, 0.0 ], [ 30.88324, 63.681797, 0.0 ], [ 25.769875, 63.053543, 0.0 ], [ 20.63258, 62.668476, 0.0 ], [ 15.974087, 62.564896, 0.0 ], [ 12.250349, 62.752457, 0.0 ], [ 9.825989, 63.213093, 0.0 ], [ 8.93818, 63.90162, 0.0 ], [ 9.673984, 64.75074, 0.0 ], [ 11.961225, 65.677, 0.0 ], [ 15.576122, 66.59034, 0.0 ], [ 20.164795, 67.40066, 0.0 ], [ 25.278112, 68.02934, 0.0 ], [ 30.415396, 68.414345, 0.0 ], [ 35.073883, 68.517914, 0.0 ], [ 38.7977, 68.33033, 0.0 ], [ 41.222027, 67.86971, 0.0 ]] 
boundary 1: [[ 42.109657, 60.81903, 0.0 ], [ 41.222034, 60.130325, 0.0 ], [ 38.7977, 59.66957, 0.0 ], [ 35.073875, 59.482063, 0.0 ], [ 30.415392, 59.58572, 0.0 ], [ 25.278082, 59.97068, 0.0 ], [ 20.164782, 60.59912, 0.0 ], [ 15.576117, 61.409664, 0.0 ], [ 11.961194, 62.32278, 0.0 ], [ 9.673963, 63.249264, 0.0 ], [ 8.938175, 64.098564, 0.0 ], [ 9.825978, 64.786934, 0.0 ], [ 12.25037, 65.247734, 0.0 ], [ 15.974102, 65.43518, 0.0 ], [ 20.632584, 65.33145, 0.0 ], [ 25.769878, 64.94664, 0.0 ], [ 30.88324, 64.31787, 0.0 ], [ 35.471863, 63.507427, 0.0 ], [ 39.086952, 62.594383, 0.0 ], [ 41.373985, 61.668007, 0.0 ]] 
boundary 0: [[ 41.939728, 68.58543, 0.0 ], [ 41.24192, 67.70513, 0.0 ], [ 38.99759, 66.67952, 0.0 ], [ 35.425846, 65.60886, 0.0 ], [ 30.87711, 64.59837, 0.0 ], [ 25.796116, 63.7471, 0.0 ], [ 20.680574, 63.137703, 0.0 ], [ 16.031073, 62.83048, 0.0 ], [ 12.302695, 62.85499, 0.0 ], [ 9.860507, 63.20915, 0.0 ], [ 8.943436, 63.858185, 0.0 ], [ 9.6413965, 64.73866, 0.0 ], [ 11.885938, 65.76409, 0.0 ], [ 15.457428, 66.83465, 0.0 ], [ 20.006268, 67.8449, 0.0 ], [ 25.087193, 68.69663, 0.0 ], [ 30.202723, 69.30592, 0.0 ], [ 34.85222, 69.61315, 0.0 ], [ 38.580673, 69.588615, 0.0 ], [ 41.02283, 69.23448, 0.0 ]] 
boundary 1: [[ 41.939747, 59.41478, 0.0 ], [ 41.022846, 58.765556, 0.0 ], [ 38.580666, 58.411266, 0.0 ], [ 34.85221, 58.386818, 0.0 ], [ 30.202719, 58.694115, 0.0 ], [ 25.087162, 59.303402, 0.0 ], [ 20.006245, 60.15488, 0.0 ], [ 15.457422, 61.165344, 0.0 ], [ 11.885896, 62.23569, 0.0 ], [ 9.641376, 63.261326, 0.0 ], [ 8.943439, 64.142, 0.0 ], [ 9.860499, 64.79087, 0.0 ], [ 12.302726, 65.1452, 0.0 ], [ 16.031092, 65.1696, 0.0 ], [ 20.680576, 64.86222, 0.0 ], [ 25.79612, 64.25311, 0.0 ], [ 30.877096, 63.40127, 0.0 ], [ 35.42588, 62.390915, 0.0 ], [ 38.99759, 61.320637, 0.0 ], [ 41.241905, 60.295116, 0.0 ]] 
boundary 0: [[ 41.81738, 69.370514, 0.0 ], [ 41.14141, 68.47334, 0.0 ], [ 38.922966, 67.3929, 0.0 ], [ 35.37861, 66.23478, 0.0 ], [ 30.856083, 65.11284, 0.0 ], [ 25.797539, 64.13696, 0.0 ], [ 20.698519, 63.402046, 0.0 ], [ 16.057966, 62.98067, 0.0 ], [ 12.330116, 62.913555, 0.0 ], [ 9.879962, 63.2076, 0.0 ], [ 8.947219, 63.8339, 0.0 ], [ 9.623335, 64.73127, 0.0 ], [ 11.841999, 65.81154, 0.0 ], [ 15.386104, 66.969536, 0.0 ], [ 19.908749, 68.091255, 0.0 ], [ 24.967209, 69.06758, 0.0 ], [ 30.066217, 69.80239, 0.0 ], [ 34.706764, 70.223785, 0.0 ], [ 38.434692, 70.29088, 0.0 ], [ 40.88482, 69.99685, 0.0 ]] 
boundary 1: [[ 41.817406, 58.629692, 0.0 ], [ 40.884834, 58.00319, 0.0 ], [ 38.434685, 57.70902, 0.0 ], [ 34.706757, 57.7762, 0.0 ], [ 30.066214, 58.19765, 0.0 ], [ 24.967182, 58.932453, 0.0 ], [ 19.908722, 59.908524, 0.0 ], [ 15.386098, 61.03046, 0.0 ], [ 11.841953, 62.18824, 0.0 ], [ 9.623314, 63.268723, 0.0 ], [ 8.9472275, 64.16628, 0.0 ], [ 9.879955, 64.79242, 0.0 ], [ 12.330149, 65.08662, 0.0 ], [ 16.057987, 65.019394, 0.0 ], [ 20.698517, 64.59788, 0.0 ], [ 25.797546, 63.863247, 0.0 ], [ 30.856058, 62.88681, 0.0 ], [ 35.37864, 61.764984, 0.0 ], [ 38.922966, 60.607265, 0.0 ], [ 41.141396, 59.52691, 0.0 ]] 
boundary 0: [[ 41.71922, 69.92389, 0.0 ], [ 41.058956, 69.0151, 0.0 ], [ 38.859623, 67.896255, 0.0 ], [ 35.33593, 66.676704, 0.0 ], [ 30.833586, 65.47633, 0.0 ], [ 25.792759, 64.41268, 0.0 ], [ 20.70729, 63.58925, 0.0 ], [ 16.07476, 63.087276, 0.0 ], [ 12.348639, 62.95538, 0.0 ], [ 9.893743, 63.2068, 0.0 ], [ 8.950255, 63.816784, 0.0 ], [ 9.610672, 64.72578, 0.0 ], [ 11.810225, 65.844444, 0.0 ], [ 15.333666, 67.06387, 0.0 ], [ 19.836136, 68.26402, 0.0 ], [ 24.876858, 69.32812, 0.0 ], [ 29.962318, 70.15144, 0.0 ], [ 34.59485, 70.65345, 0.0 ], [ 38.32105, 70.78532, 0.0 ], [ 40.775917, 70.533936, 0.0 ]] 
boundary 1: [[ 41.71925, 58.07632, 0.0 ], [ 40.775932, 57.46613, 0.0 ], [ 38.321037, 57.21459, 0.0 ], [ 34.59484, 57.34654, 0.0 ], [ 29.962315, 57.8486, 0.0 ], [ 24.876831, 58.67191, 0.0 ], [ 19.83611, 59.735752, 0.0 ], [ 15.33366, 60.93613, 0.0 ], [ 11.810175, 62.155342, 0.0 ], [ 9.610651, 63.27422, 0.0 ], [ 8.950265, 64.183395, 0.0 ], [ 9.893736, 64.79322, 0.0 ], [ 12.348672, 65.0448, 0.0 ], [ 16.07478, 64.91279, 0.0 ], [ 20.707283, 64.410675, 0.0 ], [ 25.792767, 63.587532, 0.0 ], [ 30.833553, 62.523315, 0.0 ], [ 35.33596, 61.32306, 0.0 ], [ 38.859627, 60.103905, 0.0 ], [ 41.058945, 58.985153, 0.0 ]] 
boundary 0: [[ 41.489357, 71.046524, 0.0 ], [ 40.86171, 70.1149, 0.0 ], [ 38.70339, 68.91882, 0.0 ], [ 35.22513, 67.57519, 0.0 ], [ 30.76815, 66.21603, 0.0 ], [ 25.76818, 64.9744, 0.0 ], [ 20.71508, 63.97129, 0.0 ], [ 16.103245, 63.305477, 0.0 ], [ 12.384138, 63.041626, 0.0 ], [ 9.921875, 63.205894, 0.0 ], [ 8.957366, 63.782066, 0.0 ], [ 9.585158, 64.71388, 0.0 ], [ 11.743688, 65.90978, 0.0 ], [ 15.2217045, 67.25332, 0.0 ], [ 19.678822, 68.61226, 0.0 ], [ 24.678673, 69.8543, 0.0 ], [ 29.731758, 70.85732, 0.0 ], [ 34.343597, 71.52316, 0.0 ], [ 38.062782, 71.78699, 0.0 ], [ 40.525017, 71.62276, 0.0 ]] 
boundary 1: [[ 41.489388, 56.95369, 0.0 ], [ 40.525032, 56.377308, 0.0 ], [ 38.062767, 56.21291, 0.0 ], [ 34.34359, 56.47682, 0.0 ], [ 29.73176, 57.142723, 0.0 ], [ 24.678646, 58.145725, 0.0 ], [ 19.678791, 59.387524, 0.0 ], [ 15.221699, 60.746693, 0.0 ], [ 11.743631, 62.089993, 0.0 ], [ 9.585137, 63.28611, 0.0 ], [ 8.957382, 64.21812, 0.0 ], [ 9.921869, 64.79412, 0.0 ], [ 12.384177, 64.95855, 0.0 ], [ 16.103264, 64.69459, 0.0 ], [ 20.715067, 64.02863, 0.0 ], [ 25.768198, 63.0258, 0.0 ], [ 30.768108, 61.783627, 0.0 ], [ 35.225147, 60.424583, 0.0 ], [ 38.703396, 59.081333, 0.0 ], [ 40.861694, 57.88535, 0.0 ]] 
boundary 0: [[ 41.042427, 72.81252, 0.0 ], [ 40.468254, 71.84702, 0.0 ], [ 38.380714, 70.5313, 0.0 ], [ 34.98365, 68.993904, 0.0 ], [ 30.610285, 67.38588, 0.0 ], [ 25.688173, 65.864655, 0.0 ], [ 20.699581, 64.578545, 0.0 ], [ 16.132568, 63.654053, 0.0 ], [ 12.434223, 63.18117, 0.0 ], [ 9.966617, 63.206512, 0.0 ], [ 8.971189, 63.727448, 0.0 ], [ 9.545507, 64.693146, 0.0 ], [ 11.633259, 66.00871, 0.0 ], [ 15.03009, 67.54599, 0.0 ], [ 19.403605, 69.153786, 0.0 ], [ 24.325565, 70.67544, 0.0 ], [ 29.314146, 71.961464, 0.0 ], [ 33.881165, 72.88597, 0.0 ], [ 37.57959, 73.358826, 0.0 ], [ 40.047173, 73.333534, 0.0 ]] 
boundary 1: [[ 41.04247, 55.187695, 0.0 ], [ 40.047188, 54.666534, 0.0 ], [ 37.579567, 54.641068, 0.0 ], [ 33.881157, 55.114014, 0.0 ], [ 29.314152, 56.038593, 0.0 ], [ 24.325539, 57.32458, 0.0 ], [ 19.403557, 58.845997, 0.0 ], [ 15.030085, 60.45402, 0.0 ], [ 11.633189, 61.99107, 0.0 ], [ 9.545486, 63.30685, 0.0 ], [ 8.971216, 64.27273, 0.0 ], [ 9.966612, 64.79351, 0.0 ], [ 12.434273, 64.819, 0.0 ], [ 16.132593, 64.34601, 0.0 ], [ 20.699566, 63.42138, 0.0 ], [ 25.688202, 62.135555, 0.0 ], [ 30.610222, 60.61376, 0.0 ], [ 34.983654, 59.00587, 0.0 ], [ 38.38073, 57.468864, 0.0 ], [ 40.468246, 56.153225, 0.0 ]] 
boundary 0: [[ 39.443974, 77.21204, 0.0 ], [ 39.015244, 76.173744, 0.0 ], [ 37.13955, 74.5704, 0.0 ], [ 34.00006, 72.5586, 0.0 ], [ 29.904722, 70.33595, 0.0 ], [ 25.253834, 68.119965, 0.0 ], [ 20.503225, 66.127014, 0.0 ], [ 16.117556, 64.55279, 0.0 ], [ 12.526248, 63.550858, 0.0 ], [ 10.080839, 63.21964, 0.0 ], [ 9.020626, 63.59138, 0.0 ], [ 9.449488, 64.62988, 0.0 ], [ 11.325405, 66.23313, 0.0 ], [ 14.464673, 68.24476, 0.0 ], [ 18.560207, 70.46719, 0.0 ], [ 23.210876, 72.683586, 0.0 ], [ 27.961489, 74.67644, 0.0 ], [ 32.347168, 76.25069, 0.0 ], [ 35.93855, 77.25262, 0.0 ], [ 38.383934, 77.583885, 0.0 ]] 
boundary 1: [[ 39.444054, 50.788177, 0.0 ], [ 38.383965, 50.41618, 0.0 ], [ 35.938522, 50.747288, 0.0 ], [ 32.347153, 51.74929, 0.0 ], [ 27.961502, 53.32361, 0.0 ], [ 23.21085, 55.316437, 0.0 ], [ 18.560131, 57.5326, 0.0 ], [ 14.46467, 59.75526, 0.0 ], [ 11.325306, 61.766678, 0.0 ], [ 9.449466, 63.370113, 0.0 ], [ 9.020678, 64.4088, 0.0 ], [ 10.080842, 64.78041, 0.0 ], [ 12.5263195, 64.4493, 0.0 ], [ 16.117592, 63.447266, 0.0 ], [ 20.503193, 61.8729, 0.0 ], [ 25.253899, 59.880238, 0.0 ], [ 29.904606, 57.6637, 0.0 ], [ 34.000046, 55.441174, 0.0 ], [ 37.13958, 53.42977, 0.0 ], [ 39.01526, 51.826496, 0.0 ]] 
boundary 0: [[ 35.504627, 83.78748, 0.0 ], [ 35.33235, 82.67745, 0.0 ], [ 33.886795, 80.67761, 0.0 ], [ 31.309097, 77.98334, 0.0 ], [ 27.85204, 74.85912, 0.0 ], [ 23.853485, 71.61058, 0.0 ], [ 19.705505, 68.555374, 0.0 ], [ 15.81365, 65.993004, 0.0 ], [ 12.559111, 64.17384, 0.0 ], [ 10.260389, 63.276287, 0.0 ], [ 9.142462, 63.38802, 0.0 ], [ 9.314812, 64.49828, 0.0 ], [ 10.760615, 66.49807, 0.0 ], [ 13.338136, 69.19214, 0.0 ], [ 16.795427, 72.3162, 0.0 ], [ 20.793678, 75.56505, 0.0 ], [ 24.94168, 78.620186, 0.0 ], [ 28.83354, 81.18259, 0.0 ], [ 32.088154, 83.00175, 0.0 ], [ 34.386845, 83.89935, 0.0 ]] 
boundary 1: [[ 35.504745, 44.21271, 0.0 ], [ 34.386887, 44.100708, 0.0 ], [ 32.088097, 44.99816, 0.0 ], [ 28.833525, 46.8174, 0.0 ], [ 24.9417, 49.379852, 0.0 ], [ 20.793655, 52.434967, 0.0 ], [ 16.795301, 55.683617, 0.0 ], [ 13.338136, 58.807877, 0.0 ], [ 10.760473, 61.501762, 0.0 ], [ 9.314789, 63.501713, 0.0 ], [ 9.142552, 64.61213, 0.0 ], [ 10.260405, 64.723755, 0.0 ], [ 12.559219, 63.826298, 0.0 ], [ 15.813695, 62.007046, 0.0 ], [ 19.70546, 59.444557, 0.0 ], [ 23.853592, 56.389595, 0.0 ], [ 27.851847, 53.14058, 0.0 ], [ 31.309025, 50.016453, 0.0 ], [ 33.886864, 47.32254, 0.0 ], [ 35.332413, 45.322792, 0.0 ]] 
