boundary 0: [[ 28.843853, 90.226585, 0.0 ], [ 28.993456, 89.113144, 0.0 ], [ 28.17421, 86.78537, 0.0 ], [ 26.466286, 83.47103, 0.0 ], [ 24.036991, 79.49464, 0.0 ], [ 21.123993, 75.24555, 0.0 ], [ 18.012566, 71.13953, 0.0 ], [ 15.007151, 67.578636, 0.0 ], [ 12.402055, 64.91132, 0.0 ], [ 10.452204, 63.39869, 0.0 ], [ 9.348466, 63.188866, 0.0 ], [ 9.198924, 64.302345, 0.0 ], [ 10.0182085, 66.63015, 0.0 ], [ 11.726075, 69.94445, 0.0 ], [ 14.155395, 73.92079, 0.0 ], [ 17.068316, 78.16989, 0.0 ], [ 20.179844, 82.27586, 0.0 ], [ 23.1852, 85.836845, 0.0 ], [ 25.790358, 88.50412, 0.0 ], [ 27.740225, 90.01677, 0.0 ]] 
boundary 1: [[ 28.843868, 37.773445, 0.0 ], [ 27.740206, 37.983196, 0.0 ], [ 25.790329, 39.495865, 0.0 ], [ 23.185215, 42.163155, 0.0 ], [ 20.179834, 45.724113, 0.0 ], [ 17.06836, 49.830124, 0.0 ], [ 14.155389, 54.079243, 0.0 ], [ 11.726081, 58.055557, 0.0 ], [ 10.018173, 61.369812, 0.0 ], [ 9.19893, 63.697643, 0.0 ], [ 9.348503, 64.81117, 0.0 ], [ 10.452196, 64.6013, 0.0 ], [ 12.402044, 63.088676, 0.0 ], [ 15.007178, 60.42137, 0.0 ], [ 18.012566, 56.860405, 0.0 ], [ 21.123997, 52.75442, 0.0 ], [ 24.036976, 48.505318, 0.0 ], [ 26.46629, 44.528996, 0.0 ], [ 28.174206, 41.214657, 0.0 ], [ 28.99346, 38.88688, 0.0 ]] 
boundary 0: [[ 37.351566, 81.13713, 0.0 ], [ 37.069374, 80.04971, 0.0 ], [ 35.43132, 78.20406, 0.0 ], [ 32.59771, 75.78075, 0.0 ], [ 28.846033, 73.01702, 0.0 ], [ 24.54349, 70.18358, 0.0 ], [ 20.111277, 67.55758, 0.0 ], [ 15.983192, 65.39624, 0.0 ], [ 12.563383, 63.910973, 0.0 ], [ 10.186536, 63.24721, 0.0 ], [ 9.08534, 63.469982, 0.0 ], [ 9.367606, 64.55742, 0.0 ], [ 11.005703, 66.40309, 0.0 ], [ 13.839254, 68.82641, 0.0 ], [ 17.590923, 71.590065, 0.0 ], [ 21.893402, 74.423546, 0.0 ], [ 26.325687, 77.04947, 0.0 ], [ 30.45376, 79.21093, 0.0 ], [ 33.873604, 80.69611, 0.0 ], [ 36.250473, 81.35989, 0.0 ]] 
boundary 1: [[ 37.351574, 46.8629, 0.0 ], [ 36.250473, 46.640076, 0.0 ], [ 33.87358, 47.303852, 0.0 ], [ 30.45377, 48.789085, 0.0 ], [ 26.325687, 50.95051, 0.0 ], [ 21.89344, 53.576477, 0.0 ], [ 17.590908, 56.40996, 0.0 ], [ 13.839257, 59.1736, 0.0 ], [ 11.005688, 61.59684, 0.0 ], [ 9.367617, 63.44256, 0.0 ], [ 9.085361, 64.53006, 0.0 ], [ 10.186534, 64.75278, 0.0 ], [ 12.563375, 64.08902, 0.0 ], [ 15.983212, 62.603786, 0.0 ], [ 20.111301, 60.442368, 0.0 ], [ 24.543507, 57.816395, 0.0 ], [ 28.846035, 54.982937, 0.0 ], [ 32.597702, 52.21929, 0.0 ], [ 35.431313, 49.795963, 0.0 ], [ 37.069366, 47.950306, 0.0 ]] 
boundary 0: [[ 40.13797, 75.537796, 0.0 ], [ 39.65169, 74.52505, 0.0 ], [ 37.688957, 73.0293, 0.0 ], [ 34.441803, 71.19687, 0.0 ], [ 30.22823, 69.20714, 0.0 ], [ 25.46066, 67.25505, 0.0 ], [ 20.605795, 65.531494, 0.0 ], [ 16.138828, 64.20537, 0.0 ], [ 12.497041, 63.406284, 0.0 ], [ 10.036868, 63.21255, 0.0 ], [ 8.999162, 63.643158, 0.0 ], [ 9.485509, 64.65591, 0.0 ], [ 11.448299, 66.15168, 0.0 ], [ 14.6953945, 67.98412, 0.0 ], [ 18.90895, 69.97377, 0.0 ], [ 23.676462, 71.9259, 0.0 ], [ 28.531385, 73.64938, 0.0 ], [ 32.998367, 74.97565, 0.0 ], [ 36.640167, 75.77461, 0.0 ], [ 39.100365, 75.968376, 0.0 ]] 
boundary 1: [[ 40.13797, 52.462234, 0.0 ], [ 39.100372, 52.031586, 0.0 ], [ 36.64015, 52.225338, 0.0 ], [ 32.998375, 53.024376, 0.0 ], [ 28.531385, 54.350597, 0.0 ], [ 23.676487, 56.074116, 0.0 ], [ 18.908936, 58.02624, 0.0 ], [ 14.6953945, 60.015884, 0.0 ], [ 11.4482975, 61.84825, 0.0 ], [ 9.48552, 63.344078, 0.0 ], [ 8.999173, 64.35689, 0.0 ], [ 10.036867, 64.78745, 0.0 ], [ 12.497033, 64.59372, 0.0 ], [ 16.13884, 63.794662, 0.0 ], [ 20.605831, 62.46845, 0.0 ], [ 25.460686, 60.74492, 0.0 ], [ 30.228235, 58.79282, 0.0 ], [ 34.441788, 56.80318, 0.0 ], [ 37.68895, 54.97072, 0.0 ], [ 39.651684, 53.474976, 0.0 ]] 
boundary 0: [[ 41.165375, 72.36663, 0.0 ], [ 40.577415, 71.40933, 0.0 ], [ 38.4711, 70.12361, 0.0 ], [ 35.05254, 68.63525, 0.0 ], [ 30.656502, 67.08993, 0.0 ], [ 25.713284, 65.639084, 0.0 ], [ 20.706762, 64.42452, 0.0 ], [ 16.126995, 63.565372, 0.0 ], [ 12.422288, 63.145485, 0.0 ], [ 9.955243, 63.206078, 0.0 ], [ 8.967384, 63.741234, 0.0 ], [ 9.555422, 64.698524, 0.0 ], [ 11.661784, 65.98427, 0.0 ], [ 15.080289, 67.47266, 0.0 ], [ 19.476307, 69.0179, 0.0 ], [ 24.419476, 70.4688, 0.0 ], [ 29.426044, 71.68327, 0.0 ], [ 34.005836, 72.542564, 0.0 ], [ 37.710545, 72.96232, 0.0 ], [ 40.17762, 72.90177, 0.0 ]] 
boundary 1: [[ 41.165375, 55.633392, 0.0 ], [ 40.177635, 55.0982, 0.0 ], [ 37.71053, 55.037624, 0.0 ], [ 34.005836, 55.45746, 0.0 ], [ 29.426048, 56.316727, 0.0 ], [ 24.419498, 57.53122, 0.0 ], [ 19.476292, 58.98211, 0.0 ], [ 15.080289, 60.527355, 0.0 ], [ 11.661789, 62.015663, 0.0 ], [ 9.555434, 63.30146, 0.0 ], [ 8.967393, 64.258804, 0.0 ], [ 9.955242, 64.79392, 0.0 ], [ 12.42228, 64.854515, 0.0 ], [ 16.127007, 64.43467, 0.0 ], [ 20.7068, 63.57542, 0.0 ], [ 25.713306, 62.360905, 0.0 ], [ 30.656511, 60.91004, 0.0 ], [ 35.052525, 59.3648, 0.0 ], [ 38.471092, 57.876396, 0.0 ], [ 40.5774, 56.590687, 0.0 ]] 
boundary 0: [[ 41.70157, 70.01835, 0.0 ], [ 41.043972, 69.10748, 0.0 ], [ 38.847786, 67.982124, 0.0 ], [ 35.32791, 66.752396, 0.0 ], [ 30.829025, 65.538605, 0.0 ], [ 25.791521, 64.4598, 0.0 ], [ 20.70847, 63.621315, 0.0 ], [ 16.077456, 63.105495, 0.0 ], [ 12.351767, 62.962566, 0.0 ], [ 9.896078, 63.20665, 0.0 ], [ 8.950799, 63.813858, 0.0 ], [ 9.608473, 64.724724, 0.0 ], [ 11.804708, 65.85009, 0.0 ], [ 15.32453, 67.07985, 0.0 ], [ 19.823383, 68.29355, 0.0 ], [ 24.860855, 69.37244, 0.0 ], [ 29.94394, 70.21081, 0.0 ], [ 34.57499, 70.726776, 0.0 ], [ 38.300682, 70.869576, 0.0 ], [ 40.756386, 70.62554, 0.0 ]] 
boundary 1: [[ 41.70157, 57.98168, 0.0 ], [ 40.7564, 57.374443, 0.0 ], [ 38.300667, 57.130367, 0.0 ], [ 34.57499, 57.27324, 0.0 ], [ 29.943945, 57.789185, 0.0 ], [ 24.86087, 58.627594, 0.0 ], [ 19.823368, 59.70646, 0.0 ], [ 15.324529, 60.920155, 0.0 ], [ 11.804719, 62.149845, 0.0 ], [ 9.608485, 63.275265, 0.0 ], [ 8.950807, 64.18617, 0.0 ], [ 9.896077, 64.79335, 0.0 ], [ 12.351758, 65.03744, 0.0 ], [ 16.077461, 64.894554, 0.0 ], [ 20.708513, 64.378624, 0.0 ], [ 25.791544, 63.54019, 0.0 ], [ 30.829039, 62.46135, 0.0 ], [ 35.327896, 61.247665, 0.0 ], [ 38.84778, 60.017887, 0.0 ], [ 41.043957, 58.892544, 0.0 ]] 
boundary 0: [[ 41.95667, 68.46627, 0.0 ], [ 41.255558, 67.58847, 0.0 ], [ 39.007248, 66.57125, 0.0 ], [ 35.431725, 65.51415, 0.0 ], [ 30.879128, 64.52059, 0.0 ], [ 25.795116, 63.68805, 0.0 ], [ 20.677303, 63.097748, 0.0 ], [ 16.026686, 62.80775, 0.0 ], [ 12.298453, 62.84618, 0.0 ], [ 9.857539, 63.209396, 0.0 ], [ 8.94291, 63.861866, 0.0 ], [ 9.644102, 64.73966, 0.0 ], [ 11.892467, 65.7569, 0.0 ], [ 15.467928, 66.81402, 0.0 ], [ 20.020485, 67.807495, 0.0 ], [ 25.104465, 68.64013, 0.0 ], [ 30.222307, 69.2303, 0.0 ], [ 34.87297, 69.520454, 0.0 ], [ 38.601196, 69.481895, 0.0 ], [ 41.042137, 69.11872, 0.0 ]] 
boundary 1: [[ 41.95667, 59.53374, 0.0 ], [ 41.042152, 58.881264, 0.0 ], [ 38.601196, 58.518047, 0.0 ], [ 34.87297, 58.47957, 0.0 ], [ 30.222313, 58.769684, 0.0 ], [ 25.104477, 59.359905, 0.0 ], [ 20.02047, 60.192513, 0.0 ], [ 15.467928, 61.185978, 0.0 ], [ 11.89248, 62.243042, 0.0 ], [ 9.644115, 63.260323, 0.0 ], [ 8.942914, 64.138176, 0.0 ], [ 9.857538, 64.790596, 0.0 ], [ 12.298444, 65.15382, 0.0 ], [ 16.026688, 65.1923, 0.0 ], [ 20.677353, 64.90219, 0.0 ], [ 25.79514, 64.31195, 0.0 ], [ 30.879143, 63.479362, 0.0 ], [ 35.4317, 62.485905, 0.0 ], [ 39.00724, 61.42876, 0.0 ], [ 41.255543, 60.411552, 0.0 ]] 
boundary 0: [[ 42.051964, 67.71943, 0.0 ], [ 41.330624, 66.8582, 0.0 ], [ 39.059242, 65.8936, 0.0 ], [ 35.46007, 64.92004, 0.0 ], [ 30.885567, 64.032745, 0.0 ], [ 25.78355, 63.318813, 0.0 ], [ 20.653378, 62.84783, 0.0 ], [ 15.9972725, 62.6662, 0.0 ], [ 12.2709465, 62.79142, 0.0 ], [ 9.839151, 63.21137, 0.0 ], [ 8.939962, 63.88496, 0.0 ], [ 9.661404, 64.7462, 0.0 ], [ 11.932842, 65.71081, 0.0 ], [ 15.53195, 66.684395, 0.0 ], [ 20.106401, 67.5716, 0.0 ], [ 25.208393, 68.28562, 0.0 ], [ 30.33859, 68.75648, 0.0 ], [ 34.99476, 68.93827, 0.0 ], [ 38.721058, 68.81291, 0.0 ], [ 41.152893, 68.39299, 0.0 ]] 
boundary 1: [[ 42.051964, 60.28058, 0.0 ], [ 41.15291, 59.606983, 0.0 ], [ 38.721058, 59.18703, 0.0 ], [ 34.99476, 59.061756, 0.0 ], [ 30.338596, 59.243507, 0.0 ], [ 25.208405, 59.714405, 0.0 ], [ 20.106386, 60.428413, 0.0 ], [ 15.53195, 61.315605, 0.0 ], [ 11.932857, 62.289135, 0.0 ], [ 9.661417, 63.253796, 0.0 ], [ 8.939965, 64.11508, 0.0 ], [ 9.839151, 64.78862, 0.0 ], [ 12.270937, 65.20858, 0.0 ], [ 15.9972725, 65.333855, 0.0 ], [ 20.653427, 65.152115, 0.0 ], [ 25.783573, 64.68119, 0.0 ], [ 30.885584, 63.96721, 0.0 ], [ 35.46004, 63.080013, 0.0 ], [ 39.059235, 62.106407, 0.0 ], [ 41.33061, 61.141827, 0.0 ]] 
boundary 0: [[ 42.148106, 66.765816, 0.0 ], [ 41.40156, 65.92634, 0.0 ], [ 39.102577, 65.02949, 0.0 ], [ 35.476128, 64.16304, 0.0 ], [ 30.87733, 63.411716, 0.0 ], [ 25.756395, 62.849323, 0.0 ], [ 20.614525, 62.530605, 0.0 ], [ 15.955074, 62.48705, 0.0 ], [ 12.234099, 62.722664, 0.0 ], [ 9.815819, 63.214508, 0.0 ], [ 8.936987, 63.914455, 0.0 ], [ 9.683641, 64.75394, 0.0 ], [ 11.982674, 65.65078, 0.0 ], [ 15.609056, 66.51729, 0.0 ], [ 20.207798, 67.2685, 0.0 ], [ 25.328709, 67.83101, 0.0 ], [ 30.470613, 68.14959, 0.0 ], [ 35.13012, 68.19329, 0.0 ], [ 38.851067, 67.957535, 0.0 ], [ 41.269394, 67.46571, 0.0 ]] 
boundary 1: [[ 42.148106, 61.234196, 0.0 ], [ 41.26941, 60.53425, 0.0 ], [ 38.851067, 60.042397, 0.0 ], [ 35.13011, 59.80674, 0.0 ], [ 30.47062, 59.850407, 0.0 ], [ 25.32872, 60.16904, 0.0 ], [ 20.207779, 60.731506, 0.0 ], [ 15.609056, 61.482727, 0.0 ], [ 11.982689, 62.349144, 0.0 ], [ 9.683655, 63.246063, 0.0 ], [ 8.93699, 64.085594, 0.0 ], [ 9.815819, 64.78548, 0.0 ], [ 12.23409, 65.277336, 0.0 ], [ 15.955074, 65.51301, 0.0 ], [ 20.614574, 65.46935, 0.0 ], [ 25.756418, 65.15069, 0.0 ], [ 30.877346, 64.58825, 0.0 ], [ 35.476097, 63.83702, 0.0 ], [ 39.10257, 62.97052, 0.0 ], [ 41.401546, 62.07369, 0.0 ]] 
boundary 0: [[ 42.122906, 67.045105, 0.0 ], [ 41.383663, 66.19918, 0.0 ], [ 39.092552, 65.282425, 0.0 ], [ 35.473743, 64.384575, 0.0 ], [ 30.881643, 63.593384, 0.0 ], [ 25.76578, 62.9866, 0.0 ], [ 20.626858, 62.623295, 0.0 ], [ 15.967968, 62.539333, 0.0 ], [ 12.245091, 62.74267, 0.0 ], [ 9.822636, 63.213516, 0.0 ], [ 8.937767, 63.90582, 0.0 ], [ 9.677112, 64.751724, 0.0 ], [ 11.968278, 65.66849, 0.0 ], [ 15.587011, 66.56642, 0.0 ], [ 20.179062, 67.35748, 0.0 ], [ 25.294899, 67.96438, 0.0 ], [ 30.43385, 68.327545, 0.0 ], [ 35.092796, 68.41167, 0.0 ], [ 38.815647, 68.20819, 0.0 ], [ 41.23815, 67.737366, 0.0 ]] 
boundary 1: [[ 42.122906, 60.954906, 0.0 ], [ 41.238167, 60.262608, 0.0 ], [ 38.815647, 59.791748, 0.0 ], [ 35.09279, 59.588367, 0.0 ], [ 30.433855, 59.672447, 0.0 ], [ 25.29491, 60.03566, 0.0 ], [ 20.179043, 60.64252, 0.0 ], [ 15.587011, 61.433598, 0.0 ], [ 11.968293, 62.331432, 0.0 ], [ 9.677125, 63.248257, 0.0 ], [ 8.93777, 64.09425, 0.0 ], [ 9.822635, 64.78647, 0.0 ], [ 12.245082, 65.25733, 0.0 ], [ 15.967968, 65.46073, 0.0 ], [ 20.626907, 65.376656, 0.0 ], [ 25.765802, 65.01341, 0.0 ], [ 30.881659, 64.406586, 0.0 ], [ 35.473713, 63.61549, 0.0 ], [ 39.092545, 62.717575, 0.0 ], [ 41.383648, 61.80084, 0.0 ]] 
boundary 0: [[ 42.08414, 67.43002, 0.0 ], [ 41.355095, 66.57532, 0.0 ], [ 39.07511, 65.63121, 0.0 ], [ 35.46731, 64.69014, 0.0 ], [ 30.885008, 63.844055, 0.0 ], [ 25.776772, 63.1761, 0.0 ], [ 20.642567, 62.75134, 0.0 ], [ 15.985007, 62.61164, 0.0 ], [ 12.25997, 62.770416, 0.0 ], [ 9.832054, 63.21225, 0.0 ], [ 8.938966, 63.8939, 0.0 ], [ 9.668136, 64.748604, 0.0 ], [ 11.948167, 65.69271, 0.0 ], [ 15.555896, 66.63388, 0.0 ], [ 20.138155, 67.47983, 0.0 ], [ 25.24636, 68.14788, 0.0 ], [ 30.3806, 68.57252, 0.0 ], [ 35.038204, 68.71237, 0.0 ], [ 38.763214, 68.55345, 0.0 ], [ 41.191185, 68.11165, 0.0 ]] 
boundary 1: [[ 42.08414, 60.56999, 0.0 ], [ 41.1912, 59.88832, 0.0 ], [ 38.763214, 59.446484, 0.0 ], [ 35.038197, 59.287663, 0.0 ], [ 30.380606, 59.427475, 0.0 ], [ 25.246372, 59.85215, 0.0 ], [ 20.138136, 60.520172, 0.0 ], [ 15.555897, 61.36614, 0.0 ], [ 11.948182, 62.307205, 0.0 ], [ 9.668148, 63.25137, 0.0 ], [ 8.93897, 64.10613, 0.0 ], [ 9.832052, 64.787735, 0.0 ], [ 12.25996, 65.229576, 0.0 ], [ 15.985008, 65.38842, 0.0 ], [ 20.642616, 65.24862, 0.0 ], [ 25.776794, 64.823906, 0.0 ], [ 30.885023, 64.155914, 0.0 ], [ 35.46728, 63.309933, 0.0 ], [ 39.075104, 62.368793, 0.0 ], [ 41.35508, 61.4247, 0.0 ]] 
boundary 0: [[ 42.017708, 68.003944, 0.0 ], [ 41.30407, 67.136345, 0.0 ], [ 39.041325, 66.15166, 0.0 ], [ 35.450912, 65.14626, 0.0 ], [ 30.884449, 64.21843, 0.0 ], [ 25.78896, 63.459328, 0.0 ], [ 20.66317, 62.942883, 0.0 ], [ 16.008848, 62.719994, 0.0 ], [ 12.2815695, 62.812183, 0.0 ], [ 9.846145, 63.21057, 0.0 ], [ 8.94102, 63.876152, 0.0 ], [ 9.654802, 64.74375, 0.0 ], [ 11.917601, 65.72844, 0.0 ], [ 15.507937, 66.733925, 0.0 ], [ 20.074356, 67.661606, 0.0 ], [ 25.1698, 68.420845, 0.0 ], [ 30.295639, 68.93713, 0.0 ], [ 34.94999, 69.160194, 0.0 ], [ 38.677254, 69.06786, 0.0 ], [ 41.112747, 68.66949, 0.0 ]] 
boundary 1: [[ 42.017708, 59.996063, 0.0 ], [ 41.112762, 59.330456, 0.0 ], [ 38.677254, 58.93208, 0.0 ], [ 34.94998, 58.839832, 0.0 ], [ 30.295645, 59.062847, 0.0 ], [ 25.169811, 59.579205, 0.0 ], [ 20.074337, 60.33839, 0.0 ], [ 15.507939, 61.266094, 0.0 ], [ 11.917613, 62.271473, 0.0 ], [ 9.654816, 63.256233, 0.0 ], [ 8.941026, 64.12388, 0.0 ], [ 9.846143, 64.78942, 0.0 ], [ 12.281558, 65.187805, 0.0 ], [ 16.00885, 65.28007, 0.0 ], [ 20.66322, 65.05706, 0.0 ], [ 25.788982, 64.54068, 0.0 ], [ 30.884464, 63.78153, 0.0 ], [ 35.450882, 62.853798, 0.0 ], [ 39.041317, 61.84835, 0.0 ], [ 41.304054, 60.86367, 0.0 ]] 
boundary 0: [[ 41.96307, 68.41973, 0.0 ], [ 41.260742, 67.54295, 0.0 ], [ 39.010956, 66.529, 0.0 ], [ 35.43389, 65.47712, 0.0 ], [ 30.87984, 64.49013, 0.0 ], [ 25.794628, 63.665016, 0.0 ], [ 20.675978, 63.082138, 0.0 ], [ 16.024933, 62.798897, 0.0 ], [ 12.296775, 62.842735, 0.0 ], [ 9.856391, 63.209507, 0.0 ], [ 8.942709, 63.863297, 0.0 ], [ 9.64518, 64.740074, 0.0 ], [ 11.895016, 65.75403, 0.0 ], [ 15.47201, 66.80599, 0.0 ], [ 20.026005, 67.79282, 0.0 ], [ 25.111176, 68.618095, 0.0 ], [ 30.229895, 69.200806, 0.0 ], [ 34.880943, 69.48421, 0.0 ], [ 38.609104, 69.44024, 0.0 ], [ 41.049545, 69.07348, 0.0 ]] 
boundary 1: [[ 41.96307, 59.580276, 0.0 ], [ 41.04956, 58.926464, 0.0 ], [ 38.609104, 58.559708, 0.0 ], [ 34.880936, 58.515812, 0.0 ], [ 30.2299, 58.79918, 0.0 ], [ 25.111187, 59.38197, 0.0 ], [ 20.025986, 60.207172, 0.0 ], [ 15.472012, 61.194023, 0.0 ], [ 11.895027, 62.24588, 0.0 ], [ 9.645193, 63.259907, 0.0 ], [ 8.942716, 64.13676, 0.0 ], [ 9.856389, 64.79049, 0.0 ], [ 12.296762, 65.15725, 0.0 ], [ 16.024937, 65.201164, 0.0 ], [ 20.676025, 64.917816, 0.0 ], [ 25.794651, 64.334984, 0.0 ], [ 30.879854, 63.50982, 0.0 ], [ 35.43386, 62.52294, 0.0 ], [ 39.01095, 61.471016, 0.0 ], [ 41.260727, 60.45707, 0.0 ]] 
boundary 0: [[ 41.792645, 69.515594, 0.0 ], [ 41.120796, 68.615265, 0.0 ], [ 38.907116, 67.524734, 0.0 ], [ 35.368225, 66.3508, 0.0 ], [ 30.850704, 65.208206, 0.0 ], [ 25.796785, 64.20918, 0.0 ], [ 20.70113, 63.451103, 0.0 ], [ 16.062542, 63.008514, 0.0 ], [ 12.335074, 62.924473, 0.0 ], [ 9.883547, 63.207333, 0.0 ], [ 8.947981, 63.829407, 0.0 ], [ 9.619967, 64.72976, 0.0 ], [ 11.833707, 65.82027, 0.0 ], [ 15.372519, 66.99429, 0.0 ], [ 19.889988, 68.13672, 0.0 ], [ 24.943863, 69.13592, 0.0 ], [ 30.039583, 69.89381, 0.0 ], [ 34.678185, 70.336555, 0.0 ], [ 38.405655, 70.42049, 0.0 ], [ 40.85724, 70.13763, 0.0 ]] 
boundary 1: [[ 41.792645, 58.48441, 0.0 ], [ 40.857254, 57.862305, 0.0 ], [ 38.405647, 57.57947, 0.0 ], [ 34.678177, 57.663452, 0.0 ], [ 30.039589, 58.106163, 0.0 ], [ 24.943874, 58.864162, 0.0 ], [ 19.889969, 59.863274, 0.0 ], [ 15.37252, 61.005722, 0.0 ], [ 11.833717, 62.179634, 0.0 ], [ 9.619981, 63.270226, 0.0 ], [ 8.947989, 64.17065, 0.0 ], [ 9.883545, 64.792656, 0.0 ], [ 12.335061, 65.07552, 0.0 ], [ 16.062551, 64.99154, 0.0 ], [ 20.701176, 64.54887, 0.0 ], [ 25.796808, 63.79082, 0.0 ], [ 30.850714, 62.79174, 0.0 ], [ 35.368195, 61.64926, 0.0 ], [ 38.90711, 60.475277, 0.0 ], [ 41.12078, 59.384777, 0.0 ]] 
boundary 0: [[ 41.553806, 70.751526, 0.0 ], [ 40.91752, 69.82571, 0.0 ], [ 38.747967, 68.64986, 0.0 ], [ 35.257454, 67.33905, 0.0 ], [ 30.787827, 66.02148, 0.0 ], [ 25.776617, 64.826485, 0.0 ], [ 20.714336, 63.87064, 0.0 ], [ 16.096489, 63.24784, 0.0 ], [ 12.375117, 63.018772, 0.0 ], [ 9.914439, 63.205994, 0.0 ], [ 8.955368, 63.79118, 0.0 ], [ 9.5918, 64.717, 0.0 ], [ 11.761414, 65.89286, 0.0 ], [ 15.251846, 67.203735, 0.0 ], [ 19.721416, 68.52114, 0.0 ], [ 24.732574, 69.7163, 0.0 ], [ 29.794933, 70.67195, 0.0 ], [ 34.412785, 71.294914, 0.0 ], [ 38.134163, 71.52388, 0.0 ], [ 40.59491, 71.33666, 0.0 ]] 
boundary 1: [[ 41.553806, 57.248497, 0.0 ], [ 40.59491, 56.66327, 0.0 ], [ 38.134155, 56.476086, 0.0 ], [ 34.412777, 56.705086, 0.0 ], [ 29.794937, 57.32801, 0.0 ], [ 24.732586, 58.283783, 0.0 ], [ 19.721397, 59.478855, 0.0 ], [ 15.251848, 60.79628, 0.0 ], [ 11.761421, 62.107044, 0.0 ], [ 9.591812, 63.282974, 0.0 ], [ 8.955378, 64.20887, 0.0 ], [ 9.914437, 64.794, 0.0 ], [ 12.375104, 64.981224, 0.0 ], [ 16.0965, 64.752205, 0.0 ], [ 20.714378, 64.12932, 0.0 ], [ 25.77664, 63.1735, 0.0 ], [ 30.787834, 61.978462, 0.0 ], [ 35.257423, 60.661007, 0.0 ], [ 38.74796, 59.35017, 0.0 ], [ 40.917503, 58.174328, 0.0 ]] 
boundary 0: [[ 41.27272, 71.9549, 0.0 ], [ 40.67227, 71.00543, 0.0 ], [ 38.54924, 69.74754, 0.0 ], [ 35.111366, 68.304306, 0.0 ], [ 30.69535, 66.81692, 0.0 ], [ 25.733463, 65.431305, 0.0 ], [ 20.711407, 64.28271, 0.0 ], [ 16.12073, 63.483894, 0.0 ], [ 12.410829, 63.112797, 0.0 ], [ 9.944795, 63.205853, 0.0 ], [ 8.964062, 63.753963, 0.0 ], [ 9.564651, 64.70342, 0.0 ], [ 11.687748, 65.96133, 0.0 ], [ 15.12554, 67.404625, 0.0 ], [ 19.541504, 68.89188, 0.0 ], [ 24.503328, 70.27763, 0.0 ], [ 29.525473, 71.42604, 0.0 ], [ 34.116154, 72.225006, 0.0 ], [ 37.82606, 72.59601, 0.0 ], [ 40.292168, 72.50297, 0.0 ]] 
boundary 1: [[ 41.27272, 56.045124, 0.0 ], [ 40.29216, 55.49696, 0.0 ], [ 37.826054, 55.403954, 0.0 ], [ 34.116146, 55.774986, 0.0 ], [ 29.525476, 56.573914, 0.0 ], [ 24.503342, 57.72243, 0.0 ], [ 19.541485, 59.108128, 0.0 ], [ 15.125544, 60.59539, 0.0 ], [ 11.68775, 62.03857, 0.0 ], [ 9.56466, 63.296555, 0.0 ], [ 8.964073, 64.24609, 0.0 ], [ 9.944793, 64.79414, 0.0 ], [ 12.410815, 64.8872, 0.0 ], [ 16.120743, 64.51614, 0.0 ], [ 20.711449, 63.717255, 0.0 ], [ 25.733486, 62.568695, 0.0 ], [ 30.695356, 61.18303, 0.0 ], [ 35.111336, 59.695744, 0.0 ], [ 38.549232, 58.252476, 0.0 ], [ 40.672256, 56.99459, 0.0 ]] 
boundary 0: [[ 40.822113, 73.556175, 0.0 ], [ 40.27129, 72.57708, 0.0 ], [ 38.215767, 71.211655, 0.0 ], [ 34.856667, 69.59352, 0.0 ], [ 30.522991, 67.88098, 0.0 ], [ 25.638935, 66.24202, 0.0 ], [ 20.682602, 64.83666, 0.0 ], [ 16.139088, 63.8028, 0.0 ], [ 12.453179, 63.24139, 0.0 ], [ 9.985623, 63.207493, 0.0 ], [ 8.978, 63.704433, 0.0 ], [ 9.52896, 64.683525, 0.0 ], [ 11.584555, 66.048935, 0.0 ], [ 14.943566, 67.66715, 0.0 ], [ 19.277195, 69.37956, 0.0 ], [ 24.161182, 71.01867, 0.0 ], [ 29.117619, 72.423836, 0.0 ], [ 33.661137, 73.45784, 0.0 ], [ 37.347054, 74.01915, 0.0 ], [ 39.81467, 74.05308, 0.0 ]] 
boundary 1: [[ 40.822113, 54.443855, 0.0 ], [ 39.81466, 53.946846, 0.0 ], [ 37.347046, 53.9808, 0.0 ], [ 33.66113, 54.54214, 0.0 ], [ 29.117622, 55.57611, 0.0 ], [ 24.161198, 56.981403, 0.0 ], [ 19.277176, 58.62045, 0.0 ], [ 14.94357, 60.332863, 0.0 ], [ 11.584551, 61.95093, 0.0 ], [ 9.528969, 63.31645, 0.0 ], [ 8.978012, 64.2956, 0.0 ], [ 9.985621, 64.7925, 0.0 ], [ 12.453166, 64.7586, 0.0 ], [ 16.1391, 64.19724, 0.0 ], [ 20.68264, 63.163303, 0.0 ], [ 25.638958, 61.757984, 0.0 ], [ 30.522997, 60.11896, 0.0 ], [ 34.856636, 58.406532, 0.0 ], [ 38.215767, 56.78836, 0.0 ], [ 40.271275, 55.42295, 0.0 ]] 
boundary 0: [[ 40.321457, 75.04534, 0.0 ], [ 39.81884, 74.04064, 0.0 ], [ 37.83207, 72.57699, 0.0 ], [ 34.555534, 70.79761, 0.0 ], [ 30.31017, 68.876564, 0.0 ], [ 25.51149, 67.00229, 0.0 ], [ 20.629272, 65.35783, 0.0 ], [ 16.14134, 64.104485, 0.0 ], [ 12.487056, 63.364693, 0.0 ], [ 10.024059, 63.210957, 0.0 ], [ 8.993485, 63.658382, 0.0 ], [ 9.496234, 64.66308, 0.0 ], [ 11.483076, 66.126724, 0.0 ], [ 14.759516, 67.906204, 0.0 ], [ 19.00485, 69.8271, 0.0 ], [ 23.80345, 71.701515, 0.0 ], [ 28.68578, 73.34579, 0.0 ], [ 33.173702, 74.59929, 0.0 ], [ 36.82801, 75.33897, 0.0 ], [ 39.291065, 75.49272, 0.0 ]] 
boundary 1: [[ 40.321457, 52.954685, 0.0 ], [ 39.291042, 52.507202, 0.0 ], [ 36.828, 52.66098, 0.0 ], [ 33.17369, 53.40071, 0.0 ], [ 28.68578, 54.65416, 0.0 ], [ 23.803467, 56.29856, 0.0 ], [ 19.004835, 58.172913, 0.0 ], [ 14.75952, 60.093815, 0.0 ], [ 11.483067, 61.87314, 0.0 ], [ 9.496241, 63.3369, 0.0 ], [ 8.9935, 64.34168, 0.0 ], [ 10.024056, 64.78902, 0.0 ], [ 12.487042, 64.63529, 0.0 ], [ 16.141356, 63.89556, 0.0 ], [ 20.62931, 62.64213, 0.0 ], [ 25.511513, 60.99772, 0.0 ], [ 30.310173, 59.123386, 0.0 ], [ 34.555504, 57.20246, 0.0 ], [ 37.83207, 55.423023, 0.0 ], [ 39.818832, 53.95938, 0.0 ]] 
boundary 0: [[ 39.624878, 76.800385, 0.0 ], [ 39.181778, 75.76805, 0.0 ], [ 37.28382, 74.19093, 0.0 ], [ 34.116753, 72.223305, 0.0 ], [ 29.990763, 70.057724, 0.0 ], [ 25.309675, 67.906525, 0.0 ], [ 20.531773, 65.97987, 0.0 ], [ 16.124657, 64.46669, 0.0 ], [ 12.519788, 63.514843, 0.0 ], [ 10.069964, 63.217598, 0.0 ], [ 9.015028, 63.604115, 0.0 ], [ 9.458273, 64.63644, 0.0 ], [ 11.356288, 66.21357, 0.0 ], [ 14.523269, 68.18127, 0.0 ], [ 18.649231, 70.34672, 0.0 ], [ 23.330235, 72.49803, 0.0 ], [ 28.10826, 74.4245, 0.0 ], [ 32.51536, 75.93785, 0.0 ], [ 36.120255, 76.88957, 0.0 ], [ 38.570137, 77.18686, 0.0 ]] 
boundary 1: [[ 39.624886, 51.199646, 0.0 ], [ 38.570114, 50.813072, 0.0 ], [ 36.12024, 51.110374, 0.0 ], [ 32.515347, 52.062153, 0.0 ], [ 28.108253, 53.575447, 0.0 ], [ 23.330256, 55.50204, 0.0 ], [ 18.649216, 57.65331, 0.0 ], [ 14.5232725, 59.818752, 0.0 ], [ 11.356271, 61.786297, 0.0 ], [ 9.458279, 63.363544, 0.0 ], [ 9.015049, 64.39598, 0.0 ], [ 10.06996, 64.78238, 0.0 ], [ 12.519773, 64.48513, 0.0 ], [ 16.124674, 63.53335, 0.0 ], [ 20.53181, 62.020077, 0.0 ], [ 25.309698, 60.09348, 0.0 ], [ 29.990765, 57.942234, 0.0 ], [ 34.116722, 55.776764, 0.0 ], [ 37.28382, 53.80909, 0.0 ], [ 39.181774, 52.23197, 0.0 ]] 
boundary 0: [[ 36.584297, 82.307465, 0.0 ], [ 36.34948, 81.20888, 0.0 ], [ 34.79283, 79.2941, 0.0 ], [ 32.06671, 76.75044, 0.0 ], [ 28.43814, 73.82691, 0.0 ], [ 24.262205, 70.810005, 0.0 ], [ 19.947803, 67.99464, 0.0 ], [ 15.917109, 65.656715, 0.0 ], [ 12.564779, 64.02486, 0.0 ], [ 10.218879, 63.258865, 0.0 ], [ 9.109066, 63.433792, 0.0 ], [ 9.344028, 64.5324, 0.0 ], [ 10.90073, 66.447205, 0.0 ], [ 13.626752, 68.990906, 0.0 ], [ 17.255316, 71.9143, 0.0 ], [ 21.43115, 74.931305, 0.0 ], [ 25.745708, 77.74651, 0.0 ], [ 29.776358, 80.0846, 0.0 ], [ 33.128735, 81.71635, 0.0 ], [ 35.474686, 82.48239, 0.0 ]] 
boundary 1: [[ 36.584305, 45.692566, 0.0 ], [ 35.474655, 45.517548, 0.0 ], [ 33.128716, 46.28361, 0.0 ], [ 29.776344, 47.915413, 0.0 ], [ 25.745693, 50.253433, 0.0 ], [ 21.43118, 53.068752, 0.0 ], [ 17.255302, 56.085724, 0.0 ], [ 13.626759, 59.00911, 0.0 ], [ 10.900685, 61.55266, 0.0 ], [ 9.344029, 63.467575, 0.0 ], [ 9.109105, 64.5663, 0.0 ], [ 10.218871, 64.74111, 0.0 ], [ 12.564758, 63.97512, 0.0 ], [ 15.917131, 62.343315, 0.0 ], [ 19.947834, 60.005302, 0.0 ], [ 24.262228, 57.190002, 0.0 ], [ 28.438139, 54.173054, 0.0 ], [ 32.0667, 51.249626, 0.0 ], [ 34.79283, 48.705936, 0.0 ], [ 36.349472, 46.791157, 0.0 ]] 
boundary 0: [[ 27.758308, 90.97606, 0.0 ], [ 27.953243, 89.8697, 0.0 ], [ 27.229614, 87.51049, 0.0 ], [ 25.658287, 84.12923, 0.0 ], [ 23.393227, 80.057014, 0.0 ], [ 20.655937, 75.69267, 0.0 ], [ 17.714626, 71.46312, 0.0 ], [ 14.856953, 67.78262, 0.0 ], [ 12.362834, 65.01127, 0.0 ], [ 10.476307, 63.42035, 0.0 ], [ 9.382035, 63.165684, 0.0 ], [ 9.1872225, 64.27212, 0.0 ], [ 9.910888, 66.63138, 0.0 ], [ 11.482103, 70.012634, 0.0 ], [ 13.747208, 74.08474, 0.0 ], [ 16.48437, 78.44913, 0.0 ], [ 19.425888, 82.67857, 0.0 ], [ 22.283453, 86.35923, 0.0 ], [ 24.777662, 89.13049, 0.0 ], [ 26.664215, 90.72147, 0.0 ]] 
boundary 1: [[ 27.758322, 37.023964, 0.0 ], [ 26.664164, 37.27848, 0.0 ], [ 24.777626, 38.869484, 0.0 ], [ 22.283451, 41.640804, 0.0 ], [ 19.425856, 45.321384, 0.0 ], [ 16.48442, 49.550915, 0.0 ], [ 13.747206, 53.915283, 0.0 ], [ 11.482116, 57.987377, 0.0 ], [ 9.910796, 61.36851, 0.0 ], [ 9.187214, 63.727856, 0.0 ], [ 9.38211, 64.8344, 0.0 ], [ 10.476293, 64.579636, 0.0 ], [ 12.362806, 62.988728, 0.0 ], [ 14.856986, 60.217396, 0.0 ], [ 17.714634, 56.536808, 0.0 ], [ 20.655962, 52.30733, 0.0 ], [ 23.393217, 47.94297, 0.0 ], [ 25.658304, 43.870834, 0.0 ], [ 27.229633, 40.48954, 0.0 ], [ 27.95324, 38.130333, 0.0 ]] 
boundary 0: [[ 28.843555, 90.22672, 0.0 ], [ 28.993212, 89.113335, 0.0 ], [ 28.173977, 86.7856, 0.0 ], [ 26.46607, 83.47122, 0.0 ], [ 24.03683, 79.49477, 0.0 ], [ 21.12384, 75.24568, 0.0 ], [ 18.012497, 71.139595, 0.0 ], [ 15.007112, 67.57869, 0.0 ], [ 12.402052, 64.911354, 0.0 ], [ 10.452217, 63.39869, 0.0 ], [ 9.348471, 63.188858, 0.0 ], [ 9.19894, 64.302315, 0.0 ], [ 10.018213, 66.630104, 0.0 ], [ 11.726008, 69.94447, 0.0 ], [ 14.155288, 73.92082, 0.0 ], [ 17.068151, 78.16996, 0.0 ], [ 20.179699, 82.27593, 0.0 ], [ 23.184982, 85.837, 0.0 ], [ 25.790127, 88.50424, 0.0 ], [ 27.73999, 90.01697, 0.0 ]] 
boundary 1: [[ 28.843569, 37.7733, 0.0 ], [ 27.73994, 37.982986, 0.0 ], [ 25.790092, 39.495735, 0.0 ], [ 23.184978, 42.163036, 0.0 ], [ 20.179668, 45.724022, 0.0 ], [ 17.068201, 49.830086, 0.0 ], [ 14.155285, 54.0792, 0.0 ], [ 11.726021, 58.05554, 0.0 ], [ 10.0181265, 61.36978, 0.0 ], [ 9.198933, 63.697655, 0.0 ], [ 9.348541, 64.811226, 0.0 ], [ 10.452204, 64.601295, 0.0 ], [ 12.402025, 63.088642, 0.0 ], [ 15.007144, 60.421326, 0.0 ], [ 18.012508, 56.860336, 0.0 ], [ 21.123867, 52.754322, 0.0 ], [ 24.036821, 48.50522, 0.0 ], [ 26.466085, 44.52884, 0.0 ], [ 28.173996, 41.21443, 0.0 ], [ 28.993206, 38.886696, 0.0 ]] 
boundary 0: [[ 37.35134, 81.1374, 0.0 ], [ 37.06922, 80.04998, 0.0 ], [ 35.431187, 78.20435, 0.0 ], [ 32.597576, 75.781, 0.0 ], [ 28.845938, 73.0172, 0.0 ], [ 24.543398, 70.18376, 0.0 ], [ 20.11124, 67.55766, 0.0 ], [ 15.983174, 65.39629, 0.0 ], [ 12.5633955, 63.911003, 0.0 ], [ 10.186547, 63.247208, 0.0 ], [ 9.085341, 63.469975, 0.0 ], [ 9.367606, 64.55737, 0.0 ], [ 11.00569, 66.403046, 0.0 ], [ 13.839204, 68.82646, 0.0 ], [ 17.590841, 71.59014, 0.0 ], [ 21.893276, 74.423676, 0.0 ], [ 26.325586, 77.04959, 0.0 ], [ 30.453611, 79.211136, 0.0 ], [ 33.87344, 80.69631, 0.0 ], [ 36.250336, 81.360146, 0.0 ]] 
boundary 1: [[ 37.35135, 46.862633, 0.0 ], [ 36.2503, 46.63978, 0.0 ], [ 33.873417, 47.303642, 0.0 ], [ 30.453594, 48.78889, 0.0 ], [ 26.325573, 50.950356, 0.0 ], [ 21.893309, 53.576385, 0.0 ], [ 17.590824, 56.40987, 0.0 ], [ 13.8392105, 59.17356, 0.0 ], [ 11.005653, 61.596806, 0.0 ], [ 9.367614, 63.442574, 0.0 ], [ 9.085378, 64.53012, 0.0 ], [ 10.1865425, 64.75278, 0.0 ], [ 12.56337, 64.088974, 0.0 ], [ 15.983198, 62.60373, 0.0 ], [ 20.11127, 60.44228, 0.0 ], [ 24.54342, 57.81625, 0.0 ], [ 28.845932, 54.982788, 0.0 ], [ 32.597565, 52.219063, 0.0 ], [ 35.4312, 49.79568, 0.0 ], [ 37.0692, 47.950035, 0.0 ]] 
boundary 0: [[ 40.137794, 75.5381, 0.0 ], [ 39.651608, 74.52535, 0.0 ], [ 37.688885, 73.02962, 0.0 ], [ 34.441727, 71.19714, 0.0 ], [ 30.22817, 69.20733, 0.0 ], [ 25.46061, 67.25526, 0.0 ], [ 20.605778, 65.5316, 0.0 ], [ 16.138815, 64.20542, 0.0 ], [ 12.497056, 63.40631, 0.0 ], [ 10.036878, 63.212543, 0.0 ], [ 8.999162, 63.64315, 0.0 ], [ 9.485499, 64.65586, 0.0 ], [ 11.448278, 66.151634, 0.0 ], [ 14.695354, 67.984184, 0.0 ], [ 18.908888, 69.97387, 0.0 ], [ 23.676361, 71.92607, 0.0 ], [ 28.53131, 73.64952, 0.0 ], [ 32.99826, 74.97586, 0.0 ], [ 36.640045, 75.77485, 0.0 ], [ 39.10029, 75.96866, 0.0 ]] 
boundary 1: [[ 40.137802, 52.46193, 0.0 ], [ 39.100258, 52.031265, 0.0 ], [ 36.640034, 52.225094, 0.0 ], [ 32.99824, 53.024162, 0.0 ], [ 28.531307, 54.350426, 0.0 ], [ 23.676384, 56.073994, 0.0 ], [ 18.908865, 58.02614, 0.0 ], [ 14.695356, 60.01584, 0.0 ], [ 11.448272, 61.84821, 0.0 ], [ 9.485517, 63.34409, 0.0 ], [ 8.999178, 64.35696, 0.0 ], [ 10.036876, 64.78745, 0.0 ], [ 12.497036, 64.59367, 0.0 ], [ 16.138836, 63.794605, 0.0 ], [ 20.605816, 62.468357, 0.0 ], [ 25.460627, 60.74477, 0.0 ], [ 30.228167, 58.79265, 0.0 ], [ 34.4417, 56.80292, 0.0 ], [ 37.68888, 54.97043, 0.0 ], [ 39.65158, 53.474667, 0.0 ]] 
boundary 0: [[ 41.165234, 72.36695, 0.0 ], [ 40.577354, 71.409645, 0.0 ], [ 38.471066, 70.12393, 0.0 ], [ 35.052498, 68.63553, 0.0 ], [ 30.656464, 67.090126, 0.0 ], [ 25.713253, 65.63929, 0.0 ], [ 20.706753, 64.42464, 0.0 ], [ 16.126986, 63.565426, 0.0 ], [ 12.422305, 63.145508, 0.0 ], [ 9.955252, 63.20607, 0.0 ], [ 8.967384, 63.741226, 0.0 ], [ 9.555406, 64.69848, 0.0 ], [ 11.661757, 65.98422, 0.0 ], [ 15.0802555, 67.47272, 0.0 ], [ 19.476257, 69.018005, 0.0 ], [ 24.419384, 70.46897, 0.0 ], [ 29.425982, 71.68341, 0.0 ], [ 34.005753, 72.54278, 0.0 ], [ 37.71045, 72.96256, 0.0 ], [ 40.177574, 72.902054, 0.0 ]] 
boundary 1: [[ 41.16524, 55.633076, 0.0 ], [ 40.17755, 55.097874, 0.0 ], [ 37.710434, 55.03737, 0.0 ], [ 34.005726, 55.457233, 0.0 ], [ 29.425985, 56.316547, 0.0 ], [ 24.419405, 57.53109, 0.0 ], [ 19.476234, 58.982, 0.0 ], [ 15.0802555, 60.527306, 0.0 ], [ 11.661766, 62.01562, 0.0 ], [ 9.555429, 63.30147, 0.0 ], [ 8.967391, 64.25887, 0.0 ], [ 9.955251, 64.79393, 0.0 ], [ 12.422289, 64.85448, 0.0 ], [ 16.127003, 64.434616, 0.0 ], [ 20.706799, 63.575325, 0.0 ], [ 25.713264, 62.36075, 0.0 ], [ 30.65646, 60.909866, 0.0 ], [ 35.052467, 59.36454, 0.0 ], [ 38.471058, 57.876102, 0.0 ], [ 40.577324, 56.590363, 0.0 ]] 
boundary 0: [[ 41.701454, 70.01868, 0.0 ], [ 41.043938, 69.10779, 0.0 ], [ 38.84778, 67.98245, 0.0 ], [ 35.327896, 66.75268, 0.0 ], [ 30.829002, 65.53881, 0.0 ], [ 25.791508, 64.46001, 0.0 ], [ 20.70847, 63.62143, 0.0 ], [ 16.077448, 63.10555, 0.0 ], [ 12.351787, 62.962585, 0.0 ], [ 9.896087, 63.206642, 0.0 ], [ 8.950799, 63.81385, 0.0 ], [ 9.608453, 64.72468, 0.0 ], [ 11.804678, 65.85005, 0.0 ], [ 15.324499, 67.07991, 0.0 ], [ 19.823341, 68.293655, 0.0 ], [ 24.860775, 69.372604, 0.0 ], [ 29.943888, 70.21096, 0.0 ], [ 34.57492, 70.72699, 0.0 ], [ 38.30059, 70.86982, 0.0 ], [ 40.756355, 70.625824, 0.0 ]] 
boundary 1: [[ 41.70146, 57.981354, 0.0 ], [ 40.756348, 57.37411, 0.0 ], [ 38.300583, 57.130108, 0.0 ], [ 34.57489, 57.273006, 0.0 ], [ 29.943892, 57.788994, 0.0 ], [ 24.860786, 58.62746, 0.0 ], [ 19.823318, 59.70635, 0.0 ], [ 15.324499, 60.920105, 0.0 ], [ 11.804697, 62.149796, 0.0 ], [ 9.60848, 63.275276, 0.0 ], [ 8.950801, 64.18624, 0.0 ], [ 9.896085, 64.793365, 0.0 ], [ 12.351771, 65.03741, 0.0 ], [ 16.077467, 64.8945, 0.0 ], [ 20.708515, 64.378525, 0.0 ], [ 25.791517, 63.54003, 0.0 ], [ 30.829, 62.461174, 0.0 ], [ 35.32785, 61.2474, 0.0 ], [ 38.84777, 60.017597, 0.0 ], [ 41.043907, 58.892212, 0.0 ]] 
boundary 0: [[ 41.95656, 68.466606, 0.0 ], [ 41.25553, 67.588776, 0.0 ], [ 39.007248, 66.57158, 0.0 ], [ 35.431725, 65.514435, 0.0 ], [ 30.87911, 64.5208, 0.0 ], [ 25.795115, 63.688255, 0.0 ], [ 20.677315, 63.097862, 0.0 ], [ 16.026678, 62.807804, 0.0 ], [ 12.298473, 62.8462, 0.0 ], [ 9.857548, 63.20939, 0.0 ], [ 8.94291, 63.86186, 0.0 ], [ 9.644078, 64.73962, 0.0 ], [ 11.892437, 65.75686, 0.0 ], [ 15.467901, 66.81408, 0.0 ], [ 20.020447, 67.8076, 0.0 ], [ 25.104393, 68.640305, 0.0 ], [ 30.222265, 69.23045, 0.0 ], [ 34.872917, 69.52067, 0.0 ], [ 38.601135, 69.48215, 0.0 ], [ 41.04211, 69.119, 0.0 ]] 
boundary 1: [[ 41.956566, 59.533413, 0.0 ], [ 41.042114, 58.880928, 0.0 ], [ 38.601128, 58.517788, 0.0 ], [ 34.872887, 58.479332, 0.0 ], [ 30.222271, 58.76949, 0.0 ], [ 25.104404, 59.35977, 0.0 ], [ 20.020424, 60.192394, 0.0 ], [ 15.467901, 61.18593, 0.0 ], [ 11.892462, 62.242992, 0.0 ], [ 9.64411, 63.260334, 0.0 ], [ 8.942904, 64.138245, 0.0 ], [ 9.857546, 64.79061, 0.0 ], [ 12.298458, 65.153786, 0.0 ], [ 16.026697, 65.192245, 0.0 ], [ 20.677362, 64.90209, 0.0 ], [ 25.795124, 64.31178, 0.0 ], [ 30.879108, 63.479187, 0.0 ], [ 35.43167, 62.485634, 0.0 ], [ 39.00724, 61.42847, 0.0 ], [ 41.2555, 60.411217, 0.0 ]] 
boundary 0: [[ 42.051865, 67.719765, 0.0 ], [ 41.330612, 66.858505, 0.0 ], [ 39.059242, 65.89393, 0.0 ], [ 35.460075, 64.92032, 0.0 ], [ 30.885557, 64.03295, 0.0 ], [ 25.78355, 63.31902, 0.0 ], [ 20.653389, 62.847946, 0.0 ], [ 15.997269, 62.666252, 0.0 ], [ 12.2709675, 62.79144, 0.0 ], [ 9.83916, 63.21136, 0.0 ], [ 8.939962, 63.884953, 0.0 ], [ 9.661377, 64.746155, 0.0 ], [ 11.932813, 65.71077, 0.0 ], [ 15.531927, 66.684456, 0.0 ], [ 20.10637, 67.57171, 0.0 ], [ 25.208324, 68.285805, 0.0 ], [ 30.33855, 68.75663, 0.0 ], [ 34.994705, 68.938484, 0.0 ], [ 38.721004, 68.81316, 0.0 ], [ 41.152878, 68.39328, 0.0 ]] 
boundary 1: [[ 42.05187, 60.28025, 0.0 ], [ 41.152885, 59.606644, 0.0 ], [ 38.720997, 59.18677, 0.0 ], [ 34.994675, 59.061516, 0.0 ], [ 30.338556, 59.243317, 0.0 ], [ 25.208332, 59.714275, 0.0 ], [ 20.106348, 60.428295, 0.0 ], [ 15.531927, 61.315556, 0.0 ], [ 11.932839, 62.289085, 0.0 ], [ 9.661411, 63.253803, 0.0 ], [ 8.939953, 64.11515, 0.0 ], [ 9.839158, 64.788635, 0.0 ], [ 12.270952, 65.20855, 0.0 ], [ 15.997284, 65.3338, 0.0 ], [ 20.653444, 65.15201, 0.0 ], [ 25.783562, 64.68102, 0.0 ], [ 30.885555, 63.96703, 0.0 ], [ 35.460022, 63.079742, 0.0 ], [ 39.059235, 62.106117, 0.0 ], [ 41.33058, 61.14149, 0.0 ]] 
boundary 0: [[ 42.14802, 66.76616, 0.0 ], [ 41.401558, 65.92664, 0.0 ], [ 39.102592, 65.029816, 0.0 ], [ 35.476135, 64.16332, 0.0 ], [ 30.877321, 63.411922, 0.0 ], [ 25.756405, 62.84953, 0.0 ], [ 20.614538, 62.53072, 0.0 ], [ 15.955073, 62.487103, 0.0 ], [ 12.234121, 62.722683, 0.0 ], [ 9.815827, 63.2145, 0.0 ], [ 8.936987, 63.914448, 0.0 ], [ 9.683614, 64.75389, 0.0 ], [ 11.982643, 65.65075, 0.0 ], [ 15.6090355, 66.51735, 0.0 ], [ 20.207767, 67.268616, 0.0 ], [ 25.32864, 67.83119, 0.0 ], [ 30.470577, 68.14975, 0.0 ], [ 35.130074, 68.193504, 0.0 ], [ 38.85103, 67.95779, 0.0 ], [ 41.269386, 67.466, 0.0 ]] 
boundary 1: [[ 42.148026, 61.233864, 0.0 ], [ 41.269394, 60.53391, 0.0 ], [ 38.85102, 60.042137, 0.0 ], [ 35.130043, 59.806496, 0.0 ], [ 30.470583, 59.850212, 0.0 ], [ 25.328648, 60.16891, 0.0 ], [ 20.207745, 60.731388, 0.0 ], [ 15.6090355, 61.482674, 0.0 ], [ 11.982672, 62.349094, 0.0 ], [ 9.683649, 63.24607, 0.0 ], [ 8.936977, 64.08566, 0.0 ], [ 9.815825, 64.78549, 0.0 ], [ 12.234106, 65.277306, 0.0 ], [ 15.955086, 65.512955, 0.0 ], [ 20.614597, 65.469246, 0.0 ], [ 25.756416, 65.15052, 0.0 ], [ 30.877329, 64.58806, 0.0 ], [ 35.476074, 63.83675, 0.0 ], [ 39.102585, 62.97023, 0.0 ], [ 41.401527, 62.07335, 0.0 ]] 
boundary 0: [[ 42.12282, 67.04544, 0.0 ], [ 41.383663, 66.199486, 0.0 ], [ 39.092567, 65.28275, 0.0 ], [ 35.473747, 64.38486, 0.0 ], [ 30.881632, 63.59359, 0.0 ], [ 25.765787, 62.986805, 0.0 ], [ 20.626873, 62.62341, 0.0 ], [ 15.967968, 62.539387, 0.0 ], [ 12.245113, 62.742687, 0.0 ], [ 9.822644, 63.21351, 0.0 ], [ 8.937767, 63.90581, 0.0 ], [ 9.677084, 64.75168, 0.0 ], [ 11.968247, 65.66846, 0.0 ], [ 15.58699, 66.56648, 0.0 ], [ 20.179031, 67.357605, 0.0 ], [ 25.294827, 67.96456, 0.0 ], [ 30.433811, 68.32771, 0.0 ], [ 35.09275, 68.41188, 0.0 ], [ 38.815605, 68.208435, 0.0 ], [ 41.238144, 67.737656, 0.0 ]] 
boundary 1: [[ 42.122826, 60.954575, 0.0 ], [ 41.23815, 60.262268, 0.0 ], [ 38.815598, 59.79149, 0.0 ], [ 35.09272, 59.588123, 0.0 ], [ 30.433817, 59.672256, 0.0 ], [ 25.294834, 60.03553, 0.0 ], [ 20.179008, 60.642403, 0.0 ], [ 15.58699, 61.433544, 0.0 ], [ 11.968276, 62.331383, 0.0 ], [ 9.677119, 63.248264, 0.0 ], [ 8.9377575, 64.09432, 0.0 ], [ 9.822642, 64.78648, 0.0 ], [ 12.245098, 65.2573, 0.0 ], [ 15.967979, 65.46068, 0.0 ], [ 20.62693, 65.37655, 0.0 ], [ 25.765799, 65.013245, 0.0 ], [ 30.88164, 64.406395, 0.0 ], [ 35.47369, 63.615223, 0.0 ], [ 39.09256, 62.717285, 0.0 ], [ 41.383633, 61.8005, 0.0 ]] 
boundary 0: [[ 42.084053, 67.43036, 0.0 ], [ 41.355087, 66.57562, 0.0 ], [ 39.075123, 65.631546, 0.0 ], [ 35.46731, 64.69042, 0.0 ], [ 30.884993, 63.84426, 0.0 ], [ 25.776775, 63.176308, 0.0 ], [ 20.642578, 62.751453, 0.0 ], [ 15.985007, 62.611694, 0.0 ], [ 12.259991, 62.770435, 0.0 ], [ 9.832063, 63.212242, 0.0 ], [ 8.938966, 63.893894, 0.0 ], [ 9.66811, 64.74856, 0.0 ], [ 11.948136, 65.69268, 0.0 ], [ 15.555875, 66.63394, 0.0 ], [ 20.138124, 67.47995, 0.0 ], [ 25.246288, 68.14806, 0.0 ], [ 30.38056, 68.572685, 0.0 ], [ 35.03815, 68.712585, 0.0 ], [ 38.76317, 68.553696, 0.0 ], [ 41.19117, 68.11194, 0.0 ]] 
boundary 1: [[ 42.084057, 60.569656, 0.0 ], [ 41.191177, 59.887985, 0.0 ], [ 38.76316, 59.446224, 0.0 ], [ 35.038128, 59.28742, 0.0 ], [ 30.380566, 59.427284, 0.0 ], [ 25.246296, 59.852024, 0.0 ], [ 20.138102, 60.520058, 0.0 ], [ 15.555875, 61.366085, 0.0 ], [ 11.948164, 62.307156, 0.0 ], [ 9.668142, 63.251377, 0.0 ], [ 8.938958, 64.1062, 0.0 ], [ 9.83206, 64.78775, 0.0 ], [ 12.2599745, 65.229546, 0.0 ], [ 15.985019, 65.38837, 0.0 ], [ 20.642635, 65.248505, 0.0 ], [ 25.776787, 64.82374, 0.0 ], [ 30.885, 64.15572, 0.0 ], [ 35.46726, 63.309666, 0.0 ], [ 39.07512, 62.368496, 0.0 ], [ 41.355057, 61.424362, 0.0 ]] 
boundary 0: [[ 42.017616, 68.00428, 0.0 ], [ 41.30406, 67.13665, 0.0 ], [ 39.041332, 66.15199, 0.0 ], [ 35.45091, 65.146545, 0.0 ], [ 30.88443, 64.218636, 0.0 ], [ 25.788963, 63.459534, 0.0 ], [ 20.663177, 62.942997, 0.0 ], [ 16.008848, 62.720047, 0.0 ], [ 12.281589, 62.812206, 0.0 ], [ 9.846153, 63.210564, 0.0 ], [ 8.941021, 63.876144, 0.0 ], [ 9.654778, 64.743706, 0.0 ], [ 11.91757, 65.72841, 0.0 ], [ 15.507916, 66.733986, 0.0 ], [ 20.074322, 67.66173, 0.0 ], [ 25.169725, 68.42103, 0.0 ], [ 30.295595, 68.9373, 0.0 ], [ 34.949936, 69.16041, 0.0 ], [ 38.677208, 69.06811, 0.0 ], [ 41.112732, 68.66978, 0.0 ]] 
boundary 1: [[ 42.01762, 59.99573, 0.0 ], [ 41.112724, 59.33012, 0.0 ], [ 38.6772, 58.93182, 0.0 ], [ 34.949913, 58.839592, 0.0 ], [ 30.2956, 59.062656, 0.0 ], [ 25.169735, 59.57908, 0.0 ], [ 20.074299, 60.338276, 0.0 ], [ 15.507916, 61.266045, 0.0 ], [ 11.917594, 62.271423, 0.0 ], [ 9.65481, 63.25624, 0.0 ], [ 8.941015, 64.12395, 0.0 ], [ 9.84615, 64.78944, 0.0 ], [ 12.281573, 65.187775, 0.0 ], [ 16.00886, 65.280014, 0.0 ], [ 20.663235, 65.056946, 0.0 ], [ 25.788975, 64.54051, 0.0 ], [ 30.884438, 63.781338, 0.0 ], [ 35.450855, 62.85353, 0.0 ], [ 39.041325, 61.848053, 0.0 ], [ 41.30403, 60.86333, 0.0 ]] 
boundary 0: [[ 41.962975, 68.42007, 0.0 ], [ 41.26073, 67.54326, 0.0 ], [ 39.010963, 66.529335, 0.0 ], [ 35.43388, 65.4774, 0.0 ], [ 30.879816, 64.49033, 0.0 ], [ 25.794632, 63.665222, 0.0 ], [ 20.67598, 63.082253, 0.0 ], [ 16.024933, 62.79895, 0.0 ], [ 12.296793, 62.84276, 0.0 ], [ 9.8564, 63.2095, 0.0 ], [ 8.942711, 63.86329, 0.0 ], [ 9.645157, 64.74003, 0.0 ], [ 11.894986, 65.754, 0.0 ], [ 15.471989, 66.80605, 0.0 ], [ 20.02597, 67.792946, 0.0 ], [ 25.111097, 68.61828, 0.0 ], [ 30.229849, 69.20097, 0.0 ], [ 34.88089, 69.48442, 0.0 ], [ 38.60906, 69.44048, 0.0 ], [ 41.049526, 69.07377, 0.0 ]] 
boundary 1: [[ 41.96298, 59.57995, 0.0 ], [ 41.04952, 58.92613, 0.0 ], [ 38.60905, 58.55945, 0.0 ], [ 34.880867, 58.515575, 0.0 ], [ 30.229855, 58.79899, 0.0 ], [ 25.111109, 59.381844, 0.0 ], [ 20.025948, 60.207058, 0.0 ], [ 15.471989, 61.193974, 0.0 ], [ 11.895008, 62.24583, 0.0 ], [ 9.645187, 63.259914, 0.0 ], [ 8.942706, 64.136826, 0.0 ], [ 9.856397, 64.790504, 0.0 ], [ 12.296778, 65.15722, 0.0 ], [ 16.024944, 65.20111, 0.0 ], [ 20.676033, 64.9177, 0.0 ], [ 25.794643, 64.334816, 0.0 ], [ 30.879824, 63.50963, 0.0 ], [ 35.43383, 62.522675, 0.0 ], [ 39.010956, 61.47072, 0.0 ], [ 41.2607, 60.45673, 0.0 ]] 
boundary 0: [[ 41.792526, 69.51593, 0.0 ], [ 41.120766, 68.61557, 0.0 ], [ 38.907112, 67.52507, 0.0 ], [ 35.368217, 66.35109, 0.0 ], [ 30.85067, 65.20841, 0.0 ], [ 25.796783, 64.20939, 0.0 ], [ 20.701126, 63.451218, 0.0 ], [ 16.06254, 63.008568, 0.0 ], [ 12.335092, 62.924496, 0.0 ], [ 9.883555, 63.207325, 0.0 ], [ 8.947983, 63.8294, 0.0 ], [ 9.619948, 64.72971, 0.0 ], [ 11.833677, 65.82024, 0.0 ], [ 15.372497, 66.99435, 0.0 ], [ 19.88995, 68.13684, 0.0 ], [ 24.943779, 69.13609, 0.0 ], [ 30.039534, 69.89397, 0.0 ], [ 34.678123, 70.33677, 0.0 ], [ 38.405594, 70.42073, 0.0 ], [ 40.857212, 70.13792, 0.0 ]] 
boundary 1: [[ 41.792534, 58.48408, 0.0 ], [ 40.857204, 57.86197, 0.0 ], [ 38.405586, 57.579212, 0.0 ], [ 34.6781, 57.663216, 0.0 ], [ 30.039536, 58.105972, 0.0 ], [ 24.943794, 58.86404, 0.0 ], [ 19.889927, 59.86316, 0.0 ], [ 15.372497, 61.00568, 0.0 ], [ 11.833693, 62.17959, 0.0 ], [ 9.619975, 63.270233, 0.0 ], [ 8.947981, 64.170715, 0.0 ], [ 9.883553, 64.79267, 0.0 ], [ 12.335074, 65.07549, 0.0 ], [ 16.062553, 64.991486, 0.0 ], [ 20.70118, 64.54875, 0.0 ], [ 25.796795, 63.790653, 0.0 ], [ 30.850676, 62.79155, 0.0 ], [ 35.368164, 61.649, 0.0 ], [ 38.907104, 60.47498, 0.0 ], [ 41.120735, 59.384438, 0.0 ]] 
boundary 0: [[ 41.553665, 70.75185, 0.0 ], [ 40.91747, 69.82601, 0.0 ], [ 38.74794, 68.650185, 0.0 ], [ 35.25743, 67.33934, 0.0 ], [ 30.78778, 66.02168, 0.0 ], [ 25.776608, 64.82669, 0.0 ], [ 20.714329, 63.870754, 0.0 ], [ 16.096487, 63.247894, 0.0 ], [ 12.375134, 63.018795, 0.0 ], [ 9.914448, 63.205986, 0.0 ], [ 8.95537, 63.791172, 0.0 ], [ 9.591784, 64.71696, 0.0 ], [ 11.761386, 65.89282, 0.0 ], [ 15.251822, 67.20379, 0.0 ], [ 19.721378, 68.52126, 0.0 ], [ 24.732485, 69.71648, 0.0 ], [ 29.794876, 70.67211, 0.0 ], [ 34.412712, 71.29513, 0.0 ], [ 38.134094, 71.524124, 0.0 ], [ 40.594864, 71.33695, 0.0 ]] 
boundary 1: [[ 41.553673, 57.248173, 0.0 ], [ 40.59485, 56.662933, 0.0 ], [ 38.134087, 56.475826, 0.0 ], [ 34.41269, 56.70485, 0.0 ], [ 29.794874, 57.32782, 0.0 ], [ 24.732502, 58.28366, 0.0 ], [ 19.721355, 59.47874, 0.0 ], [ 15.251822, 60.796238, 0.0 ], [ 11.7613945, 62.107, 0.0 ], [ 9.591807, 63.28298, 0.0 ], [ 8.955373, 64.20894, 0.0 ], [ 9.914445, 64.794014, 0.0 ], [ 12.375117, 64.98119, 0.0 ], [ 16.0965, 64.75215, 0.0 ], [ 20.714376, 64.1292, 0.0 ], [ 25.776619, 63.173336, 0.0 ], [ 30.787785, 61.97827, 0.0 ], [ 35.257385, 60.660748, 0.0 ], [ 38.747932, 59.349873, 0.0 ], [ 40.91744, 58.173996, 0.0 ]] 
boundary 0: [[ 41.27256, 71.95522, 0.0 ], [ 40.672215, 71.00574, 0.0 ], [ 38.549194, 69.74786, 0.0 ], [ 35.11133, 68.304596, 0.0 ], [ 30.695295, 66.817116, 0.0 ], [ 25.73344, 65.43151, 0.0 ], [ 20.711397, 64.28282, 0.0 ], [ 16.120726, 63.483948, 0.0 ], [ 12.410846, 63.11282, 0.0 ], [ 9.944803, 63.205845, 0.0 ], [ 8.964064, 63.753956, 0.0 ], [ 9.564639, 64.70338, 0.0 ], [ 11.687721, 65.96129, 0.0 ], [ 15.125513, 67.40467, 0.0 ], [ 19.54146, 68.89199, 0.0 ], [ 24.503235, 70.27782, 0.0 ], [ 29.525412, 71.4262, 0.0 ], [ 34.116085, 72.22522, 0.0 ], [ 37.82598, 72.59625, 0.0 ], [ 40.29211, 72.50326, 0.0 ]] 
boundary 1: [[ 41.272568, 56.044804, 0.0 ], [ 40.29208, 55.49663, 0.0 ], [ 37.825974, 55.403694, 0.0 ], [ 34.11606, 55.774757, 0.0 ], [ 29.525404, 56.573723, 0.0 ], [ 24.503256, 57.72232, 0.0 ], [ 19.54144, 59.108013, 0.0 ], [ 15.125513, 60.595345, 0.0 ], [ 11.687722, 62.038525, 0.0 ], [ 9.564656, 63.296562, 0.0 ], [ 8.964071, 64.24616, 0.0 ], [ 9.9448, 64.79416, 0.0 ], [ 12.410829, 64.88716, 0.0 ], [ 16.12074, 64.51609, 0.0 ], [ 20.711441, 63.71714, 0.0 ], [ 25.733452, 62.56853, 0.0 ], [ 30.695297, 61.182842, 0.0 ], [ 35.111282, 59.695484, 0.0 ], [ 38.549194, 58.252186, 0.0 ], [ 40.672184, 56.994263, 0.0 ]] 
boundary 0: [[ 40.82193, 73.55649, 0.0 ], [ 40.271225, 72.57737, 0.0 ], [ 38.2157, 71.21197, 0.0 ], [ 34.856613, 69.59381, 0.0 ], [ 30.52293, 67.88118, 0.0 ], [ 25.6389, 66.242226, 0.0 ], [ 20.682587, 64.83678, 0.0 ], [ 16.139078, 63.802853, 0.0 ], [ 12.453197, 63.241413, 0.0 ], [ 9.985632, 63.207485, 0.0 ], [ 8.978002, 63.704426, 0.0 ], [ 9.528952, 64.68348, 0.0 ], [ 11.58453, 66.0489, 0.0 ], [ 14.943537, 67.6672, 0.0 ], [ 19.277143, 69.37967, 0.0 ], [ 24.161077, 71.018845, 0.0 ], [ 29.117548, 72.423996, 0.0 ], [ 33.66105, 73.45805, 0.0 ], [ 37.346954, 74.019394, 0.0 ], [ 39.814606, 74.05337, 0.0 ]] 
boundary 1: [[ 40.821945, 54.44355, 0.0 ], [ 39.81456, 53.946526, 0.0 ], [ 37.346947, 53.98055, 0.0 ], [ 33.66102, 54.54192, 0.0 ], [ 29.117537, 55.575928, 0.0 ], [ 24.16111, 56.981297, 0.0 ], [ 19.277124, 58.62034, 0.0 ], [ 14.943537, 60.332817, 0.0 ], [ 11.584521, 61.95089, 0.0 ], [ 9.528965, 63.316456, 0.0 ], [ 8.978014, 64.29567, 0.0 ], [ 9.985629, 64.79252, 0.0 ], [ 12.453177, 64.75856, 0.0 ], [ 16.1391, 64.19719, 0.0 ], [ 20.682629, 63.16319, 0.0 ], [ 25.638918, 61.757828, 0.0 ], [ 30.522932, 60.11878, 0.0 ], [ 34.856567, 58.40628, 0.0 ], [ 38.215706, 56.788074, 0.0 ], [ 40.271194, 55.42263, 0.0 ]] 
boundary 0: [[ 40.321255, 75.04565, 0.0 ], [ 39.81877, 74.040924, 0.0 ], [ 37.831985, 72.57729, 0.0 ], [ 34.555473, 70.7979, 0.0 ], [ 30.310095, 68.87676, 0.0 ], [ 25.511448, 67.00249, 0.0 ], [ 20.629253, 65.35794, 0.0 ], [ 16.14133, 64.10454, 0.0 ], [ 12.487073, 63.364716, 0.0 ], [ 10.024069, 63.210953, 0.0 ], [ 8.993487, 63.658375, 0.0 ], [ 9.496228, 64.66303, 0.0 ], [ 11.483053, 66.126686, 0.0 ], [ 14.759486, 67.90625, 0.0 ], [ 19.004795, 69.82721, 0.0 ], [ 23.803337, 71.70168, 0.0 ], [ 28.6857, 73.345955, 0.0 ], [ 33.173615, 74.5995, 0.0 ], [ 36.8279, 75.33921, 0.0 ], [ 39.29099, 75.493004, 0.0 ]] 
boundary 1: [[ 40.32127, 52.954388, 0.0 ], [ 39.29094, 52.506886, 0.0 ], [ 36.827885, 52.660732, 0.0 ], [ 33.173584, 53.40049, 0.0 ], [ 28.685684, 54.653984, 0.0 ], [ 23.803377, 56.298454, 0.0 ], [ 19.004776, 58.1728, 0.0 ], [ 14.759487, 60.09377, 0.0 ], [ 11.483035, 61.8731, 0.0 ], [ 9.496239, 63.336906, 0.0 ], [ 8.993505, 64.34175, 0.0 ], [ 10.024066, 64.78903, 0.0 ], [ 12.487051, 64.635254, 0.0 ], [ 16.141352, 63.895508, 0.0 ], [ 20.629295, 62.642017, 0.0 ], [ 25.511463, 60.997562, 0.0 ], [ 30.310095, 59.123203, 0.0 ], [ 34.555428, 57.202213, 0.0 ], [ 37.831993, 55.422737, 0.0 ], [ 39.81874, 53.95906, 0.0 ]] 
boundary 0: [[ 39.62466, 76.80067, 0.0 ], [ 39.181694, 75.76834, 0.0 ], [ 37.283726, 74.19124, 0.0 ], [ 34.11667, 72.223595, 0.0 ], [ 29.990677, 70.057915, 0.0 ], [ 25.309622, 67.90672, 0.0 ], [ 20.531746, 65.97999, 0.0 ], [ 16.124645, 64.46674, 0.0 ], [ 12.519803, 63.514866, 0.0 ], [ 10.069975, 63.217594, 0.0 ], [ 9.015032, 63.604107, 0.0 ], [ 9.458269, 64.63639, 0.0 ], [ 11.356267, 66.21353, 0.0 ], [ 14.523236, 68.18131, 0.0 ], [ 18.649174, 70.346825, 0.0 ], [ 23.330114, 72.49819, 0.0 ], [ 28.108168, 74.42466, 0.0 ], [ 32.51525, 75.938065, 0.0 ], [ 36.120136, 76.88982, 0.0 ], [ 38.570038, 77.18713, 0.0 ]] 
boundary 1: [[ 39.624687, 51.199352, 0.0 ], [ 38.56999, 50.812767, 0.0 ], [ 36.120113, 51.11013, 0.0 ], [ 32.51522, 52.061943, 0.0 ], [ 28.108147, 53.57527, 0.0 ], [ 23.330158, 55.501938, 0.0 ], [ 18.649157, 57.653206, 0.0 ], [ 14.523239, 59.818707, 0.0 ], [ 11.356238, 61.78626, 0.0 ], [ 9.458278, 63.363552, 0.0 ], [ 9.015058, 64.39605, 0.0 ], [ 10.06997, 64.782394, 0.0 ], [ 12.519779, 64.48509, 0.0 ], [ 16.124668, 63.5333, 0.0 ], [ 20.531786, 62.019962, 0.0 ], [ 25.309639, 60.093323, 0.0 ], [ 29.990677, 57.94205, 0.0 ], [ 34.116627, 55.77652, 0.0 ], [ 37.283733, 53.80881, 0.0 ], [ 39.181664, 52.23166, 0.0 ]] 
boundary 0: [[ 36.584038, 82.30771, 0.0 ], [ 36.349342, 81.20913, 0.0 ], [ 34.79268, 79.29438, 0.0 ], [ 32.066574, 76.75071, 0.0 ], [ 28.438026, 73.82709, 0.0 ], [ 24.262112, 70.810196, 0.0 ], [ 19.947758, 67.99474, 0.0 ], [ 15.917088, 65.65677, 0.0 ], [ 12.564789, 64.02488, 0.0 ], [ 10.218891, 63.25886, 0.0 ], [ 9.109072, 63.433784, 0.0 ], [ 9.344033, 64.53236, 0.0 ], [ 10.900716, 66.44716, 0.0 ], [ 13.626711, 68.99094, 0.0 ], [ 17.25524, 71.91439, 0.0 ], [ 21.430996, 74.93145, 0.0 ], [ 25.745586, 77.74666, 0.0 ], [ 29.776205, 80.08479, 0.0 ], [ 33.12858, 81.71655, 0.0 ], [ 35.47454, 82.482635, 0.0 ]] 
boundary 1: [[ 36.584064, 45.692314, 0.0 ], [ 35.474464, 45.517273, 0.0 ], [ 33.128536, 46.283386, 0.0 ], [ 29.77618, 47.91523, 0.0 ], [ 25.745554, 50.253284, 0.0 ], [ 21.431065, 53.068672, 0.0 ], [ 17.255226, 56.085632, 0.0 ], [ 13.626717, 59.009075, 0.0 ], [ 10.900646, 61.552628, 0.0 ], [ 9.344029, 63.467583, 0.0 ], [ 9.109126, 64.56637, 0.0 ], [ 10.2188835, 64.74113, 0.0 ], [ 12.564757, 63.975082, 0.0 ], [ 15.917115, 62.34326, 0.0 ], [ 19.947786, 60.005196, 0.0 ], [ 24.262138, 57.189854, 0.0 ], [ 28.438011, 54.17288, 0.0 ], [ 32.06656, 51.24941, 0.0 ], [ 34.79269, 48.705673, 0.0 ], [ 36.34931, 46.790874, 0.0 ]] 
boundary 0: [[ 27.757961, 90.97618, 0.0 ], [ 27.953016, 89.86987, 0.0 ], [ 27.229368, 87.51068, 0.0 ], [ 25.658062, 84.12943, 0.0 ], [ 23.393057, 80.05711, 0.0 ], [ 20.655777, 75.69281, 0.0 ], [ 17.714542, 71.46321, 0.0 ], [ 14.8569145, 67.78265, 0.0 ], [ 12.362835, 65.01129, 0.0 ], [ 10.476318, 63.420353, 0.0 ], [ 9.382043, 63.165676, 0.0 ], [ 9.1872425, 64.27209, 0.0 ], [ 9.910892, 66.63133, 0.0 ], [ 11.482058, 70.01264, 0.0 ], [ 13.747104, 74.084785, 0.0 ], [ 16.484179, 78.4492, 0.0 ], [ 19.425716, 82.67867, 0.0 ], [ 22.283241, 86.35933, 0.0 ], [ 24.777441, 89.130615, 0.0 ], [ 26.66399, 90.721634, 0.0 ]] 
boundary 1: [[ 27.758001, 37.023827, 0.0 ], [ 26.663883, 37.278294, 0.0 ], [ 24.777378, 38.869343, 0.0 ], [ 22.283228, 41.640697, 0.0 ], [ 19.425667, 45.3213, 0.0 ], [ 16.484282, 49.550896, 0.0 ], [ 13.747102, 53.91523, 0.0 ], [ 11.482065, 57.987362, 0.0 ], [ 9.910748, 61.368496, 0.0 ], [ 9.187218, 63.727863, 0.0 ], [ 9.382151, 64.834435, 0.0 ], [ 10.476309, 64.57965, 0.0 ], [ 12.362791, 62.98869, 0.0 ], [ 14.856952, 60.217354, 0.0 ], [ 17.71455, 56.536728, 0.0 ], [ 20.65582, 52.30722, 0.0 ], [ 23.393028, 47.942856, 0.0 ], [ 25.658092, 43.870686, 0.0 ], [ 27.229397, 40.489365, 0.0 ], [ 27.952986, 38.130127, 0.0 ]] 
