boundary 0: [[ 27.455362, 91.17388, 0.0 ], [ 27.662601, 90.06972, 0.0 ], [ 26.965416, 87.70246, 0.0 ], [ 25.432072, 84.304, 0.0 ], [ 23.212687, 80.20669, 0.0 ], [ 20.524508, 75.811905, 0.0 ], [ 17.6306, 71.54979, 0.0 ], [ 14.814371, 67.83745, 0.0 ], [ 12.351377, 65.03836, 0.0 ], [ 10.482727, 63.42649, 0.0 ], [ 9.39143, 63.15956, 0.0 ], [ 9.184225, 64.26376, 0.0 ], [ 9.881375, 66.63105, 0.0 ], [ 11.414785, 70.02954, 0.0 ], [ 13.634158, 74.12677, 0.0 ], [ 16.322363, 78.52151, 0.0 ], [ 19.216228, 82.7837, 0.0 ], [ 22.03247, 86.49602, 0.0 ], [ 24.495508, 89.2951, 0.0 ], [ 26.364035, 90.90704, 0.0 ]] 
boundary 1: [[ 27.455355, 36.82612, 0.0 ], [ 26.364048, 37.09299, 0.0 ], [ 24.495476, 38.704872, 0.0 ], [ 22.032448, 41.50398, 0.0 ], [ 19.216228, 45.21631, 0.0 ], [ 16.322346, 49.47847, 0.0 ], [ 13.63415, 53.873215, 0.0 ], [ 11.414713, 57.970413, 0.0 ], [ 9.88139, 61.36898, 0.0 ], [ 9.184193, 63.73621, 0.0 ], [ 9.391366, 64.84039, 0.0 ], [ 10.482775, 64.573555, 0.0 ], [ 12.351343, 62.961605, 0.0 ], [ 14.8143635, 60.16253, 0.0 ], [ 17.63063, 56.450226, 0.0 ], [ 20.524454, 52.18805, 0.0 ], [ 23.21267, 47.793285, 0.0 ], [ 25.432117, 43.696075, 0.0 ], [ 26.965408, 40.297523, 0.0 ], [ 27.662601, 37.93027, 0.0 ]] 
boundary 0: [[ 37.01133, 81.669846, 0.0 ], [ 36.750427, 80.57715, 0.0 ], [ 35.14874, 78.69974, 0.0 ], [ 32.363113, 76.22163, 0.0 ], [ 28.66615, 73.385056, 0.0 ], [ 24.419853, 70.467964, 0.0 ], [ 20.039787, 67.75592, 0.0 ], [ 15.954777, 65.51418, 0.0 ], [ 12.564625, 63.96237, 0.0 ], [ 10.201192, 63.25234, 0.0 ], [ 9.09588, 63.4535, 0.0 ], [ 9.356836, 64.54625, 0.0 ], [ 10.958508, 66.42366, 0.0 ], [ 13.744192, 68.90178, 0.0 ], [ 17.44111, 71.73828, 0.0 ], [ 21.687416, 74.65531, 0.0 ], [ 26.06748, 77.36748, 0.0 ], [ 30.152489, 79.60915, 0.0 ], [ 33.542675, 81.16095, 0.0 ], [ 35.906025, 81.87111, 0.0 ]] 
boundary 1: [[ 37.011322, 46.330154, 0.0 ], [ 35.906025, 46.128937, 0.0 ], [ 33.542656, 46.83902, 0.0 ], [ 30.15247, 48.39083, 0.0 ], [ 26.067478, 50.632545, 0.0 ], [ 21.687405, 53.344666, 0.0 ], [ 17.441103, 56.261707, 0.0 ], [ 13.744145, 59.09815, 0.0 ], [ 10.95851, 61.576366, 0.0 ], [ 9.356813, 63.453724, 0.0 ], [ 9.095838, 64.54644, 0.0 ], [ 10.201216, 64.74772, 0.0 ], [ 12.5646105, 64.03758, 0.0 ], [ 15.95478, 62.485798, 0.0 ], [ 20.039803, 60.24412, 0.0 ], [ 24.41983, 57.531956, 0.0 ], [ 28.666151, 54.61491, 0.0 ], [ 32.36313, 51.778465, 0.0 ], [ 35.14873, 49.300247, 0.0 ], [ 36.750427, 47.422867, 0.0 ]] 
boundary 0: [[ 39.874073, 76.20629, 0.0 ], [ 39.410408, 75.18302, 0.0 ], [ 37.481346, 73.643936, 0.0 ], [ 34.27583, 71.739914, 0.0 ], [ 30.10748, 69.656975, 0.0 ], [ 25.384502, 67.59933, 0.0 ], [ 20.56913, 65.768394, 0.0 ], [ 16.132751, 64.34318, 0.0 ], [ 12.5096, 63.463383, 0.0 ], [ 10.054338, 63.215076, 0.0 ], [ 9.0073395, 63.622475, 0.0 ], [ 9.47106, 64.64579, 0.0 ], [ 11.400099, 66.18489, 0.0 ], [ 14.605682, 68.08893, 0.0 ], [ 18.773972, 70.17177, 0.0 ], [ 23.496944, 72.22936, 0.0 ], [ 28.31235, 74.060425, 0.0 ], [ 32.74871, 75.48558, 0.0 ], [ 36.371887, 76.36536, 0.0 ], [ 38.827095, 76.613785, 0.0 ]] 
boundary 1: [[ 39.874065, 51.793705, 0.0 ], [ 38.82708, 51.386246, 0.0 ], [ 36.371872, 51.634617, 0.0 ], [ 32.748695, 52.514404, 0.0 ], [ 28.31234, 53.939598, 0.0 ], [ 23.49694, 55.770607, 0.0 ], [ 18.773964, 57.828217, 0.0 ], [ 14.60565, 59.91101, 0.0 ], [ 11.400095, 61.815147, 0.0 ], [ 9.471039, 63.354187, 0.0 ], [ 9.007309, 64.37746, 0.0 ], [ 10.054351, 64.78499, 0.0 ], [ 12.509596, 64.53657, 0.0 ], [ 16.132755, 63.656803, 0.0 ], [ 20.569134, 62.231647, 0.0 ], [ 25.384493, 60.40058, 0.0 ], [ 30.107485, 58.34298, 0.0 ], [ 34.275826, 56.260193, 0.0 ], [ 37.48134, 54.35604, 0.0 ], [ 39.410408, 52.816986, 0.0 ]] 
boundary 0: [[ 40.740543, 73.81619, 0.0 ], [ 40.19792, 72.832504, 0.0 ], [ 38.153896, 71.44974, 0.0 ], [ 34.808693, 69.803444, 0.0 ], [ 30.489574, 68.05444, 0.0 ], [ 25.61954, 66.37424, 0.0 ], [ 20.675194, 64.9273, 0.0 ], [ 16.140554, 63.855038, 0.0 ], [ 12.459476, 63.26263, 0.0 ], [ 9.992293, 63.207996, 0.0 ], [ 8.98054, 63.696396, 0.0 ], [ 9.523227, 64.680115, 0.0 ], [ 11.567228, 66.062904, 0.0 ], [ 14.912498, 67.70918, 0.0 ], [ 19.231546, 69.4581, 0.0 ], [ 24.101582, 71.13825, 0.0 ], [ 29.045967, 72.58533, 0.0 ], [ 33.58058, 73.65752, 0.0 ], [ 37.26168, 74.249916, 0.0 ], [ 39.72883, 74.30467, 0.0 ]] 
boundary 1: [[ 40.740532, 54.183823, 0.0 ], [ 39.728806, 53.695362, 0.0 ], [ 37.261673, 53.750065, 0.0 ], [ 33.580574, 54.34247, 0.0 ], [ 29.045956, 55.414703, 0.0 ], [ 24.101578, 56.861713, 0.0 ], [ 19.23154, 58.54188, 0.0 ], [ 14.912472, 60.29075, 0.0 ], [ 11.567221, 61.93714, 0.0 ], [ 9.523207, 63.319862, 0.0 ], [ 8.9805155, 64.30353, 0.0 ], [ 9.992303, 64.79206, 0.0 ], [ 12.459475, 64.73733, 0.0 ], [ 16.14056, 64.144936, 0.0 ], [ 20.675198, 63.07275, 0.0 ], [ 25.619534, 61.62567, 0.0 ], [ 30.489586, 59.9455, 0.0 ], [ 34.80868, 58.196655, 0.0 ], [ 38.15389, 56.55024, 0.0 ], [ 40.19792, 55.167507, 0.0 ]] 
boundary 0: [[ 41.30468, 71.82823, 0.0 ], [ 40.70033, 70.88122, 0.0 ], [ 38.57215, 69.631836, 0.0 ], [ 35.1286, 68.20259, 0.0 ], [ 30.706589, 66.73306, 0.0 ], [ 25.739168, 65.36738, 0.0 ], [ 20.712492, 64.23923, 0.0 ], [ 16.11862, 63.458824, 0.0 ], [ 12.407217, 63.102776, 0.0 ], [ 9.94158, 63.20585, 0.0 ], [ 8.963091, 63.757874, 0.0 ], [ 9.567511, 64.70492, 0.0 ], [ 11.695668, 65.95432, 0.0 ], [ 15.13927, 67.38355, 0.0 ], [ 19.561218, 68.853, 0.0 ], [ 24.528627, 70.21863, 0.0 ], [ 29.555351, 71.346924, 0.0 ], [ 34.1492, 72.12724, 0.0 ], [ 37.86062, 72.48329, 0.0 ], [ 40.32623, 72.38034, 0.0 ]] 
boundary 1: [[ 41.30466, 56.171783, 0.0 ], [ 40.326206, 55.619705, 0.0 ], [ 37.86062, 55.51669, 0.0 ], [ 34.149193, 55.872738, 0.0 ], [ 29.55534, 56.653122, 0.0 ], [ 24.528627, 57.781338, 0.0 ], [ 19.56121, 59.146988, 0.0 ], [ 15.139246, 60.616383, 0.0 ], [ 11.695656, 62.045727, 0.0 ], [ 9.567492, 63.29505, 0.0 ], [ 8.963074, 64.24204, 0.0 ], [ 9.941587, 64.79421, 0.0 ], [ 12.407216, 64.89719, 0.0 ], [ 16.118626, 64.54115, 0.0 ], [ 20.712494, 63.76082, 0.0 ], [ 25.739172, 62.63253, 0.0 ], [ 30.706606, 61.266884, 0.0 ], [ 35.12859, 59.7975, 0.0 ], [ 38.572144, 58.368137, 0.0 ], [ 40.70033, 57.118797, 0.0 ]] 
boundary 0: [[ 41.74498, 69.78455, 0.0 ], [ 41.080696, 68.878586, 0.0 ], [ 38.876232, 67.76933, 0.0 ], [ 35.34752, 66.56561, 0.0 ], [ 30.839783, 65.38492, 0.0 ], [ 25.794493, 64.34309, 0.0 ], [ 20.705418, 63.54214, 0.0 ], [ 16.070717, 63.06024, 0.0 ], [ 12.344066, 62.94478, 0.0 ], [ 9.890244, 63.206978, 0.0 ], [ 8.9494705, 63.82108, 0.0 ], [ 9.613829, 64.72709, 0.0 ], [ 11.81828, 65.83634, 0.0 ], [ 15.34704, 67.04004, 0.0 ], [ 19.854706, 68.22067, 0.0 ], [ 24.899982, 69.262436, 0.0 ], [ 29.989113, 70.06353, 0.0 ], [ 34.623787, 70.54535, 0.0 ], [ 38.35045, 70.660805, 0.0 ], [ 40.804256, 70.39875, 0.0 ]] 
boundary 1: [[ 41.744965, 58.21545, 0.0 ], [ 40.804222, 57.601303, 0.0 ], [ 38.350456, 57.33916, 0.0 ], [ 34.62378, 57.454628, 0.0 ], [ 29.989098, 57.936512, 0.0 ], [ 24.89999, 58.73752, 0.0 ], [ 19.854698, 59.779316, 0.0 ], [ 15.347022, 60.959873, 0.0 ], [ 11.818261, 62.1637, 0.0 ], [ 9.6138115, 63.272877, 0.0 ], [ 8.949461, 64.17883, 0.0 ], [ 9.890245, 64.79308, 0.0 ], [ 12.344067, 65.05518, 0.0 ], [ 16.070723, 64.93973, 0.0 ], [ 20.705414, 64.4579, 0.0 ], [ 25.794502, 63.656807, 0.0 ], [ 30.839804, 62.61503, 0.0 ], [ 35.347492, 61.434475, 0.0 ], [ 38.876225, 60.230633, 0.0 ], [ 41.080696, 59.121437, 0.0 ]] 
boundary 0: [[ 41.94729, 68.53306, 0.0 ], [ 41.248, 67.653824, 0.0 ], [ 39.001762, 66.63186, 0.0 ], [ 35.428574, 65.56738, 0.0 ], [ 30.878016, 64.5643, 0.0 ], [ 25.795753, 63.72105, 0.0 ], [ 20.679192, 63.120216, 0.0 ], [ 16.029163, 62.82037, 0.0 ], [ 12.300847, 62.851086, 0.0 ], [ 9.859188, 63.209274, 0.0 ], [ 8.9432125, 63.859787, 0.0 ], [ 9.642577, 64.73906, 0.0 ], [ 11.888818, 65.76104, 0.0 ], [ 15.462051, 66.825485, 0.0 ], [ 20.012539, 67.8285, 0.0 ], [ 25.094776, 68.671684, 0.0 ], [ 30.211397, 69.27267, 0.0 ], [ 34.861397, 69.57243, 0.0 ], [ 38.58972, 69.54171, 0.0 ], [ 41.031364, 69.183655, 0.0 ]] 
boundary 1: [[ 41.947273, 59.466938, 0.0 ], [ 41.031326, 58.816387, 0.0 ], [ 38.58973, 58.458252, 0.0 ], [ 34.86139, 58.427536, 0.0 ], [ 30.21138, 58.72738, 0.0 ], [ 25.094784, 59.32827, 0.0 ], [ 20.012531, 60.17149, 0.0 ], [ 15.462039, 61.174427, 0.0 ], [ 11.888798, 62.239006, 0.0 ], [ 9.64256, 63.260914, 0.0 ], [ 8.943207, 64.14014, 0.0 ], [ 9.859188, 64.79078, 0.0 ], [ 12.300851, 65.148865, 0.0 ], [ 16.029167, 65.179596, 0.0 ], [ 20.679184, 64.87982, 0.0 ], [ 25.795767, 64.27884, 0.0 ], [ 30.878038, 63.43565, 0.0 ], [ 35.428543, 62.43271, 0.0 ], [ 39.001755, 61.36812, 0.0 ], [ 41.248, 60.346188, 0.0 ]] 
boundary 0: [[ 42.099876, 67.27949, 0.0 ], [ 41.3668, 66.42824, 0.0 ], [ 39.082363, 65.49476, 0.0 ], [ 35.47033, 64.57062, 0.0 ], [ 30.884083, 63.74601, 0.0 ], [ 25.77276, 63.10185, 0.0 ], [ 20.63664, 62.70127, 0.0 ], [ 15.978452, 62.58323, 0.0 ], [ 12.254176, 62.759518, 0.0 ], [ 9.828368, 63.212776, 0.0 ], [ 8.938491, 63.898556, 0.0 ], [ 9.671658, 64.749855, 0.0 ], [ 11.956093, 65.683334, 0.0 ], [ 15.568168, 66.60743, 0.0 ], [ 20.154352, 67.432, 0.0 ], [ 25.265636, 68.07607, 0.0 ], [ 30.401827, 68.47681, 0.0 ], [ 35.059982, 68.59476, 0.0 ], [ 38.78427, 68.41848, 0.0 ], [ 41.210064, 67.965355, 0.0 ]] 
boundary 1: [[ 42.09986, 60.720505, 0.0 ], [ 41.210026, 60.034687, 0.0 ], [ 38.78428, 59.581482, 0.0 ], [ 35.059975, 59.405197, 0.0 ], [ 30.401808, 59.523247, 0.0 ], [ 25.265652, 59.923874, 0.0 ], [ 20.154345, 60.567993, 0.0 ], [ 15.568158, 61.392475, 0.0 ], [ 11.956072, 62.316708, 0.0 ], [ 9.671642, 63.250126, 0.0 ], [ 8.938494, 64.101364, 0.0 ], [ 9.828365, 64.787285, 0.0 ], [ 12.254184, 65.24044, 0.0 ], [ 15.978456, 65.41674, 0.0 ], [ 20.636633, 65.29877, 0.0 ], [ 25.772778, 64.89805, 0.0 ], [ 30.884106, 64.25395, 0.0 ], [ 35.4703, 63.42947, 0.0 ], [ 39.082355, 62.505215, 0.0 ], [ 41.3668, 61.571777, 0.0 ]] 
boundary 0: [[ 42.116253, 67.11441, 0.0 ], [ 41.378845, 66.26692, 0.0 ], [ 39.089645, 65.345184, 0.0 ], [ 35.472935, 64.43959, 0.0 ], [ 30.882504, 63.63852, 0.0 ], [ 25.767944, 63.02059, 0.0 ], [ 20.629837, 62.64637, 0.0 ], [ 15.971104, 62.552227, 0.0 ], [ 12.247781, 62.747627, 0.0 ], [ 9.824328, 63.21333, 0.0 ], [ 8.9379835, 63.90366, 0.0 ], [ 9.6755085, 64.75118, 0.0 ], [ 11.964703, 65.67293, 0.0 ], [ 15.581472, 66.578476, 0.0 ], [ 20.171822, 67.3795, 0.0 ], [ 25.286346, 67.99735, 0.0 ], [ 30.424526, 68.37173, 0.0 ], [ 35.08324, 68.465775, 0.0 ], [ 38.80656, 68.270386, 0.0 ], [ 41.230003, 67.804825, 0.0 ]] 
boundary 1: [[ 42.116238, 60.885597, 0.0 ], [ 41.229965, 60.195217, 0.0 ], [ 38.80657, 59.729576, 0.0 ], [ 35.083233, 59.534184, 0.0 ], [ 30.424507, 59.628326, 0.0 ], [ 25.286362, 60.0026, 0.0 ], [ 20.171814, 60.62048, 0.0 ], [ 15.581463, 61.42142, 0.0 ], [ 11.964682, 62.327106, 0.0 ], [ 9.675493, 63.24879, 0.0 ], [ 8.937987, 64.09623, 0.0 ], [ 9.824326, 64.78674, 0.0 ], [ 12.247788, 65.25234, 0.0 ], [ 15.9711075, 65.44775, 0.0 ], [ 20.62983, 65.35366, 0.0 ], [ 25.76796, 64.97932, 0.0 ], [ 30.882526, 64.36144, 0.0 ], [ 35.472904, 63.5605, 0.0 ], [ 39.089638, 62.654797, 0.0 ], [ 41.378845, 61.733093, 0.0 ]] 
boundary 0: [[ 42.10454, 67.23295, 0.0 ], [ 41.370277, 66.38277, 0.0 ], [ 39.084496, 65.45261, 0.0 ], [ 35.471138, 64.53369, 0.0 ], [ 30.883682, 63.715694, 0.0 ], [ 25.771439, 63.078922, 0.0 ], [ 20.63475, 62.685787, 0.0 ], [ 15.976395, 62.574474, 0.0 ], [ 12.252378, 62.756153, 0.0 ], [ 9.8272295, 63.212936, 0.0 ], [ 8.938346, 63.89999, 0.0 ], [ 9.672743, 64.750206, 0.0 ], [ 11.958525, 65.680374, 0.0 ], [ 15.571935, 66.59924, 0.0 ], [ 20.1593, 67.4172, 0.0 ], [ 25.271511, 68.05386, 0.0 ], [ 30.408274, 68.4472, 0.0 ], [ 35.06662, 68.5584, 0.0 ], [ 38.790627, 68.37673, 0.0 ], [ 41.215775, 67.92009, 0.0 ]] 
boundary 1: [[ 42.104527, 60.767056, 0.0 ], [ 41.215736, 60.079952, 0.0 ], [ 38.790634, 59.623234, 0.0 ], [ 35.066612, 59.441563, 0.0 ], [ 30.408255, 59.552868, 0.0 ], [ 25.271526, 59.946068, 0.0 ], [ 20.159292, 60.582783, 0.0 ], [ 15.571924, 61.400627, 0.0 ], [ 11.958504, 62.319622, 0.0 ], [ 9.672728, 63.249744, 0.0 ], [ 8.938349, 64.09987, 0.0 ], [ 9.827227, 64.78713, 0.0 ], [ 12.252386, 65.24381, 0.0 ], [ 15.976398, 65.42551, 0.0 ], [ 20.634743, 65.31426, 0.0 ], [ 25.771454, 64.92095, 0.0 ], [ 30.883705, 64.28427, 0.0 ], [ 35.471107, 63.46643, 0.0 ], [ 39.084488, 62.5474, 0.0 ], [ 41.370277, 61.61726, 0.0 ]] 
boundary 0: [[ 42.07076, 67.55311, 0.0 ], [ 41.345016, 66.69566, 0.0 ], [ 39.06859, 65.74278, 0.0 ], [ 35.46457, 64.78794, 0.0 ], [ 30.88547, 63.92431, 0.0 ], [ 25.779818, 63.23666, 0.0 ], [ 20.647305, 62.792404, 0.0 ], [ 15.990286, 62.634712, 0.0 ], [ 12.264648, 62.7793, 0.0 ], [ 9.835072, 63.211918, 0.0 ], [ 8.93939, 63.890087, 0.0 ], [ 9.665285, 64.747574, 0.0 ], [ 11.941694, 65.70046, 0.0 ], [ 15.545774, 66.65526, 0.0 ], [ 20.124779, 67.518845, 0.0 ], [ 25.230385, 68.20639, 0.0 ], [ 30.36299, 68.65085, 0.0 ], [ 35.019974, 68.808426, 0.0 ], [ 38.74562, 68.66383, 0.0 ], [ 41.175198, 68.23138, 0.0 ]] 
boundary 1: [[ 42.070744, 60.44689, 0.0 ], [ 41.17516, 59.76867, 0.0 ], [ 38.74563, 59.33612, 0.0 ], [ 35.019966, 59.191544, 0.0 ], [ 30.36297, 59.34922, 0.0 ], [ 25.230398, 59.79355, 0.0 ], [ 20.124771, 60.481133, 0.0 ], [ 15.545763, 61.344616, 0.0 ], [ 11.941673, 62.29954, 0.0 ], [ 9.66527, 63.252377, 0.0 ], [ 8.939392, 64.10977, 0.0 ], [ 9.83507, 64.788155, 0.0 ], [ 12.264656, 65.22066, 0.0 ], [ 15.99029, 65.365265, 0.0 ], [ 20.647297, 65.20765, 0.0 ], [ 25.779833, 64.76321, 0.0 ], [ 30.885492, 64.07565, 0.0 ], [ 35.46454, 63.212185, 0.0 ], [ 39.06858, 62.257225, 0.0 ], [ 41.345016, 61.30437, 0.0 ]] 
boundary 0: [[ 42.058113, 67.66559, 0.0 ], [ 41.33539, 66.80565, 0.0 ], [ 39.06231, 65.84476, 0.0 ], [ 35.461655, 64.87735, 0.0 ], [ 30.885609, 63.997673, 0.0 ], [ 25.78239, 63.29213, 0.0 ], [ 20.65146, 62.829926, 0.0 ], [ 15.995023, 62.65592, 0.0 ], [ 12.268913, 62.78746, 0.0 ], [ 9.837834, 63.211586, 0.0 ], [ 8.939785, 63.886593, 0.0 ], [ 9.662666, 64.74661, 0.0 ], [ 11.935725, 65.70751, 0.0 ], [ 15.536442, 66.67487, 0.0 ], [ 20.112408, 67.5545, 0.0 ], [ 25.215563, 68.2599, 0.0 ], [ 30.346584, 68.72232, 0.0 ], [ 35.003006, 68.89624, 0.0 ], [ 38.729126, 68.764656, 0.0 ], [ 41.16017, 68.34076, 0.0 ]] 
boundary 1: [[ 42.058098, 60.33441, 0.0 ], [ 41.160133, 59.65932, 0.0 ], [ 38.729134, 59.235294, 0.0 ], [ 35.003, 59.103733, 0.0 ], [ 30.346567, 59.277725, 0.0 ], [ 25.215576, 59.740036, 0.0 ], [ 20.1124, 60.44548, 0.0 ], [ 15.53643, 61.32497, 0.0 ], [ 11.935704, 62.29253, 0.0 ], [ 9.662651, 63.253307, 0.0 ], [ 8.939787, 64.113235, 0.0 ], [ 9.837832, 64.78852, 0.0 ], [ 12.26892, 65.21246, 0.0 ], [ 15.995027, 65.344055, 0.0 ], [ 20.651455, 65.17016, 0.0 ], [ 25.782406, 64.7077, 0.0 ], [ 30.885632, 64.00229, 0.0 ], [ 35.461624, 63.122814, 0.0 ], [ 39.0623, 62.15522, 0.0 ], [ 41.33539, 61.194424, 0.0 ]] 
boundary 0: [[ 41.92882, 68.66107, 0.0 ], [ 41.233162, 67.779106, 0.0 ], [ 38.990997, 66.74811, 0.0 ], [ 35.42211, 65.669395, 0.0 ], [ 30.875578, 64.64809, 0.0 ], [ 25.79673, 63.784477, 0.0 ], [ 20.682617, 63.163216, 0.0 ], [ 16.033829, 62.844734, 0.0 ], [ 12.3054285, 62.860542, 0.0 ], [ 9.862355, 63.209003, 0.0 ], [ 8.943784, 63.855804, 0.0 ], [ 9.63962, 64.737854, 0.0 ], [ 11.881755, 65.768845, 0.0 ], [ 15.4507065, 66.84752, 0.0 ], [ 19.997162, 67.86877, 0.0 ], [ 25.075958, 68.732254, 0.0 ], [ 30.190159, 69.35374, 0.0 ], [ 34.83892, 69.67212, 0.0 ], [ 38.56733, 69.65625, 0.0 ], [ 41.010372, 69.30805, 0.0 ]] 
boundary 1: [[ 41.928806, 59.338932, 0.0 ], [ 41.010334, 58.692036, 0.0 ], [ 38.567337, 58.343674, 0.0 ], [ 34.838913, 58.327854, 0.0 ], [ 30.190142, 58.646317, 0.0 ], [ 25.07597, 59.267685, 0.0 ], [ 19.997154, 60.131203, 0.0 ], [ 15.450688, 61.15232, 0.0 ], [ 11.881734, 62.23119, 0.0 ], [ 9.639603, 63.262074, 0.0 ], [ 8.943781, 64.14403, 0.0 ], [ 9.862357, 64.7911, 0.0 ], [ 12.305433, 65.13937, 0.0 ], [ 16.033833, 65.155235, 0.0 ], [ 20.682615, 64.83687, 0.0 ], [ 25.796741, 64.21536, 0.0 ], [ 30.875597, 63.351864, 0.0 ], [ 35.42209, 62.33076, 0.0 ], [ 38.99099, 61.251854, 0.0 ], [ 41.233162, 60.220955, 0.0 ]] 
boundary 0: [[ 41.741997, 69.80045, 0.0 ], [ 41.078266, 68.894196, 0.0 ], [ 38.874344, 67.78381, 0.0 ], [ 35.346252, 66.57836, 0.0 ], [ 30.839079, 65.39537, 0.0 ], [ 25.794308, 64.35099, 0.0 ], [ 20.705635, 63.547535, 0.0 ], [ 16.071184, 63.06328, 0.0 ], [ 12.344599, 62.945965, 0.0 ], [ 9.890642, 63.206974, 0.0 ], [ 8.949564, 63.820568, 0.0 ], [ 9.613463, 64.7269, 0.0 ], [ 11.817359, 65.83728, 0.0 ], [ 15.345522, 67.042694, 0.0 ], [ 19.852612, 68.22561, 0.0 ], [ 24.897345, 69.269875, 0.0 ], [ 29.986095, 70.073555, 0.0 ], [ 34.620514, 70.557724, 0.0 ], [ 38.347115, 70.67498, 0.0 ], [ 40.801033, 70.41422, 0.0 ]] 
boundary 1: [[ 41.74198, 58.199562, 0.0 ], [ 40.800995, 57.58586, 0.0 ], [ 38.347115, 57.32495, 0.0 ], [ 34.620506, 57.442257, 0.0 ], [ 29.98608, 57.9265, 0.0 ], [ 24.897352, 58.730053, 0.0 ], [ 19.8526, 59.774357, 0.0 ], [ 15.345497, 60.95715, 0.0 ], [ 11.817338, 62.16275, 0.0 ], [ 9.613442, 63.273033, 0.0 ], [ 8.949554, 64.17926, 0.0 ], [ 9.890647, 64.79313, 0.0 ], [ 12.344601, 65.053955, 0.0 ], [ 16.071186, 64.93668, 0.0 ], [ 20.705631, 64.452545, 0.0 ], [ 25.794312, 63.648853, 0.0 ], [ 30.839094, 62.60457, 0.0 ], [ 35.346233, 61.421787, 0.0 ], [ 38.874332, 60.216156, 0.0 ], [ 41.078266, 59.10585, 0.0 ]] 
boundary 0: [[ 41.41277, 71.38111, 0.0 ], [ 40.795113, 70.44286, 0.0 ], [ 38.64937, 69.22383, 0.0 ], [ 35.185852, 67.843765, 0.0 ], [ 30.74335, 66.43724, 0.0 ], [ 25.75701, 65.14234, 0.0 ], [ 20.714787, 64.08585, 0.0 ], [ 16.110298, 63.37085, 0.0 ], [ 12.394209, 63.067646, 0.0 ], [ 9.930283, 63.205833, 0.0 ], [ 8.959748, 63.77168, 0.0 ], [ 9.577577, 64.71003, 0.0 ], [ 11.723292, 65.92905, 0.0 ], [ 15.18688, 67.30908, 0.0 ], [ 19.629301, 68.71552, 0.0 ], [ 24.615612, 70.010315, 0.0 ], [ 29.657894, 71.06703, 0.0 ], [ 34.26237, 71.78194, 0.0 ], [ 37.978477, 72.08507, 0.0 ], [ 40.442337, 71.94714, 0.0 ]] 
boundary 1: [[ 41.412754, 56.618908, 0.0 ], [ 40.442307, 56.052937, 0.0 ], [ 37.978477, 55.914852, 0.0 ], [ 34.262363, 56.218044, 0.0 ], [ 29.657883, 56.933033, 0.0 ], [ 24.615614, 57.989624, 0.0 ], [ 19.629288, 59.284454, 0.0 ], [ 15.186848, 60.69077, 0.0 ], [ 11.723272, 62.070995, 0.0 ], [ 9.57755, 63.2899, 0.0 ], [ 8.959729, 64.22814, 0.0 ], [ 9.930294, 64.79427, 0.0 ], [ 12.394208, 64.93227, 0.0 ], [ 16.11029, 64.629105, 0.0 ], [ 20.714783, 63.91423, 0.0 ], [ 25.757004, 62.857506, 0.0 ], [ 30.743364, 61.562687, 0.0 ], [ 35.18584, 60.156387, 0.0 ], [ 38.649353, 58.77613, 0.0 ], [ 40.795113, 57.55719, 0.0 ]] 
boundary 0: [[ 40.90558, 73.28205, 0.0 ], [ 40.346123, 72.30796, 0.0 ], [ 38.278496, 70.96068, 0.0 ], [ 34.905327, 69.37251, 0.0 ], [ 30.55659, 67.69841, 0.0 ], [ 25.658241, 66.10263, 0.0 ], [ 20.689604, 64.74143, 0.0 ], [ 16.13713, 63.7477, 0.0 ], [ 12.446362, 63.219036, 0.0 ], [ 9.97859, 63.20712, 0.0 ], [ 8.975436, 63.712887, 0.0 ], [ 9.535051, 64.68708, 0.0 ], [ 11.602653, 66.03434, 0.0 ], [ 14.975895, 67.62247, 0.0 ], [ 19.32455, 69.2965, 0.0 ], [ 24.222881, 70.89217, 0.0 ], [ 29.19156, 72.25361, 0.0 ], [ 33.74403, 73.24723, 0.0 ], [ 37.434826, 73.77582, 0.0 ], [ 39.90251, 73.787994, 0.0 ]] 
boundary 1: [[ 40.905563, 54.71798, 0.0 ], [ 39.90248, 54.212074, 0.0 ], [ 37.434822, 54.224106, 0.0 ], [ 33.744022, 54.752747, 0.0 ], [ 29.191553, 55.74646, 0.0 ], [ 24.222878, 57.10777, 0.0 ], [ 19.32454, 58.703472, 0.0 ], [ 14.975855, 60.37738, 0.0 ], [ 11.602636, 61.965702, 0.0 ], [ 9.535019, 63.312855, 0.0 ], [ 8.975407, 64.28694, 0.0 ], [ 9.978608, 64.79299, 0.0 ], [ 12.446354, 64.78087, 0.0 ], [ 16.137117, 64.25226, 0.0 ], [ 20.68961, 63.258656, 0.0 ], [ 25.658224, 61.897224, 0.0 ], [ 30.5566, 60.301525, 0.0 ], [ 34.905315, 58.627636, 0.0 ], [ 38.27848, 57.039284, 0.0 ], [ 40.346123, 55.69208, 0.0 ]] 
boundary 0: [[ 40.33754, 75.000946, 0.0 ], [ 39.83348, 73.99708, 0.0 ], [ 37.844494, 72.536194, 0.0 ], [ 34.5655, 70.76173, 0.0 ], [ 30.317272, 68.84686, 0.0 ], [ 25.515917, 66.979416, 0.0 ], [ 20.63125, 65.34228, 0.0 ], [ 16.14153, 64.09531, 0.0 ], [ 12.486132, 63.36091, 0.0 ], [ 10.022896, 63.210896, 0.0 ], [ 8.993006, 63.65973, 0.0 ], [ 9.497221, 64.66371, 0.0 ], [ 11.48618, 66.12457, 0.0 ], [ 14.76525, 67.89902, 0.0 ], [ 19.0134, 69.8138, 0.0 ], [ 23.814745, 71.68113, 0.0 ], [ 28.69944, 73.31851, 0.0 ], [ 33.189156, 74.56538, 0.0 ], [ 36.84459, 75.2997, 0.0 ], [ 39.30773, 75.44996, 0.0 ]] 
boundary 1: [[ 40.337524, 52.999084, 0.0 ], [ 39.3077, 52.550106, 0.0 ], [ 36.84459, 52.700233, 0.0 ], [ 33.18914, 53.43461, 0.0 ], [ 28.69944, 54.681557, 0.0 ], [ 23.814737, 56.318813, 0.0 ], [ 19.013384, 58.186165, 0.0 ], [ 14.765202, 60.10084, 0.0 ], [ 11.486164, 61.875465, 0.0 ], [ 9.497186, 63.336224, 0.0 ], [ 8.992967, 64.3401, 0.0 ], [ 10.022919, 64.78922, 0.0 ], [ 12.486117, 64.638985, 0.0 ], [ 16.141512, 63.90465, 0.0 ], [ 20.63126, 62.657814, 0.0 ], [ 25.515892, 61.02043, 0.0 ], [ 30.317278, 59.153084, 0.0 ], [ 34.5655, 57.238434, 0.0 ], [ 37.84448, 55.46378, 0.0 ], [ 39.83348, 54.002975, 0.0 ]] 
boundary 0: [[ 39.63118, 76.785736, 0.0 ], [ 39.18758, 75.75371, 0.0 ], [ 37.288784, 74.17737, 0.0 ], [ 34.120857, 72.21146, 0.0 ], [ 29.993748, 70.04788, 0.0 ], [ 25.311665, 67.89882, 0.0 ], [ 20.532753, 65.97471, 0.0 ], [ 16.124939, 64.46353, 0.0 ], [ 12.519556, 63.51351, 0.0 ], [ 10.069564, 63.217598, 0.0 ], [ 9.014852, 63.604534, 0.0 ], [ 9.458607, 64.63666, 0.0 ], [ 11.357374, 66.212975, 0.0 ], [ 14.525372, 68.17887, 0.0 ], [ 18.652412, 70.342354, 0.0 ], [ 23.334492, 72.491295, 0.0 ], [ 28.113424, 74.41566, 0.0 ], [ 32.521233, 75.92673, 0.0 ], [ 36.126648, 76.87668, 0.0 ], [ 38.576538, 77.17284, 0.0 ]] 
boundary 1: [[ 39.631165, 51.21431, 0.0 ], [ 38.576515, 50.827232, 0.0 ], [ 36.126648, 51.123253, 0.0 ], [ 32.521217, 52.073242, 0.0 ], [ 28.113424, 53.58441, 0.0 ], [ 23.334484, 55.508636, 0.0 ], [ 18.652395, 57.657608, 0.0 ], [ 14.525314, 59.82099, 0.0 ], [ 11.357359, 61.787064, 0.0 ], [ 9.458566, 63.363274, 0.0 ], [ 9.014806, 64.39532, 0.0 ], [ 10.069592, 64.78252, 0.0 ], [ 12.519539, 64.48638, 0.0 ], [ 16.124912, 63.53643, 0.0 ], [ 20.532766, 62.025368, 0.0 ], [ 25.31163, 60.10103, 0.0 ], [ 29.99375, 57.952053, 0.0 ], [ 34.120865, 55.788692, 0.0 ], [ 37.28877, 53.822598, 0.0 ], [ 39.18758, 52.246338, 0.0 ]] 
boundary 0: [[ 36.496418, 82.43475, 0.0 ], [ 36.266853, 81.33514, 0.0 ], [ 34.719345, 79.412735, 0.0 ], [ 32.0055, 76.85628, 0.0 ], [ 28.39092, 73.91538, 0.0 ], [ 24.229553, 70.878365, 0.0 ], [ 19.928574, 68.04257, 0.0 ], [ 15.909183, 65.68524, 0.0 ], [ 12.564649, 64.0374, 0.0 ], [ 10.222394, 63.2603, 0.0 ], [ 9.111809, 63.429825, 0.0 ], [ 9.341509, 64.52957, 0.0 ], [ 10.888985, 66.45192, 0.0 ], [ 13.602905, 69.008385, 0.0 ], [ 17.217432, 71.949196, 0.0 ], [ 21.378819, 74.986084, 0.0 ], [ 25.679775, 77.82213, 0.0 ], [ 29.69917, 80.17936, 0.0 ], [ 33.04376, 81.82713, 0.0 ], [ 35.38586, 82.60445, 0.0 ]] 
boundary 1: [[ 36.496407, 45.5653, 0.0 ], [ 35.385857, 45.395622, 0.0 ], [ 33.043743, 46.172794, 0.0 ], [ 29.69915, 47.820618, 0.0 ], [ 25.679787, 50.177937, 0.0 ], [ 21.378796, 53.013855, 0.0 ], [ 17.217415, 56.050777, 0.0 ], [ 13.6028185, 58.99148, 0.0 ], [ 10.888979, 61.54813, 0.0 ], [ 9.341455, 63.47037, 0.0 ], [ 9.111736, 64.570045, 0.0 ], [ 10.222444, 64.73979, 0.0 ], [ 12.5646105, 63.962513, 0.0 ], [ 15.909153, 62.314735, 0.0 ], [ 19.928602, 59.957504, 0.0 ], [ 24.229496, 57.12149, 0.0 ], [ 28.390907, 54.084564, 0.0 ], [ 32.00553, 51.14387, 0.0 ], [ 34.719322, 48.58722, 0.0 ], [ 36.26686, 46.66491, 0.0 ]] 
boundary 0: [[ 26.231722, 91.92491, 0.0 ], [ 26.487799, 90.831154, 0.0 ], [ 25.896439, 88.43518, 0.0 ], [ 24.51542, 84.97205, 0.0 ], [ 22.480133, 80.7802, 0.0 ], [ 19.989738, 76.27039, 0.0 ], [ 17.287844, 71.88405, 0.0 ], [ 14.639242, 68.05035, 0.0 ], [ 12.302921, 65.14467, 0.0 ], [ 10.507629, 63.451458, 0.0 ], [ 9.429285, 63.136322, 0.0 ], [ 9.173275, 64.23023, 0.0 ], [ 9.764623, 66.62617, 0.0 ], [ 11.145713, 70.08932, 0.0 ], [ 13.180991, 74.28107, 0.0 ], [ 15.671449, 78.79078, 0.0 ], [ 18.373219, 83.17733, 0.0 ], [ 21.02187, 87.01096, 0.0 ], [ 23.358265, 89.91659, 0.0 ], [ 25.153328, 91.60993, 0.0 ]] 
boundary 1: [[ 26.231735, 36.075157, 0.0 ], [ 25.153353, 36.390144, 0.0 ], [ 23.35822, 38.08335, 0.0 ], [ 21.02184, 40.98903, 0.0 ], [ 18.373257, 44.82272, 0.0 ], [ 15.671402, 49.209183, 0.0 ], [ 13.180961, 53.71891, 0.0 ], [ 11.14558, 57.9106, 0.0 ], [ 9.764642, 61.373894, 0.0 ], [ 9.173202, 63.769722, 0.0 ], [ 9.429167, 64.863594, 0.0 ], [ 10.507712, 64.5486, 0.0 ], [ 12.302849, 62.85527, 0.0 ], [ 14.639208, 59.949657, 0.0 ], [ 17.287903, 56.115997, 0.0 ], [ 19.98963, 51.729507, 0.0 ], [ 22.480095, 47.219765, 0.0 ], [ 24.515505, 43.028065, 0.0 ], [ 25.896404, 39.564796, 0.0 ], [ 26.487825, 37.168888, 0.0 ]] 
boundary 0: [[ 27.455036, 91.174034, 0.0 ], [ 27.66232, 90.069984, 0.0 ], [ 26.9652, 87.70262, 0.0 ], [ 25.431843, 84.3042, 0.0 ], [ 23.212515, 80.2068, 0.0 ], [ 20.524418, 75.81197, 0.0 ], [ 17.63051, 71.549866, 0.0 ], [ 14.814369, 67.837494, 0.0 ], [ 12.351389, 65.038376, 0.0 ], [ 10.4827175, 63.42651, 0.0 ], [ 9.39145, 63.159546, 0.0 ], [ 9.184242, 64.26374, 0.0 ], [ 9.881345, 66.631065, 0.0 ], [ 11.414777, 70.02951, 0.0 ], [ 13.634089, 74.1268, 0.0 ], [ 16.322245, 78.52153, 0.0 ], [ 19.216038, 82.78385, 0.0 ], [ 22.032227, 86.496155, 0.0 ], [ 24.495277, 89.29522, 0.0 ], [ 26.363726, 90.90723, 0.0 ]] 
boundary 1: [[ 27.455048, 36.826035, 0.0 ], [ 26.363747, 37.09285, 0.0 ], [ 24.495235, 38.70472, 0.0 ], [ 22.032196, 41.503838, 0.0 ], [ 19.216074, 45.2162, 0.0 ], [ 16.3222, 49.478428, 0.0 ], [ 13.63406, 53.873177, 0.0 ], [ 11.414648, 57.9704, 0.0 ], [ 9.881361, 61.368996, 0.0 ], [ 9.184171, 63.736214, 0.0 ], [ 9.3913355, 64.84037, 0.0 ], [ 10.482799, 64.57355, 0.0 ], [ 12.35132, 62.961563, 0.0 ], [ 14.814335, 60.162506, 0.0 ], [ 17.630568, 56.45018, 0.0 ], [ 20.524315, 52.18792, 0.0 ], [ 23.212479, 47.793156, 0.0 ], [ 25.431921, 43.695923, 0.0 ], [ 26.965168, 40.297356, 0.0 ], [ 27.662344, 37.930054, 0.0 ]] 
boundary 0: [[ 37.0111, 81.67012, 0.0 ], [ 36.750275, 80.57748, 0.0 ], [ 35.148605, 78.69999, 0.0 ], [ 32.362984, 76.22191, 0.0 ], [ 28.666048, 73.38522, 0.0 ], [ 24.419804, 70.46808, 0.0 ], [ 20.039738, 67.75601, 0.0 ], [ 15.954794, 65.51423, 0.0 ], [ 12.564643, 63.96238, 0.0 ], [ 10.201191, 63.25236, 0.0 ], [ 9.095892, 63.453476, 0.0 ], [ 9.356839, 64.54622, 0.0 ], [ 10.958489, 66.42369, 0.0 ], [ 13.744175, 68.901764, 0.0 ], [ 17.44106, 71.73833, 0.0 ], [ 21.687311, 74.65537, 0.0 ], [ 26.067366, 77.367676, 0.0 ], [ 30.152319, 79.609375, 0.0 ], [ 33.54251, 81.16115, 0.0 ], [ 35.905807, 81.87138, 0.0 ]] 
boundary 1: [[ 37.011078, 46.329956, 0.0 ], [ 35.9058, 46.12869, 0.0 ], [ 33.542496, 46.838776, 0.0 ], [ 30.152294, 48.390602, 0.0 ], [ 26.067379, 50.632393, 0.0 ], [ 21.687294, 53.344574, 0.0 ], [ 17.44104, 56.26164, 0.0 ], [ 13.74409, 59.098118, 0.0 ], [ 10.958478, 61.57637, 0.0 ], [ 9.356793, 63.45371, 0.0 ], [ 9.095821, 64.5464, 0.0 ], [ 10.201245, 64.74771, 0.0 ], [ 12.564606, 64.03754, 0.0 ], [ 15.954761, 62.48576, 0.0 ], [ 20.039768, 60.24405, 0.0 ], [ 24.419752, 57.53179, 0.0 ], [ 28.666029, 54.614716, 0.0 ], [ 32.36301, 51.778233, 0.0 ], [ 35.148582, 49.299995, 0.0 ], [ 36.750282, 47.42257, 0.0 ]] 
boundary 0: [[ 39.873886, 76.20662, 0.0 ], [ 39.41032, 75.18339, 0.0 ], [ 37.481274, 73.64422, 0.0 ], [ 34.275757, 71.7402, 0.0 ], [ 30.107412, 69.657166, 0.0 ], [ 25.384474, 67.59944, 0.0 ], [ 20.569096, 65.7685, 0.0 ], [ 16.132778, 64.34322, 0.0 ], [ 12.50962, 63.463387, 0.0 ], [ 10.054342, 63.2151, 0.0 ], [ 9.007347, 63.62245, 0.0 ], [ 9.471056, 64.64575, 0.0 ], [ 11.400089, 66.18493, 0.0 ], [ 14.605661, 68.08891, 0.0 ], [ 18.773933, 70.17184, 0.0 ], [ 23.496857, 72.22945, 0.0 ], [ 28.312271, 74.06065, 0.0 ], [ 32.748585, 75.485825, 0.0 ], [ 36.37177, 76.365585, 0.0 ], [ 38.82693, 76.61413, 0.0 ]] 
boundary 1: [[ 39.873856, 51.79345, 0.0 ], [ 38.8269, 51.385956, 0.0 ], [ 36.371765, 51.634346, 0.0 ], [ 32.748566, 52.51415, 0.0 ], [ 28.312271, 53.93943, 0.0 ], [ 23.496853, 55.770504, 0.0 ], [ 18.77392, 57.82813, 0.0 ], [ 14.6056, 59.91096, 0.0 ], [ 11.400063, 61.81514, 0.0 ], [ 9.471023, 63.354164, 0.0 ], [ 9.007299, 64.37742, 0.0 ], [ 10.05438, 64.78499, 0.0 ], [ 12.5096, 64.53652, 0.0 ], [ 16.132744, 63.65676, 0.0 ], [ 20.569115, 62.231575, 0.0 ], [ 25.384453, 60.40041, 0.0 ], [ 30.107407, 58.342773, 0.0 ], [ 34.275757, 56.25994, 0.0 ], [ 37.48125, 54.355774, 0.0 ], [ 39.410324, 52.816658, 0.0 ]] 
boundary 0: [[ 40.740383, 73.81652, 0.0 ], [ 40.19786, 72.832886, 0.0 ], [ 38.153847, 71.45003, 0.0 ], [ 34.808647, 69.803734, 0.0 ], [ 30.489523, 68.05464, 0.0 ], [ 25.619514, 66.37435, 0.0 ], [ 20.675163, 64.927414, 0.0 ], [ 16.140583, 63.855083, 0.0 ], [ 12.459496, 63.262634, 0.0 ], [ 9.9923, 63.20802, 0.0 ], [ 8.980545, 63.696373, 0.0 ], [ 9.52322, 64.68008, 0.0 ], [ 11.567221, 66.06294, 0.0 ], [ 14.912476, 67.70917, 0.0 ], [ 19.23151, 69.45817, 0.0 ], [ 24.101505, 71.13834, 0.0 ], [ 29.045908, 72.585556, 0.0 ], [ 33.580475, 73.657776, 0.0 ], [ 37.261574, 74.25015, 0.0 ], [ 39.72869, 74.30502, 0.0 ]] 
boundary 1: [[ 40.74035, 54.183548, 0.0 ], [ 39.728657, 53.695053, 0.0 ], [ 37.26159, 53.749786, 0.0 ], [ 33.58046, 54.342194, 0.0 ], [ 29.0459, 55.414528, 0.0 ], [ 24.101503, 56.861603, 0.0 ], [ 19.231499, 58.541794, 0.0 ], [ 14.912426, 60.290688, 0.0 ], [ 11.567189, 61.937134, 0.0 ], [ 9.523195, 63.319836, 0.0 ], [ 8.980508, 64.30349, 0.0 ], [ 9.992332, 64.79206, 0.0 ], [ 12.459483, 64.73728, 0.0 ], [ 16.140549, 64.14489, 0.0 ], [ 20.675179, 63.072678, 0.0 ], [ 25.619505, 61.6255, 0.0 ], [ 30.489523, 59.945293, 0.0 ], [ 34.80864, 58.1964, 0.0 ], [ 38.153824, 56.54996, 0.0 ], [ 40.19786, 55.167175, 0.0 ]] 
boundary 0: [[ 41.304535, 71.82856, 0.0 ], [ 40.700287, 70.8816, 0.0 ], [ 38.572117, 69.63213, 0.0 ], [ 35.128586, 68.20288, 0.0 ], [ 30.706549, 66.73326, 0.0 ], [ 25.739153, 65.36749, 0.0 ], [ 20.712467, 64.23934, 0.0 ], [ 16.118649, 63.45887, 0.0 ], [ 12.407236, 63.102776, 0.0 ], [ 9.941587, 63.20587, 0.0 ], [ 8.963095, 63.757847, 0.0 ], [ 9.567499, 64.70488, 0.0 ], [ 11.6956625, 65.95436, 0.0 ], [ 15.139246, 67.38354, 0.0 ], [ 19.561184, 68.85307, 0.0 ], [ 24.528559, 70.21872, 0.0 ], [ 29.555311, 71.34715, 0.0 ], [ 34.14911, 72.12752, 0.0 ], [ 37.86053, 72.483536, 0.0 ], [ 40.32611, 72.3807, 0.0 ]] 
boundary 1: [[ 41.304497, 56.1715, 0.0 ], [ 40.326073, 55.619377, 0.0 ], [ 37.860554, 55.516415, 0.0 ], [ 34.149094, 55.87245, 0.0 ], [ 29.5553, 56.652946, 0.0 ], [ 24.528564, 57.781227, 0.0 ], [ 19.561172, 59.146893, 0.0 ], [ 15.139206, 60.616318, 0.0 ], [ 11.695625, 62.045715, 0.0 ], [ 9.56748, 63.295025, 0.0 ], [ 8.963067, 64.242004, 0.0 ], [ 9.941617, 64.79421, 0.0 ], [ 12.407228, 64.89714, 0.0 ], [ 16.118618, 64.54111, 0.0 ], [ 20.712477, 63.760746, 0.0 ], [ 25.739151, 62.63236, 0.0 ], [ 30.706554, 61.26667, 0.0 ], [ 35.128563, 59.797245, 0.0 ], [ 38.572094, 58.36786, 0.0 ], [ 40.700287, 57.11847, 0.0 ]] 
boundary 0: [[ 41.744858, 69.78489, 0.0 ], [ 41.08068, 68.87897, 0.0 ], [ 38.876213, 67.769646, 0.0 ], [ 35.34752, 66.5659, 0.0 ], [ 30.839752, 65.38512, 0.0 ], [ 25.794483, 64.3432, 0.0 ], [ 20.7054, 63.542255, 0.0 ], [ 16.070747, 63.060284, 0.0 ], [ 12.344085, 62.94478, 0.0 ], [ 9.890253, 63.207, 0.0 ], [ 8.949473, 63.821053, 0.0 ], [ 9.613815, 64.72705, 0.0 ], [ 11.818275, 65.83638, 0.0 ], [ 15.347015, 67.04003, 0.0 ], [ 19.854675, 68.22075, 0.0 ], [ 24.899923, 69.26253, 0.0 ], [ 29.989088, 70.06377, 0.0 ], [ 34.62371, 70.54562, 0.0 ], [ 38.350384, 70.66106, 0.0 ], [ 40.80417, 70.39911, 0.0 ]] 
boundary 1: [[ 41.74482, 58.215164, 0.0 ], [ 40.804115, 57.60097, 0.0 ], [ 38.350407, 57.338882, 0.0 ], [ 34.623695, 57.454334, 0.0 ], [ 29.98907, 57.936333, 0.0 ], [ 24.899931, 58.737404, 0.0 ], [ 19.854668, 59.779217, 0.0 ], [ 15.346989, 60.95981, 0.0 ], [ 11.8182335, 62.16369, 0.0 ], [ 9.613804, 63.27285, 0.0 ], [ 8.949455, 64.178795, 0.0 ], [ 9.890275, 64.79308, 0.0 ], [ 12.34408, 65.05514, 0.0 ], [ 16.07072, 64.93968, 0.0 ], [ 20.705404, 64.457825, 0.0 ], [ 25.79449, 63.656635, 0.0 ], [ 30.839766, 62.614803, 0.0 ], [ 35.34748, 61.434216, 0.0 ], [ 38.87619, 60.230354, 0.0 ], [ 41.080673, 59.121105, 0.0 ]] 
boundary 0: [[ 41.947178, 68.5334, 0.0 ], [ 41.248005, 67.654205, 0.0 ], [ 39.001747, 66.63217, 0.0 ], [ 35.42858, 65.56767, 0.0 ], [ 30.877993, 64.5645, 0.0 ], [ 25.795748, 63.721165, 0.0 ], [ 20.679176, 63.12033, 0.0 ], [ 16.029194, 62.82041, 0.0 ], [ 12.300866, 62.851086, 0.0 ], [ 9.859201, 63.209297, 0.0 ], [ 8.943214, 63.85976, 0.0 ], [ 9.642562, 64.73902, 0.0 ], [ 11.888814, 65.76108, 0.0 ], [ 15.462027, 66.82548, 0.0 ], [ 20.012512, 67.828575, 0.0 ], [ 25.094719, 68.67178, 0.0 ], [ 30.21138, 69.2729, 0.0 ], [ 34.86133, 69.57271, 0.0 ], [ 38.58967, 69.54196, 0.0 ], [ 41.0313, 69.18401, 0.0 ]] 
boundary 1: [[ 41.94714, 59.466644, 0.0 ], [ 41.031246, 58.816055, 0.0 ], [ 38.5897, 58.457977, 0.0 ], [ 34.861313, 58.427246, 0.0 ], [ 30.211363, 58.727203, 0.0 ], [ 25.094732, 59.328156, 0.0 ], [ 20.012505, 60.17139, 0.0 ], [ 15.462007, 61.174362, 0.0 ], [ 11.88877, 62.23899, 0.0 ], [ 9.642553, 63.260887, 0.0 ], [ 8.943203, 64.1401, 0.0 ], [ 9.859218, 64.79078, 0.0 ], [ 12.300864, 65.14882, 0.0 ], [ 16.029167, 65.17955, 0.0 ], [ 20.679176, 64.879745, 0.0 ], [ 25.795757, 64.27867, 0.0 ], [ 30.87801, 63.43542, 0.0 ], [ 35.42854, 62.432446, 0.0 ], [ 39.001724, 61.36784, 0.0 ], [ 41.247997, 60.34586, 0.0 ]] 
boundary 0: [[ 42.099773, 67.27984, 0.0 ], [ 41.36682, 66.42862, 0.0 ], [ 39.082363, 65.49508, 0.0 ], [ 35.470352, 64.57091, 0.0 ], [ 30.884068, 63.74621, 0.0 ], [ 25.772758, 63.101963, 0.0 ], [ 20.63663, 62.701385, 0.0 ], [ 15.978482, 62.58327, 0.0 ], [ 12.254195, 62.759514, 0.0 ], [ 9.8283825, 63.212795, 0.0 ], [ 8.938493, 63.89853, 0.0 ], [ 9.67164, 64.74982, 0.0 ], [ 11.956092, 65.68338, 0.0 ], [ 15.568141, 66.60742, 0.0 ], [ 20.154327, 67.432076, 0.0 ], [ 25.265587, 68.07617, 0.0 ], [ 30.40182, 68.47704, 0.0 ], [ 35.05992, 68.59503, 0.0 ], [ 38.784225, 68.41873, 0.0 ], [ 41.210022, 67.96571, 0.0 ]] 
boundary 1: [[ 42.099735, 60.72021, 0.0 ], [ 41.20996, 60.034355, 0.0 ], [ 38.784256, 59.581207, 0.0 ], [ 35.059906, 59.404907, 0.0 ], [ 30.401796, 59.52307, 0.0 ], [ 25.265598, 59.92376, 0.0 ], [ 20.15432, 60.56789, 0.0 ], [ 15.568128, 61.392406, 0.0 ], [ 11.956043, 62.316692, 0.0 ], [ 9.671637, 63.2501, 0.0 ], [ 8.93849, 64.101326, 0.0 ], [ 9.828395, 64.787285, 0.0 ], [ 12.254198, 65.2404, 0.0 ], [ 15.978457, 65.416695, 0.0 ], [ 20.636625, 65.29869, 0.0 ], [ 25.772774, 64.89788, 0.0 ], [ 30.884087, 64.25372, 0.0 ], [ 35.470306, 63.429207, 0.0 ], [ 39.08234, 62.504936, 0.0 ], [ 41.366806, 61.57145, 0.0 ]] 
boundary 0: [[ 42.116154, 67.11476, 0.0 ], [ 41.378876, 66.2673, 0.0 ], [ 39.08965, 65.345505, 0.0 ], [ 35.472958, 64.43988, 0.0 ], [ 30.882488, 63.638718, 0.0 ], [ 25.76794, 63.020706, 0.0 ], [ 20.629826, 62.646484, 0.0 ], [ 15.971134, 62.55227, 0.0 ], [ 12.2478, 62.74762, 0.0 ], [ 9.824343, 63.21335, 0.0 ], [ 8.937985, 63.903633, 0.0 ], [ 9.675491, 64.751144, 0.0 ], [ 11.964701, 65.67297, 0.0 ], [ 15.581446, 66.57847, 0.0 ], [ 20.171795, 67.37958, 0.0 ], [ 25.286297, 67.99746, 0.0 ], [ 30.424519, 68.37196, 0.0 ], [ 35.08318, 68.46605, 0.0 ], [ 38.806515, 68.27064, 0.0 ], [ 41.229958, 67.80518, 0.0 ]] 
boundary 1: [[ 42.116116, 60.8853, 0.0 ], [ 41.229897, 60.194885, 0.0 ], [ 38.806545, 59.7293, 0.0 ], [ 35.083164, 59.533894, 0.0 ], [ 30.424496, 59.62815, 0.0 ], [ 25.286308, 60.002487, 0.0 ], [ 20.171787, 60.62038, 0.0 ], [ 15.581432, 61.421352, 0.0 ], [ 11.964653, 62.32709, 0.0 ], [ 9.675488, 63.248764, 0.0 ], [ 8.9379835, 64.09618, 0.0 ], [ 9.824355, 64.78674, 0.0 ], [ 12.247802, 65.252304, 0.0 ], [ 15.971109, 65.4477, 0.0 ], [ 20.629822, 65.353584, 0.0 ], [ 25.767956, 64.97915, 0.0 ], [ 30.882507, 64.36121, 0.0 ], [ 35.47291, 63.560238, 0.0 ], [ 39.089626, 62.654514, 0.0 ], [ 41.37886, 61.732765, 0.0 ]] 
boundary 0: [[ 42.10444, 67.2333, 0.0 ], [ 41.370296, 66.38315, 0.0 ], [ 39.084496, 65.45293, 0.0 ], [ 35.47116, 64.53398, 0.0 ], [ 30.883667, 63.715893, 0.0 ], [ 25.771435, 63.079037, 0.0 ], [ 20.634739, 62.6859, 0.0 ], [ 15.976425, 62.574512, 0.0 ], [ 12.252398, 62.756145, 0.0 ], [ 9.827244, 63.212955, 0.0 ], [ 8.938348, 63.899963, 0.0 ], [ 9.672726, 64.75017, 0.0 ], [ 11.958523, 65.68042, 0.0 ], [ 15.571908, 66.599236, 0.0 ], [ 20.159273, 67.417274, 0.0 ], [ 25.271461, 68.05397, 0.0 ], [ 30.408264, 68.447426, 0.0 ], [ 35.06655, 68.55868, 0.0 ], [ 38.79058, 68.37698, 0.0 ], [ 41.21573, 67.92045, 0.0 ]] 
boundary 1: [[ 42.1044, 60.766758, 0.0 ], [ 41.215668, 60.07962, 0.0 ], [ 38.79061, 59.622963, 0.0 ], [ 35.066532, 59.441273, 0.0 ], [ 30.408243, 59.552692, 0.0 ], [ 25.271473, 59.945953, 0.0 ], [ 20.159266, 60.582684, 0.0 ], [ 15.571894, 61.40056, 0.0 ], [ 11.958475, 62.319607, 0.0 ], [ 9.672723, 63.249714, 0.0 ], [ 8.938344, 64.09982, 0.0 ], [ 9.827256, 64.78713, 0.0 ], [ 12.2523985, 65.243774, 0.0 ], [ 15.9764, 65.42546, 0.0 ], [ 20.634735, 65.314186, 0.0 ], [ 25.77145, 64.920784, 0.0 ], [ 30.883686, 64.28404, 0.0 ], [ 35.471115, 63.466167, 0.0 ], [ 39.084473, 62.54712, 0.0 ], [ 41.37028, 61.616932, 0.0 ]] 
boundary 0: [[ 42.070652, 67.55346, 0.0 ], [ 41.34501, 66.696045, 0.0 ], [ 39.06859, 65.7431, 0.0 ], [ 35.46459, 64.78823, 0.0 ], [ 30.88545, 63.924507, 0.0 ], [ 25.779814, 63.236774, 0.0 ], [ 20.647285, 62.79252, 0.0 ], [ 15.990316, 62.63475, 0.0 ], [ 12.2646675, 62.779297, 0.0 ], [ 9.835086, 63.211933, 0.0 ], [ 8.939392, 63.89006, 0.0 ], [ 9.665268, 64.747536, 0.0 ], [ 11.94169, 65.70051, 0.0 ], [ 15.545748, 66.65525, 0.0 ], [ 20.124752, 67.51892, 0.0 ], [ 25.230333, 68.2065, 0.0 ], [ 30.36298, 68.65108, 0.0 ], [ 35.019905, 68.8087, 0.0 ], [ 38.745575, 68.66409, 0.0 ], [ 41.17515, 68.23173, 0.0 ]] 
boundary 1: [[ 42.070618, 60.446594, 0.0 ], [ 41.17509, 59.76834, 0.0 ], [ 38.745605, 59.335854, 0.0 ], [ 35.01989, 59.191254, 0.0 ], [ 30.362959, 59.349045, 0.0 ], [ 25.230345, 59.793434, 0.0 ], [ 20.124744, 60.481033, 0.0 ], [ 15.5457325, 61.344547, 0.0 ], [ 11.941643, 62.299526, 0.0 ], [ 9.665265, 63.252346, 0.0 ], [ 8.939386, 64.109726, 0.0 ], [ 9.835099, 64.78815, 0.0 ], [ 12.264669, 65.22062, 0.0 ], [ 15.990292, 65.36522, 0.0 ], [ 20.64729, 65.20757, 0.0 ], [ 25.779829, 64.76304, 0.0 ], [ 30.88547, 64.075424, 0.0 ], [ 35.464542, 63.21192, 0.0 ], [ 39.068565, 62.256943, 0.0 ], [ 41.345, 61.304043, 0.0 ]] 
boundary 0: [[ 42.058006, 67.66594, 0.0 ], [ 41.335377, 66.80602, 0.0 ], [ 39.06231, 65.84508, 0.0 ], [ 35.46167, 64.87764, 0.0 ], [ 30.88559, 63.99787, 0.0 ], [ 25.782387, 63.292244, 0.0 ], [ 20.651442, 62.83004, 0.0 ], [ 15.995053, 62.655956, 0.0 ], [ 12.268932, 62.787457, 0.0 ], [ 9.837849, 63.2116, 0.0 ], [ 8.939787, 63.886566, 0.0 ], [ 9.662649, 64.746574, 0.0 ], [ 11.935721, 65.70756, 0.0 ], [ 15.536415, 66.674866, 0.0 ], [ 20.112381, 67.55457, 0.0 ], [ 25.215511, 68.26001, 0.0 ], [ 30.346575, 68.72255, 0.0 ], [ 35.002937, 68.896515, 0.0 ], [ 38.729076, 68.764915, 0.0 ], [ 41.160126, 68.34111, 0.0 ]] 
boundary 1: [[ 42.057972, 60.334118, 0.0 ], [ 41.160065, 59.658993, 0.0 ], [ 38.729107, 59.235027, 0.0 ], [ 35.002922, 59.103443, 0.0 ], [ 30.346554, 59.27755, 0.0 ], [ 25.215523, 59.73992, 0.0 ], [ 20.112373, 60.44538, 0.0 ], [ 15.536399, 61.3249, 0.0 ], [ 11.935674, 62.292515, 0.0 ], [ 9.662646, 63.253277, 0.0 ], [ 8.93978, 64.11319, 0.0 ], [ 9.837862, 64.78851, 0.0 ], [ 12.268933, 65.212425, 0.0 ], [ 15.9950285, 65.34401, 0.0 ], [ 20.651445, 65.17008, 0.0 ], [ 25.782402, 64.707535, 0.0 ], [ 30.885609, 64.00206, 0.0 ], [ 35.461624, 63.12255, 0.0 ], [ 39.062286, 62.154938, 0.0 ], [ 41.33537, 61.194096, 0.0 ]] 
boundary 0: [[ 41.928703, 68.66142, 0.0 ], [ 41.23313, 67.77948, 0.0 ], [ 38.99099, 66.74843, 0.0 ], [ 35.422123, 65.669685, 0.0 ], [ 30.875553, 64.648285, 0.0 ], [ 25.796726, 63.78459, 0.0 ], [ 20.682594, 63.163326, 0.0 ], [ 16.03386, 62.844772, 0.0 ], [ 12.305448, 62.860542, 0.0 ], [ 9.86237, 63.20902, 0.0 ], [ 8.943787, 63.855778, 0.0 ], [ 9.639604, 64.737816, 0.0 ], [ 11.881748, 65.76889, 0.0 ], [ 15.45068, 66.84751, 0.0 ], [ 19.997131, 67.86884, 0.0 ], [ 25.075905, 68.73236, 0.0 ], [ 30.190136, 69.35396, 0.0 ], [ 34.838844, 69.67239, 0.0 ], [ 38.567284, 69.65651, 0.0 ], [ 41.01032, 69.3084, 0.0 ]] 
boundary 1: [[ 41.928673, 59.338634, 0.0 ], [ 41.010258, 58.69171, 0.0 ], [ 38.567307, 58.343414, 0.0 ], [ 34.83883, 58.327568, 0.0 ], [ 30.190119, 58.64614, 0.0 ], [ 25.075916, 59.26757, 0.0 ], [ 19.997124, 60.131104, 0.0 ], [ 15.450655, 61.152256, 0.0 ], [ 11.881703, 62.23118, 0.0 ], [ 9.639596, 63.262043, 0.0 ], [ 8.943772, 64.14398, 0.0 ], [ 9.862387, 64.79109, 0.0 ], [ 12.305443, 65.139336, 0.0 ], [ 16.033833, 65.15519, 0.0 ], [ 20.682602, 64.83679, 0.0 ], [ 25.79673, 64.215195, 0.0 ], [ 30.875568, 63.35164, 0.0 ], [ 35.422077, 62.330498, 0.0 ], [ 38.990967, 61.25158, 0.0 ], [ 41.233124, 60.22063, 0.0 ]] 
boundary 0: [[ 41.74186, 69.800804, 0.0 ], [ 41.078224, 68.89458, 0.0 ], [ 38.874313, 67.784134, 0.0 ], [ 35.346252, 66.57865, 0.0 ], [ 30.839045, 65.39557, 0.0 ], [ 25.794296, 64.351105, 0.0 ], [ 20.705608, 63.547646, 0.0 ], [ 16.071213, 63.063316, 0.0 ], [ 12.344618, 62.945965, 0.0 ], [ 9.8906555, 63.20699, 0.0 ], [ 8.949568, 63.82054, 0.0 ], [ 9.61345, 64.72685, 0.0 ], [ 11.817351, 65.837326, 0.0 ], [ 15.345495, 67.04269, 0.0 ], [ 19.852577, 68.22568, 0.0 ], [ 24.897287, 69.26998, 0.0 ], [ 29.986061, 70.073784, 0.0 ], [ 34.620438, 70.55799, 0.0 ], [ 38.34706, 70.67523, 0.0 ], [ 40.800964, 70.41457, 0.0 ]] 
boundary 1: [[ 41.741837, 58.19927, 0.0 ], [ 40.800903, 57.58554, 0.0 ], [ 38.347084, 57.324696, 0.0 ], [ 34.620422, 57.44197, 0.0 ], [ 29.986048, 57.926323, 0.0 ], [ 24.897297, 58.729942, 0.0 ], [ 19.85257, 59.774258, 0.0 ], [ 15.345462, 60.95709, 0.0 ], [ 11.817307, 62.162743, 0.0 ], [ 9.613436, 63.273003, 0.0 ], [ 8.949544, 64.179214, 0.0 ], [ 9.8906765, 64.79312, 0.0 ], [ 12.344608, 65.05392, 0.0 ], [ 16.071186, 64.93664, 0.0 ], [ 20.70562, 64.45247, 0.0 ], [ 25.794296, 63.648685, 0.0 ], [ 30.839058, 62.604343, 0.0 ], [ 35.346214, 61.421524, 0.0 ], [ 38.874294, 60.21588, 0.0 ], [ 41.078224, 59.10553, 0.0 ]] 
boundary 0: [[ 41.41262, 71.38146, 0.0 ], [ 40.795044, 70.443245, 0.0 ], [ 38.649323, 69.22415, 0.0 ], [ 35.18583, 67.844055, 0.0 ], [ 30.743307, 66.43744, 0.0 ], [ 25.756996, 65.142456, 0.0 ], [ 20.71476, 64.08597, 0.0 ], [ 16.110317, 63.37089, 0.0 ], [ 12.394228, 63.06765, 0.0 ], [ 9.930295, 63.205853, 0.0 ], [ 8.959753, 63.771652, 0.0 ], [ 9.577564, 64.709984, 0.0 ], [ 11.723283, 65.92909, 0.0 ], [ 15.186855, 67.30907, 0.0 ], [ 19.629261, 68.715576, 0.0 ], [ 24.61555, 70.01042, 0.0 ], [ 29.657848, 71.06725, 0.0 ], [ 34.262283, 71.7822, 0.0 ], [ 37.97841, 72.08533, 0.0 ], [ 40.442257, 71.947495, 0.0 ]] 
boundary 1: [[ 41.4126, 56.61862, 0.0 ], [ 40.4422, 56.052624, 0.0 ], [ 37.978416, 55.9146, 0.0 ], [ 34.262268, 56.217766, 0.0 ], [ 29.657846, 56.93286, 0.0 ], [ 24.615557, 57.989517, 0.0 ], [ 19.629253, 59.28436, 0.0 ], [ 15.186811, 60.69071, 0.0 ], [ 11.723242, 62.070988, 0.0 ], [ 9.577542, 63.28987, 0.0 ], [ 8.959717, 64.228096, 0.0 ], [ 9.930323, 64.794266, 0.0 ], [ 12.394216, 64.93223, 0.0 ], [ 16.11029, 64.62906, 0.0 ], [ 20.714771, 63.914154, 0.0 ], [ 25.756985, 62.857338, 0.0 ], [ 30.743313, 61.562466, 0.0 ], [ 35.1858, 60.156124, 0.0 ], [ 38.649307, 58.775864, 0.0 ], [ 40.79505, 57.556877, 0.0 ]] 
boundary 0: [[ 40.905407, 73.28237, 0.0 ], [ 40.34603, 72.308334, 0.0 ], [ 38.27843, 70.961, 0.0 ], [ 34.90529, 69.3728, 0.0 ], [ 30.55654, 67.6986, 0.0 ], [ 25.65822, 66.102745, 0.0 ], [ 20.689571, 64.74155, 0.0 ], [ 16.137142, 63.747746, 0.0 ], [ 12.44638, 63.219048, 0.0 ], [ 9.9786005, 63.207138, 0.0 ], [ 8.975444, 63.71286, 0.0 ], [ 9.535041, 64.68703, 0.0 ], [ 11.602641, 66.034386, 0.0 ], [ 14.97587, 67.62245, 0.0 ], [ 19.324512, 69.296555, 0.0 ], [ 24.222813, 70.89227, 0.0 ], [ 29.191502, 72.25383, 0.0 ], [ 33.74393, 73.24748, 0.0 ], [ 37.43474, 73.77606, 0.0 ], [ 39.902405, 73.78834, 0.0 ]] 
boundary 1: [[ 40.905388, 54.71771, 0.0 ], [ 39.90235, 54.211777, 0.0 ], [ 37.434746, 54.223854, 0.0 ], [ 33.743908, 54.752476, 0.0 ], [ 29.191507, 55.74629, 0.0 ], [ 24.222815, 57.107662, 0.0 ], [ 19.324501, 58.703377, 0.0 ], [ 14.975812, 60.37732, 0.0 ], [ 11.602606, 61.9657, 0.0 ], [ 9.535009, 63.312824, 0.0 ], [ 8.975393, 64.286896, 0.0 ], [ 9.978636, 64.792984, 0.0 ], [ 12.446359, 64.78083, 0.0 ], [ 16.137114, 64.25221, 0.0 ], [ 20.689592, 63.25858, 0.0 ], [ 25.658192, 61.897057, 0.0 ], [ 30.556538, 60.301304, 0.0 ], [ 34.905266, 58.627377, 0.0 ], [ 38.278416, 57.039017, 0.0 ], [ 40.34604, 55.69178, 0.0 ]] 
boundary 0: [[ 40.33735, 75.00126, 0.0 ], [ 39.833355, 73.99744, 0.0 ], [ 37.844414, 72.536514, 0.0 ], [ 34.565445, 70.76201, 0.0 ], [ 30.317217, 68.84705, 0.0 ], [ 25.515892, 66.97952, 0.0 ], [ 20.63121, 65.34239, 0.0 ], [ 16.141539, 64.09535, 0.0 ], [ 12.486151, 63.36092, 0.0 ], [ 10.022905, 63.210915, 0.0 ], [ 8.993016, 63.659702, 0.0 ], [ 9.497213, 64.66366, 0.0 ], [ 11.486164, 66.12462, 0.0 ], [ 14.765228, 67.899, 0.0 ], [ 19.013357, 69.81386, 0.0 ], [ 23.814672, 71.68123, 0.0 ], [ 28.699373, 73.318726, 0.0 ], [ 33.18905, 74.56563, 0.0 ], [ 36.84449, 75.29993, 0.0 ], [ 39.307602, 75.450294, 0.0 ]] 
boundary 1: [[ 40.33734, 52.998825, 0.0 ], [ 39.30755, 52.54982, 0.0 ], [ 36.844494, 52.699986, 0.0 ], [ 33.189026, 53.43435, 0.0 ], [ 28.699383, 54.68139, 0.0 ], [ 23.814667, 56.31871, 0.0 ], [ 19.013344, 58.18608, 0.0 ], [ 14.765154, 60.100784, 0.0 ], [ 11.486134, 61.875465, 0.0 ], [ 9.497174, 63.336193, 0.0 ], [ 8.992951, 64.340065, 0.0 ], [ 10.022946, 64.78921, 0.0 ], [ 12.486122, 64.63895, 0.0 ], [ 16.141506, 63.904606, 0.0 ], [ 20.63124, 62.657738, 0.0 ], [ 25.51585, 61.020267, 0.0 ], [ 30.31721, 59.152866, 0.0 ], [ 34.56543, 57.23818, 0.0 ], [ 37.8444, 55.463512, 0.0 ], [ 39.833385, 54.00267, 0.0 ]] 
boundary 0: [[ 39.630974, 76.786026, 0.0 ], [ 39.18743, 75.75406, 0.0 ], [ 37.288685, 74.17769, 0.0 ], [ 34.120785, 72.21174, 0.0 ], [ 29.99368, 70.04807, 0.0 ], [ 25.31163, 67.898926, 0.0 ], [ 20.5327, 65.97482, 0.0 ], [ 16.124939, 64.463585, 0.0 ], [ 12.519575, 63.513527, 0.0 ], [ 10.0695715, 63.217617, 0.0 ], [ 9.014867, 63.60451, 0.0 ], [ 9.458601, 64.636604, 0.0 ], [ 11.357358, 66.21302, 0.0 ], [ 14.525351, 68.178856, 0.0 ], [ 18.652369, 70.342415, 0.0 ], [ 23.334415, 72.491394, 0.0 ], [ 28.113342, 74.41587, 0.0 ], [ 32.52111, 75.92699, 0.0 ], [ 36.12655, 76.87691, 0.0 ], [ 38.576385, 77.173164, 0.0 ]] 
boundary 1: [[ 39.63097, 51.214066, 0.0 ], [ 38.576344, 50.826958, 0.0 ], [ 36.126553, 51.123013, 0.0 ], [ 32.521088, 52.07299, 0.0 ], [ 28.113356, 53.584248, 0.0 ], [ 23.334404, 55.508537, 0.0 ], [ 18.652355, 57.657524, 0.0 ], [ 14.525264, 59.82094, 0.0 ], [ 11.357328, 61.787067, 0.0 ], [ 9.458553, 63.363243, 0.0 ], [ 9.014788, 64.39528, 0.0 ], [ 10.069618, 64.78249, 0.0 ], [ 12.51954, 64.48634, 0.0 ], [ 16.124908, 63.536385, 0.0 ], [ 20.532742, 62.025295, 0.0 ], [ 25.311575, 60.100864, 0.0 ], [ 29.993668, 57.951843, 0.0 ], [ 34.120785, 55.788445, 0.0 ], [ 37.28867, 53.822334, 0.0 ], [ 39.18746, 52.24604, 0.0 ]] 
boundary 0: [[ 36.496155, 82.435, 0.0 ], [ 36.26663, 81.33545, 0.0 ], [ 34.719177, 79.413055, 0.0 ], [ 32.00538, 76.85652, 0.0 ], [ 28.390814, 73.91555, 0.0 ], [ 24.229504, 70.87846, 0.0 ], [ 19.928497, 68.04267, 0.0 ], [ 15.909176, 65.685295, 0.0 ], [ 12.564665, 64.037415, 0.0 ], [ 10.222399, 63.260323, 0.0 ], [ 9.111828, 63.429802, 0.0 ], [ 9.341515, 64.52951, 0.0 ], [ 10.888958, 66.45196, 0.0 ], [ 13.602885, 69.00837, 0.0 ], [ 17.217377, 71.949234, 0.0 ], [ 21.378725, 74.98617, 0.0 ], [ 25.67965, 77.822334, 0.0 ], [ 29.699, 80.17959, 0.0 ], [ 33.043613, 81.82734, 0.0 ], [ 35.38564, 82.604744, 0.0 ]] 
boundary 1: [[ 36.496166, 45.565094, 0.0 ], [ 35.38562, 45.395393, 0.0 ], [ 33.04361, 46.172577, 0.0 ], [ 29.698975, 47.820404, 0.0 ], [ 25.679684, 50.17779, 0.0 ], [ 21.3787, 53.01377, 0.0 ], [ 17.217354, 56.0507, 0.0 ], [ 13.60276, 58.991436, 0.0 ], [ 10.888949, 61.548138, 0.0 ], [ 9.341437, 63.470345, 0.0 ], [ 9.1117115, 64.57001, 0.0 ], [ 10.222465, 64.73977, 0.0 ], [ 12.564604, 63.962475, 0.0 ], [ 15.909138, 62.314693, 0.0 ], [ 19.928564, 59.957455, 0.0 ], [ 24.229404, 57.12134, 0.0 ], [ 28.390785, 54.084373, 0.0 ], [ 32.00541, 51.143646, 0.0 ], [ 34.719177, 48.58698, 0.0 ], [ 36.266685, 46.66465, 0.0 ]] 
boundary 0: [[ 26.231377, 91.92502, 0.0 ], [ 26.48746, 90.83135, 0.0 ], [ 25.896152, 88.4354, 0.0 ], [ 24.51521, 84.97222, 0.0 ], [ 22.479965, 80.780304, 0.0 ], [ 19.989655, 76.270454, 0.0 ], [ 17.287733, 71.88412, 0.0 ], [ 14.639217, 68.050385, 0.0 ], [ 12.302927, 65.1447, 0.0 ], [ 10.507623, 63.451485, 0.0 ], [ 9.429313, 63.136303, 0.0 ], [ 9.173305, 64.23019, 0.0 ], [ 9.764586, 66.626175, 0.0 ], [ 11.145701, 70.0893, 0.0 ], [ 13.180922, 74.28109, 0.0 ], [ 15.6713295, 78.79082, 0.0 ], [ 18.373024, 83.177444, 0.0 ], [ 21.02162, 87.01109, 0.0 ], [ 23.358051, 89.91671, 0.0 ], [ 25.153004, 91.610115, 0.0 ]] 
boundary 1: [[ 26.231432, 36.075066, 0.0 ], [ 25.15305, 36.39003, 0.0 ], [ 23.358013, 38.083218, 0.0 ], [ 21.021593, 40.988914, 0.0 ], [ 18.373104, 44.822636, 0.0 ], [ 15.671278, 49.209137, 0.0 ], [ 13.180871, 53.71886, 0.0 ], [ 11.145506, 57.910576, 0.0 ], [ 9.764616, 61.37391, 0.0 ], [ 9.173175, 63.769714, 0.0 ], [ 9.429125, 64.86356, 0.0 ], [ 10.507724, 64.54858, 0.0 ], [ 12.302828, 62.855236, 0.0 ], [ 14.639175, 59.949627, 0.0 ], [ 17.28785, 56.115974, 0.0 ], [ 19.989485, 51.72941, 0.0 ], [ 22.479908, 47.21964, 0.0 ], [ 24.515305, 43.027916, 0.0 ], [ 25.896172, 39.564636, 0.0 ], [ 26.487556, 37.16873, 0.0 ]] 
