boundary 0: [[ 37.38989, 81.075775, 0.0 ], [ 37.10513, 79.98897, 0.0 ], [ 35.462933, 78.14696, 0.0 ], [ 32.623997, 75.73003, 0.0 ], [ 28.866167, 72.97479, 0.0 ], [ 24.557291, 70.15094, 0.0 ], [ 20.119217, 67.53494, 0.0 ], [ 15.9862995, 65.38269, 0.0 ], [ 12.563168, 63.905075, 0.0 ], [ 10.184847, 63.246674, 0.0 ], [ 9.084172, 63.471844, 0.0 ], [ 9.368851, 64.55874, 0.0 ], [ 11.011073, 66.400734, 0.0 ], [ 13.85004, 68.817665, 0.0 ], [ 17.607868, 71.57288, 0.0 ], [ 21.916727, 74.396774, 0.0 ], [ 26.35483, 77.01279, 0.0 ], [ 30.4877, 79.16495, 0.0 ], [ 33.910896, 80.642555, 0.0 ], [ 36.28913, 81.301025, 0.0 ]] 
boundary 1: [[ 37.389896, 46.92422, 0.0 ], [ 36.28914, 46.698982, 0.0 ], [ 33.91088, 47.35742, 0.0 ], [ 30.4877, 48.835056, 0.0 ], [ 26.35482, 50.98719, 0.0 ], [ 21.916735, 53.60326, 0.0 ], [ 17.60785, 56.427082, 0.0 ], [ 13.850035, 59.182312, 0.0 ], [ 11.011072, 61.599277, 0.0 ], [ 9.36886, 63.441284, 0.0 ], [ 9.084145, 64.52803, 0.0 ], [ 10.184855, 64.75339, 0.0 ], [ 12.563183, 64.09491, 0.0 ], [ 15.986317, 62.617344, 0.0 ], [ 20.119244, 60.46514, 0.0 ], [ 24.557291, 57.849102, 0.0 ], [ 28.866165, 55.025223, 0.0 ], [ 32.62399, 52.269974, 0.0 ], [ 35.462933, 49.85308, 0.0 ], [ 37.105137, 48.01104, 0.0 ]] 
boundary 0: [[ 37.613705, 80.710526, 0.0 ], [ 37.314564, 79.6276, 0.0 ], [ 35.648117, 77.80751, 0.0 ], [ 32.777405, 75.428406, 0.0 ], [ 28.983408, 72.72321, 0.0 ], [ 24.6375, 69.95667, 0.0 ], [ 20.165161, 67.3997, 0.0 ], [ 16.004087, 65.30238, 0.0 ], [ 12.56168, 63.870243, 0.0 ], [ 10.174845, 63.243404, 0.0 ], [ 9.07725, 63.48314, 0.0 ], [ 9.376303, 64.566154, 0.0 ], [ 11.042785, 66.386246, 0.0 ], [ 13.913521, 68.76535, 0.0 ], [ 17.707516, 71.47055, 0.0 ], [ 22.05341, 74.23711, 0.0 ], [ 26.525774, 76.79408, 0.0 ], [ 30.686796, 78.89132, 0.0 ], [ 34.12927, 80.32344, 0.0 ], [ 36.516026, 80.95037, 0.0 ]] 
boundary 1: [[ 37.613712, 47.289467, 0.0 ], [ 36.516033, 47.049637, 0.0 ], [ 34.129253, 47.676537, 0.0 ], [ 30.686794, 49.10869, 0.0 ], [ 26.525766, 51.205875, 0.0 ], [ 22.053417, 53.762924, 0.0 ], [ 17.707497, 56.529415, 0.0 ], [ 13.913515, 59.234615, 0.0 ], [ 11.042784, 61.613766, 0.0 ], [ 9.376311, 63.433853, 0.0 ], [ 9.077223, 64.51673, 0.0 ], [ 10.174852, 64.75666, 0.0 ], [ 12.561695, 64.129745, 0.0 ], [ 16.004103, 62.697655, 0.0 ], [ 20.165188, 60.600388, 0.0 ], [ 24.6375, 58.043373, 0.0 ], [ 28.983404, 55.276817, 0.0 ], [ 32.777397, 52.571594, 0.0 ], [ 35.648117, 50.19252, 0.0 ], [ 37.31457, 48.372406, 0.0 ]] 
boundary 0: [[ 38.410133, 79.31394, 0.0 ], [ 38.057526, 78.247215, 0.0 ], [ 36.302673, 76.512215, 0.0 ], [ 33.317253, 74.278786, 0.0 ], [ 29.393473, 71.76551, 0.0 ], [ 24.915417, 69.218414, 0.0 ], [ 20.321503, 66.8869, 0.0 ], [ 16.061317, 64.99901, 0.0 ], [ 12.551981, 63.739746, 0.0 ], [ 10.136938, 63.232334, 0.0 ], [ 9.052615, 63.526325, 0.0 ], [ 9.405133, 64.59315, 0.0 ], [ 11.160028, 66.32815, 0.0 ], [ 14.145475, 68.561615, 0.0 ], [ 18.069248, 71.074875, 0.0 ], [ 22.54729, 73.62199, 0.0 ], [ 27.141226, 75.95349, 0.0 ], [ 31.40136, 77.8413, 0.0 ], [ 34.910763, 79.10055, 0.0 ], [ 37.32573, 79.60806, 0.0 ]] 
boundary 1: [[ 38.41014, 48.686047, 0.0 ], [ 37.325737, 48.391945, 0.0 ], [ 34.910748, 48.89943, 0.0 ], [ 31.401358, 50.158695, 0.0 ], [ 27.141222, 52.046463, 0.0 ], [ 22.547297, 54.37804, 0.0 ], [ 18.06923, 56.925083, 0.0 ], [ 14.14547, 59.43835, 0.0 ], [ 11.160027, 61.671867, 0.0 ], [ 9.405142, 63.406864, 0.0 ], [ 9.052597, 64.473526, 0.0 ], [ 10.136943, 64.76772, 0.0 ], [ 12.551997, 64.26023, 0.0 ], [ 16.061333, 63.001026, 0.0 ], [ 20.321522, 61.113186, 0.0 ], [ 24.915417, 58.781643, 0.0 ], [ 29.393467, 56.234535, 0.0 ], [ 33.317238, 53.72124, 0.0 ], [ 36.302673, 51.4878, 0.0 ], [ 38.057533, 49.75277, 0.0 ]] 
boundary 0: [[ 39.348, 77.42471, 0.0 ], [ 38.92659, 76.383255, 0.0 ], [ 37.062355, 74.76634, 0.0 ], [ 33.937675, 72.73231, 0.0 ], [ 29.85837, 70.48021, 0.0 ], [ 25.223778, 68.2305, 0.0 ], [ 20.487621, 66.20347, 0.0 ], [ 16.113415, 64.597336, 0.0 ], [ 12.529442, 63.56956, 0.0 ], [ 10.086453, 63.220695, 0.0 ], [ 9.023606, 63.584755, 0.0 ], [ 9.44493, 64.62633, 0.0 ], [ 11.309211, 66.243225, 0.0 ], [ 14.433928, 68.27728, 0.0 ], [ 18.51321, 70.52937, 0.0 ], [ 23.147799, 72.779106, 0.0 ], [ 27.883972, 74.806114, 0.0 ], [ 32.258114, 76.412155, 0.0 ], [ 35.842155, 77.43992, 0.0 ], [ 38.28508, 77.78891, 0.0 ]] 
boundary 1: [[ 39.348007, 50.575283, 0.0 ], [ 38.285088, 50.2111, 0.0 ], [ 35.84214, 50.560047, 0.0 ], [ 32.258114, 51.587833, 0.0 ], [ 27.88397, 53.193825, 0.0 ], [ 23.147799, 55.220924, 0.0 ], [ 18.513195, 57.470585, 0.0 ], [ 14.433922, 59.722687, 0.0 ], [ 11.309208, 61.756798, 0.0 ], [ 9.444938, 63.373688, 0.0 ], [ 9.023596, 64.4151, 0.0 ], [ 10.086455, 64.779366, 0.0 ], [ 12.52946, 64.43042, 0.0 ], [ 16.11343, 63.402687, 0.0 ], [ 20.487637, 61.796623, 0.0 ], [ 25.22377, 59.76956, 0.0 ], [ 29.858364, 57.51983, 0.0 ], [ 33.93766, 55.267708, 0.0 ], [ 37.062355, 53.23367, 0.0 ], [ 38.926598, 51.61674, 0.0 ]] 
boundary 0: [[ 40.081146, 75.68563, 0.0 ], [ 39.599686, 74.670555, 0.0 ], [ 37.644295, 73.16516, 0.0 ], [ 34.406265, 71.3169, 0.0 ], [ 30.202509, 69.30663, 0.0 ], [ 25.444561, 67.33117, 0.0 ], [ 20.598204, 65.58392, 0.0 ], [ 16.13774, 64.23573, 0.0 ], [ 12.499905, 63.41882, 0.0 ], [ 10.040726, 63.213093, 0.0 ], [ 9.00093, 63.638535, 0.0 ], [ 9.4823065, 64.65376, 0.0 ], [ 11.437747, 66.15913, 0.0 ], [ 14.6758175, 68.00742, 0.0 ], [ 18.87955, 70.01766, 0.0 ], [ 23.637505, 71.993164, 0.0 ], [ 28.483871, 73.74039, 0.0 ], [ 32.944267, 75.08847, 0.0 ], [ 36.58216, 75.90537, 0.0 ], [ 39.041283, 76.111244, 0.0 ]] 
boundary 1: [[ 40.081154, 52.314342, 0.0 ], [ 39.04129, 51.88877, 0.0 ], [ 36.582153, 52.094585, 0.0 ], [ 32.944267, 52.91151, 0.0 ], [ 28.483871, 54.25956, 0.0 ], [ 23.6375, 56.006874, 0.0 ], [ 18.879536, 57.9823, 0.0 ], [ 14.675814, 59.99256, 0.0 ], [ 11.437742, 61.840893, 0.0 ], [ 9.482312, 63.34626, 0.0 ], [ 9.000927, 64.36131, 0.0 ], [ 10.040723, 64.786964, 0.0 ], [ 12.499925, 64.58115, 0.0 ], [ 16.137753, 63.764286, 0.0 ], [ 20.59821, 62.41617, 0.0 ], [ 25.44455, 60.66889, 0.0 ], [ 30.202503, 58.69339, 0.0 ], [ 34.40625, 56.68312, 0.0 ], [ 37.644295, 54.834854, 0.0 ], [ 39.599693, 53.329437, 0.0 ]] 
boundary 0: [[ 40.92781, 73.207985, 0.0 ], [ 40.365807, 72.2352, 0.0 ], [ 38.295013, 70.89295, 0.0 ], [ 34.918056, 69.312744, 0.0 ], [ 30.565424, 67.6492, 0.0 ], [ 25.663239, 66.06519, 0.0 ], [ 20.691399, 64.71582, 0.0 ], [ 16.136473, 63.732952, 0.0 ], [ 12.444466, 63.213062, 0.0 ], [ 9.976704, 63.20698, 0.0 ], [ 8.974739, 63.71516, 0.0 ], [ 9.536682, 64.68811, 0.0 ], [ 11.607516, 66.030334, 0.0 ], [ 14.984519, 67.610565, 0.0 ], [ 19.337128, 69.27408, 0.0 ], [ 24.239319, 70.858116, 0.0 ], [ 29.21117, 72.20748, 0.0 ], [ 33.766018, 73.19024, 0.0 ], [ 37.458076, 73.71011, 0.0 ], [ 39.925797, 73.716354, 0.0 ]] 
boundary 1: [[ 40.92782, 54.791992, 0.0 ], [ 39.925804, 54.283676, 0.0 ], [ 37.45807, 54.289837, 0.0 ], [ 33.766018, 54.809742, 0.0 ], [ 29.211174, 55.792473, 0.0 ], [ 24.239315, 57.141922, 0.0 ], [ 19.337112, 58.725895, 0.0 ], [ 14.984515, 60.389427, 0.0 ], [ 11.607509, 61.969704, 0.0 ], [ 9.536686, 63.311905, 0.0 ], [ 8.97475, 64.28469, 0.0 ], [ 9.976694, 64.793076, 0.0 ], [ 12.444487, 64.78691, 0.0 ], [ 16.136482, 64.26708, 0.0 ], [ 20.691397, 63.284283, 0.0 ], [ 25.663223, 61.93486, 0.0 ], [ 30.565418, 60.350815, 0.0 ], [ 34.91804, 58.687263, 0.0 ], [ 38.295013, 57.107063, 0.0 ], [ 40.365814, 55.7648, 0.0 ]] 
boundary 0: [[ 41.167313, 72.359634, 0.0 ], [ 40.578987, 71.40252, 0.0 ], [ 38.47238, 70.11723, 0.0 ], [ 35.053585, 68.62968, 0.0 ], [ 30.65722, 67.085396, 0.0 ], [ 25.713692, 65.63561, 0.0 ], [ 20.706919, 64.42229, 0.0 ], [ 16.126886, 63.56395, 0.0 ], [ 12.422081, 63.1449, 0.0 ], [ 9.9550705, 63.206093, 0.0 ], [ 8.96733, 63.741398, 0.0 ], [ 9.555587, 64.69867, 0.0 ], [ 11.662242, 65.983925, 0.0 ], [ 15.081066, 67.47152, 0.0 ], [ 19.477406, 69.01576, 0.0 ], [ 24.420956, 70.46556, 0.0 ], [ 29.427744, 71.6789, 0.0 ], [ 34.00769, 72.53714, 0.0 ], [ 37.712547, 72.956154, 0.0 ], [ 40.179527, 72.895134, 0.0 ]] 
boundary 1: [[ 41.16732, 55.640347, 0.0 ], [ 40.179535, 55.104904, 0.0 ], [ 37.71254, 55.043785, 0.0 ], [ 34.00769, 55.462852, 0.0 ], [ 29.42775, 56.321045, 0.0 ], [ 24.420952, 57.534466, 0.0 ], [ 19.47739, 58.98421, 0.0 ], [ 15.081062, 60.528465, 0.0 ], [ 11.662233, 62.016098, 0.0 ], [ 9.555591, 63.30135, 0.0 ], [ 8.967346, 64.25845, 0.0 ], [ 9.955058, 64.79397, 0.0 ], [ 12.422103, 64.85507, 0.0 ], [ 16.126896, 64.43608, 0.0 ], [ 20.706911, 63.577824, 0.0 ], [ 25.713676, 62.364433, 0.0 ], [ 30.657215, 60.914608, 0.0 ], [ 35.05357, 59.37034, 0.0 ], [ 38.47238, 57.882782, 0.0 ], [ 40.578995, 56.597473, 0.0 ]] 
boundary 0: [[ 41.310127, 71.806526, 0.0 ], [ 40.70498, 70.85993, 0.0 ], [ 38.575996, 69.612076, 0.0 ], [ 35.131447, 68.18515, 0.0 ], [ 30.7085, 66.71879, 0.0 ], [ 25.740116, 65.35657, 0.0 ], [ 20.712696, 64.23188, 0.0 ], [ 16.118212, 63.454597, 0.0 ], [ 12.406587, 63.101074, 0.0 ], [ 9.94104, 63.205833, 0.0 ], [ 8.962912, 63.758507, 0.0 ], [ 9.567989, 64.70524, 0.0 ], [ 11.6970215, 65.95307, 0.0 ], [ 15.141594, 67.380035, 0.0 ], [ 19.564528, 68.846375, 0.0 ], [ 24.532925, 70.208595, 0.0 ], [ 29.560362, 71.3333, 0.0 ], [ 34.154762, 72.11048, 0.0 ], [ 37.86644, 72.46398, 0.0 ], [ 40.331947, 72.359375, 0.0 ]] 
boundary 1: [[ 41.310135, 56.19347, 0.0 ], [ 40.331955, 55.640656, 0.0 ], [ 37.866432, 55.53596, 0.0 ], [ 34.154762, 55.88951, 0.0 ], [ 29.560368, 56.666645, 0.0 ], [ 24.532917, 57.79143, 0.0 ], [ 19.564512, 59.153606, 0.0 ], [ 15.141591, 60.619953, 0.0 ], [ 11.697012, 62.046955, 0.0 ], [ 9.567993, 63.294785, 0.0 ], [ 8.96293, 64.24135, 0.0 ], [ 9.941027, 64.79423, 0.0 ], [ 12.406608, 64.89892, 0.0 ], [ 16.118223, 64.54543, 0.0 ], [ 20.712685, 63.768223, 0.0 ], [ 25.7401, 62.64348, 0.0 ], [ 30.708492, 61.28122, 0.0 ], [ 35.13143, 59.814857, 0.0 ], [ 38.575996, 58.38794, 0.0 ], [ 40.704987, 57.140053, 0.0 ]] 
boundary 0: [[ 41.248745, 72.04921, 0.0 ], [ 40.650948, 71.09796, 0.0 ], [ 38.531693, 69.83366, 0.0 ], [ 35.098274, 68.380104, 0.0 ], [ 30.686823, 66.87954, 0.0 ], [ 25.729136, 65.478905, 0.0 ], [ 20.710579, 64.315346, 0.0 ], [ 16.122252, 63.502495, 0.0 ], [ 12.413473, 63.120247, 0.0 ], [ 9.947187, 63.205914, 0.0 ], [ 8.96481, 63.75099, 0.0 ], [ 9.562541, 64.70238, 0.0 ], [ 11.6818495, 65.96667, 0.0 ], [ 15.115271, 67.42026, 0.0 ], [ 19.526718, 68.920784, 0.0 ], [ 24.484425, 70.32144, 0.0 ], [ 29.503004, 71.48504, 0.0 ], [ 34.091248, 72.29776, 0.0 ], [ 37.800068, 72.67998, 0.0 ], [ 40.26631, 72.59447, 0.0 ]] 
boundary 1: [[ 41.248753, 55.950783, 0.0 ], [ 40.26632, 55.40556, 0.0 ], [ 37.80006, 55.31996, 0.0 ], [ 34.091248, 55.702244, 0.0 ], [ 29.503008, 56.514915, 0.0 ], [ 24.484417, 57.67859, 0.0 ], [ 19.526703, 59.07918, 0.0 ], [ 15.115267, 60.579735, 0.0 ], [ 11.68184, 62.03336, 0.0 ], [ 9.562545, 63.29763, 0.0 ], [ 8.964828, 64.248825, 0.0 ], [ 9.947174, 64.79415, 0.0 ], [ 12.413494, 64.87974, 0.0 ], [ 16.122265, 64.49754, 0.0 ], [ 20.710567, 63.684776, 0.0 ], [ 25.72912, 62.52115, 0.0 ], [ 30.686815, 61.120457, 0.0 ], [ 35.09826, 59.619904, 0.0 ], [ 38.531693, 58.16636, 0.0 ], [ 40.650955, 56.902023, 0.0 ]] 
boundary 0: [[ 41.23365, 72.10766, 0.0 ], [ 40.63762, 71.1553, 0.0 ], [ 38.520737, 69.88704, 0.0 ], [ 35.090042, 68.42707, 0.0 ], [ 30.681408, 66.91828, 0.0 ], [ 25.726343, 65.5084, 0.0 ], [ 20.709972, 64.335495, 0.0 ], [ 16.123163, 63.51405, 0.0 ], [ 12.415112, 63.12489, 0.0 ], [ 9.94867, 63.20595, 0.0 ], [ 8.965277, 63.749176, 0.0 ], [ 9.56123, 64.7017, 0.0 ], [ 11.678175, 65.96991, 0.0 ], [ 15.108875, 67.429924, 0.0 ], [ 19.517513, 68.93869, 0.0 ], [ 24.47259, 70.3486, 0.0 ], [ 29.488995, 71.52156, 0.0 ], [ 34.0757, 72.34285, 0.0 ], [ 37.7838, 72.73199, 0.0 ], [ 40.2502, 72.65109, 0.0 ]] 
boundary 1: [[ 41.233658, 55.892326, 0.0 ], [ 40.250206, 55.348946, 0.0 ], [ 37.78379, 55.267956, 0.0 ], [ 34.0757, 55.65715, 0.0 ], [ 29.488998, 56.478394, 0.0 ], [ 24.472584, 57.651436, 0.0 ], [ 19.517498, 59.061275, 0.0 ], [ 15.108871, 60.57007, 0.0 ], [ 11.678165, 62.030098, 0.0 ], [ 9.5612335, 63.298313, 0.0 ], [ 8.965294, 64.2506, 0.0 ], [ 9.948658, 64.79414, 0.0 ], [ 12.4151325, 64.87513, 0.0 ], [ 16.123178, 64.48601, 0.0 ], [ 20.70996, 63.664658, 0.0 ], [ 25.726326, 62.491665, 0.0 ], [ 30.6814, 61.081715, 0.0 ], [ 35.090027, 59.57293, 0.0 ], [ 38.520737, 58.112976, 0.0 ], [ 40.637627, 56.844692, 0.0 ]] 
boundary 0: [[ 40.761898, 73.74902, 0.0 ], [ 40.216988, 72.76652, 0.0 ], [ 38.17002, 71.38825, 0.0 ], [ 34.821205, 69.74917, 0.0 ], [ 30.498379, 68.00972, 0.0 ], [ 25.624668, 66.340164, 0.0 ], [ 20.677221, 64.904045, 0.0 ], [ 16.140186, 63.841557, 0.0 ], [ 12.457856, 63.257153, 0.0 ], [ 9.990575, 63.207867, 0.0 ], [ 8.979871, 63.69841, 0.0 ], [ 9.524697, 64.68109, 0.0 ], [ 11.571729, 66.05929, 0.0 ], [ 14.920557, 67.6984, 0.0 ], [ 19.243382, 69.43785, 0.0 ], [ 24.1171, 71.107414, 0.0 ], [ 29.064575, 72.54362, 0.0 ], [ 33.601517, 73.60594, 0.0 ], [ 37.2839, 74.190315, 0.0 ], [ 39.75112, 74.23976, 0.0 ]] 
boundary 1: [[ 40.761906, 54.25096, 0.0 ], [ 39.75113, 53.760265, 0.0 ], [ 37.283894, 53.80962, 0.0 ], [ 33.601517, 54.39406, 0.0 ], [ 29.064573, 55.45633, 0.0 ], [ 24.1171, 56.892612, 0.0 ], [ 19.243364, 58.562115, 0.0 ], [ 14.920551, 60.301582, 0.0 ], [ 11.571719, 61.94072, 0.0 ], [ 9.524702, 63.318947, 0.0 ], [ 8.9798765, 64.30136, 0.0 ], [ 9.990566, 64.79222, 0.0 ], [ 12.457878, 64.742874, 0.0 ], [ 16.140205, 64.1585, 0.0 ], [ 20.67722, 63.09612, 0.0 ], [ 25.624653, 61.65989, 0.0 ], [ 30.498371, 59.99028, 0.0 ], [ 34.82119, 58.250824, 0.0 ], [ 38.17002, 56.61176, 0.0 ], [ 40.216988, 55.233475, 0.0 ]] 
boundary 0: [[ 40.628513, 74.16115, 0.0 ], [ 40.096832, 73.171425, 0.0 ], [ 38.068512, 71.76587, 0.0 ], [ 34.74196, 70.08207, 0.0 ], [ 30.442812, 68.28487, 0.0 ], [ 25.591908, 66.55016, 0.0 ], [ 20.664146, 65.04789, 0.0 ], [ 16.141752, 63.924732, 0.0 ], [ 12.467581, 63.29104, 0.0 ], [ 10.001182, 63.208706, 0.0 ], [ 8.983996, 63.68566, 0.0 ], [ 9.51561, 64.67555, 0.0 ], [ 11.543994, 66.08105, 0.0 ], [ 14.8705635, 67.76488, 0.0 ], [ 19.169695, 69.56209, 0.0 ], [ 24.02061, 71.29679, 0.0 ], [ 28.948402, 72.79913, 0.0 ], [ 33.47071, 73.92216, 0.0 ], [ 37.144936, 74.5558, 0.0 ], [ 39.611263, 74.6383, 0.0 ]] 
boundary 1: [[ 40.62852, 53.83883, 0.0 ], [ 39.611275, 53.361732, 0.0 ], [ 37.144928, 53.444126, 0.0 ], [ 33.47071, 54.077843, 0.0 ], [ 28.9484, 55.200806, 0.0 ], [ 24.02061, 56.70324, 0.0 ], [ 19.16968, 58.43788, 0.0 ], [ 14.870558, 60.2351, 0.0 ], [ 11.543985, 61.918957, 0.0 ], [ 9.515615, 63.324486, 0.0 ], [ 8.983999, 64.31412, 0.0 ], [ 10.001175, 64.79139, 0.0 ], [ 12.467602, 64.70899, 0.0 ], [ 16.141771, 64.075325, 0.0 ], [ 20.664145, 62.952267, 0.0 ], [ 25.591892, 61.44989, 0.0 ], [ 30.442804, 59.715137, 0.0 ], [ 34.741943, 57.917927, 0.0 ], [ 38.068512, 56.234146, 0.0 ], [ 40.096832, 54.828564, 0.0 ]] 
boundary 0: [[ 40.30191, 75.0992, 0.0 ], [ 39.80088, 74.09361, 0.0 ], [ 37.8167, 72.6264, 0.0 ], [ 34.543434, 70.84123, 0.0 ], [ 30.301523, 68.91282, 0.0 ], [ 25.506186, 67.02994, 0.0 ], [ 20.626905, 65.37699, 0.0 ], [ 16.141129, 64.11547, 0.0 ], [ 12.488164, 63.369213, 0.0 ], [ 10.025455, 63.211166, 0.0 ], [ 8.994101, 63.656647, 0.0 ], [ 9.495056, 64.66241, 0.0 ], [ 11.479312, 66.12956, 0.0 ], [ 14.75259, 67.91475, 0.0 ], [ 18.994492, 69.84317, 0.0 ], [ 23.789833, 71.72605, 0.0 ], [ 28.669153, 73.37905, 0.0 ], [ 33.154823, 74.64045, 0.0 ], [ 36.807846, 75.38666, 0.0 ], [ 39.270493, 75.54486, 0.0 ]] 
boundary 1: [[ 40.301914, 52.900787, 0.0 ], [ 39.270508, 52.45517, 0.0 ], [ 36.80784, 52.613274, 0.0 ], [ 33.154823, 53.35955, 0.0 ], [ 28.66915, 54.620888, 0.0 ], [ 23.789833, 56.27398, 0.0 ], [ 18.994476, 58.156803, 0.0 ], [ 14.752584, 60.085224, 0.0 ], [ 11.479303, 61.87047, 0.0 ], [ 9.495062, 63.337635, 0.0 ], [ 8.994097, 64.34313, 0.0 ], [ 10.025452, 64.788925, 0.0 ], [ 12.488185, 64.63081, 0.0 ], [ 16.141151, 63.88459, 0.0 ], [ 20.626904, 62.62315, 0.0 ], [ 25.50617, 60.97013, 0.0 ], [ 30.301517, 59.08719, 0.0 ], [ 34.54342, 57.15877, 0.0 ], [ 37.8167, 55.3736, 0.0 ], [ 39.80088, 53.90638, 0.0 ]] 
boundary 0: [[ 39.5269, 77.02548, 0.0 ], [ 39.091442, 75.989815, 0.0 ], [ 37.20552, 74.39828, 0.0 ], [ 34.053593, 72.40669, 0.0 ], [ 29.944197, 70.21, 0.0 ], [ 25.279604, 68.02321, 0.0 ], [ 20.516472, 66.0605, 0.0 ], [ 16.120913, 64.51367, 0.0 ], [ 12.52338, 63.534492, 0.0 ], [ 10.075894, 63.2187, 0.0 ], [ 9.018074, 63.597073, 0.0 ], [ 9.4534445, 64.63291, 0.0 ], [ 11.33944, 66.224396, 0.0 ], [ 14.491388, 68.215996, 0.0 ], [ 18.60077, 70.4127, 0.0 ], [ 23.265373, 72.59949, 0.0 ], [ 28.028536, 74.562256, 0.0 ], [ 32.423992, 76.10896, 0.0 ], [ 36.021584, 77.08809, 0.0 ], [ 38.46899, 77.404015, 0.0 ]] 
boundary 1: [[ 39.5269, 50.974506, 0.0 ], [ 38.46902, 50.596, 0.0 ], [ 36.021576, 50.91185, 0.0 ], [ 32.423992, 51.89105, 0.0 ], [ 28.02853, 53.43769, 0.0 ], [ 23.265373, 55.40055, 0.0 ], [ 18.600756, 57.58727, 0.0 ], [ 14.49138, 59.78398, 0.0 ], [ 11.339434, 61.775635, 0.0 ], [ 9.453452, 63.36713, 0.0 ], [ 9.018058, 64.40272, 0.0 ], [ 10.075899, 64.78139, 0.0 ], [ 12.523403, 64.46553, 0.0 ], [ 16.120947, 63.486393, 0.0 ], [ 20.516481, 61.939625, 0.0 ], [ 25.279589, 59.97685, 0.0 ], [ 29.944191, 57.79001, 0.0 ], [ 34.053577, 55.593307, 0.0 ], [ 37.20552, 53.601734, 0.0 ], [ 39.091442, 52.01019, 0.0 ]] 
boundary 0: [[ 39.026413, 78.108, 0.0 ], [ 38.629448, 77.05698, 0.0 ], [ 36.803497, 75.39696, 0.0 ], [ 33.72716, 73.29051, 0.0 ], [ 29.701572, 70.94375, 0.0 ], [ 25.120796, 68.586426, 0.0 ], [ 20.433283, 66.449394, 0.0 ], [ 16.097757, 64.741516, 0.0 ], [ 12.538782, 63.630325, 0.0 ], [ 10.104611, 63.22449, 0.0 ], [ 9.033556, 63.56359, 0.0 ], [ 9.43043, 64.61478, 0.0 ], [ 11.256451, 66.27474, 0.0 ], [ 14.332808, 68.381226, 0.0 ], [ 18.358383, 70.72798, 0.0 ], [ 22.939167, 73.08531, 0.0 ], [ 27.626707, 75.22241, 0.0 ], [ 31.962135, 76.93015, 0.0 ], [ 35.52117, 78.04128, 0.0 ], [ 37.95526, 78.44725, 0.0 ]] 
boundary 1: [[ 39.026413, 49.891994, 0.0 ], [ 37.95529, 49.552757, 0.0 ], [ 35.521156, 49.958656, 0.0 ], [ 31.962135, 51.06986, 0.0 ], [ 27.6267, 52.777546, 0.0 ], [ 22.93917, 54.914734, 0.0 ], [ 18.358368, 57.271988, 0.0 ], [ 14.3328, 59.61875, 0.0 ], [ 11.256445, 61.725296, 0.0 ], [ 9.430441, 63.385258, 0.0 ], [ 9.033532, 64.436195, 0.0 ], [ 10.104619, 64.775604, 0.0 ], [ 12.538805, 64.36969, 0.0 ], [ 16.097794, 63.258553, 0.0 ], [ 20.433304, 61.550735, 0.0 ], [ 25.12078, 59.413635, 0.0 ], [ 29.701567, 57.056263, 0.0 ], [ 33.727146, 54.7095, 0.0 ], [ 36.803497, 52.603043, 0.0 ], [ 38.629448, 50.94303, 0.0 ]] 
boundary 0: [[ 38.759003, 78.6466, 0.0 ], [ 38.38166, 77.58838, 0.0 ], [ 36.586903, 75.89468, 0.0 ], [ 33.550262, 73.731384, 0.0 ], [ 29.569025, 71.31017, 0.0 ], [ 25.032879, 68.868065, 0.0 ], [ 20.385918, 66.64424, 0.0 ], [ 16.082901, 64.856026, 0.0 ], [ 12.545206, 63.678844, 0.0 ], [ 10.119004, 63.22781, 0.0 ], [ 9.041828, 63.546932, 0.0 ], [ 9.419085, 64.60532, 0.0 ], [ 11.213919, 66.29895, 0.0 ], [ 14.250567, 68.46228, 0.0 ], [ 18.231808, 70.88351, 0.0 ], [ 22.767956, 73.32561, 0.0 ], [ 27.414944, 75.54952, 0.0 ], [ 31.717857, 77.337585, 0.0 ], [ 35.25562, 78.51472, 0.0 ], [ 37.68174, 78.96588, 0.0 ]] 
boundary 1: [[ 38.759003, 49.3534, 0.0 ], [ 37.68177, 49.03414, 0.0 ], [ 35.255604, 49.485233, 0.0 ], [ 31.717857, 50.662426, 0.0 ], [ 27.414936, 52.450455, 0.0 ], [ 22.76796, 54.67444, 0.0 ], [ 18.231792, 57.11647, 0.0 ], [ 14.25056, 59.537697, 0.0 ], [ 11.213913, 61.701088, 0.0 ], [ 9.419095, 63.39472, 0.0 ], [ 9.0418005, 64.45286, 0.0 ], [ 10.119013, 64.772285, 0.0 ], [ 12.545229, 64.321175, 0.0 ], [ 16.082941, 63.144047, 0.0 ], [ 20.385939, 61.355892, 0.0 ], [ 25.032864, 59.13199, 0.0 ], [ 29.56902, 56.68984, 0.0 ], [ 33.550247, 54.26862, 0.0 ], [ 36.586903, 52.105305, 0.0 ], [ 38.38166, 50.41163, 0.0 ]] 
boundary 0: [[ 38.053185, 79.95982, 0.0 ], [ 37.72502, 78.88533, 0.0 ], [ 36.010254, 77.1107, 0.0 ], [ 33.07656, 74.80972, 0.0 ], [ 29.211164, 72.20756, 0.0 ], [ 24.79242, 69.55895, 0.0 ], [ 20.252916, 67.12327, 0.0 ], [ 16.0369, 65.1386, 0.0 ], [ 12.557236, 63.799587, 0.0 ], [ 10.154404, 63.23719, 0.0 ], [ 9.063661, 63.506317, 0.0 ], [ 9.391727, 64.58098, 0.0 ], [ 11.106581, 66.35555, 0.0 ], [ 14.040276, 68.65655, 0.0 ], [ 17.905668, 71.25872, 0.0 ], [ 22.324425, 73.90734, 0.0 ], [ 26.863953, 76.3431, 0.0 ], [ 31.079866, 78.32763, 0.0 ], [ 34.55961, 79.666565, 0.0 ], [ 36.962337, 80.229095, 0.0 ]] 
boundary 1: [[ 38.053185, 48.04018, 0.0 ], [ 36.962376, 47.770916, 0.0 ], [ 34.559586, 48.333363, 0.0 ], [ 31.079868, 49.672394, 0.0 ], [ 26.863943, 51.65688, 0.0 ], [ 22.324432, 54.092712, 0.0 ], [ 17.905653, 56.741245, 0.0 ], [ 14.040266, 59.343422, 0.0 ], [ 11.106577, 61.644505, 0.0 ], [ 9.39174, 63.41907, 0.0 ], [ 9.063623, 64.49347, 0.0 ], [ 10.154414, 64.76291, 0.0 ], [ 12.557259, 64.200424, 0.0 ], [ 16.036945, 62.86147, 0.0 ], [ 20.252941, 60.87687, 0.0 ], [ 24.792404, 58.44111, 0.0 ], [ 29.211159, 55.792458, 0.0 ], [ 33.076546, 53.19029, 0.0 ], [ 36.010246, 50.88929, 0.0 ], [ 37.72502, 49.114674, 0.0 ]] 
boundary 0: [[ 37.57039, 80.781975, 0.0 ], [ 37.27405, 79.698296, 0.0 ], [ 35.612343, 77.87388, 0.0 ], [ 32.747772, 75.4874, 0.0 ], [ 28.960785, 72.77239, 0.0 ], [ 24.622055, 69.99466, 0.0 ], [ 20.156342, 67.42619, 0.0 ], [ 16.000675, 65.31807, 0.0 ], [ 12.562004, 63.87704, 0.0 ], [ 10.176799, 63.24404, 0.0 ], [ 9.078596, 63.48089, 0.0 ], [ 9.374833, 64.56475, 0.0 ], [ 11.036618, 66.38912, 0.0 ], [ 13.901192, 68.77562, 0.0 ], [ 17.688179, 71.490616, 0.0 ], [ 22.02692, 74.26839, 0.0 ], [ 26.492659, 76.836914, 0.0 ], [ 30.648226, 78.944885, 0.0 ], [ 34.086975, 80.38586, 0.0 ], [ 36.472084, 81.01899, 0.0 ]] 
boundary 1: [[ 37.57039, 47.218018, 0.0 ], [ 36.472122, 46.981026, 0.0 ], [ 34.086952, 47.614082, 0.0 ], [ 30.648228, 49.05513, 0.0 ], [ 26.492647, 51.163048, 0.0 ], [ 22.026932, 53.731667, 0.0 ], [ 17.688164, 56.50934, 0.0 ], [ 13.901182, 59.224354, 0.0 ], [ 11.036614, 61.610935, 0.0 ], [ 9.374846, 63.43529, 0.0 ], [ 9.07855, 64.51889, 0.0 ], [ 10.176812, 64.756065, 0.0 ], [ 12.562027, 64.12297, 0.0 ], [ 16.000721, 62.682003, 0.0 ], [ 20.156366, 60.57396, 0.0 ], [ 24.62204, 58.005405, 0.0 ], [ 28.96078, 55.227623, 0.0 ], [ 32.747757, 52.512615, 0.0 ], [ 35.612335, 50.12612, 0.0 ], [ 37.27405, 48.30172, 0.0 ]] 
boundary 0: [[ 37.290833, 81.23391, 0.0 ], [ 37.01235, 80.145515, 0.0 ], [ 35.380856, 78.29405, 0.0 ], [ 32.555893, 75.8608, 0.0 ], [ 28.814032, 73.08393, 0.0 ], [ 24.521545, 70.23527, 0.0 ], [ 20.098648, 67.59375, 0.0 ], [ 15.978193, 65.41761, 0.0 ], [ 12.563669, 63.920258, 0.0 ], [ 10.189192, 63.248146, 0.0 ], [ 9.087243, 63.466915, 0.0 ], [ 9.365626, 64.5555, 0.0 ], [ 10.997204, 66.40693, 0.0 ], [ 13.822167, 68.840195, 0.0 ], [ 17.564022, 71.61706, 0.0 ], [ 21.856525, 74.46576, 0.0 ], [ 26.279448, 77.107315, 0.0 ], [ 30.399809, 79.28331, 0.0 ], [ 33.814415, 80.78061, 0.0 ], [ 36.18879, 81.45284, 0.0 ]] 
boundary 1: [[ 37.290833, 46.766068, 0.0 ], [ 36.188828, 46.54715, 0.0 ], [ 33.814384, 47.219337, 0.0 ], [ 30.39981, 48.716705, 0.0 ], [ 26.279436, 50.89262, 0.0 ], [ 21.856537, 53.534294, 0.0 ], [ 17.564005, 56.382904, 0.0 ], [ 13.822157, 59.159782, 0.0 ], [ 10.9972, 61.59313, 0.0 ], [ 9.365641, 63.444546, 0.0 ], [ 9.0871935, 64.53286, 0.0 ], [ 10.189205, 64.75197, 0.0 ], [ 12.563692, 64.07975, 0.0 ], [ 15.978239, 62.582462, 0.0 ], [ 20.098675, 60.406403, 0.0 ], [ 24.521534, 57.764805, 0.0 ], [ 28.814028, 54.916092, 0.0 ], [ 32.555878, 52.13921, 0.0 ], [ 35.380848, 49.70596, 0.0 ], [ 37.01235, 47.854492, 0.0 ]] 
boundary 0: [[ 37.37397, 81.10126, 0.0 ], [ 37.09021, 80.01421, 0.0 ], [ 35.449776, 78.17068, 0.0 ], [ 32.613068, 75.75114, 0.0 ], [ 28.857801, 72.99242, 0.0 ], [ 24.551567, 70.16456, 0.0 ], [ 20.11593, 67.54449, 0.0 ], [ 15.984985, 65.38832, 0.0 ], [ 12.563253, 63.90752, 0.0 ], [ 10.185549, 63.24691, 0.0 ], [ 9.084671, 63.471016, 0.0 ], [ 9.368322, 64.55824, 0.0 ], [ 11.008845, 66.40175, 0.0 ], [ 13.845558, 68.82131, 0.0 ], [ 17.600819, 71.58002, 0.0 ], [ 21.907066, 74.40791, 0.0 ], [ 26.342726, 77.02802, 0.0 ], [ 30.47358, 79.18404, 0.0 ], [ 33.895393, 80.664795, 0.0 ], [ 36.272972, 81.325516, 0.0 ]] 
boundary 1: [[ 37.37397, 46.898724, 0.0 ], [ 36.27301, 46.674477, 0.0 ], [ 33.89537, 47.33516, 0.0 ], [ 30.473581, 48.81598, 0.0 ], [ 26.342714, 50.971928, 0.0 ], [ 21.907078, 53.592144, 0.0 ], [ 17.6008, 56.41994, 0.0 ], [ 13.845549, 59.178665, 0.0 ], [ 11.0088415, 61.598305, 0.0 ], [ 9.368337, 63.4418, 0.0 ], [ 9.084623, 64.52874, 0.0 ], [ 10.185561, 64.753204, 0.0 ], [ 12.563276, 64.09245, 0.0 ], [ 15.985031, 62.611748, 0.0 ], [ 20.115957, 60.455666, 0.0 ], [ 24.551556, 57.835518, 0.0 ], [ 28.857798, 55.00762, 0.0 ], [ 32.613052, 52.24888, 0.0 ], [ 35.449768, 49.82934, 0.0 ], [ 37.09021, 47.985794, 0.0 ]] 
boundary 0: [[ 37.390034, 81.075455, 0.0 ], [ 37.10525, 79.98868, 0.0 ], [ 35.463085, 78.14668, 0.0 ], [ 32.624104, 75.72981, 0.0 ], [ 28.866247, 72.974625, 0.0 ], [ 24.557356, 70.15082, 0.0 ], [ 20.119259, 67.53491, 0.0 ], [ 15.986288, 65.38263, 0.0 ], [ 12.563166, 63.90505, 0.0 ], [ 10.184841, 63.246674, 0.0 ], [ 9.084174, 63.471813, 0.0 ], [ 9.368847, 64.55878, 0.0 ], [ 11.011103, 66.400734, 0.0 ], [ 13.850088, 68.817635, 0.0 ], [ 17.60794, 71.57281, 0.0 ], [ 21.916845, 74.39665, 0.0 ], [ 26.354965, 77.01259, 0.0 ], [ 30.487844, 79.16472, 0.0 ], [ 33.91105, 80.642265, 0.0 ], [ 36.289246, 81.30075, 0.0 ]] 
boundary 1: [[ 37.390034, 46.924526, 0.0 ], [ 36.289284, 46.69924, 0.0 ], [ 33.911026, 47.35769, 0.0 ], [ 30.487846, 48.835293, 0.0 ], [ 26.354954, 50.98736, 0.0 ], [ 21.916857, 53.603405, 0.0 ], [ 17.607922, 56.42715, 0.0 ], [ 13.850079, 59.182343, 0.0 ], [ 11.011099, 61.599316, 0.0 ], [ 9.368861, 63.44127, 0.0 ], [ 9.084126, 64.52794, 0.0 ], [ 10.184853, 64.75344, 0.0 ], [ 12.563189, 64.094925, 0.0 ], [ 15.986334, 62.617435, 0.0 ], [ 20.119286, 60.46524, 0.0 ], [ 24.557344, 57.849262, 0.0 ], [ 28.866243, 55.025414, 0.0 ], [ 32.62409, 52.270203, 0.0 ], [ 35.463078, 49.853333, 0.0 ], [ 37.10525, 48.01133, 0.0 ]] 
boundary 0: [[ 37.613842, 80.710205, 0.0 ], [ 37.314686, 79.62731, 0.0 ], [ 35.648262, 77.807236, 0.0 ], [ 32.77751, 75.42819, 0.0 ], [ 28.983484, 72.723045, 0.0 ], [ 24.637566, 69.95655, 0.0 ], [ 20.165203, 67.399666, 0.0 ], [ 16.004074, 65.30232, 0.0 ], [ 12.561678, 63.870216, 0.0 ], [ 10.174839, 63.243404, 0.0 ], [ 9.077251, 63.48311, 0.0 ], [ 9.3763, 64.56619, 0.0 ], [ 11.042814, 66.386246, 0.0 ], [ 13.913567, 68.76532, 0.0 ], [ 17.707588, 71.470474, 0.0 ], [ 22.053524, 74.236984, 0.0 ], [ 26.525908, 76.793884, 0.0 ], [ 30.686937, 78.89109, 0.0 ], [ 34.129417, 80.32315, 0.0 ], [ 36.516136, 80.950096, 0.0 ]] 
boundary 1: [[ 37.613842, 47.289772, 0.0 ], [ 36.516174, 47.049896, 0.0 ], [ 34.129395, 47.676804, 0.0 ], [ 30.68694, 49.108925, 0.0 ], [ 26.525896, 51.206047, 0.0 ], [ 22.053535, 53.76307, 0.0 ], [ 17.70757, 56.529484, 0.0 ], [ 13.913559, 59.234646, 0.0 ], [ 11.04281, 61.613804, 0.0 ], [ 9.376314, 63.433838, 0.0 ], [ 9.077208, 64.51663, 0.0 ], [ 10.1748495, 64.756714, 0.0 ], [ 12.561701, 64.12976, 0.0 ], [ 16.00412, 62.697746, 0.0 ], [ 20.165226, 60.600487, 0.0 ], [ 24.637554, 58.043533, 0.0 ], [ 28.98348, 55.277016, 0.0 ], [ 32.777496, 52.571823, 0.0 ], [ 35.648254, 50.192772, 0.0 ], [ 37.314686, 48.372696, 0.0 ]] 
boundary 0: [[ 38.410248, 79.31362, 0.0 ], [ 38.057632, 78.246925, 0.0 ], [ 36.302807, 76.51193, 0.0 ], [ 33.317352, 74.278534, 0.0 ], [ 29.393536, 71.76534, 0.0 ], [ 24.915478, 69.218285, 0.0 ], [ 20.321545, 66.88687, 0.0 ], [ 16.061306, 64.99895, 0.0 ], [ 12.551978, 63.73972, 0.0 ], [ 10.136932, 63.232334, 0.0 ], [ 9.052616, 63.526295, 0.0 ], [ 9.405131, 64.593185, 0.0 ], [ 11.160057, 66.32815, 0.0 ], [ 14.145518, 68.56158, 0.0 ], [ 18.069317, 71.0748, 0.0 ], [ 22.547398, 73.621864, 0.0 ], [ 27.141352, 75.95329, 0.0 ], [ 31.401485, 77.84107, 0.0 ], [ 34.910896, 79.10025, 0.0 ], [ 37.325836, 79.60777, 0.0 ]] 
boundary 1: [[ 38.410248, 48.68636, 0.0 ], [ 37.32588, 48.392212, 0.0 ], [ 34.91088, 48.899708, 0.0 ], [ 31.401487, 50.15893, 0.0 ], [ 27.141344, 52.04664, 0.0 ], [ 22.54741, 54.37819, 0.0 ], [ 18.069298, 56.92515, 0.0 ], [ 14.145514, 59.43839, 0.0 ], [ 11.160051, 61.671906, 0.0 ], [ 9.405145, 63.40685, 0.0 ], [ 9.052584, 64.47343, 0.0 ], [ 10.136937, 64.76778, 0.0 ], [ 12.552002, 64.26025, 0.0 ], [ 16.061346, 63.001118, 0.0 ], [ 20.32156, 61.113285, 0.0 ], [ 24.915459, 58.781807, 0.0 ], [ 29.393528, 56.234734, 0.0 ], [ 33.317337, 53.721474, 0.0 ], [ 36.3028, 51.48806, 0.0 ], [ 38.057632, 49.75307, 0.0 ]] 
boundary 0: [[ 39.348083, 77.424385, 0.0 ], [ 38.92668, 76.38295, 0.0 ], [ 37.06246, 74.76606, 0.0 ], [ 33.93775, 72.732056, 0.0 ], [ 29.858425, 70.480034, 0.0 ], [ 25.223827, 68.23038, 0.0 ], [ 20.487663, 66.20344, 0.0 ], [ 16.113401, 64.597275, 0.0 ], [ 12.529438, 63.569534, 0.0 ], [ 10.086448, 63.220695, 0.0 ], [ 9.023604, 63.584724, 0.0 ], [ 9.444929, 64.626366, 0.0 ], [ 11.309239, 66.243225, 0.0 ], [ 14.433966, 68.27724, 0.0 ], [ 18.513275, 70.5293, 0.0 ], [ 23.147896, 72.778984, 0.0 ], [ 27.88408, 74.805916, 0.0 ], [ 32.258224, 76.41191, 0.0 ], [ 35.84227, 77.43962, 0.0 ], [ 38.285164, 77.788605, 0.0 ]] 
boundary 1: [[ 39.348083, 50.575596, 0.0 ], [ 38.28521, 50.21138, 0.0 ], [ 35.842255, 50.560333, 0.0 ], [ 32.25823, 51.588078, 0.0 ], [ 27.884079, 53.194016, 0.0 ], [ 23.1479, 55.22108, 0.0 ], [ 18.513258, 57.470657, 0.0 ], [ 14.433964, 59.722725, 0.0 ], [ 11.309232, 61.756836, 0.0 ], [ 9.4449415, 63.373672, 0.0 ], [ 9.023591, 64.41499, 0.0 ], [ 10.086446, 64.77942, 0.0 ], [ 12.529464, 64.430435, 0.0 ], [ 16.113434, 63.40278, 0.0 ], [ 20.48767, 61.796726, 0.0 ], [ 25.223806, 59.769733, 0.0 ], [ 29.858414, 57.520035, 0.0 ], [ 33.937737, 55.267952, 0.0 ], [ 37.062454, 53.233936, 0.0 ], [ 38.92668, 51.617058, 0.0 ]] 
boundary 0: [[ 40.081215, 75.6853, 0.0 ], [ 39.59977, 74.67025, 0.0 ], [ 37.644386, 73.16487, 0.0 ], [ 34.406326, 71.31666, 0.0 ], [ 30.202555, 69.30646, 0.0 ], [ 25.4446, 67.33105, 0.0 ], [ 20.598244, 65.583885, 0.0 ], [ 16.137722, 64.23567, 0.0 ], [ 12.499899, 63.418793, 0.0 ], [ 10.04072, 63.213093, 0.0 ], [ 9.000925, 63.638504, 0.0 ], [ 9.482306, 64.6538, 0.0 ], [ 11.437776, 66.15913, 0.0 ], [ 14.675854, 68.00738, 0.0 ], [ 18.879608, 70.01758, 0.0 ], [ 23.637592, 71.99303, 0.0 ], [ 28.483973, 73.740166, 0.0 ], [ 32.944363, 75.08822, 0.0 ], [ 36.582268, 75.90506, 0.0 ], [ 39.04136, 76.11093, 0.0 ]] 
boundary 1: [[ 40.081226, 52.31466, 0.0 ], [ 39.041405, 51.889057, 0.0 ], [ 36.582253, 52.094887, 0.0 ], [ 32.944363, 52.911766, 0.0 ], [ 28.483973, 54.25976, 0.0 ], [ 23.637592, 56.007034, 0.0 ], [ 18.879597, 57.98238, 0.0 ], [ 14.675854, 59.9926, 0.0 ], [ 11.437765, 61.84093, 0.0 ], [ 9.482317, 63.346245, 0.0 ], [ 9.000928, 64.361206, 0.0 ], [ 10.04071, 64.78702, 0.0 ], [ 12.499928, 64.58116, 0.0 ], [ 16.137754, 63.764378, 0.0 ], [ 20.598244, 62.41627, 0.0 ], [ 25.444572, 60.669064, 0.0 ], [ 30.202541, 58.693596, 0.0 ], [ 34.40631, 56.683365, 0.0 ], [ 37.64438, 54.83512, 0.0 ], [ 39.59977, 53.32976, 0.0 ]] 
boundary 0: [[ 40.927868, 73.20766, 0.0 ], [ 40.36586, 72.23489, 0.0 ], [ 38.295082, 70.89266, 0.0 ], [ 34.9181, 69.3125, 0.0 ], [ 30.565454, 67.649025, 0.0 ], [ 25.663265, 66.06507, 0.0 ], [ 20.691433, 64.71577, 0.0 ], [ 16.13645, 63.73289, 0.0 ], [ 12.444458, 63.213036, 0.0 ], [ 9.976698, 63.20698, 0.0 ], [ 8.974732, 63.71513, 0.0 ], [ 9.536686, 64.68815, 0.0 ], [ 11.607545, 66.030334, 0.0 ], [ 14.984551, 67.61052, 0.0 ], [ 19.337177, 69.27399, 0.0 ], [ 24.239397, 70.85796, 0.0 ], [ 29.21125, 72.20725, 0.0 ], [ 33.766098, 73.18998, 0.0 ], [ 37.458157, 73.7098, 0.0 ], [ 39.92585, 73.71603, 0.0 ]] 
boundary 1: [[ 40.927876, 54.792313, 0.0 ], [ 39.925896, 54.283974, 0.0 ], [ 37.458157, 54.29015, 0.0 ], [ 33.766098, 54.810005, 0.0 ], [ 29.21126, 55.79268, 0.0 ], [ 24.239391, 57.142086, 0.0 ], [ 19.33717, 58.725975, 0.0 ], [ 14.984553, 60.389465, 0.0 ], [ 11.607528, 61.96974, 0.0 ], [ 9.536692, 63.31189, 0.0 ], [ 8.97476, 64.284584, 0.0 ], [ 9.97668, 64.79312, 0.0 ], [ 12.44449, 64.78693, 0.0 ], [ 16.136478, 64.26717, 0.0 ], [ 20.691422, 63.284393, 0.0 ], [ 25.66323, 61.935036, 0.0 ], [ 30.565437, 60.351025, 0.0 ], [ 34.918076, 58.687515, 0.0 ], [ 38.295074, 57.107338, 0.0 ], [ 40.36586, 55.765125, 0.0 ]] 
boundary 0: [[ 41.16736, 72.3593, 0.0 ], [ 40.57904, 71.402214, 0.0 ], [ 38.472435, 70.11694, 0.0 ], [ 35.053623, 68.62943, 0.0 ], [ 30.657251, 67.08522, 0.0 ], [ 25.71371, 65.63549, 0.0 ], [ 20.70695, 64.42223, 0.0 ], [ 16.126863, 63.56389, 0.0 ], [ 12.422072, 63.144875, 0.0 ], [ 9.955065, 63.206093, 0.0 ], [ 8.967322, 63.741367, 0.0 ], [ 9.555593, 64.69871, 0.0 ], [ 11.662271, 65.983925, 0.0 ], [ 15.081097, 67.47147, 0.0 ], [ 19.477451, 69.01567, 0.0 ], [ 24.421032, 70.46541, 0.0 ], [ 29.427816, 71.678665, 0.0 ], [ 34.007767, 72.536865, 0.0 ], [ 37.71262, 72.95585, 0.0 ], [ 40.179573, 72.894806, 0.0 ]] 
boundary 1: [[ 41.167366, 55.640675, 0.0 ], [ 40.17962, 55.1052, 0.0 ], [ 37.71262, 55.044098, 0.0 ], [ 34.007767, 55.46311, 0.0 ], [ 29.427826, 56.32125, 0.0 ], [ 24.42102, 57.534634, 0.0 ], [ 19.477448, 58.98429, 0.0 ], [ 15.081099, 60.528503, 0.0 ], [ 11.66225, 62.016136, 0.0 ], [ 9.555596, 63.301334, 0.0 ], [ 8.967359, 64.25835, 0.0 ], [ 9.955043, 64.794014, 0.0 ], [ 12.422106, 64.85509, 0.0 ], [ 16.126886, 64.43617, 0.0 ], [ 20.706934, 63.577934, 0.0 ], [ 25.713673, 62.36461, 0.0 ], [ 30.657234, 60.91482, 0.0 ], [ 35.053593, 59.370594, 0.0 ], [ 38.472427, 57.88306, 0.0 ], [ 40.57904, 56.597797, 0.0 ]] 
boundary 0: [[ 41.31017, 71.80619, 0.0 ], [ 40.705025, 70.85963, 0.0 ], [ 38.57605, 69.611786, 0.0 ], [ 35.131485, 68.184906, 0.0 ], [ 30.708527, 66.71861, 0.0 ], [ 25.740135, 65.356445, 0.0 ], [ 20.712723, 64.23183, 0.0 ], [ 16.118189, 63.454536, 0.0 ], [ 12.406577, 63.101048, 0.0 ], [ 9.941034, 63.205833, 0.0 ], [ 8.962904, 63.758476, 0.0 ], [ 9.567995, 64.70528, 0.0 ], [ 11.69705, 65.95307, 0.0 ], [ 15.141624, 67.37999, 0.0 ], [ 19.56457, 68.84628, 0.0 ], [ 24.532993, 70.208435, 0.0 ], [ 29.560432, 71.33305, 0.0 ], [ 34.15484, 72.11021, 0.0 ], [ 37.86651, 72.46366, 0.0 ], [ 40.331985, 72.359055, 0.0 ]] 
boundary 1: [[ 41.310177, 56.1938, 0.0 ], [ 40.33203, 55.640953, 0.0 ], [ 37.86651, 55.536274, 0.0 ], [ 34.15484, 55.88977, 0.0 ], [ 29.560444, 56.66686, 0.0 ], [ 24.532982, 57.7916, 0.0 ], [ 19.56457, 59.15369, 0.0 ], [ 15.141626, 60.61999, 0.0 ], [ 11.697029, 62.046993, 0.0 ], [ 9.567999, 63.294773, 0.0 ], [ 8.962945, 64.24124, 0.0 ], [ 9.9410095, 64.79427, 0.0 ], [ 12.406611, 64.89893, 0.0 ], [ 16.118212, 64.545525, 0.0 ], [ 20.712704, 63.768333, 0.0 ], [ 25.740097, 62.643654, 0.0 ], [ 30.70851, 61.281433, 0.0 ], [ 35.131454, 59.815117, 0.0 ], [ 38.576042, 58.388214, 0.0 ], [ 40.705025, 57.140377, 0.0 ]] 
boundary 0: [[ 41.24879, 72.048874, 0.0 ], [ 40.650993, 71.09766, 0.0 ], [ 38.531746, 69.83337, 0.0 ], [ 35.098312, 68.37986, 0.0 ], [ 30.68685, 66.879364, 0.0 ], [ 25.729158, 65.47878, 0.0 ], [ 20.710606, 64.31529, 0.0 ], [ 16.122232, 63.502434, 0.0 ], [ 12.413464, 63.12022, 0.0 ], [ 9.947182, 63.205914, 0.0 ], [ 8.964803, 63.75096, 0.0 ], [ 9.562547, 64.702415, 0.0 ], [ 11.681878, 65.96667, 0.0 ], [ 15.115301, 67.42021, 0.0 ], [ 19.52676, 68.9207, 0.0 ], [ 24.484493, 70.32128, 0.0 ], [ 29.503077, 71.484795, 0.0 ], [ 34.091324, 72.297485, 0.0 ], [ 37.800133, 72.67966, 0.0 ], [ 40.26636, 72.59416, 0.0 ]] 
boundary 1: [[ 41.2488, 55.95112, 0.0 ], [ 40.266407, 55.405857, 0.0 ], [ 37.800133, 55.32027, 0.0 ], [ 34.091324, 55.702503, 0.0 ], [ 29.503088, 56.515125, 0.0 ], [ 24.484482, 57.67875, 0.0 ], [ 19.52676, 59.079266, 0.0 ], [ 15.115303, 60.579773, 0.0 ], [ 11.681857, 62.033398, 0.0 ], [ 9.562551, 63.297623, 0.0 ], [ 8.964842, 64.24872, 0.0 ], [ 9.947157, 64.7942, 0.0 ], [ 12.413498, 64.87975, 0.0 ], [ 16.122255, 64.497635, 0.0 ], [ 20.710587, 63.684887, 0.0 ], [ 25.72912, 62.521324, 0.0 ], [ 30.686832, 61.12067, 0.0 ], [ 35.09828, 59.620163, 0.0 ], [ 38.53174, 58.166626, 0.0 ], [ 40.650993, 56.90235, 0.0 ]] 
boundary 0: [[ 41.233696, 72.10732, 0.0 ], [ 40.63767, 71.15499, 0.0 ], [ 38.52079, 69.88675, 0.0 ], [ 35.09008, 68.42683, 0.0 ], [ 30.681437, 66.918106, 0.0 ], [ 25.726364, 65.50828, 0.0 ], [ 20.71, 64.33544, 0.0 ], [ 16.123144, 63.51399, 0.0 ], [ 12.415102, 63.124863, 0.0 ], [ 9.948665, 63.20595, 0.0 ], [ 8.965269, 63.749146, 0.0 ], [ 9.561235, 64.70174, 0.0 ], [ 11.678204, 65.96991, 0.0 ], [ 15.108906, 67.42988, 0.0 ], [ 19.517555, 68.9386, 0.0 ], [ 24.47266, 70.34844, 0.0 ], [ 29.489069, 71.52132, 0.0 ], [ 34.075775, 72.342575, 0.0 ], [ 37.783867, 72.73167, 0.0 ], [ 40.250256, 72.65079, 0.0 ]] 
boundary 1: [[ 41.233704, 55.892662, 0.0 ], [ 40.250294, 55.349243, 0.0 ], [ 37.783867, 55.268257, 0.0 ], [ 34.075775, 55.65741, 0.0 ], [ 29.48908, 56.478607, 0.0 ], [ 24.472649, 57.651596, 0.0 ], [ 19.517555, 59.06136, 0.0 ], [ 15.108908, 60.570107, 0.0 ], [ 11.678183, 62.030136, 0.0 ], [ 9.561239, 63.298306, 0.0 ], [ 8.965307, 64.250496, 0.0 ], [ 9.948641, 64.79419, 0.0 ], [ 12.415136, 64.875145, 0.0 ], [ 16.123169, 64.4861, 0.0 ], [ 20.70998, 63.66477, 0.0 ], [ 25.726326, 62.49184, 0.0 ], [ 30.68142, 61.08193, 0.0 ], [ 35.09005, 59.57319, 0.0 ], [ 38.520782, 58.113243, 0.0 ], [ 40.63767, 56.845016, 0.0 ]] 
boundary 0: [[ 40.761963, 73.7487, 0.0 ], [ 40.217056, 72.76621, 0.0 ], [ 38.17009, 71.38796, 0.0 ], [ 34.82125, 69.74894, 0.0 ], [ 30.498417, 68.009544, 0.0 ], [ 25.624695, 66.34005, 0.0 ], [ 20.677252, 64.90399, 0.0 ], [ 16.140171, 63.84149, 0.0 ], [ 12.457848, 63.257126, 0.0 ], [ 9.990569, 63.207867, 0.0 ], [ 8.979864, 63.69838, 0.0 ], [ 9.524702, 64.68113, 0.0 ], [ 11.571757, 66.05929, 0.0 ], [ 14.920588, 67.69836, 0.0 ], [ 19.243425, 69.43776, 0.0 ], [ 24.11718, 71.10727, 0.0 ], [ 29.064657, 72.54338, 0.0 ], [ 33.601612, 73.60567, 0.0 ], [ 37.28398, 74.19, 0.0 ], [ 39.751198, 74.23947, 0.0 ]] 
boundary 1: [[ 40.76197, 54.251297, 0.0 ], [ 39.751236, 53.760563, 0.0 ], [ 37.283978, 53.809917, 0.0 ], [ 33.601612, 54.39431, 0.0 ], [ 29.064669, 55.456543, 0.0 ], [ 24.117172, 56.892773, 0.0 ], [ 19.243423, 58.562195, 0.0 ], [ 14.920589, 60.301613, 0.0 ], [ 11.571739, 61.940754, 0.0 ], [ 9.524708, 63.31894, 0.0 ], [ 8.979884, 64.301254, 0.0 ], [ 9.990553, 64.79227, 0.0 ], [ 12.457882, 64.74289, 0.0 ], [ 16.140202, 64.15859, 0.0 ], [ 20.677242, 63.09623, 0.0 ], [ 25.624668, 61.660065, 0.0 ], [ 30.498402, 59.990494, 0.0 ], [ 34.82122, 58.251083, 0.0 ], [ 38.170082, 56.612026, 0.0 ], [ 40.217056, 55.233795, 0.0 ]] 
boundary 0: [[ 40.628582, 74.16083, 0.0 ], [ 40.0969, 73.17112, 0.0 ], [ 38.068584, 71.76558, 0.0 ], [ 34.742004, 70.08184, 0.0 ], [ 30.442852, 68.28469, 0.0 ], [ 25.591934, 66.55006, 0.0 ], [ 20.664177, 65.04784, 0.0 ], [ 16.141737, 63.924667, 0.0 ], [ 12.467571, 63.29101, 0.0 ], [ 10.001176, 63.208706, 0.0 ], [ 8.983991, 63.68563, 0.0 ], [ 9.5156145, 64.67559, 0.0 ], [ 11.544023, 66.081055, 0.0 ], [ 14.870594, 67.76483, 0.0 ], [ 19.16974, 69.562, 0.0 ], [ 24.02069, 71.296646, 0.0 ], [ 28.94849, 72.798904, 0.0 ], [ 33.470802, 73.92188, 0.0 ], [ 37.14502, 74.55549, 0.0 ], [ 39.61135, 74.63801, 0.0 ]] 
boundary 1: [[ 40.62859, 53.839165, 0.0 ], [ 39.61139, 53.36203, 0.0 ], [ 37.14501, 53.444424, 0.0 ], [ 33.470802, 54.078094, 0.0 ], [ 28.9485, 55.20101, 0.0 ], [ 24.020687, 56.7034, 0.0 ], [ 19.16974, 58.437958, 0.0 ], [ 14.870596, 60.23513, 0.0 ], [ 11.544006, 61.918987, 0.0 ], [ 9.515621, 63.32448, 0.0 ], [ 8.984005, 64.31401, 0.0 ], [ 10.001162, 64.791435, 0.0 ], [ 12.467606, 64.70901, 0.0 ], [ 16.141768, 64.07542, 0.0 ], [ 20.664167, 62.952377, 0.0 ], [ 25.59191, 61.450066, 0.0 ], [ 30.442837, 59.71535, 0.0 ], [ 34.741974, 57.918186, 0.0 ], [ 38.068577, 56.234413, 0.0 ], [ 40.0969, 54.828884, 0.0 ]] 
boundary 0: [[ 40.302, 75.098885, 0.0 ], [ 39.800964, 74.09331, 0.0 ], [ 37.816772, 72.62613, 0.0 ], [ 34.543488, 70.841, 0.0 ], [ 30.301569, 68.91264, 0.0 ], [ 25.506214, 67.02983, 0.0 ], [ 20.626936, 65.376945, 0.0 ], [ 16.141117, 64.1154, 0.0 ], [ 12.488154, 63.369186, 0.0 ], [ 10.02545, 63.211166, 0.0 ], [ 8.994096, 63.656616, 0.0 ], [ 9.49506, 64.662445, 0.0 ], [ 11.479341, 66.12956, 0.0 ], [ 14.752621, 67.91471, 0.0 ], [ 18.994537, 69.84308, 0.0 ], [ 23.78992, 71.72591, 0.0 ], [ 28.66925, 73.37882, 0.0 ], [ 33.154926, 74.640175, 0.0 ], [ 36.80796, 75.38635, 0.0 ], [ 39.270584, 75.54458, 0.0 ]] 
boundary 1: [[ 40.302006, 52.901115, 0.0 ], [ 39.270622, 52.45546, 0.0 ], [ 36.80794, 52.61357, 0.0 ], [ 33.154922, 53.359787, 0.0 ], [ 28.669252, 54.62109, 0.0 ], [ 23.789917, 56.27414, 0.0 ], [ 18.994537, 58.156876, 0.0 ], [ 14.752623, 60.085255, 0.0 ], [ 11.479325, 61.8705, 0.0 ], [ 9.495068, 63.337627, 0.0 ], [ 8.9941, 64.343025, 0.0 ], [ 10.025439, 64.78897, 0.0 ], [ 12.488189, 64.63083, 0.0 ], [ 16.141155, 63.88468, 0.0 ], [ 20.626926, 62.62326, 0.0 ], [ 25.506197, 60.970306, 0.0 ], [ 30.301554, 59.087402, 0.0 ], [ 34.543457, 57.15903, 0.0 ], [ 37.816765, 55.373867, 0.0 ], [ 39.800964, 53.9067, 0.0 ]] 
boundary 0: [[ 39.527, 77.02516, 0.0 ], [ 39.091537, 75.98951, 0.0 ], [ 37.205605, 74.398, 0.0 ], [ 34.05366, 72.40647, 0.0 ], [ 29.944252, 70.20982, 0.0 ], [ 25.279634, 68.0231, 0.0 ], [ 20.516506, 66.060455, 0.0 ], [ 16.120916, 64.5136, 0.0 ], [ 12.523373, 63.534466, 0.0 ], [ 10.075889, 63.2187, 0.0 ], [ 9.018072, 63.597042, 0.0 ], [ 9.453446, 64.63295, 0.0 ], [ 11.339469, 66.224396, 0.0 ], [ 14.491419, 68.215965, 0.0 ], [ 18.600817, 70.412605, 0.0 ], [ 23.265465, 72.59935, 0.0 ], [ 28.028648, 74.56203, 0.0 ], [ 32.42411, 76.108696, 0.0 ], [ 36.02172, 77.08779, 0.0 ], [ 38.46911, 77.40374, 0.0 ]] 
boundary 1: [[ 39.527008, 50.97483, 0.0 ], [ 38.469147, 50.59629, 0.0 ], [ 36.021698, 50.912132, 0.0 ], [ 32.42411, 51.891285, 0.0 ], [ 28.028645, 53.43789, 0.0 ], [ 23.265469, 55.400703, 0.0 ], [ 18.600817, 57.587337, 0.0 ], [ 14.491421, 59.78401, 0.0 ], [ 11.339458, 61.77566, 0.0 ], [ 9.453458, 63.367123, 0.0 ], [ 9.018053, 64.40261, 0.0 ], [ 10.075888, 64.78143, 0.0 ], [ 12.523409, 64.46554, 0.0 ], [ 16.120956, 63.486485, 0.0 ], [ 20.51651, 61.939735, 0.0 ], [ 25.279629, 59.977024, 0.0 ], [ 29.944242, 57.790222, 0.0 ], [ 34.05363, 55.593567, 0.0 ], [ 37.205597, 53.601986, 0.0 ], [ 39.091537, 52.010506, 0.0 ]] 
boundary 0: [[ 39.02652, 78.10768, 0.0 ], [ 38.629547, 77.05668, 0.0 ], [ 36.80359, 75.39669, 0.0 ], [ 33.727245, 73.29028, 0.0 ], [ 29.701637, 70.94358, 0.0 ], [ 25.12083, 68.58632, 0.0 ], [ 20.433323, 66.44935, 0.0 ], [ 16.097763, 64.74145, 0.0 ], [ 12.5387745, 63.6303, 0.0 ], [ 10.104606, 63.22449, 0.0 ], [ 9.033555, 63.56356, 0.0 ], [ 9.430429, 64.614815, 0.0 ], [ 11.256479, 66.27474, 0.0 ], [ 14.332842, 68.3812, 0.0 ], [ 18.358433, 70.72789, 0.0 ], [ 22.939266, 73.085175, 0.0 ], [ 27.626825, 75.22218, 0.0 ], [ 31.962261, 76.929886, 0.0 ], [ 35.521317, 78.040985, 0.0 ], [ 37.955387, 78.446976, 0.0 ]] 
boundary 1: [[ 39.026527, 49.89232, 0.0 ], [ 37.955433, 49.553047, 0.0 ], [ 35.521294, 49.958923, 0.0 ], [ 31.962261, 51.07009, 0.0 ], [ 27.62682, 52.77774, 0.0 ], [ 22.939274, 54.914875, 0.0 ], [ 18.358433, 57.272057, 0.0 ], [ 14.332842, 59.61878, 0.0 ], [ 11.256474, 61.725323, 0.0 ], [ 9.430447, 63.38525, 0.0 ], [ 9.033524, 64.43609, 0.0 ], [ 10.1046095, 64.77565, 0.0 ], [ 12.538811, 64.3697, 0.0 ], [ 16.097818, 63.258644, 0.0 ], [ 20.43333, 61.550846, 0.0 ], [ 25.12083, 59.41381, 0.0 ], [ 29.701628, 57.056473, 0.0 ], [ 33.727215, 54.709755, 0.0 ], [ 36.80358, 52.603287, 0.0 ], [ 38.629547, 50.94334, 0.0 ]] 
boundary 0: [[ 38.759117, 78.64628, 0.0 ], [ 38.38176, 77.58808, 0.0 ], [ 36.586998, 75.89442, 0.0 ], [ 33.550346, 73.731155, 0.0 ], [ 29.569094, 71.310005, 0.0 ], [ 25.032913, 68.86796, 0.0 ], [ 20.385956, 66.644196, 0.0 ], [ 16.08291, 64.85596, 0.0 ], [ 12.545198, 63.678818, 0.0 ], [ 10.118999, 63.22781, 0.0 ], [ 9.041828, 63.5469, 0.0 ], [ 9.419083, 64.60536, 0.0 ], [ 11.213947, 66.29895, 0.0 ], [ 14.250602, 68.462265, 0.0 ], [ 18.231857, 70.883415, 0.0 ], [ 22.768055, 73.32548, 0.0 ], [ 27.415066, 75.54929, 0.0 ], [ 31.717987, 77.33732, 0.0 ], [ 35.255768, 78.51441, 0.0 ], [ 37.681873, 78.96561, 0.0 ]] 
boundary 1: [[ 38.759125, 49.353714, 0.0 ], [ 37.68192, 49.03442, 0.0 ], [ 35.255745, 49.485497, 0.0 ], [ 31.717985, 50.66266, 0.0 ], [ 27.41506, 52.450645, 0.0 ], [ 22.768063, 54.674583, 0.0 ], [ 18.231857, 57.11654, 0.0 ], [ 14.250602, 59.53772, 0.0 ], [ 11.213943, 61.701107, 0.0 ], [ 9.419101, 63.39471, 0.0 ], [ 9.04179, 64.45275, 0.0 ], [ 10.119005, 64.77233, 0.0 ], [ 12.545235, 64.32118, 0.0 ], [ 16.082966, 63.14414, 0.0 ], [ 20.385965, 61.356003, 0.0 ], [ 25.032913, 59.132164, 0.0 ], [ 29.569084, 56.69005, 0.0 ], [ 33.550316, 54.26887, 0.0 ], [ 36.58699, 52.10555, 0.0 ], [ 38.38176, 50.41194, 0.0 ]] 
boundary 0: [[ 38.053318, 79.95951, 0.0 ], [ 37.725143, 78.88504, 0.0 ], [ 36.010353, 77.11044, 0.0 ], [ 33.076653, 74.8095, 0.0 ], [ 29.211245, 72.207405, 0.0 ], [ 24.792461, 69.558846, 0.0 ], [ 20.252956, 67.12322, 0.0 ], [ 16.036915, 65.138535, 0.0 ], [ 12.557228, 63.79956, 0.0 ], [ 10.154398, 63.23719, 0.0 ], [ 9.063662, 63.506287, 0.0 ], [ 9.391722, 64.58102, 0.0 ], [ 11.106609, 66.35555, 0.0 ], [ 14.040312, 68.65653, 0.0 ], [ 17.905725, 71.25863, 0.0 ], [ 22.324532, 73.90722, 0.0 ], [ 26.86408, 76.34287, 0.0 ], [ 31.080011, 78.32736, 0.0 ], [ 34.55977, 79.66627, 0.0 ], [ 36.962494, 80.22882, 0.0 ]] 
boundary 1: [[ 38.053326, 48.04048, 0.0 ], [ 36.96254, 47.7712, 0.0 ], [ 34.559746, 48.33363, 0.0 ], [ 31.080006, 49.672623, 0.0 ], [ 26.864073, 51.65707, 0.0 ], [ 22.32454, 54.09285, 0.0 ], [ 17.905722, 56.741314, 0.0 ], [ 14.04031, 59.34344, 0.0 ], [ 11.1066065, 61.644524, 0.0 ], [ 9.391746, 63.41906, 0.0 ], [ 9.063608, 64.49336, 0.0 ], [ 10.154411, 64.762955, 0.0 ], [ 12.557264, 64.20043, 0.0 ], [ 16.036976, 62.861557, 0.0 ], [ 20.252972, 60.876972, 0.0 ], [ 24.792465, 58.441277, 0.0 ], [ 29.211235, 55.792656, 0.0 ], [ 33.076622, 53.19053, 0.0 ], [ 36.010345, 50.88952, 0.0 ], [ 37.725143, 49.11498, 0.0 ]] 
boundary 0: [[ 37.570534, 80.781685, 0.0 ], [ 37.274193, 79.69801, 0.0 ], [ 35.61246, 77.87363, 0.0 ], [ 32.74788, 75.48717, 0.0 ], [ 28.96087, 72.77224, 0.0 ], [ 24.622097, 69.99455, 0.0 ], [ 20.156382, 67.42615, 0.0 ], [ 16.00069, 65.318, 0.0 ], [ 12.561996, 63.877014, 0.0 ], [ 10.176793, 63.24404, 0.0 ], [ 9.078597, 63.480858, 0.0 ], [ 9.374826, 64.56479, 0.0 ], [ 11.036647, 66.38912, 0.0 ], [ 13.901229, 68.775604, 0.0 ], [ 17.68824, 71.490524, 0.0 ], [ 22.027035, 74.268265, 0.0 ], [ 26.49279, 76.8367, 0.0 ], [ 30.648378, 78.944626, 0.0 ], [ 34.087143, 80.38556, 0.0 ], [ 36.472244, 81.01874, 0.0 ]] 
boundary 1: [[ 37.57054, 47.218315, 0.0 ], [ 36.47229, 46.981304, 0.0 ], [ 34.087112, 47.61435, 0.0 ], [ 30.648373, 49.05535, 0.0 ], [ 26.492783, 51.16324, 0.0 ], [ 22.027046, 53.731796, 0.0 ], [ 17.688232, 56.509407, 0.0 ], [ 13.901226, 59.224373, 0.0 ], [ 11.036645, 61.61095, 0.0 ], [ 9.374851, 63.43528, 0.0 ], [ 9.078533, 64.51878, 0.0 ], [ 10.176811, 64.75611, 0.0 ], [ 12.562033, 64.12298, 0.0 ], [ 16.000751, 62.68209, 0.0 ], [ 20.156397, 60.57406, 0.0 ], [ 24.622108, 58.005573, 0.0 ], [ 28.960865, 55.22782, 0.0 ], [ 32.74785, 52.512856, 0.0 ], [ 35.612446, 50.12635, 0.0 ], [ 37.274193, 48.302017, 0.0 ]] 
boundary 0: [[ 37.290977, 81.23362, 0.0 ], [ 37.012497, 80.14525, 0.0 ], [ 35.380978, 78.2938, 0.0 ], [ 32.556007, 75.86057, 0.0 ], [ 28.814121, 73.08378, 0.0 ], [ 24.521591, 70.23516, 0.0 ], [ 20.09869, 67.593704, 0.0 ], [ 15.978209, 65.41754, 0.0 ], [ 12.563662, 63.92023, 0.0 ], [ 10.189186, 63.248146, 0.0 ], [ 9.087244, 63.466885, 0.0 ], [ 9.365619, 64.555534, 0.0 ], [ 10.997232, 66.40693, 0.0 ], [ 13.822204, 68.84018, 0.0 ], [ 17.564083, 71.61697, 0.0 ], [ 21.85664, 74.46564, 0.0 ], [ 26.279583, 77.1071, 0.0 ], [ 30.39997, 79.28305, 0.0 ], [ 33.81459, 80.78031, 0.0 ], [ 36.18895, 81.45258, 0.0 ]] 
boundary 1: [[ 37.290985, 46.766365, 0.0 ], [ 36.188995, 46.547432, 0.0 ], [ 33.81456, 47.219597, 0.0 ], [ 30.399961, 48.71692, 0.0 ], [ 26.279572, 50.89281, 0.0 ], [ 21.856655, 53.53442, 0.0 ], [ 17.564075, 56.38297, 0.0 ], [ 13.822202, 59.159798, 0.0 ], [ 10.997231, 61.59314, 0.0 ], [ 9.365644, 63.444534, 0.0 ], [ 9.087175, 64.53275, 0.0 ], [ 10.189204, 64.752014, 0.0 ], [ 12.563698, 64.07976, 0.0 ], [ 15.9782715, 62.582546, 0.0 ], [ 20.098713, 60.4065, 0.0 ], [ 24.521606, 57.764973, 0.0 ], [ 28.814117, 54.91629, 0.0 ], [ 32.555977, 52.139446, 0.0 ], [ 35.380962, 49.706177, 0.0 ], [ 37.012497, 47.854782, 0.0 ]] 
boundary 0: [[ 37.37411, 81.10096, 0.0 ], [ 37.090363, 80.013954, 0.0 ], [ 35.44989, 78.17042, 0.0 ], [ 32.613182, 75.75091, 0.0 ], [ 28.857891, 72.992256, 0.0 ], [ 24.551613, 70.16445, 0.0 ], [ 20.115973, 67.54444, 0.0 ], [ 15.985001, 65.38826, 0.0 ], [ 12.563246, 63.907494, 0.0 ], [ 10.185543, 63.24691, 0.0 ], [ 9.084672, 63.470985, 0.0 ], [ 9.368315, 64.55828, 0.0 ], [ 11.008874, 66.40175, 0.0 ], [ 13.845594, 68.8213, 0.0 ], [ 17.600878, 71.579926, 0.0 ], [ 21.90718, 74.40779, 0.0 ], [ 26.342861, 77.02781, 0.0 ], [ 30.47374, 79.18378, 0.0 ], [ 33.89557, 80.66449, 0.0 ], [ 36.273132, 81.32526, 0.0 ]] 
boundary 1: [[ 37.37412, 46.899025, 0.0 ], [ 36.27318, 46.67476, 0.0 ], [ 33.89554, 47.33542, 0.0 ], [ 30.473732, 48.816193, 0.0 ], [ 26.34285, 50.97212, 0.0 ], [ 21.907196, 53.592278, 0.0 ], [ 17.600872, 56.42001, 0.0 ], [ 13.8455925, 59.17868, 0.0 ], [ 11.008872, 61.598316, 0.0 ], [ 9.3683405, 63.441788, 0.0 ], [ 9.084606, 64.52863, 0.0 ], [ 10.185559, 64.75325, 0.0 ], [ 12.563282, 64.09246, 0.0 ], [ 15.985064, 62.61183, 0.0 ], [ 20.115995, 60.455765, 0.0 ], [ 24.551628, 57.835686, 0.0 ], [ 28.857885, 55.00782, 0.0 ], [ 32.61315, 52.249115, 0.0 ], [ 35.449875, 49.829563, 0.0 ], [ 37.090363, 47.986084, 0.0 ]] 
