boundary 0: [[ 26.684849, 91.655556, 0.0 ], [ 26.923052, 90.55759, 0.0 ], [ 26.292639, 88.17168, 0.0 ], [ 24.855375, 84.731415, 0.0 ], [ 22.752014, 80.573456, 0.0 ], [ 20.188381, 76.10491, 0.0 ], [ 17.4154, 71.76309, 0.0 ], [ 14.704573, 67.9731, 0.0 ], [ 12.321215, 65.1059, 0.0 ], [ 10.498661, 63.442116, 0.0 ], [ 9.415244, 63.14467, 0.0 ], [ 9.177097, 64.24262, 0.0 ], [ 9.807495, 66.6285, 0.0 ], [ 11.244692, 70.06885, 0.0 ], [ 13.348102, 74.22676, 0.0 ], [ 15.911736, 78.69533, 0.0 ], [ 18.684704, 83.03711, 0.0 ], [ 21.395508, 86.82718, 0.0 ], [ 23.778849, 89.694336, 0.0 ], [ 25.601437, 91.35813, 0.0 ]] 
boundary 1: [[ 26.684837, 36.344418, 0.0 ], [ 25.601452, 36.641914, 0.0 ], [ 23.77888, 38.30568, 0.0 ], [ 21.395523, 41.17289, 0.0 ], [ 18.684696, 44.96289, 0.0 ], [ 15.911736, 49.304665, 0.0 ], [ 13.348089, 53.773216, 0.0 ], [ 11.244701, 57.93118, 0.0 ], [ 9.807478, 61.371468, 0.0 ], [ 9.177103, 63.75738, 0.0 ], [ 9.415254, 64.85528, 0.0 ], [ 10.498628, 64.55784, 0.0 ], [ 12.321209, 62.89408, 0.0 ], [ 14.704523, 60.026806, 0.0 ], [ 17.415419, 56.23692, 0.0 ], [ 20.188353, 51.89506, 0.0 ], [ 22.75198, 47.42652, 0.0 ], [ 24.855398, 43.268593, 0.0 ], [ 26.292633, 39.82831, 0.0 ], [ 26.923018, 37.442413, 0.0 ]] 
boundary 0: [[ 30.716103, 88.7693, 0.0 ], [ 30.78364, 87.647835, 0.0 ], [ 29.795868, 85.38636, 0.0 ], [ 27.849527, 82.20627, 0.0 ], [ 25.13519, 78.41879, 0.0 ], [ 21.918512, 74.394714, 0.0 ], [ 18.51432, 70.52791, 0.0 ], [ 15.255918, 67.19693, 0.0 ], [ 12.462219, 64.72782, 0.0 ], [ 10.40672, 63.362244, 0.0 ], [ 9.2905655, 63.233936, 0.0 ], [ 9.223084, 64.35539, 0.0 ], [ 10.21084, 66.61683, 0.0 ], [ 12.157128, 69.797005, 0.0 ], [ 14.871506, 73.58444, 0.0 ], [ 18.088186, 77.60853, 0.0 ], [ 21.49236, 81.47531, 0.0 ], [ 24.75075, 84.80637, 0.0 ], [ 27.544426, 87.275444, 0.0 ], [ 29.599966, 88.64103, 0.0 ]] 
boundary 1: [[ 30.716099, 39.23066, 0.0 ], [ 29.599968, 39.359024, 0.0 ], [ 27.54445, 40.72458, 0.0 ], [ 24.750755, 43.193695, 0.0 ], [ 21.492352, 46.524685, 0.0 ], [ 18.08819, 50.391457, 0.0 ], [ 14.871494, 54.41553, 0.0 ], [ 12.157134, 58.203026, 0.0 ], [ 10.210828, 61.383133, 0.0 ], [ 9.223088, 63.64461, 0.0 ], [ 9.290583, 64.76601, 0.0 ], [ 10.406695, 64.6377, 0.0 ], [ 12.462215, 63.272163, 0.0 ], [ 15.255884, 60.802975, 0.0 ], [ 18.514338, 57.472115, 0.0 ], [ 21.918495, 53.605244, 0.0 ], [ 25.135157, 49.581192, 0.0 ], [ 27.849548, 45.793724, 0.0 ], [ 29.795864, 42.613632, 0.0 ], [ 30.783607, 40.352158, 0.0 ]] 
boundary 0: [[ 32.607605, 87.050354, 0.0 ], [ 32.586357, 85.92705, 0.0 ], [ 31.423046, 83.75067, 0.0 ], [ 29.2316, 80.73423, 0.0 ], [ 26.226583, 77.173004, 0.0 ], [ 22.70211, 73.415565, 0.0 ], [ 19.003132, 69.829735, 0.0 ], [ 15.491801, 66.766525, 0.0 ], [ 12.5118065, 64.525795, 0.0 ], [ 10.354865, 63.326847, 0.0 ], [ 9.232066, 63.287106, 0.0 ], [ 9.253375, 64.41038, 0.0 ], [ 10.416669, 66.58674, 0.0 ], [ 12.608067, 69.60325, 0.0 ], [ 15.613119, 73.164444, 0.0 ], [ 19.137596, 76.921875, 0.0 ], [ 22.836557, 80.50769, 0.0 ], [ 26.347874, 83.570984, 0.0 ], [ 29.327847, 85.81168, 0.0 ], [ 31.484827, 87.01065, 0.0 ]] 
boundary 1: [[ 32.60761, 40.94962, 0.0 ], [ 31.484827, 40.98941, 0.0 ], [ 29.32787, 42.188343, 0.0 ], [ 26.34787, 44.429085, 0.0 ], [ 22.836552, 47.49229, 0.0 ], [ 19.1376, 51.078102, 0.0 ], [ 15.61311, 54.835526, 0.0 ], [ 12.6080675, 58.396797, 0.0 ], [ 10.416658, 61.413227, 0.0 ], [ 9.253379, 63.589622, 0.0 ], [ 9.232086, 64.71284, 0.0 ], [ 10.354847, 64.6731, 0.0 ], [ 12.511805, 63.474186, 0.0 ], [ 15.4917755, 61.233376, 0.0 ], [ 19.003143, 58.1703, 0.0 ], [ 22.702095, 54.58439, 0.0 ], [ 26.22655, 50.82699, 0.0 ], [ 29.231623, 47.265755, 0.0 ], [ 31.423042, 44.24933, 0.0 ], [ 32.586327, 42.07295, 0.0 ]] 
boundary 0: [[ 35.66441, 83.57939, 0.0 ], [ 35.483105, 82.47062, 0.0 ], [ 34.02117, 80.48248, 0.0 ], [ 31.421778, 77.809586, 0.0 ], [ 27.93939, 74.713524, 0.0 ], [ 23.914867, 71.4974, 0.0 ], [ 19.742119, 68.47603, 0.0 ], [ 15.829657, 65.945145, 0.0 ], [ 12.560446, 64.152534, 0.0 ], [ 10.254507, 63.27359, 0.0 ], [ 9.1375265, 63.394455, 0.0 ], [ 9.318886, 64.503204, 0.0 ], [ 10.780795, 66.49131, 0.0 ], [ 13.380163, 69.1643, 0.0 ], [ 16.862576, 72.26029, 0.0 ], [ 20.8871, 75.476425, 0.0 ], [ 25.059835, 78.49779, 0.0 ], [ 28.972294, 81.02876, 0.0 ], [ 32.241474, 82.82135, 0.0 ], [ 34.547455, 83.7003, 0.0 ]] 
boundary 1: [[ 35.664425, 44.42057, 0.0 ], [ 34.54744, 44.299767, 0.0 ], [ 32.241493, 45.17868, 0.0 ], [ 28.972279, 46.97131, 0.0 ], [ 25.059832, 49.50219, 0.0 ], [ 20.887108, 52.523556, 0.0 ], [ 16.862572, 55.73967, 0.0 ], [ 13.380159, 58.83575, 0.0 ], [ 10.780791, 61.50865, 0.0 ], [ 9.318887, 63.496803, 0.0 ], [ 9.137554, 64.605484, 0.0 ], [ 10.254498, 64.72636, 0.0 ], [ 12.560448, 63.847454, 0.0 ], [ 15.829645, 62.054745, 0.0 ], [ 19.742123, 59.524014, 0.0 ], [ 23.91486, 56.502544, 0.0 ], [ 27.939358, 53.286453, 0.0 ], [ 31.4218, 50.19041, 0.0 ], [ 34.02117, 47.51751, 0.0 ], [ 35.483074, 45.52938, 0.0 ]] 
boundary 0: [[ 38.519196, 79.10923, 0.0 ], [ 38.159058, 78.04503, 0.0 ], [ 36.39175, 76.32265, 0.0 ], [ 33.390354, 74.110664, 0.0 ], [ 29.44865, 71.625595, 0.0 ], [ 24.95248, 69.1107, 0.0 ], [ 20.341919, 66.812195, 0.0 ], [ 16.068327, 64.95499, 0.0 ], [ 12.550035, 63.720974, 0.0 ], [ 10.131428, 63.230858, 0.0 ], [ 9.049234, 63.532703, 0.0 ], [ 9.409421, 64.59689, 0.0 ], [ 11.176691, 66.319244, 0.0 ], [ 14.178085, 68.531296, 0.0 ], [ 18.119802, 71.01631, 0.0 ], [ 22.615974, 73.531204, 0.0 ], [ 27.226522, 75.82972, 0.0 ], [ 31.50012, 77.68701, 0.0 ], [ 35.018383, 78.921005, 0.0 ], [ 37.437035, 79.41113, 0.0 ]] 
boundary 1: [[ 38.51921, 48.890724, 0.0 ], [ 37.437004, 48.58894, 0.0 ], [ 35.018383, 49.079033, 0.0 ], [ 31.500093, 50.31307, 0.0 ], [ 27.226522, 52.170258, 0.0 ], [ 22.615988, 54.46878, 0.0 ], [ 18.1198, 56.98366, 0.0 ], [ 14.178074, 59.46875, 0.0 ], [ 11.176694, 61.68072, 0.0 ], [ 9.40942, 63.40312, 0.0 ], [ 9.049274, 64.46722, 0.0 ], [ 10.131424, 64.769104, 0.0 ], [ 12.550041, 64.279, 0.0 ], [ 16.068338, 63.04489, 0.0 ], [ 20.341915, 61.187855, 0.0 ], [ 24.952484, 58.88923, 0.0 ], [ 29.44862, 56.374367, 0.0 ], [ 33.390377, 53.889313, 0.0 ], [ 36.39175, 51.677345, 0.0 ], [ 38.159027, 49.954964, 0.0 ]] 
boundary 0: [[ 40.468372, 74.63262, 0.0 ], [ 39.952087, 73.63478, 0.0 ], [ 37.94558, 72.19814, 0.0 ], [ 34.645332, 70.46333, 0.0 ], [ 30.374378, 68.60011, 0.0 ], [ 25.550789, 66.79091, 0.0 ], [ 20.646698, 65.21284, 0.0 ], [ 16.142178, 64.020294, 0.0 ], [ 12.478187, 63.33014, 0.0 ], [ 10.013354, 63.209805, 0.0 ], [ 8.988952, 63.671154, 0.0 ], [ 9.505272, 64.66898, 0.0 ], [ 11.511738, 66.10558, 0.0 ], [ 14.811994, 67.84047, 0.0 ], [ 19.082958, 69.70364, 0.0 ], [ 23.906544, 71.512825, 0.0 ], [ 28.81063, 73.090904, 0.0 ], [ 33.315166, 74.28352, 0.0 ], [ 36.97913, 74.97368, 0.0 ], [ 39.444, 75.09403, 0.0 ]] 
boundary 1: [[ 40.468388, 53.36734, 0.0 ], [ 39.443962, 52.906044, 0.0 ], [ 36.979126, 53.026363, 0.0 ], [ 33.315132, 53.71656, 0.0 ], [ 28.810637, 54.90908, 0.0 ], [ 23.906563, 56.487156, 0.0 ], [ 19.082958, 58.29635, 0.0 ], [ 14.811977, 60.159573, 0.0 ], [ 11.511745, 61.894382, 0.0 ], [ 9.505269, 63.33104, 0.0 ], [ 8.989002, 64.328766, 0.0 ], [ 10.013356, 64.79016, 0.0 ], [ 12.478196, 64.66983, 0.0 ], [ 16.142208, 63.97956, 0.0 ], [ 20.646683, 62.7872, 0.0 ], [ 25.550806, 61.209026, 0.0 ], [ 30.374357, 59.399845, 0.0 ], [ 34.645355, 57.536663, 0.0 ], [ 37.94558, 55.80184, 0.0 ], [ 39.952057, 54.365208, 0.0 ]] 
boundary 0: [[ 41.472195, 71.12328, 0.0 ], [ 40.846733, 70.189995, 0.0 ], [ 38.69109, 68.98867, 0.0 ], [ 35.216343, 67.63689, 0.0 ], [ 30.7626, 66.26691, 0.0 ], [ 25.765835, 65.01289, 0.0 ], [ 20.715124, 63.997604, 0.0 ], [ 16.1049, 63.320374, 0.0 ], [ 12.386472, 63.04758, 0.0 ], [ 9.923783, 63.20582, 0.0 ], [ 8.957907, 63.77969, 0.0 ], [ 9.583401, 64.712975, 0.0 ], [ 11.738997, 65.91427, 0.0 ], [ 15.213763, 67.266136, 0.0 ], [ 19.667507, 68.636055, 0.0 ], [ 24.664268, 69.89005, 0.0 ], [ 29.714972, 70.90535, 0.0 ], [ 34.32523, 71.58265, 0.0 ], [ 38.043625, 71.855446, 0.0 ], [ 40.506355, 71.69723, 0.0 ]] 
boundary 1: [[ 41.47221, 56.87667, 0.0 ], [ 40.50631, 56.302845, 0.0 ], [ 38.043617, 56.144596, 0.0 ], [ 34.32518, 56.41742, 0.0 ], [ 29.71498, 57.09465, 0.0 ], [ 24.664288, 58.10994, 0.0 ], [ 19.667507, 59.363937, 0.0 ], [ 15.213741, 60.73391, 0.0 ], [ 11.739012, 62.0857, 0.0 ], [ 9.583395, 63.287056, 0.0 ], [ 8.957964, 64.220245, 0.0 ], [ 9.923788, 64.79414, 0.0 ], [ 12.386483, 64.9524, 0.0 ], [ 16.10495, 64.67948, 0.0 ], [ 20.715105, 64.00242, 0.0 ], [ 25.765858, 62.987045, 0.0 ], [ 30.762585, 61.733047, 0.0 ], [ 35.216366, 60.363117, 0.0 ], [ 38.69109, 59.011307, 0.0 ], [ 40.846703, 57.809982, 0.0 ]] 
boundary 0: [[ 41.80799, 69.42653, 0.0 ], [ 41.133514, 68.52804, 0.0 ], [ 38.916718, 67.443695, 0.0 ], [ 35.374657, 66.27967, 0.0 ], [ 30.854023, 65.1498, 0.0 ], [ 25.79735, 64.164795, 0.0 ], [ 20.69957, 63.421047, 0.0 ], [ 16.05973, 62.991318, 0.0 ], [ 12.332031, 62.91776, 0.0 ], [ 9.881328, 63.207462, 0.0 ], [ 8.947521, 63.832165, 0.0 ], [ 9.622028, 64.73067, 0.0 ], [ 11.838781, 65.81498, 0.0 ], [ 15.380867, 66.9791, 0.0 ], [ 19.901493, 68.10887, 0.0 ], [ 24.958168, 69.09387, 0.0 ], [ 30.055937, 69.83764, 0.0 ], [ 34.69582, 70.26741, 0.0 ], [ 38.423477, 70.340996, 0.0 ], [ 40.874237, 70.0513, 0.0 ]] 
boundary 1: [[ 41.808006, 58.57342, 0.0 ], [ 40.874187, 57.948765, 0.0 ], [ 38.423462, 57.659046, 0.0 ], [ 34.695766, 57.732635, 0.0 ], [ 30.055944, 58.162365, 0.0 ], [ 24.958187, 58.90611, 0.0 ], [ 19.901493, 59.89111, 0.0 ], [ 15.380842, 61.020958, 0.0 ], [ 11.838797, 62.185005, 0.0 ], [ 9.622021, 63.26936, 0.0 ], [ 8.94758, 64.16778, 0.0 ], [ 9.881335, 64.792496, 0.0 ], [ 12.332045, 65.08222, 0.0 ], [ 16.059784, 65.00854, 0.0 ], [ 20.699547, 64.57898, 0.0 ], [ 25.797377, 63.835148, 0.0 ], [ 30.854008, 62.850147, 0.0 ], [ 35.37468, 61.72035, 0.0 ], [ 38.916725, 60.556282, 0.0 ], [ 41.133484, 59.471943, 0.0 ]] 
boundary 0: [[ 41.804222, 69.44865, 0.0 ], [ 41.130367, 68.54968, 0.0 ], [ 38.91432, 67.46381, 0.0 ], [ 35.37307, 66.29734, 0.0 ], [ 30.853214, 65.1643, 0.0 ], [ 25.797234, 64.17578, 0.0 ], [ 20.699968, 63.42853, 0.0 ], [ 16.060429, 62.99557, 0.0 ], [ 12.33278, 62.919422, 0.0 ], [ 9.881876, 63.20742, 0.0 ], [ 8.947638, 63.831493, 0.0 ], [ 9.621524, 64.73044, 0.0 ], [ 11.837522, 65.81629, 0.0 ], [ 15.378796, 66.9829, 0.0 ], [ 19.89864, 68.11578, 0.0 ], [ 24.954628, 69.104294, 0.0 ], [ 30.051876, 69.85159, 0.0 ], [ 34.691463, 70.2846, 0.0 ], [ 38.41907, 70.36076, 0.0 ], [ 40.870033, 70.07277, 0.0 ]] 
boundary 1: [[ 41.804237, 58.551304, 0.0 ], [ 40.869987, 57.927296, 0.0 ], [ 38.419056, 57.639275, 0.0 ], [ 34.69141, 57.715454, 0.0 ], [ 30.051884, 58.1484, 0.0 ], [ 24.954647, 58.89568, 0.0 ], [ 19.89864, 59.884193, 0.0 ], [ 15.378771, 61.017178, 0.0 ], [ 11.837537, 62.183678, 0.0 ], [ 9.621516, 63.269585, 0.0 ], [ 8.947697, 64.16849, 0.0 ], [ 9.881883, 64.7925, 0.0 ], [ 12.332793, 65.08055, 0.0 ], [ 16.060482, 65.00427, 0.0 ], [ 20.699945, 64.571526, 0.0 ], [ 25.79726, 63.824127, 0.0 ], [ 30.853199, 62.835617, 0.0 ], [ 35.373093, 61.702694, 0.0 ], [ 38.91433, 60.536167, 0.0 ], [ 41.130337, 59.45029, 0.0 ]] 
boundary 0: [[ 41.54506, 70.79264, 0.0 ], [ 40.909866, 69.865974, 0.0 ], [ 38.741756, 68.68729, 0.0 ], [ 35.253044, 67.37198, 0.0 ], [ 30.785196, 66.04866, 0.0 ], [ 25.775581, 64.847046, 0.0 ], [ 20.714508, 63.88472, 0.0 ], [ 16.09745, 63.25579, 0.0 ], [ 12.376363, 63.021946, 0.0 ], [ 9.915467, 63.20595, 0.0 ], [ 8.955654, 63.78993, 0.0 ], [ 9.590889, 64.71658, 0.0 ], [ 11.7589445, 65.895226, 0.0 ], [ 15.247671, 67.2107, 0.0 ], [ 19.715515, 68.53386, 0.0 ], [ 24.725143, 69.73547, 0.0 ], [ 29.786194, 70.69783, 0.0 ], [ 34.403305, 71.32681, 0.0 ], [ 38.124344, 71.56068, 0.0 ], [ 40.58529, 71.37667, 0.0 ]] 
boundary 1: [[ 41.545074, 57.207302, 0.0 ], [ 40.58526, 56.62339, 0.0 ], [ 38.12433, 56.43936, 0.0 ], [ 34.40325, 56.673237, 0.0 ], [ 29.7862, 57.302147, 0.0 ], [ 24.725159, 58.264503, 0.0 ], [ 19.715515, 59.466114, 0.0 ], [ 15.247647, 60.78938, 0.0 ], [ 11.758957, 62.10471, 0.0 ], [ 9.590882, 63.283432, 0.0 ], [ 8.955712, 64.21005, 0.0 ], [ 9.915469, 64.793976, 0.0 ], [ 12.376375, 64.97803, 0.0 ], [ 16.097494, 64.74404, 0.0 ], [ 20.714485, 64.11533, 0.0 ], [ 25.775604, 63.152863, 0.0 ], [ 30.78518, 61.95126, 0.0 ], [ 35.253067, 60.628056, 0.0 ], [ 38.741756, 59.31269, 0.0 ], [ 40.90983, 58.134007, 0.0 ]] 
boundary 0: [[ 41.078545, 72.684296, 0.0 ], [ 40.500313, 71.72106, 0.0 ], [ 38.407127, 70.41393, 0.0 ], [ 35.00398, 68.890884, 0.0 ], [ 30.623943, 67.30085, 0.0 ], [ 25.695797, 65.7997, 0.0 ], [ 20.701881, 64.53428, 0.0 ], [ 16.13108, 63.628414, 0.0 ], [ 12.430836, 63.170864, 0.0 ], [ 9.963326, 63.206306, 0.0 ], [ 8.970082, 63.73142, 0.0 ], [ 9.54835, 64.69466, 0.0 ], [ 11.6414795, 66.00174, 0.0 ], [ 15.0446415, 67.52495, 0.0 ], [ 19.424675, 69.11481, 0.0 ], [ 24.352837, 70.61599, 0.0 ], [ 29.346737, 71.88142, 0.0 ], [ 33.917576, 72.78735, 0.0 ], [ 37.617767, 73.24492, 0.0 ], [ 40.085335, 73.20945, 0.0 ]] 
boundary 1: [[ 41.07856, 55.315647, 0.0 ], [ 40.085304, 54.790604, 0.0 ], [ 37.61776, 54.755135, 0.0 ], [ 33.91753, 55.212704, 0.0 ], [ 29.34674, 56.118565, 0.0 ], [ 24.352848, 57.383995, 0.0 ], [ 19.424675, 58.88516, 0.0 ], [ 15.044622, 60.475124, 0.0 ], [ 11.641486, 61.998188, 0.0 ], [ 9.5483465, 63.30536, 0.0 ], [ 8.970139, 64.26854, 0.0 ], [ 9.963324, 64.79361, 0.0 ], [ 12.430847, 64.829094, 0.0 ], [ 16.131119, 64.371414, 0.0 ], [ 20.701859, 63.465763, 0.0 ], [ 25.69582, 62.200214, 0.0 ], [ 30.623919, 60.69906, 0.0 ], [ 35.004, 59.109165, 0.0 ], [ 38.407127, 57.586056, 0.0 ], [ 40.500275, 56.27893, 0.0 ]] 
boundary 0: [[ 40.261322, 75.20956, 0.0 ], [ 39.764046, 74.20215, 0.0 ], [ 37.785126, 72.72774, 0.0 ], [ 34.518356, 70.930695, 0.0 ], [ 30.283495, 68.98678, 0.0 ], [ 25.495077, 67.08647, 0.0 ], [ 20.621773, 65.4157, 0.0 ], [ 16.140675, 64.13801, 0.0 ], [ 12.490425, 63.3785, 0.0 ], [ 10.028325, 63.21144, 0.0 ], [ 8.995356, 63.653316, 0.0 ], [ 9.492671, 64.66073, 0.0 ], [ 11.471541, 66.13511, 0.0 ], [ 14.738302, 67.93229, 0.0 ], [ 18.973179, 69.87604, 0.0 ], [ 23.761608, 71.77638, 0.0 ], [ 28.634895, 73.44715, 0.0 ], [ 33.116024, 74.72493, 0.0 ], [ 36.76622, 75.48443, 0.0 ], [ 39.228382, 75.651474, 0.0 ]] 
boundary 1: [[ 40.26133, 52.79039, 0.0 ], [ 39.228355, 52.34858, 0.0 ], [ 36.76622, 52.515614, 0.0 ], [ 33.11599, 53.275127, 0.0 ], [ 28.634895, 54.552834, 0.0 ], [ 23.76162, 56.223606, 0.0 ], [ 18.973179, 58.123913, 0.0 ], [ 14.738291, 60.067776, 0.0 ], [ 11.471543, 61.86484, 0.0 ], [ 9.492668, 63.339275, 0.0 ], [ 8.995408, 64.346634, 0.0 ], [ 10.028313, 64.788475, 0.0 ], [ 12.490433, 64.62146, 0.0 ], [ 16.1407, 63.861816, 0.0 ], [ 20.621756, 62.58433, 0.0 ], [ 25.495087, 60.913445, 0.0 ], [ 30.283463, 59.013145, 0.0 ], [ 34.51838, 57.06935, 0.0 ], [ 37.785126, 55.27225, 0.0 ], [ 39.764008, 53.79785, 0.0 ]] 
boundary 0: [[ 39.0991, 77.95702, 0.0 ], [ 38.696793, 76.908066, 0.0 ], [ 36.86219, 75.25755, 0.0 ], [ 33.77494, 73.167076, 0.0 ], [ 29.73727, 70.841125, 0.0 ], [ 25.144375, 68.50758, 0.0 ], [ 20.4458, 66.394775, 0.0 ], [ 16.101536, 64.709526, 0.0 ], [ 12.53682, 63.61682, 0.0 ], [ 10.100597, 63.223553, 0.0 ], [ 9.031299, 63.56834, 0.0 ], [ 9.433652, 64.6173, 0.0 ], [ 11.268212, 66.267784, 0.0 ], [ 14.355433, 68.3584, 0.0 ], [ 18.393135, 70.68417, 0.0 ], [ 22.986042, 73.01777, 0.0 ], [ 27.684597, 75.13058, 0.0 ], [ 32.02889, 76.81591, 0.0 ], [ 35.59356, 77.9086, 0.0 ], [ 38.02984, 78.30186, 0.0 ]] 
boundary 1: [[ 39.099106, 50.042923, 0.0 ], [ 38.029808, 49.6982, 0.0 ], [ 35.59356, 50.09144, 0.0 ], [ 32.02886, 51.18415, 0.0 ], [ 27.684597, 52.869415, 0.0 ], [ 22.986053, 54.982216, 0.0 ], [ 18.393131, 57.315765, 0.0 ], [ 14.355425, 59.64166, 0.0 ], [ 11.2682085, 61.73216, 0.0 ], [ 9.433649, 63.3827, 0.0 ], [ 9.031347, 64.431595, 0.0 ], [ 10.10058, 64.776375, 0.0 ], [ 12.536825, 64.38314, 0.0 ], [ 16.101543, 63.290306, 0.0 ], [ 20.445787, 61.60526, 0.0 ], [ 25.144379, 59.492332, 0.0 ], [ 29.737232, 57.1588, 0.0 ], [ 33.774963, 54.83297, 0.0 ], [ 36.86219, 52.742435, 0.0 ], [ 38.696754, 51.09194, 0.0 ]] 
boundary 0: [[ 37.59983, 80.733345, 0.0 ], [ 37.30169, 79.65019, 0.0 ], [ 35.636696, 77.82871, 0.0 ], [ 32.767902, 75.447266, 0.0 ], [ 28.976168, 72.73884, 0.0 ], [ 24.632595, 69.968735, 0.0 ], [ 20.162327, 67.40803, 0.0 ], [ 16.00301, 65.30736, 0.0 ], [ 12.561773, 63.87241, 0.0 ], [ 10.175482, 63.243553, 0.0 ], [ 9.077665, 63.48248, 0.0 ], [ 9.375863, 64.56567, 0.0 ], [ 11.040814, 66.3871, 0.0 ], [ 13.909565, 68.76868, 0.0 ], [ 17.70135, 71.47692, 0.0 ], [ 22.044928, 74.24708, 0.0 ], [ 26.515177, 76.807785, 0.0 ], [ 30.674515, 78.90855, 0.0 ], [ 34.115715, 80.343475, 0.0 ], [ 36.50206, 80.97233, 0.0 ]] 
boundary 1: [[ 37.59983, 47.2666, 0.0 ], [ 36.50203, 47.027737, 0.0 ], [ 34.115715, 47.656567, 0.0 ], [ 30.67449, 49.091522, 0.0 ], [ 26.515173, 51.192192, 0.0 ], [ 22.044935, 53.752903, 0.0 ], [ 17.701336, 56.523018, 0.0 ], [ 13.909563, 59.2314, 0.0 ], [ 11.040806, 61.61285, 0.0 ], [ 9.375861, 63.43435, 0.0 ], [ 9.07771, 64.517456, 0.0 ], [ 10.175456, 64.75638, 0.0 ], [ 12.561773, 64.127556, 0.0 ], [ 16.002996, 62.69247, 0.0 ], [ 20.162315, 60.59201, 0.0 ], [ 24.632587, 58.031178, 0.0 ], [ 28.976128, 55.26109, 0.0 ], [ 32.76793, 52.552773, 0.0 ], [ 35.636696, 50.171284, 0.0 ], [ 37.30165, 48.349823, 0.0 ]] 
boundary 0: [[ 35.633713, 83.619644, 0.0 ], [ 35.454132, 82.51065, 0.0 ], [ 33.9953, 80.52022, 0.0 ], [ 31.400084, 77.843254, 0.0 ], [ 27.922583, 74.741684, 0.0 ], [ 23.90311, 71.51928, 0.0 ], [ 19.735092, 68.49138, 0.0 ], [ 15.826601, 65.95437, 0.0 ], [ 12.560204, 64.15664, 0.0 ], [ 10.255654, 63.274075, 0.0 ], [ 9.138473, 63.393208, 0.0 ], [ 9.318106, 64.50224, 0.0 ], [ 10.776899, 66.49262, 0.0 ], [ 13.372058, 69.1697, 0.0 ], [ 16.849632, 72.27111, 0.0 ], [ 20.869102, 75.49359, 0.0 ], [ 25.037096, 78.521484, 0.0 ], [ 28.945606, 81.05858, 0.0 ], [ 32.211975, 82.85628, 0.0 ], [ 34.51657, 83.738846, 0.0 ]] 
boundary 1: [[ 35.633705, 44.3803, 0.0 ], [ 34.51655, 44.26123, 0.0 ], [ 32.211975, 45.14377, 0.0 ], [ 28.945583, 46.941486, 0.0 ], [ 25.03709, 49.478504, 0.0 ], [ 20.869106, 52.5064, 0.0 ], [ 16.849613, 55.728836, 0.0 ], [ 13.372063, 58.830368, 0.0 ], [ 10.776886, 61.50733, 0.0 ], [ 9.318106, 63.497772, 0.0 ], [ 9.138511, 64.60672, 0.0 ], [ 10.255622, 64.72585, 0.0 ], [ 12.5602, 63.843327, 0.0 ], [ 15.8265705, 62.04547, 0.0 ], [ 19.735085, 59.508663, 0.0 ], [ 23.903088, 56.480637, 0.0 ], [ 27.922533, 53.258247, 0.0 ], [ 31.40012, 50.15677, 0.0 ], [ 33.9953, 47.479774, 0.0 ], [ 35.454094, 45.489365, 0.0 ]] 
boundary 0: [[ 33.653336, 85.97273, 0.0 ], [ 33.579933, 84.85171, 0.0 ], [ 32.31682, 82.73166, 0.0 ], [ 29.98769, 79.820244, 0.0 ], [ 26.820602, 76.402306, 0.0 ], [ 23.125488, 72.81256, 0.0 ], [ 19.264015, 69.40235, 0.0 ], [ 15.614248, 66.50545, 0.0 ], [ 12.533436, 64.40551, 0.0 ], [ 10.323168, 63.307983, 0.0 ], [ 9.199722, 63.320427, 0.0 ], [ 9.2731695, 64.44151, 0.0 ], [ 10.536252, 66.56149, 0.0 ], [ 12.8653145, 69.47303, 0.0 ], [ 16.032486, 72.89083, 0.0 ], [ 19.727594, 76.48064, 0.0 ], [ 23.589043, 79.89085, 0.0 ], [ 27.238813, 82.78783, 0.0 ], [ 30.319607, 84.887726, 0.0 ], [ 32.529922, 85.985275, 0.0 ]] 
boundary 1: [[ 33.653328, 42.02721, 0.0 ], [ 32.529907, 42.01481, 0.0 ], [ 30.319607, 43.11232, 0.0 ], [ 27.238798, 45.212254, 0.0 ], [ 23.589039, 48.109154, 0.0 ], [ 19.727598, 51.519363, 0.0 ], [ 16.032461, 55.109127, 0.0 ], [ 12.865326, 58.52703, 0.0 ], [ 10.536236, 61.438454, 0.0 ], [ 9.273172, 63.558502, 0.0 ], [ 9.199751, 64.6795, 0.0 ], [ 10.323128, 64.69194, 0.0 ], [ 12.533431, 63.594448, 0.0 ], [ 15.614204, 61.494385, 0.0 ], [ 19.264013, 58.597694, 0.0 ], [ 23.125458, 55.18735, 0.0 ], [ 26.82055, 51.597645, 0.0 ], [ 29.987728, 48.179787, 0.0 ], [ 32.31681, 45.268326, 0.0 ], [ 33.579895, 43.148308, 0.0 ]] 
boundary 0: [[ 31.605768, 87.99469, 0.0 ], [ 31.632332, 86.87158, 0.0 ], [ 30.562716, 84.64761, 0.0 ], [ 28.501667, 81.54066, 0.0 ], [ 25.651016, 77.85466, 0.0 ], [ 22.289705, 73.95059, 0.0 ], [ 18.74673, 70.21058, 0.0 ], [ 15.368986, 67.00062, 0.0 ], [ 12.487085, 64.63508, 0.0 ], [ 10.383152, 63.345383, 0.0 ], [ 9.26305, 63.25789, 0.0 ], [ 9.236527, 64.381065, 0.0 ], [ 10.306118, 66.60496, 0.0 ], [ 12.367086, 69.712036, 0.0 ], [ 15.217834, 73.39791, 0.0 ], [ 18.579132, 77.302025, 0.0 ], [ 22.122084, 81.04205, 0.0 ], [ 25.49983, 84.25207, 0.0 ], [ 28.38171, 86.61758, 0.0 ], [ 30.485691, 87.907295, 0.0 ]] 
boundary 1: [[ 31.605759, 40.00525, 0.0 ], [ 30.48568, 40.09279, 0.0 ], [ 28.381716, 41.38247, 0.0 ], [ 25.499817, 43.74801, 0.0 ], [ 22.12208, 46.957947, 0.0 ], [ 18.579132, 50.69797, 0.0 ], [ 15.217806, 54.60206, 0.0 ], [ 12.3671055, 58.28801, 0.0 ], [ 10.306097, 61.394993, 0.0 ], [ 9.236533, 63.61895, 0.0 ], [ 9.263069, 64.74202, 0.0 ], [ 10.383104, 64.65453, 0.0 ], [ 12.487075, 63.364876, 0.0 ], [ 15.368925, 60.999214, 0.0 ], [ 18.746737, 57.78949, 0.0 ], [ 22.289667, 54.049316, 0.0 ], [ 25.650957, 50.1453, 0.0 ], [ 28.501705, 46.459366, 0.0 ], [ 30.562708, 43.352356, 0.0 ], [ 31.632294, 41.128445, 0.0 ]] 
boundary 0: [[ 30.143925, 89.23828, 0.0 ], [ 30.237082, 88.11872, 0.0 ], [ 29.301302, 85.83521, 0.0 ], [ 27.428225, 82.61146, 0.0 ], [ 24.8013, 78.76282, 0.0 ], [ 21.677542, 74.66619, 0.0 ], [ 18.362715, 70.72256, 0.0 ], [ 15.1813755, 67.31784, 0.0 ], [ 12.444905, 64.78548, 0.0 ], [ 10.421201, 63.373226, 0.0 ], [ 9.308263, 63.219425, 0.0 ], [ 9.215147, 64.33905, 0.0 ], [ 10.150903, 66.62248, 0.0 ], [ 12.0238905, 69.84637, 0.0 ], [ 14.650926, 73.69489, 0.0 ], [ 17.774662, 77.79156, 0.0 ], [ 21.089466, 81.735214, 0.0 ], [ 24.270803, 85.13998, 0.0 ], [ 27.007256, 87.67232, 0.0 ], [ 29.031008, 89.08458, 0.0 ]] 
boundary 1: [[ 30.143913, 38.761658, 0.0 ], [ 29.031002, 38.9155, 0.0 ], [ 27.007263, 40.327744, 0.0 ], [ 24.270798, 42.8601, 0.0 ], [ 21.089462, 46.26479, 0.0 ], [ 17.774662, 50.208435, 0.0 ], [ 14.650895, 54.30508, 0.0 ], [ 12.023914, 58.15368, 0.0 ], [ 10.150882, 61.377464, 0.0 ], [ 9.215153, 63.66096, 0.0 ], [ 9.308275, 64.78048, 0.0 ], [ 10.421146, 64.62669, 0.0 ], [ 12.444894, 63.214478, 0.0 ], [ 15.181305, 60.682, 0.0 ], [ 18.362722, 57.277515, 0.0 ], [ 21.677502, 53.33372, 0.0 ], [ 24.801231, 49.237156, 0.0 ], [ 27.428263, 45.388565, 0.0 ], [ 29.301294, 42.164757, 0.0 ], [ 30.237045, 39.881294, 0.0 ]] 
boundary 0: [[ 28.823107, 90.2415, 0.0 ], [ 28.973553, 89.128174, 0.0 ], [ 28.156105, 86.79969, 0.0 ], [ 26.450806, 83.484116, 0.0 ], [ 24.024694, 79.505844, 0.0 ], [ 21.115126, 75.2544, 0.0 ], [ 18.006893, 71.145966, 0.0 ], [ 15.004332, 67.58258, 0.0 ], [ 12.40132, 64.91324, 0.0 ], [ 10.452701, 63.399067, 0.0 ], [ 9.349113, 63.188396, 0.0 ], [ 9.198705, 64.30177, 0.0 ], [ 10.016135, 66.63017, 0.0 ], [ 11.721334, 69.945885, 0.0 ], [ 14.147562, 73.92406, 0.0 ], [ 17.057112, 78.175514, 0.0 ], [ 20.165321, 82.28398, 0.0 ], [ 23.167875, 85.847404, 0.0 ], [ 25.770868, 88.51673, 0.0 ], [ 27.719536, 90.03093, 0.0 ]] 
boundary 1: [[ 28.823092, 37.758446, 0.0 ], [ 27.719532, 37.969154, 0.0 ], [ 25.770878, 39.483322, 0.0 ], [ 23.167873, 42.15267, 0.0 ], [ 20.165318, 45.716026, 0.0 ], [ 17.057112, 49.82447, 0.0 ], [ 14.147529, 54.075912, 0.0 ], [ 11.721364, 58.05416, 0.0 ], [ 10.016111, 61.369755, 0.0 ], [ 9.19871, 63.69824, 0.0 ], [ 9.349119, 64.81151, 0.0 ], [ 10.452642, 64.60085, 0.0 ], [ 12.401308, 63.08672, 0.0 ], [ 15.00425, 60.417244, 0.0 ], [ 18.0069, 56.854095, 0.0 ], [ 21.115082, 52.745506, 0.0 ], [ 24.024626, 48.49414, 0.0 ], [ 26.450844, 44.515903, 0.0 ], [ 28.156097, 41.20028, 0.0 ], [ 28.973516, 38.87184, 0.0 ]] 
boundary 0: [[ 26.23405, 91.923584, 0.0 ], [ 26.490004, 90.8297, 0.0 ], [ 25.898375, 88.43385, 0.0 ], [ 24.51709, 84.97073, 0.0 ], [ 22.481491, 80.77919, 0.0 ], [ 19.990694, 76.26963, 0.0 ], [ 17.288496, 71.88345, 0.0 ], [ 14.639503, 68.04992, 0.0 ], [ 12.302963, 65.144485, 0.0 ], [ 10.507649, 63.451344, 0.0 ], [ 9.429189, 63.13637, 0.0 ], [ 9.173271, 64.230316, 0.0 ], [ 9.764889, 66.62608, 0.0 ], [ 11.146059, 70.089325, 0.0 ], [ 13.181786, 74.28076, 0.0 ], [ 15.67256, 78.79036, 0.0 ], [ 18.374737, 83.17657, 0.0 ], [ 21.023712, 87.01013, 0.0 ], [ 23.36024, 89.91556, 0.0 ], [ 25.155598, 91.6087, 0.0 ]] 
boundary 1: [[ 26.23403, 36.07637, 0.0 ], [ 25.155598, 36.391376, 0.0 ], [ 23.360254, 38.084503, 0.0 ], [ 21.023724, 40.98995, 0.0 ], [ 18.374733, 44.82345, 0.0 ], [ 15.67256, 49.209625, 0.0 ], [ 13.181748, 53.719208, 0.0 ], [ 11.146093, 57.91073, 0.0 ], [ 9.76486, 61.37385, 0.0 ], [ 9.173278, 63.769684, 0.0 ], [ 9.429185, 64.86353, 0.0 ], [ 10.507584, 64.54858, 0.0 ], [ 12.302946, 62.855484, 0.0 ], [ 14.639403, 59.94991, 0.0 ], [ 17.28851, 56.11661, 0.0 ], [ 19.990643, 51.730293, 0.0 ], [ 22.481419, 47.220795, 0.0 ], [ 24.517136, 43.02928, 0.0 ], [ 25.898361, 39.56612, 0.0 ], [ 26.489967, 37.170326, 0.0 ]] 
boundary 0: [[ 26.685692, 91.65498, 0.0 ], [ 26.923832, 90.55708, 0.0 ], [ 26.293348, 88.17117, 0.0 ], [ 24.855965, 84.73096, 0.0 ], [ 22.752518, 80.57305, 0.0 ], [ 20.188763, 76.10457, 0.0 ], [ 17.415642, 71.76288, 0.0 ], [ 14.704697, 67.9729, 0.0 ], [ 12.321249, 65.10583, 0.0 ], [ 10.498657, 63.44208, 0.0 ], [ 9.41522, 63.14468, 0.0 ], [ 9.1771145, 64.24264, 0.0 ], [ 9.807589, 66.62847, 0.0 ], [ 11.244858, 70.06881, 0.0 ], [ 13.348433, 74.22661, 0.0 ], [ 15.912164, 78.69514, 0.0 ], [ 18.685265, 83.03685, 0.0 ], [ 21.39619, 86.82686, 0.0 ], [ 23.779629, 89.69393, 0.0 ], [ 25.602264, 91.35767, 0.0 ]] 
boundary 1: [[ 26.68567, 36.344967, 0.0 ], [ 25.602262, 36.642403, 0.0 ], [ 23.77964, 38.30613, 0.0 ], [ 21.396202, 41.173218, 0.0 ], [ 18.68526, 44.963165, 0.0 ], [ 15.912165, 49.304848, 0.0 ], [ 13.348395, 53.773357, 0.0 ], [ 11.244892, 57.931244, 0.0 ], [ 9.807561, 61.37146, 0.0 ], [ 9.177121, 63.757362, 0.0 ], [ 9.415218, 64.855225, 0.0 ], [ 10.498592, 64.55784, 0.0 ], [ 12.321233, 62.894146, 0.0 ], [ 14.704601, 60.026924, 0.0 ], [ 17.415653, 56.237183, 0.0 ], [ 20.188713, 51.89536, 0.0 ], [ 22.752445, 47.426933, 0.0 ], [ 24.85601, 43.26906, 0.0 ], [ 26.293335, 39.8288, 0.0 ], [ 26.923796, 37.442936, 0.0 ]] 
boundary 0: [[ 30.716852, 88.76862, 0.0 ], [ 30.784336, 87.64721, 0.0 ], [ 29.796492, 85.38576, 0.0 ], [ 27.850039, 82.20573, 0.0 ], [ 25.135626, 78.41832, 0.0 ], [ 21.918839, 74.39433, 0.0 ], [ 18.514528, 70.52766, 0.0 ], [ 15.25601, 67.19672, 0.0 ], [ 12.462242, 64.72774, 0.0 ], [ 10.406712, 63.36221, 0.0 ], [ 9.2905445, 63.233955, 0.0 ], [ 9.223103, 64.35541, 0.0 ], [ 10.210928, 66.61678, 0.0 ], [ 12.157286, 69.79694, 0.0 ], [ 14.871807, 73.584236, 0.0 ], [ 18.08858, 77.60828, 0.0 ], [ 21.49287, 81.474976, 0.0 ], [ 24.751375, 84.80594, 0.0 ], [ 27.545137, 87.27492, 0.0 ], [ 29.600708, 88.64045, 0.0 ]] 
boundary 1: [[ 30.71684, 39.231327, 0.0 ], [ 29.600695, 39.359634, 0.0 ], [ 27.545135, 40.725143, 0.0 ], [ 24.751371, 43.194126, 0.0 ], [ 21.492867, 46.52504, 0.0 ], [ 18.088585, 50.39171, 0.0 ], [ 14.871777, 54.415714, 0.0 ], [ 12.157311, 58.203117, 0.0 ], [ 10.210913, 61.383137, 0.0 ], [ 9.223108, 63.644592, 0.0 ], [ 9.290556, 64.76595, 0.0 ], [ 10.40666, 64.6377, 0.0 ], [ 12.462231, 63.27223, 0.0 ], [ 15.255941, 60.80311, 0.0 ], [ 18.514524, 57.47241, 0.0 ], [ 21.918795, 53.60559, 0.0 ], [ 25.135557, 49.58166, 0.0 ], [ 27.850084, 45.79428, 0.0 ], [ 29.796482, 42.61422, 0.0 ], [ 30.784296, 40.3528, 0.0 ]] 
boundary 0: [[ 32.608303, 87.04962, 0.0 ], [ 32.586994, 85.92635, 0.0 ], [ 31.423616, 83.75001, 0.0 ], [ 29.232067, 80.733665, 0.0 ], [ 26.226976, 77.172485, 0.0 ], [ 22.702404, 73.41516, 0.0 ], [ 19.003311, 69.82946, 0.0 ], [ 15.491878, 66.76631, 0.0 ], [ 12.511822, 64.5257, 0.0 ], [ 10.354855, 63.326813, 0.0 ], [ 9.232047, 63.287125, 0.0 ], [ 9.253395, 64.41039, 0.0 ], [ 10.416751, 66.586685, 0.0 ], [ 12.608218, 69.60319, 0.0 ], [ 15.613402, 73.16422, 0.0 ], [ 19.13797, 76.9216, 0.0 ], [ 22.83704, 80.507324, 0.0 ], [ 26.348461, 83.5705, 0.0 ], [ 29.328516, 85.8111, 0.0 ], [ 31.485523, 87.01001, 0.0 ]] 
boundary 1: [[ 32.608295, 40.95034, 0.0 ], [ 31.485498, 40.990078, 0.0 ], [ 29.328506, 42.188965, 0.0 ], [ 26.348457, 44.429565, 0.0 ], [ 22.837036, 47.49269, 0.0 ], [ 19.137974, 51.07839, 0.0 ], [ 15.613375, 54.835735, 0.0 ], [ 12.608238, 58.3969, 0.0 ], [ 10.416742, 61.413235, 0.0 ], [ 9.253401, 63.589603, 0.0 ], [ 9.232063, 64.71278, 0.0 ], [ 10.354812, 64.673096, 0.0 ], [ 12.511812, 63.47425, 0.0 ], [ 15.491821, 61.233517, 0.0 ], [ 19.003304, 58.170597, 0.0 ], [ 22.702366, 54.584763, 0.0 ], [ 26.226908, 50.827484, 0.0 ], [ 29.23211, 47.26635, 0.0 ], [ 31.423615, 44.24996, 0.0 ], [ 32.586956, 42.07364, 0.0 ]] 
boundary 0: [[ 35.665, 83.57856, 0.0 ], [ 35.48365, 82.46984, 0.0 ], [ 34.021645, 80.48175, 0.0 ], [ 31.422155, 77.808945, 0.0 ], [ 27.939709, 74.712975, 0.0 ], [ 23.915104, 71.49696, 0.0 ], [ 19.742254, 68.47572, 0.0 ], [ 15.829701, 65.94493, 0.0 ], [ 12.56045, 64.15244, 0.0 ], [ 10.254492, 63.273556, 0.0 ], [ 9.137509, 63.394474, 0.0 ], [ 9.318908, 64.50322, 0.0 ], [ 10.7808695, 66.49125, 0.0 ], [ 13.380304, 69.164215, 0.0 ], [ 16.862825, 72.26004, 0.0 ], [ 20.887432, 75.4761, 0.0 ], [ 25.060257, 78.49735, 0.0 ], [ 28.972807, 81.02819, 0.0 ], [ 32.24205, 82.82068, 0.0 ], [ 34.54805, 83.69956, 0.0 ]] 
boundary 1: [[ 35.665, 44.421387, 0.0 ], [ 34.54802, 44.300514, 0.0 ], [ 32.242035, 45.179386, 0.0 ], [ 28.972794, 46.971874, 0.0 ], [ 25.060253, 49.502663, 0.0 ], [ 20.887436, 52.5239, 0.0 ], [ 16.862808, 55.739914, 0.0 ], [ 13.380312, 58.835876, 0.0 ], [ 10.78087, 61.50867, 0.0 ], [ 9.3189125, 63.4968, 0.0 ], [ 9.13754, 64.60542, 0.0 ], [ 10.254462, 64.72635, 0.0 ], [ 12.560445, 63.84752, 0.0 ], [ 15.829671, 62.054893, 0.0 ], [ 19.742233, 59.524326, 0.0 ], [ 23.915075, 56.502956, 0.0 ], [ 27.939642, 53.28699, 0.0 ], [ 31.422192, 50.191067, 0.0 ], [ 34.021645, 47.51822, 0.0 ], [ 35.483612, 45.53015, 0.0 ]] 
boundary 0: [[ 38.519638, 79.108315, 0.0 ], [ 38.159466, 78.044174, 0.0 ], [ 36.392105, 76.32184, 0.0 ], [ 33.39062, 74.109985, 0.0 ], [ 29.448874, 71.62501, 0.0 ], [ 24.952646, 69.11025, 0.0 ], [ 20.342005, 66.81186, 0.0 ], [ 16.068338, 64.95477, 0.0 ], [ 12.550024, 63.720882, 0.0 ], [ 10.131408, 63.230824, 0.0 ], [ 9.049221, 63.532722, 0.0 ], [ 9.409445, 64.5969, 0.0 ], [ 11.176754, 66.319176, 0.0 ], [ 14.178211, 68.53119, 0.0 ], [ 18.120003, 71.016014, 0.0 ], [ 22.616247, 73.53083, 0.0 ], [ 27.226864, 75.829216, 0.0 ], [ 31.500536, 77.68637, 0.0 ], [ 35.018837, 78.92024, 0.0 ], [ 37.4375, 79.41031, 0.0 ]] 
boundary 1: [[ 38.519638, 48.891624, 0.0 ], [ 37.43745, 48.589767, 0.0 ], [ 35.018814, 49.079815, 0.0 ], [ 31.50051, 50.31371, 0.0 ], [ 27.226856, 52.170788, 0.0 ], [ 22.616251, 54.469173, 0.0 ], [ 18.119997, 56.983936, 0.0 ], [ 14.178204, 59.4689, 0.0 ], [ 11.176769, 61.680756, 0.0 ], [ 9.409446, 63.403114, 0.0 ], [ 9.04927, 64.467155, 0.0 ], [ 10.1313925, 64.76908, 0.0 ], [ 12.550026, 64.27907, 0.0 ], [ 16.06834, 63.04504, 0.0 ], [ 20.341972, 61.18818, 0.0 ], [ 24.95263, 58.889675, 0.0 ], [ 29.448812, 56.374947, 0.0 ], [ 33.39065, 53.890026, 0.0 ], [ 36.392105, 51.678123, 0.0 ], [ 38.159428, 49.95581, 0.0 ]] 
boundary 0: [[ 40.468666, 74.63165, 0.0 ], [ 39.952362, 73.633865, 0.0 ], [ 37.945816, 72.19729, 0.0 ], [ 34.6455, 70.4626, 0.0 ], [ 30.374508, 68.59949, 0.0 ], [ 25.550884, 66.79044, 0.0 ], [ 20.646725, 65.2125, 0.0 ], [ 16.142159, 64.02008, 0.0 ], [ 12.478161, 63.330055, 0.0 ], [ 10.01333, 63.209774, 0.0 ], [ 8.988939, 63.671173, 0.0 ], [ 9.505297, 64.66898, 0.0 ], [ 11.511789, 66.10551, 0.0 ], [ 14.812103, 67.84034, 0.0 ], [ 19.08311, 69.70329, 0.0 ], [ 23.906757, 71.51243, 0.0 ], [ 28.810888, 73.090355, 0.0 ], [ 33.315483, 74.28282, 0.0 ], [ 36.97947, 74.972855, 0.0 ], [ 39.444344, 75.09314, 0.0 ]] 
boundary 1: [[ 40.468674, 53.368294, 0.0 ], [ 39.444283, 52.906937, 0.0 ], [ 36.97943, 53.027203, 0.0 ], [ 33.315437, 53.717255, 0.0 ], [ 28.810879, 54.909653, 0.0 ], [ 23.906761, 56.48758, 0.0 ], [ 19.083107, 58.29665, 0.0 ], [ 14.812082, 60.15974, 0.0 ], [ 11.511815, 61.89443, 0.0 ], [ 9.505297, 63.33104, 0.0 ], [ 8.989007, 64.328705, 0.0 ], [ 10.013329, 64.79014, 0.0 ], [ 12.478171, 64.66989, 0.0 ], [ 16.142189, 63.9797, 0.0 ], [ 20.646687, 62.78753, 0.0 ], [ 25.55088, 61.209484, 0.0 ], [ 30.374458, 59.400444, 0.0 ], [ 34.64553, 57.537407, 0.0 ], [ 37.945824, 55.80267, 0.0 ], [ 39.952324, 54.36612, 0.0 ]] 
boundary 0: [[ 41.47238, 71.1223, 0.0 ], [ 40.8469, 70.18907, 0.0 ], [ 38.691227, 68.98781, 0.0 ], [ 35.216423, 67.63613, 0.0 ], [ 30.76266, 66.266266, 0.0 ], [ 25.765877, 65.01242, 0.0 ], [ 20.715115, 63.99727, 0.0 ], [ 16.104862, 63.320164, 0.0 ], [ 12.3864355, 63.0475, 0.0 ], [ 9.923755, 63.205795, 0.0 ], [ 8.957897, 63.77971, 0.0 ], [ 9.5834255, 64.712975, 0.0 ], [ 11.73904, 65.91419, 0.0 ], [ 15.213858, 67.26601, 0.0 ], [ 19.667618, 68.63568, 0.0 ], [ 24.664433, 69.88962, 0.0 ], [ 29.715162, 70.904755, 0.0 ], [ 34.32546, 71.581924, 0.0 ], [ 38.04386, 71.8546, 0.0 ], [ 40.50659, 71.6963, 0.0 ]] 
boundary 1: [[ 41.47239, 56.877647, 0.0 ], [ 40.506527, 56.303764, 0.0 ], [ 38.043823, 56.145462, 0.0 ], [ 34.325397, 56.418148, 0.0 ], [ 29.715155, 57.095245, 0.0 ], [ 24.664436, 58.110382, 0.0 ], [ 19.66762, 59.36425, 0.0 ], [ 15.213825, 60.734093, 0.0 ], [ 11.739074, 62.085762, 0.0 ], [ 9.583422, 63.28706, 0.0 ], [ 8.957974, 64.220184, 0.0 ], [ 9.923762, 64.79411, 0.0 ], [ 12.386454, 64.952446, 0.0 ], [ 16.104914, 64.67962, 0.0 ], [ 20.715073, 64.00275, 0.0 ], [ 25.765882, 62.987507, 0.0 ], [ 30.76262, 61.733654, 0.0 ], [ 35.216454, 60.363876, 0.0 ], [ 38.691235, 59.01216, 0.0 ], [ 40.846863, 57.81092, 0.0 ]] 
boundary 0: [[ 41.80812, 69.42555, 0.0 ], [ 41.133636, 68.527115, 0.0 ], [ 38.916813, 67.44283, 0.0 ], [ 35.374702, 66.278915, 0.0 ], [ 30.854048, 65.14916, 0.0 ], [ 25.797365, 64.16432, 0.0 ], [ 20.69954, 63.42071, 0.0 ], [ 16.05968, 62.99111, 0.0 ], [ 12.331989, 62.91768, 0.0 ], [ 9.881297, 63.20744, 0.0 ], [ 8.947512, 63.832184, 0.0 ], [ 9.622053, 64.73067, 0.0 ], [ 11.838819, 65.8149, 0.0 ], [ 15.380955, 66.978966, 0.0 ], [ 19.901588, 68.1085, 0.0 ], [ 24.95831, 69.09343, 0.0 ], [ 30.056093, 69.837036, 0.0 ], [ 34.696003, 70.266685, 0.0 ], [ 38.423668, 70.34014, 0.0 ], [ 40.874413, 70.05036, 0.0 ]] 
boundary 1: [[ 41.808144, 58.574406, 0.0 ], [ 40.87435, 57.94969, 0.0 ], [ 38.42363, 57.659924, 0.0 ], [ 34.695942, 57.733364, 0.0 ], [ 30.056086, 58.16296, 0.0 ], [ 24.958313, 58.90656, 0.0 ], [ 19.901592, 59.891422, 0.0 ], [ 15.380917, 61.021145, 0.0 ], [ 11.838855, 62.185066, 0.0 ], [ 9.622047, 63.269367, 0.0 ], [ 8.947597, 64.16772, 0.0 ], [ 9.88131, 64.792465, 0.0 ], [ 12.33201, 65.08227, 0.0 ], [ 16.059746, 65.00866, 0.0 ], [ 20.699497, 64.57931, 0.0 ], [ 25.797377, 63.83561, 0.0 ], [ 30.854012, 62.850754, 0.0 ], [ 35.374733, 61.721107, 0.0 ], [ 38.91682, 60.557144, 0.0 ], [ 41.1336, 59.472893, 0.0 ]] 
boundary 0: [[ 41.80435, 69.44767, 0.0 ], [ 41.130493, 68.54876, 0.0 ], [ 38.914417, 67.46295, 0.0 ], [ 35.373116, 66.296585, 0.0 ], [ 30.853243, 65.16366, 0.0 ], [ 25.797249, 64.17531, 0.0 ], [ 20.69994, 63.428196, 0.0 ], [ 16.06038, 62.995365, 0.0 ], [ 12.332738, 62.919342, 0.0 ], [ 9.881845, 63.207394, 0.0 ], [ 8.947628, 63.831512, 0.0 ], [ 9.621549, 64.73044, 0.0 ], [ 11.837559, 65.816216, 0.0 ], [ 15.378884, 66.982765, 0.0 ], [ 19.898733, 68.11542, 0.0 ], [ 24.954771, 69.10385, 0.0 ], [ 30.052036, 69.851, 0.0 ], [ 34.69165, 70.28387, 0.0 ], [ 38.419262, 70.35991, 0.0 ], [ 40.87021, 70.07184, 0.0 ]] 
boundary 1: [[ 41.80438, 58.552288, 0.0 ], [ 40.870148, 57.92822, 0.0 ], [ 38.419224, 57.640152, 0.0 ], [ 34.69159, 57.71618, 0.0 ], [ 30.052029, 58.148994, 0.0 ], [ 24.954775, 58.896137, 0.0 ], [ 19.898737, 59.884506, 0.0 ], [ 15.378847, 61.01737, 0.0 ], [ 11.837594, 62.18374, 0.0 ], [ 9.621543, 63.269592, 0.0 ], [ 8.947712, 64.16843, 0.0 ], [ 9.881858, 64.79247, 0.0 ], [ 12.332759, 65.0806, 0.0 ], [ 16.060444, 65.004395, 0.0 ], [ 20.699898, 64.57185, 0.0 ], [ 25.797258, 63.82459, 0.0 ], [ 30.853207, 62.836224, 0.0 ], [ 35.373146, 61.703453, 0.0 ], [ 38.914425, 60.53703, 0.0 ], [ 41.130455, 59.451237, 0.0 ]] 
boundary 0: [[ 41.545235, 70.791664, 0.0 ], [ 40.910023, 69.86507, 0.0 ], [ 38.74189, 68.68643, 0.0 ], [ 35.25312, 67.37122, 0.0 ], [ 30.785254, 66.04802, 0.0 ], [ 25.775614, 64.84657, 0.0 ], [ 20.714493, 63.884384, 0.0 ], [ 16.097412, 63.25558, 0.0 ], [ 12.376326, 63.021866, 0.0 ], [ 9.915438, 63.20592, 0.0 ], [ 8.955644, 63.789948, 0.0 ], [ 9.590914, 64.71658, 0.0 ], [ 11.7589855, 65.89518, 0.0 ], [ 15.2477665, 67.21056, 0.0 ], [ 19.715628, 68.5335, 0.0 ], [ 24.725302, 69.73503, 0.0 ], [ 29.78638, 70.69724, 0.0 ], [ 34.40352, 71.32609, 0.0 ], [ 38.124565, 71.55984, 0.0 ], [ 40.58551, 71.37574, 0.0 ]] 
boundary 1: [[ 41.545258, 57.208275, 0.0 ], [ 40.585457, 56.624306, 0.0 ], [ 38.12453, 56.44023, 0.0 ], [ 34.403458, 56.67395, 0.0 ], [ 29.786373, 57.302742, 0.0 ], [ 24.725306, 58.264954, 0.0 ], [ 19.715626, 59.466427, 0.0 ], [ 15.247734, 60.78957, 0.0 ], [ 11.759019, 62.10477, 0.0 ], [ 9.590909, 63.28344, 0.0 ], [ 8.955725, 64.20999, 0.0 ], [ 9.915444, 64.793945, 0.0 ], [ 12.376342, 64.97807, 0.0 ], [ 16.097462, 64.74416, 0.0 ], [ 20.714455, 64.11567, 0.0 ], [ 25.77562, 63.153324, 0.0 ], [ 30.785212, 61.951866, 0.0 ], [ 35.25316, 60.628815, 0.0 ], [ 38.741898, 59.313553, 0.0 ], [ 40.909985, 58.134953, 0.0 ]] 
boundary 0: [[ 41.078773, 72.683334, 0.0 ], [ 40.50052, 71.72017, 0.0 ], [ 38.407314, 70.41308, 0.0 ], [ 35.00409, 68.89013, 0.0 ], [ 30.624039, 67.30021, 0.0 ], [ 25.695862, 65.799225, 0.0 ], [ 20.70188, 64.53394, 0.0 ], [ 16.131056, 63.628204, 0.0 ], [ 12.430803, 63.170784, 0.0 ], [ 9.963298, 63.206276, 0.0 ], [ 8.970072, 63.731438, 0.0 ], [ 9.548375, 64.69466, 0.0 ], [ 11.641522, 66.00169, 0.0 ], [ 15.044744, 67.52483, 0.0 ], [ 19.424816, 69.11446, 0.0 ], [ 24.353024, 70.61555, 0.0 ], [ 29.346958, 71.88083, 0.0 ], [ 33.91784, 72.78664, 0.0 ], [ 37.61805, 73.244095, 0.0 ], [ 40.08561, 73.20856, 0.0 ]] 
boundary 1: [[ 41.078796, 55.316605, 0.0 ], [ 40.085564, 54.791504, 0.0 ], [ 37.61801, 54.755985, 0.0 ], [ 33.917778, 55.21341, 0.0 ], [ 29.346947, 56.119133, 0.0 ], [ 24.353024, 57.38444, 0.0 ], [ 19.424805, 58.885464, 0.0 ], [ 15.04472, 60.475307, 0.0 ], [ 11.641554, 61.998245, 0.0 ], [ 9.548373, 63.305367, 0.0 ], [ 8.970147, 64.26848, 0.0 ], [ 9.963296, 64.79358, 0.0 ], [ 12.430817, 64.82915, 0.0 ], [ 16.131092, 64.371544, 0.0 ], [ 20.701845, 63.466103, 0.0 ], [ 25.695866, 62.200676, 0.0 ], [ 30.62399, 60.699665, 0.0 ], [ 35.004135, 59.1099, 0.0 ], [ 38.407322, 57.5869, 0.0 ], [ 40.500496, 56.279865, 0.0 ]] 
boundary 0: [[ 40.261627, 75.20862, 0.0 ], [ 39.764328, 74.20127, 0.0 ], [ 37.785385, 72.7269, 0.0 ], [ 34.518524, 70.92995, 0.0 ], [ 30.28364, 68.98615, 0.0 ], [ 25.49518, 67.086006, 0.0 ], [ 20.621803, 65.41537, 0.0 ], [ 16.140667, 64.137794, 0.0 ], [ 12.4904, 63.37842, 0.0 ], [ 10.028296, 63.211407, 0.0 ], [ 8.995345, 63.653336, 0.0 ], [ 9.492696, 64.660736, 0.0 ], [ 11.471589, 66.13507, 0.0 ], [ 14.738417, 67.93218, 0.0 ], [ 18.97335, 69.87574, 0.0 ], [ 23.761833, 71.775955, 0.0 ], [ 28.63516, 73.44657, 0.0 ], [ 33.116352, 74.72423, 0.0 ], [ 36.76657, 75.48364, 0.0 ], [ 39.22873, 75.65062, 0.0 ]] 
boundary 1: [[ 40.261642, 52.791325, 0.0 ], [ 39.22869, 52.349453, 0.0 ], [ 36.76654, 52.516445, 0.0 ], [ 33.11629, 53.275826, 0.0 ], [ 28.635145, 54.553383, 0.0 ], [ 23.761833, 56.22403, 0.0 ], [ 18.973333, 58.12421, 0.0 ], [ 14.7384, 60.06795, 0.0 ], [ 11.471614, 61.864883, 0.0 ], [ 9.492697, 63.339283, 0.0 ], [ 8.995412, 64.34657, 0.0 ], [ 10.028285, 64.788445, 0.0 ], [ 12.490408, 64.62151, 0.0 ], [ 16.140682, 63.861954, 0.0 ], [ 20.621773, 62.58467, 0.0 ], [ 25.495173, 60.913906, 0.0 ], [ 30.283585, 59.013744, 0.0 ], [ 34.518578, 57.070072, 0.0 ], [ 37.785393, 55.27308, 0.0 ], [ 39.764305, 53.798767, 0.0 ]] 
boundary 0: [[ 39.0995, 77.956116, 0.0 ], [ 38.69716, 76.907234, 0.0 ], [ 36.862526, 75.25674, 0.0 ], [ 33.77518, 73.166336, 0.0 ], [ 29.737474, 70.84052, 0.0 ], [ 25.14452, 68.50714, 0.0 ], [ 20.445866, 66.39444, 0.0 ], [ 16.101547, 64.70931, 0.0 ], [ 12.536803, 63.61674, 0.0 ], [ 10.1005745, 63.22352, 0.0 ], [ 9.031287, 63.56836, 0.0 ], [ 9.433675, 64.61731, 0.0 ], [ 11.268263, 66.26775, 0.0 ], [ 14.355553, 68.35831, 0.0 ], [ 18.393337, 70.683914, 0.0 ], [ 22.986305, 73.017365, 0.0 ], [ 27.684914, 75.13002, 0.0 ], [ 32.029274, 76.81524, 0.0 ], [ 35.59397, 77.90785, 0.0 ], [ 38.03026, 78.30104, 0.0 ]] 
boundary 1: [[ 39.099503, 50.043823, 0.0 ], [ 38.03022, 49.69904, 0.0 ], [ 35.593956, 50.092243, 0.0 ], [ 32.02923, 51.184814, 0.0 ], [ 27.684893, 52.86994, 0.0 ], [ 22.986305, 54.982628, 0.0 ], [ 18.393314, 57.316048, 0.0 ], [ 14.355551, 59.641827, 0.0 ], [ 11.268285, 61.732197, 0.0 ], [ 9.433678, 63.38271, 0.0 ], [ 9.031344, 64.43153, 0.0 ], [ 10.100548, 64.776344, 0.0 ], [ 12.536805, 64.383194, 0.0 ], [ 16.10154, 63.290447, 0.0 ], [ 20.445835, 61.60559, 0.0 ], [ 25.144508, 59.49279, 0.0 ], [ 29.737411, 57.15939, 0.0 ], [ 33.775234, 54.83367, 0.0 ], [ 36.86253, 52.74324, 0.0 ], [ 38.697136, 51.09282, 0.0 ]] 
boundary 0: [[ 37.600327, 80.73249, 0.0 ], [ 37.302135, 79.64938, 0.0 ], [ 35.637108, 77.82792, 0.0 ], [ 32.768223, 75.446556, 0.0 ], [ 28.97643, 72.738266, 0.0 ], [ 24.632782, 69.96831, 0.0 ], [ 20.162426, 67.40769, 0.0 ], [ 16.003038, 65.30715, 0.0 ], [ 12.561762, 63.87233, 0.0 ], [ 10.175462, 63.243515, 0.0 ], [ 9.077654, 63.48249, 0.0 ], [ 9.375882, 64.56568, 0.0 ], [ 11.040869, 66.38708, 0.0 ], [ 13.909691, 68.768585, 0.0 ], [ 17.701574, 71.4767, 0.0 ], [ 22.045229, 74.2467, 0.0 ], [ 26.515547, 76.80727, 0.0 ], [ 30.674961, 78.90792, 0.0 ], [ 34.116196, 80.34279, 0.0 ], [ 36.502556, 80.971565, 0.0 ]] 
boundary 1: [[ 37.60032, 47.267456, 0.0 ], [ 36.502525, 47.028526, 0.0 ], [ 34.116188, 47.65733, 0.0 ], [ 30.674923, 49.092148, 0.0 ], [ 26.515526, 51.19268, 0.0 ], [ 22.045225, 53.75329, 0.0 ], [ 17.701551, 56.52328, 0.0 ], [ 13.909701, 59.231537, 0.0 ], [ 11.040884, 61.612877, 0.0 ], [ 9.375891, 63.434357, 0.0 ], [ 9.077701, 64.517395, 0.0 ], [ 10.175423, 64.75635, 0.0 ], [ 12.561761, 64.12762, 0.0 ], [ 16.003012, 62.69261, 0.0 ], [ 20.162395, 60.59233, 0.0 ], [ 24.632761, 58.031624, 0.0 ], [ 28.976362, 55.261654, 0.0 ], [ 32.768276, 52.553444, 0.0 ], [ 35.637108, 50.172054, 0.0 ], [ 37.302113, 48.35067, 0.0 ]] 
boundary 0: [[ 35.6343, 83.61885, 0.0 ], [ 35.45466, 82.5099, 0.0 ], [ 33.995796, 80.51949, 0.0 ], [ 31.40048, 77.84259, 0.0 ], [ 27.922901, 74.74115, 0.0 ], [ 23.90334, 71.51887, 0.0 ], [ 19.735226, 68.49105, 0.0 ], [ 15.826654, 65.95416, 0.0 ], [ 12.5602, 64.15656, 0.0 ], [ 10.255638, 63.274036, 0.0 ], [ 9.13846, 63.393215, 0.0 ], [ 9.318124, 64.50226, 0.0 ], [ 10.776955, 66.492615, 0.0 ], [ 13.37219, 69.16964, 0.0 ], [ 16.849874, 72.27092, 0.0 ], [ 20.869442, 75.49322, 0.0 ], [ 25.037521, 78.521, 0.0 ], [ 28.946112, 81.058, 0.0 ], [ 32.21253, 82.85566, 0.0 ], [ 34.51715, 83.73812, 0.0 ]] 
boundary 1: [[ 35.634285, 44.381096, 0.0 ], [ 34.517128, 44.261963, 0.0 ], [ 32.212532, 45.144463, 0.0 ], [ 28.946085, 46.942078, 0.0 ], [ 25.037495, 49.47895, 0.0 ], [ 20.869438, 52.506767, 0.0 ], [ 16.849852, 55.729065, 0.0 ], [ 13.372213, 58.830494, 0.0 ], [ 10.776965, 61.50735, 0.0 ], [ 9.318136, 63.497776, 0.0 ], [ 9.1384945, 64.60667, 0.0 ], [ 10.255585, 64.72582, 0.0 ], [ 12.560193, 63.843388, 0.0 ], [ 15.826602, 62.045605, 0.0 ], [ 19.735203, 59.508972, 0.0 ], [ 23.903313, 56.481068, 0.0 ], [ 27.922832, 53.258778, 0.0 ], [ 31.400532, 50.157402, 0.0 ], [ 33.995796, 47.480484, 0.0 ], [ 35.454647, 45.490158, 0.0 ]] 
boundary 0: [[ 33.654, 85.972, 0.0 ], [ 33.580536, 84.85101, 0.0 ], [ 32.31738, 82.730995, 0.0 ], [ 29.988148, 79.81961, 0.0 ], [ 26.820974, 76.401794, 0.0 ], [ 23.125755, 72.81218, 0.0 ], [ 19.26418, 69.40202, 0.0 ], [ 15.614321, 66.505264, 0.0 ], [ 12.533442, 64.40543, 0.0 ], [ 10.323155, 63.30794, 0.0 ], [ 9.19971, 63.320435, 0.0 ], [ 9.273188, 64.44153, 0.0 ], [ 10.536308, 66.56149, 0.0 ], [ 12.865454, 69.47297, 0.0 ], [ 16.032745, 72.890656, 0.0 ], [ 19.72797, 76.480286, 0.0 ], [ 23.58952, 79.890396, 0.0 ], [ 27.239372, 82.78728, 0.0 ], [ 30.320219, 84.88716, 0.0 ], [ 32.530563, 85.98459, 0.0 ]] 
boundary 1: [[ 33.653984, 42.02794, 0.0 ], [ 32.530556, 42.015488, 0.0 ], [ 30.320236, 43.11297, 0.0 ], [ 27.239357, 45.2128, 0.0 ], [ 23.589485, 48.109566, 0.0 ], [ 19.727966, 51.519695, 0.0 ], [ 16.032719, 55.109325, 0.0 ], [ 12.865489, 58.527145, 0.0 ], [ 10.536316, 61.438473, 0.0 ], [ 9.273203, 63.558506, 0.0 ], [ 9.199731, 64.67944, 0.0 ], [ 10.323089, 64.691925, 0.0 ], [ 12.53343, 63.59451, 0.0 ], [ 15.614246, 61.494514, 0.0 ], [ 19.26416, 58.59798, 0.0 ], [ 23.125729, 55.187763, 0.0 ], [ 26.8209, 51.598145, 0.0 ], [ 29.988197, 48.18037, 0.0 ], [ 32.31738, 45.268982, 0.0 ], [ 33.58052, 43.14905, 0.0 ]] 
boundary 0: [[ 31.606493, 87.99402, 0.0 ], [ 31.632988, 86.87094, 0.0 ], [ 30.563334, 84.64701, 0.0 ], [ 28.50218, 81.54007, 0.0 ], [ 25.651436, 77.85419, 0.0 ], [ 22.290003, 73.95024, 0.0 ], [ 18.746925, 70.21026, 0.0 ], [ 15.369074, 67.00045, 0.0 ], [ 12.487098, 64.635, 0.0 ], [ 10.383144, 63.34534, 0.0 ], [ 9.263038, 63.257896, 0.0 ], [ 9.236545, 64.38108, 0.0 ], [ 10.306174, 66.60496, 0.0 ], [ 12.367233, 69.71198, 0.0 ], [ 15.218107, 73.39776, 0.0 ], [ 18.57954, 77.30171, 0.0 ], [ 22.122597, 81.04167, 0.0 ], [ 25.500439, 84.25158, 0.0 ], [ 28.382374, 86.617065, 0.0 ], [ 30.486391, 87.90667, 0.0 ]] 
boundary 1: [[ 31.60647, 40.005917, 0.0 ], [ 30.48639, 40.093407, 0.0 ], [ 28.382404, 41.383057, 0.0 ], [ 25.500427, 43.748497, 0.0 ], [ 22.122562, 46.958305, 0.0 ], [ 18.579533, 50.698265, 0.0 ], [ 15.218079, 54.60223, 0.0 ], [ 12.367277, 58.288116, 0.0 ], [ 10.306179, 61.395004, 0.0 ], [ 9.236564, 63.618946, 0.0 ], [ 9.263047, 64.74197, 0.0 ], [ 10.383064, 64.65453, 0.0 ], [ 12.48708, 63.364937, 0.0 ], [ 15.368982, 60.999344, 0.0 ], [ 18.746906, 57.789753, 0.0 ], [ 22.289972, 54.049706, 0.0 ], [ 25.651348, 50.145767, 0.0 ], [ 28.502226, 46.459908, 0.0 ], [ 30.563334, 43.352966, 0.0 ], [ 31.632982, 41.12912, 0.0 ]] 
boundary 0: [[ 30.144686, 89.23766, 0.0 ], [ 30.237772, 88.11813, 0.0 ], [ 29.301956, 85.83466, 0.0 ], [ 27.428772, 82.610886, 0.0 ], [ 24.801739, 78.762375, 0.0 ], [ 21.677864, 74.665855, 0.0 ], [ 18.36293, 70.72225, 0.0 ], [ 15.181474, 67.31767, 0.0 ], [ 12.4449215, 64.78541, 0.0 ], [ 10.421195, 63.373184, 0.0 ], [ 9.30825, 63.219433, 0.0 ], [ 9.215161, 64.33907, 0.0 ], [ 10.150959, 66.62248, 0.0 ], [ 12.024042, 69.84632, 0.0 ], [ 14.651207, 73.694756, 0.0 ], [ 17.775087, 77.791275, 0.0 ], [ 21.089998, 81.73487, 0.0 ], [ 24.271442, 85.13953, 0.0 ], [ 27.007948, 87.67184, 0.0 ], [ 29.031746, 89.084015, 0.0 ]] 
boundary 1: [[ 30.144663, 38.762283, 0.0 ], [ 29.031748, 38.91607, 0.0 ], [ 27.007988, 40.328285, 0.0 ], [ 24.271431, 42.86055, 0.0 ], [ 21.089964, 46.26512, 0.0 ], [ 17.775074, 50.2087, 0.0 ], [ 14.651178, 54.30523, 0.0 ], [ 12.02409, 58.153763, 0.0 ], [ 10.150964, 61.377472, 0.0 ], [ 9.215183, 63.660957, 0.0 ], [ 9.30825, 64.78043, 0.0 ], [ 10.421106, 64.62669, 0.0 ], [ 12.4449, 63.21454, 0.0 ], [ 15.181371, 60.68212, 0.0 ], [ 18.362911, 57.27777, 0.0 ], [ 21.67783, 53.33409, 0.0 ], [ 24.801651, 49.237595, 0.0 ], [ 27.428818, 45.389084, 0.0 ], [ 29.30195, 42.16532, 0.0 ], [ 30.237776, 39.881927, 0.0 ]] 
boundary 0: [[ 28.823898, 90.240906, 0.0 ], [ 28.974272, 89.12765, 0.0 ], [ 28.156784, 86.799164, 0.0 ], [ 26.451385, 83.483574, 0.0 ], [ 24.025158, 79.50542, 0.0 ], [ 21.115465, 75.25409, 0.0 ], [ 18.00712, 71.14568, 0.0 ], [ 15.004438, 67.582436, 0.0 ], [ 12.401341, 64.91317, 0.0 ], [ 10.452697, 63.399025, 0.0 ], [ 9.349102, 63.1884, 0.0 ], [ 9.198719, 64.301796, 0.0 ], [ 10.016191, 66.63017, 0.0 ], [ 11.721491, 69.94585, 0.0 ], [ 14.14785, 73.923935, 0.0 ], [ 17.057549, 78.17526, 0.0 ], [ 20.165869, 82.28366, 0.0 ], [ 23.168537, 85.846985, 0.0 ], [ 25.771584, 88.51631, 0.0 ], [ 27.720303, 90.030396, 0.0 ]] 
boundary 1: [[ 28.823874, 37.759033, 0.0 ], [ 27.720314, 37.96969, 0.0 ], [ 25.77163, 39.483826, 0.0 ], [ 23.168526, 42.15309, 0.0 ], [ 20.165834, 45.716335, 0.0 ], [ 17.057531, 49.824707, 0.0 ], [ 14.1478195, 54.07605, 0.0 ], [ 11.721541, 58.05424, 0.0 ], [ 10.016193, 61.369762, 0.0 ], [ 9.198741, 63.69823, 0.0 ], [ 9.3490925, 64.81146, 0.0 ], [ 10.452602, 64.60085, 0.0 ], [ 12.401317, 63.086777, 0.0 ], [ 15.004325, 60.417362, 0.0 ], [ 18.007105, 56.85434, 0.0 ], [ 21.115429, 52.745865, 0.0 ], [ 24.025064, 48.49456, 0.0 ], [ 26.451424, 44.516384, 0.0 ], [ 28.156778, 41.200813, 0.0 ], [ 28.974277, 38.87242, 0.0 ]] 
boundary 0: [[ 26.234898, 91.923065, 0.0 ], [ 26.49077, 90.82924, 0.0 ], [ 25.899101, 88.433395, 0.0 ], [ 24.51772, 84.970245, 0.0 ], [ 22.48199, 80.77882, 0.0 ], [ 19.991064, 76.26934, 0.0 ], [ 17.288752, 71.88318, 0.0 ], [ 14.639624, 68.04979, 0.0 ], [ 12.30299, 65.14442, 0.0 ], [ 10.507651, 63.4513, 0.0 ], [ 9.429177, 63.136375, 0.0 ], [ 9.173284, 64.23034, 0.0 ], [ 9.764944, 66.62608, 0.0 ], [ 11.146218, 70.0893, 0.0 ], [ 13.182083, 74.28067, 0.0 ], [ 15.673019, 78.790146, 0.0 ], [ 18.375307, 83.176285, 0.0 ], [ 21.024414, 87.00978, 0.0 ], [ 23.360994, 89.91519, 0.0 ], [ 25.15641, 91.60826, 0.0 ]] 
boundary 1: [[ 26.234867, 36.076878, 0.0 ], [ 25.15643, 36.391823, 0.0 ], [ 23.36105, 38.084934, 0.0 ], [ 21.024412, 40.99031, 0.0 ], [ 18.375273, 44.823708, 0.0 ], [ 15.673, 49.20982, 0.0 ], [ 13.18205, 53.71931, 0.0 ], [ 11.146278, 57.910786, 0.0 ], [ 9.764943, 61.373848, 0.0 ], [ 9.173307, 63.76967, 0.0 ], [ 9.429155, 64.863495, 0.0 ], [ 10.5075445, 64.548584, 0.0 ], [ 12.30296, 62.85554, 0.0 ], [ 14.63949, 59.95002, 0.0 ], [ 17.288736, 56.11684, 0.0 ], [ 19.991024, 51.73062, 0.0 ], [ 22.4819, 47.22117, 0.0 ], [ 24.517757, 43.02971, 0.0 ], [ 25.89909, 39.566586, 0.0 ], [ 26.49078, 37.170837, 0.0 ]] 
