boundary 0: [[ 28.931473, 90.163216, 0.0 ], [ 29.07728, 89.04926, 0.0 ], [ 28.25029, 86.72417, 0.0 ], [ 26.531294, 83.41568, 0.0 ], [ 24.088696, 79.447464, 0.0 ], [ 21.161556, 75.208115, 0.0 ], [ 18.03637, 71.112564, 0.0 ], [ 15.019104, 67.561646, 0.0 ], [ 12.405077, 64.90304, 0.0 ], [ 10.4501915, 63.396965, 0.0 ], [ 9.3457775, 63.19081, 0.0 ], [ 9.199975, 64.30479, 0.0 ], [ 10.026979, 66.62988, 0.0 ], [ 11.745915, 69.93845, 0.0 ], [ 14.188528, 73.90663, 0.0 ], [ 17.115654, 78.145996, 0.0 ], [ 20.240854, 82.241486, 0.0 ], [ 23.258125, 85.79245, 0.0 ], [ 25.872128, 88.45105, 0.0 ], [ 27.827059, 89.95714, 0.0 ]] 
boundary 1: [[ 28.93144, 37.836754, 0.0 ], [ 27.827059, 38.04286, 0.0 ], [ 25.872143, 39.54894, 0.0 ], [ 23.258118, 42.20755, 0.0 ], [ 20.24084, 45.758476, 0.0 ], [ 17.115686, 49.85401, 0.0 ], [ 14.188541, 54.093395, 0.0 ], [ 11.745954, 58.061592, 0.0 ], [ 10.026994, 61.37014, 0.0 ], [ 9.199949, 63.695206, 0.0 ], [ 9.345753, 64.80917, 0.0 ], [ 10.450216, 64.60308, 0.0 ], [ 12.405091, 63.096973, 0.0 ], [ 15.019103, 60.438347, 0.0 ], [ 18.036373, 56.887466, 0.0 ], [ 21.161545, 52.791843, 0.0 ], [ 24.088715, 48.552536, 0.0 ], [ 26.53132, 44.584335, 0.0 ], [ 28.250248, 41.275795, 0.0 ], [ 29.077291, 38.950737, 0.0 ]] 
boundary 0: [[ 37.97819, 80.091286, 0.0 ], [ 37.65513, 79.01529, 0.0 ], [ 35.94866, 77.2326, 0.0 ], [ 33.025753, 74.917946, 0.0 ], [ 29.172543, 72.29767, 0.0 ], [ 24.76627, 69.62841, 0.0 ], [ 20.238184, 67.171425, 0.0 ], [ 16.031546, 65.167145, 0.0 ], [ 12.558137, 63.811855, 0.0 ], [ 10.157982, 63.238205, 0.0 ], [ 9.065973, 63.502308, 0.0 ], [ 9.389052, 64.57832, 0.0 ], [ 11.095534, 66.361, 0.0 ], [ 14.018423, 68.67575, 0.0 ], [ 17.871628, 71.296, 0.0 ], [ 22.277893, 73.96527, 0.0 ], [ 26.805971, 76.422195, 0.0 ], [ 31.01264, 78.42652, 0.0 ], [ 34.486023, 79.78181, 0.0 ], [ 36.886223, 80.35546, 0.0 ]] 
boundary 1: [[ 37.97818, 47.908676, 0.0 ], [ 36.886223, 47.64454, 0.0 ], [ 34.48603, 48.2182, 0.0 ], [ 31.012632, 49.573483, 0.0 ], [ 26.805977, 51.577766, 0.0 ], [ 22.277924, 54.034744, 0.0 ], [ 17.871628, 56.70402, 0.0 ], [ 14.018442, 59.324303, 0.0 ], [ 11.095536, 61.639015, 0.0 ], [ 9.3890295, 63.42165, 0.0 ], [ 9.065957, 64.497665, 0.0 ], [ 10.157982, 64.761856, 0.0 ], [ 12.558145, 64.18815, 0.0 ], [ 16.031546, 62.832848, 0.0 ], [ 20.238174, 60.828606, 0.0 ], [ 24.766277, 58.371555, 0.0 ], [ 29.172562, 55.702347, 0.0 ], [ 33.025764, 53.08208, 0.0 ], [ 35.948647, 50.767353, 0.0 ], [ 37.655144, 48.984726, 0.0 ]] 
boundary 0: [[ 40.91598, 73.24764, 0.0 ], [ 40.355293, 72.2741, 0.0 ], [ 38.28621, 70.92915, 0.0 ], [ 34.911232, 69.34467, 0.0 ], [ 30.560713, 67.675545, 0.0 ], [ 25.660591, 66.08528, 0.0 ], [ 20.690456, 64.7295, 0.0 ], [ 16.13682, 63.740883, 0.0 ], [ 12.445459, 63.21628, 0.0 ], [ 9.977721, 63.207012, 0.0 ], [ 8.975109, 63.713966, 0.0 ], [ 9.535813, 64.687515, 0.0 ], [ 11.60491, 66.032455, 0.0 ], [ 14.979888, 67.617035, 0.0 ], [ 19.330399, 69.28613, 0.0 ], [ 24.230518, 70.87643, 0.0 ], [ 29.200628, 72.23213, 0.0 ], [ 33.754303, 73.220795, 0.0 ], [ 37.44564, 73.7454, 0.0 ], [ 39.91342, 73.75467, 0.0 ]] 
boundary 1: [[ 40.91598, 54.752308, 0.0 ], [ 39.913414, 54.245346, 0.0 ], [ 37.44565, 54.254604, 0.0 ], [ 33.754288, 54.779213, 0.0 ], [ 29.200647, 55.767822, 0.0 ], [ 24.230545, 57.123585, 0.0 ], [ 19.330395, 58.71388, 0.0 ], [ 14.979891, 60.38303, 0.0 ], [ 11.60491, 61.967567, 0.0 ], [ 9.535795, 63.31245, 0.0 ], [ 8.9751, 64.286, 0.0 ], [ 9.977707, 64.793045, 0.0 ], [ 12.445465, 64.78372, 0.0 ], [ 16.136824, 64.25911, 0.0 ], [ 20.690443, 63.270523, 0.0 ], [ 25.66061, 61.914703, 0.0 ], [ 30.560728, 60.324482, 0.0 ], [ 34.911247, 58.655346, 0.0 ], [ 38.286213, 57.07079, 0.0 ], [ 40.3553, 55.725906, 0.0 ]] 
boundary 0: [[ 41.66899, 70.18803, 0.0 ], [ 41.016205, 69.27368, 0.0 ], [ 38.82604, 68.13652, 0.0 ], [ 35.31286, 66.88806, 0.0 ], [ 30.820528, 65.650314, 0.0 ], [ 25.788883, 64.544556, 0.0 ], [ 20.710386, 63.679, 0.0 ], [ 16.082144, 63.138294, 0.0 ], [ 12.357248, 62.975487, 0.0 ], [ 9.900325, 63.206455, 0.0 ], [ 8.951818, 63.80859, 0.0 ], [ 9.604621, 64.72294, 0.0 ], [ 11.794801, 65.8601, 0.0 ], [ 15.30799, 67.10865, 0.0 ], [ 19.800308, 68.34636, 0.0 ], [ 24.831947, 69.45215, 0.0 ], [ 29.910414, 70.31764, 0.0 ], [ 34.538704, 70.85838, 0.0 ], [ 38.263573, 71.02119, 0.0 ], [ 40.720543, 70.79023, 0.0 ]] 
boundary 1: [[ 41.668995, 57.81194, 0.0 ], [ 40.720528, 57.209793, 0.0 ], [ 38.26358, 56.978806, 0.0 ], [ 34.53869, 57.14163, 0.0 ], [ 29.910439, 57.682312, 0.0 ], [ 24.831974, 58.547867, 0.0 ], [ 19.800304, 59.653645, 0.0 ], [ 15.307985, 60.891415, 0.0 ], [ 11.794801, 62.139923, 0.0 ], [ 9.604605, 63.27702, 0.0 ], [ 8.951811, 64.191376, 0.0 ], [ 9.900303, 64.793594, 0.0 ], [ 12.357251, 65.02453, 0.0 ], [ 16.082148, 64.86171, 0.0 ], [ 20.710367, 64.321045, 0.0 ], [ 25.788902, 63.455425, 0.0 ], [ 30.820536, 62.349712, 0.0 ], [ 35.312874, 61.11196, 0.0 ], [ 38.82605, 59.86344, 0.0 ], [ 41.016212, 58.72634, 0.0 ]] 
boundary 0: [[ 42.054195, 67.70055, 0.0 ], [ 41.33226, 66.83975, 0.0 ], [ 39.06027, 65.87641, 0.0 ], [ 35.460613, 64.90503, 0.0 ], [ 30.885614, 64.020485, 0.0 ], [ 25.7832, 63.3095, 0.0 ], [ 20.652756, 62.84162, 0.0 ], [ 15.996481, 62.66259, 0.0 ], [ 12.270205, 62.790035, 0.0 ], [ 9.838695, 63.211426, 0.0 ], [ 8.939901, 63.885517, 0.0 ], [ 9.661856, 64.74632, 0.0 ], [ 11.933859, 65.70965, 0.0 ], [ 15.533527, 66.68114, 0.0 ], [ 20.108513, 67.565636, 0.0 ], [ 25.210926, 68.27666, 0.0 ], [ 30.341331, 68.74448, 0.0 ], [ 34.997658, 68.92354, 0.0 ], [ 38.7239, 68.79608, 0.0 ], [ 41.155468, 68.37471, 0.0 ]] 
boundary 1: [[ 42.05421, 60.29942, 0.0 ], [ 41.155445, 59.625317, 0.0 ], [ 38.723907, 59.2039, 0.0 ], [ 34.997635, 59.07647, 0.0 ], [ 30.341358, 59.25548, 0.0 ], [ 25.210953, 59.72336, 0.0 ], [ 20.10851, 60.434364, 0.0 ], [ 15.533517, 61.31894, 0.0 ], [ 11.933857, 62.29036, 0.0 ], [ 9.661842, 63.25364, 0.0 ], [ 8.9398985, 64.11444, 0.0 ], [ 9.838668, 64.78863, 0.0 ], [ 12.270207, 65.20998, 0.0 ], [ 15.996485, 65.33741, 0.0 ], [ 20.652737, 65.15842, 0.0 ], [ 25.783218, 64.6905, 0.0 ], [ 30.885622, 63.97954, 0.0 ], [ 35.460617, 63.094994, 0.0 ], [ 39.06028, 62.123554, 0.0 ], [ 41.332268, 61.160275, 0.0 ]] 
boundary 0: [[ 42.194523, 66.15854, 0.0 ], [ 41.43222, 65.3333, 0.0 ], [ 39.116707, 64.47982, 0.0 ], [ 35.474686, 63.681885, 0.0 ], [ 30.862574, 63.017376, 0.0 ], [ 25.731976, 62.551483, 0.0 ], [ 20.585007, 62.32976, 0.0 ], [ 15.925501, 62.37385, 0.0 ], [ 12.209599, 62.67955, 0.0 ], [ 9.80105, 63.21686, 0.0 ], [ 8.93556, 63.933212, 0.0 ], [ 9.697897, 64.75847, 0.0 ], [ 12.013413, 65.61191, 0.0 ], [ 15.655466, 66.40996, 0.0 ], [ 20.267551, 67.074425, 0.0 ], [ 25.398155, 67.540344, 0.0 ], [ 30.545076, 67.76201, 0.0 ], [ 35.204636, 67.71794, 0.0 ], [ 38.92049, 67.41225, 0.0 ], [ 41.32911, 66.874954, 0.0 ]] 
boundary 1: [[ 42.194546, 61.841442, 0.0 ], [ 41.32908, 61.125088, 0.0 ], [ 38.920498, 60.58774, 0.0 ], [ 35.204613, 60.28206, 0.0 ], [ 30.545105, 60.23795, 0.0 ], [ 25.398182, 60.459667, 0.0 ], [ 20.267548, 60.925587, 0.0 ], [ 15.655453, 61.590115, 0.0 ], [ 12.0134115, 62.388096, 0.0 ], [ 9.697884, 63.2415, 0.0 ], [ 8.935559, 64.06674, 0.0 ], [ 9.801021, 64.78319, 0.0 ], [ 12.209599, 65.320465, 0.0 ], [ 15.925505, 65.626144, 0.0 ], [ 20.584988, 65.67028, 0.0 ], [ 25.731995, 65.4485, 0.0 ], [ 30.862581, 64.98266, 0.0 ], [ 35.474686, 64.31814, 0.0 ], [ 39.116722, 63.520145, 0.0 ], [ 41.432224, 62.666748, 0.0 ]] 
boundary 0: [[ 42.21571, 65.81404, 0.0 ], [ 41.444656, 64.99698, 0.0 ], [ 39.12017, 64.16825, 0.0 ], [ 35.469826, 63.409256, 0.0 ], [ 30.850895, 62.794018, 0.0 ], [ 25.71561, 62.382915, 0.0 ], [ 20.566572, 62.216156, 0.0 ], [ 15.907801, 62.309982, 0.0 ], [ 12.195373, 62.655327, 0.0 ], [ 9.792698, 63.21832, 0.0 ], [ 8.934904, 63.943863, 0.0 ], [ 9.706007, 64.76093, 0.0 ], [ 12.030501, 65.58961, 0.0 ], [ 15.680863, 66.34874, 0.0 ], [ 20.299784, 66.963936, 0.0 ], [ 25.435062, 67.37506, 0.0 ], [ 30.58406, 67.54177, 0.0 ], [ 35.24288, 67.44796, 0.0 ], [ 38.95526, 67.10262, 0.0 ], [ 41.358006, 66.53964, 0.0 ]] 
boundary 1: [[ 42.215733, 62.185947, 0.0 ], [ 41.357975, 61.460392, 0.0 ], [ 38.95527, 60.897366, 0.0 ], [ 35.24286, 60.552032, 0.0 ], [ 30.584091, 60.45819, 0.0 ], [ 25.43509, 60.624954, 0.0 ], [ 20.29978, 61.03608, 0.0 ], [ 15.680849, 61.651337, 0.0 ], [ 12.030499, 62.410393, 0.0 ], [ 9.705994, 63.23903, 0.0 ], [ 8.934903, 64.05609, 0.0 ], [ 9.792667, 64.78174, 0.0 ], [ 12.195373, 65.34468, 0.0 ], [ 15.9078045, 65.69002, 0.0 ], [ 20.566553, 65.78389, 0.0 ], [ 25.71563, 65.617065, 0.0 ], [ 30.850903, 65.20601, 0.0 ], [ 35.469826, 64.59077, 0.0 ], [ 39.120186, 63.8317, 0.0 ], [ 41.444656, 63.00307, 0.0 ]] 
boundary 0: [[ 42.22075, 65.721565, 0.0 ], [ 41.447388, 64.90672, 0.0 ], [ 39.120537, 64.08463, 0.0 ], [ 35.46802, 63.336132, 0.0 ], [ 30.84735, 62.734116, 0.0 ], [ 25.710915, 62.337723, 0.0 ], [ 20.561417, 62.185707, 0.0 ], [ 15.902935, 62.29288, 0.0 ], [ 12.191511, 62.648853, 0.0 ], [ 9.790463, 63.218723, 0.0 ], [ 8.934747, 63.946716, 0.0 ], [ 9.708187, 64.76155, 0.0 ], [ 12.035045, 65.58359, 0.0 ], [ 15.687565, 66.33228, 0.0 ], [ 20.308231, 66.93423, 0.0 ], [ 25.444668, 67.33066, 0.0 ], [ 30.594114, 67.48261, 0.0 ], [ 35.252647, 67.37546, 0.0 ], [ 38.964027, 67.01951, 0.0 ], [ 41.365154, 66.44963, 0.0 ]] 
boundary 1: [[ 42.22077, 62.278408, 0.0 ], [ 41.365124, 61.5504, 0.0 ], [ 38.964035, 60.9805, 0.0 ], [ 35.252625, 60.624535, 0.0 ], [ 30.594145, 60.51735, 0.0 ], [ 25.444695, 60.669365, 0.0 ], [ 20.308228, 61.06578, 0.0 ], [ 15.68755, 61.66781, 0.0 ], [ 12.035043, 62.416412, 0.0 ], [ 9.708174, 63.238377, 0.0 ], [ 8.934747, 64.05324, 0.0 ], [ 9.790431, 64.78131, 0.0 ], [ 12.191511, 65.351135, 0.0 ], [ 15.902939, 65.70713, 0.0 ], [ 20.561398, 65.81433, 0.0 ], [ 25.710934, 65.662254, 0.0 ], [ 30.847357, 65.265915, 0.0 ], [ 35.46802, 64.663895, 0.0 ], [ 39.120552, 63.915283, 0.0 ], [ 41.447388, 63.09333, 0.0 ]] 
boundary 0: [[ 42.219788, 65.739105, 0.0 ], [ 41.446884, 64.92389, 0.0 ], [ 39.120483, 64.10051, 0.0 ], [ 35.468376, 63.350025, 0.0 ], [ 30.848032, 62.7455, 0.0 ], [ 25.711815, 62.346306, 0.0 ], [ 20.562399, 62.191483, 0.0 ], [ 15.903862, 62.29613, 0.0 ], [ 12.192245, 62.650078, 0.0 ], [ 9.790888, 63.218655, 0.0 ], [ 8.934776, 63.94616, 0.0 ], [ 9.70777, 64.76143, 0.0 ], [ 12.034183, 65.584755, 0.0 ], [ 15.686295, 66.3354, 0.0 ], [ 20.306637, 66.93986, 0.0 ], [ 25.44285, 67.3391, 0.0 ], [ 30.592209, 67.49385, 0.0 ], [ 35.2508, 67.389244, 0.0 ], [ 38.96237, 67.03532, 0.0 ], [ 41.363815, 66.466705, 0.0 ]] 
boundary 1: [[ 42.21981, 62.260838, 0.0 ], [ 41.363785, 61.5333, 0.0 ], [ 38.96238, 60.964714, 0.0 ], [ 35.25078, 60.610764, 0.0 ], [ 30.59224, 60.506115, 0.0 ], [ 25.442877, 60.660923, 0.0 ], [ 20.306633, 61.06014, 0.0 ], [ 15.686279, 61.66469, 0.0 ], [ 12.034181, 62.41528, 0.0 ], [ 9.707757, 63.2385, 0.0 ], [ 8.934776, 64.053795, 0.0 ], [ 9.790855, 64.78141, 0.0 ], [ 12.192245, 65.34991, 0.0 ], [ 15.903866, 65.70388, 0.0 ], [ 20.56238, 65.80852, 0.0 ], [ 25.711834, 65.653656, 0.0 ], [ 30.84804, 65.25456, 0.0 ], [ 35.468376, 64.65002, 0.0 ], [ 39.1205, 63.899403, 0.0 ], [ 41.446884, 63.0762, 0.0 ]] 
boundary 0: [[ 42.247078, 65.1236, 0.0 ], [ 41.45878, 64.32327, 0.0 ], [ 39.11711, 63.54436, 0.0 ], [ 35.451363, 62.863598, 0.0 ], [ 30.820337, 62.347225, 0.0 ], [ 25.677446, 62.045967, 0.0 ], [ 20.526009, 61.98929, 0.0 ], [ 15.870308, 62.18268, 0.0 ], [ 12.166113, 62.607285, 0.0 ], [ 9.776025, 63.2215, 0.0 ], [ 8.933932, 63.965195, 0.0 ], [ 9.722319, 64.765594, 0.0 ], [ 12.063997, 65.54444, 0.0 ], [ 15.729749, 66.22536, 0.0 ], [ 20.360771, 66.74167, 0.0 ], [ 25.503658, 67.043, 0.0 ], [ 30.65503, 67.09959, 0.0 ], [ 35.310787, 66.90624, 0.0 ], [ 39.014954, 66.48164, 0.0 ], [ 41.405113, 65.867386, 0.0 ]] 
boundary 1: [[ 42.2471, 62.87634, 0.0 ], [ 41.405083, 62.132618, 0.0 ], [ 39.01496, 61.518375, 0.0 ], [ 35.310764, 61.09377, 0.0 ], [ 30.65506, 60.900375, 0.0 ], [ 25.503685, 60.957043, 0.0 ], [ 20.360767, 61.258327, 0.0 ], [ 15.729732, 61.774727, 0.0 ], [ 12.063995, 62.455593, 0.0 ], [ 9.722307, 63.23435, 0.0 ], [ 8.933932, 64.03476, 0.0 ], [ 9.775992, 64.77855, 0.0 ], [ 12.166113, 65.39271, 0.0 ], [ 15.870312, 65.81733, 0.0 ], [ 20.52599, 66.01072, 0.0 ], [ 25.677465, 65.954, 0.0 ], [ 30.820345, 65.65284, 0.0 ], [ 35.451363, 65.13644, 0.0 ], [ 39.117134, 64.45556, 0.0 ], [ 41.45878, 63.676823, 0.0 ]] 
boundary 0: [[ 42.234196, 65.44721, 0.0 ], [ 41.453953, 64.63905, 0.0 ], [ 39.120193, 63.836716, 0.0 ], [ 35.461464, 63.119267, 0.0 ], [ 30.83583, 62.55653, 0.0 ], [ 25.696228, 62.203773, 0.0 ], [ 20.54562, 62.095497, 0.0 ], [ 15.888212, 62.24224, 0.0 ], [ 12.179951, 62.629715, 0.0 ], [ 9.783833, 63.219963, 0.0 ], [ 8.934332, 63.955196, 0.0 ], [ 9.71466, 64.76343, 0.0 ], [ 12.04842, 65.565704, 0.0 ], [ 15.707167, 66.2833, 0.0 ], [ 20.332783, 66.845985, 0.0 ], [ 25.47239, 67.19881, 0.0 ], [ 30.622932, 67.30699, 0.0 ], [ 35.2804, 67.16029, 0.0 ], [ 38.98862, 66.77283, 0.0 ], [ 41.38482, 66.18254, 0.0 ]] 
boundary 1: [[ 42.23422, 62.55271, 0.0 ], [ 41.38479, 61.817463, 0.0 ], [ 38.98863, 61.227192, 0.0 ], [ 35.280376, 60.83971, 0.0 ], [ 30.622963, 60.692966, 0.0 ], [ 25.472416, 60.80123, 0.0 ], [ 20.332779, 61.15402, 0.0 ], [ 15.7071495, 61.71678, 0.0 ], [ 12.048418, 62.434326, 0.0 ], [ 9.714648, 63.2365, 0.0 ], [ 8.934332, 64.04476, 0.0 ], [ 9.7838, 64.7801, 0.0 ], [ 12.179951, 65.37028, 0.0 ], [ 15.888216, 65.75777, 0.0 ], [ 20.5456, 65.90452, 0.0 ], [ 25.696247, 65.796196, 0.0 ], [ 30.83584, 65.44353, 0.0 ], [ 35.46147, 64.88078, 0.0 ], [ 39.120216, 64.16322, 0.0 ], [ 41.453957, 63.361053, 0.0 ]] 
boundary 0: [[ 42.153397, 66.70305, 0.0 ], [ 41.405197, 65.865135, 0.0 ], [ 39.104454, 64.97259, 0.0 ], [ 35.476402, 64.11331, 0.0 ], [ 30.87617, 63.371006, 0.0 ], [ 25.754185, 62.81852, 0.0 ], [ 20.611685, 62.5099, 0.0 ], [ 15.952102, 62.475292, 0.0 ], [ 12.231571, 62.718178, 0.0 ], [ 9.814301, 63.214733, 0.0 ], [ 8.936832, 63.91635, 0.0 ], [ 9.685118, 64.75434, 0.0 ], [ 11.985891, 65.64682, 0.0 ], [ 15.613943, 66.50624, 0.0 ], [ 20.214157, 67.24851, 0.0 ], [ 25.336138, 67.80106, 0.0 ], [ 30.478575, 68.10958, 0.0 ], [ 35.138218, 68.14423, 0.0 ], [ 38.858704, 67.90137, 0.0 ], [ 41.276062, 67.404755, 0.0 ]] 
boundary 1: [[ 42.15342, 61.296875, 0.0 ], [ 41.27603, 60.59524, 0.0 ], [ 38.85871, 60.098663, 0.0 ], [ 35.138195, 59.855766, 0.0 ], [ 30.478601, 59.890373, 0.0 ], [ 25.33617, 60.198986, 0.0 ], [ 20.214153, 60.751495, 0.0 ], [ 15.613929, 61.493828, 0.0 ], [ 11.985891, 62.35321, 0.0 ], [ 9.685103, 63.24559, 0.0 ], [ 8.93683, 64.083595, 0.0 ], [ 9.814269, 64.78533, 0.0 ], [ 12.231571, 65.28182, 0.0 ], [ 15.952105, 65.524704, 0.0 ], [ 20.611666, 65.49013, 0.0 ], [ 25.754204, 65.18146, 0.0 ], [ 30.876179, 64.62905, 0.0 ], [ 35.47641, 63.886738, 0.0 ], [ 39.104477, 63.027348, 0.0 ], [ 41.405205, 62.13497, 0.0 ]] 
boundary 0: [[ 42.04195, 67.80489, 0.0 ], [ 41.32287, 66.94183, 0.0 ], [ 39.054047, 65.971016, 0.0 ], [ 35.457542, 64.988, 0.0 ], [ 30.88543, 64.08859, 0.0 ], [ 25.785366, 63.36102, 0.0 ], [ 20.656456, 62.876465, 0.0 ], [ 16.000788, 62.68231, 0.0 ], [ 12.274122, 62.797634, 0.0 ], [ 9.841264, 63.211117, 0.0 ], [ 8.940282, 63.88228, 0.0 ], [ 9.65943, 64.74539, 0.0 ], [ 11.928289, 65.71615, 0.0 ], [ 15.524781, 66.69932, 0.0 ], [ 20.096882, 67.59869, 0.0 ], [ 25.196934, 68.326324, 0.0 ], [ 30.325783, 68.810776, 0.0 ], [ 34.981514, 69.004974, 0.0 ], [ 38.708138, 68.88967, 0.0 ], [ 41.14109, 68.476135, 0.0 ]] 
boundary 1: [[ 42.04197, 60.195038, 0.0 ], [ 41.14106, 59.523865, 0.0 ], [ 38.708145, 59.11036, 0.0 ], [ 34.98149, 58.995018, 0.0 ], [ 30.325808, 59.189182, 0.0 ], [ 25.196972, 59.67372, 0.0 ], [ 20.096878, 60.40132, 0.0 ], [ 15.524771, 61.30076, 0.0 ], [ 11.928291, 62.283882, 0.0 ], [ 9.659413, 63.254536, 0.0 ], [ 8.940276, 64.117676, 0.0 ], [ 9.841233, 64.78895, 0.0 ], [ 12.274122, 65.20236, 0.0 ], [ 16.00079, 65.3177, 0.0 ], [ 20.65644, 65.12356, 0.0 ], [ 25.785385, 64.63896, 0.0 ], [ 30.88544, 63.91147, 0.0 ], [ 35.457558, 63.012043, 0.0 ], [ 39.054066, 62.02891, 0.0 ], [ 41.322876, 61.058266, 0.0 ]] 
boundary 0: [[ 41.837547, 69.24987, 0.0 ], [ 41.158157, 68.35525, 0.0 ], [ 38.93544, 67.283035, 0.0 ], [ 35.386955, 66.13875, 0.0 ], [ 30.86008, 65.03394, 0.0 ], [ 25.798054, 64.07697, 0.0 ], [ 20.696232, 63.361477, 0.0 ], [ 16.054066, 62.957436, 0.0 ], [ 12.325994, 62.904488, 0.0 ], [ 9.876955, 63.207764, 0.0 ], [ 8.946608, 63.837585, 0.0 ], [ 9.626074, 64.73228, 0.0 ], [ 11.848816, 65.80442, 0.0 ], [ 15.397282, 66.948875, 0.0 ], [ 19.924145, 68.05364, 0.0 ], [ 24.98616, 69.01067, 0.0 ], [ 30.087927, 69.72607, 0.0 ], [ 34.730152, 70.130135, 0.0 ], [ 38.458187, 70.183105, 0.0 ], [ 40.907326, 69.87979, 0.0 ]] 
boundary 1: [[ 41.837563, 58.75005, 0.0 ], [ 40.907295, 58.12022, 0.0 ], [ 38.458195, 57.81692, 0.0 ], [ 34.73013, 57.869854, 0.0 ], [ 30.087952, 58.273895, 0.0 ], [ 24.986206, 58.989376, 0.0 ], [ 19.92414, 59.94637, 0.0 ], [ 15.397275, 61.051205, 0.0 ], [ 11.848822, 62.195614, 0.0 ], [ 9.626054, 63.267654, 0.0 ], [ 8.946595, 64.16236, 0.0 ], [ 9.876926, 64.7923, 0.0 ], [ 12.325994, 65.09551, 0.0 ], [ 16.05407, 65.04258, 0.0 ], [ 20.696218, 64.63855, 0.0 ], [ 25.798073, 63.92301, 0.0 ], [ 30.860098, 62.96613, 0.0 ], [ 35.38697, 61.8613, 0.0 ], [ 38.935455, 60.716877, 0.0 ], [ 41.158165, 59.644848, 0.0 ]] 
boundary 0: [[ 41.664543, 70.210495, 0.0 ], [ 41.012466, 69.29575, 0.0 ], [ 38.823128, 68.156944, 0.0 ], [ 35.31079, 66.90607, 0.0 ], [ 30.81934, 65.66512, 0.0 ], [ 25.78851, 64.5558, 0.0 ], [ 20.710598, 63.686646, 0.0 ], [ 16.082745, 63.142666, 0.0 ], [ 12.35797, 62.977207, 0.0 ], [ 9.900893, 63.206425, 0.0 ], [ 8.951957, 63.807877, 0.0 ], [ 9.604111, 64.722664, 0.0 ], [ 11.793478, 65.861404, 0.0 ], [ 15.305782, 67.11247, 0.0 ], [ 19.79724, 68.35336, 0.0 ], [ 24.82806, 69.462746, 0.0 ], [ 29.905903, 70.3318, 0.0 ], [ 34.533825, 70.875824, 0.0 ], [ 38.25856, 71.04129, 0.0 ], [ 40.715733, 70.81204, 0.0 ]] 
boundary 1: [[ 41.66455, 57.789436, 0.0 ], [ 40.715702, 57.187965, 0.0 ], [ 38.258568, 56.958736, 0.0 ], [ 34.533802, 57.12417, 0.0 ], [ 29.905928, 57.66815, 0.0 ], [ 24.828106, 58.537292, 0.0 ], [ 19.797235, 59.646652, 0.0 ], [ 15.305782, 60.887623, 0.0 ], [ 11.793485, 62.138615, 0.0 ], [ 9.604089, 63.277267, 0.0 ], [ 8.951943, 64.19207, 0.0 ], [ 9.900867, 64.79364, 0.0 ], [ 12.35797, 65.0228, 0.0 ], [ 16.082748, 64.85734, 0.0 ], [ 20.71059, 64.31339, 0.0 ], [ 25.788528, 63.44418, 0.0 ], [ 30.819357, 62.334938, 0.0 ], [ 35.31081, 61.09397, 0.0 ], [ 38.823143, 59.842964, 0.0 ], [ 41.01248, 58.704327, 0.0 ]] 
boundary 0: [[ 41.28857, 71.89236, 0.0 ], [ 40.686157, 70.94418, 0.0 ], [ 38.560608, 69.69034, 0.0 ], [ 35.11992, 68.25409, 0.0 ], [ 30.700956, 66.7756, 0.0 ], [ 25.736378, 65.3998, 0.0 ], [ 20.711992, 64.261314, 0.0 ], [ 16.11969, 63.47153, 0.0 ], [ 12.409023, 63.10785, 0.0 ], [ 9.943222, 63.205822, 0.0 ], [ 8.963589, 63.75586, 0.0 ], [ 9.566074, 64.704094, 0.0 ], [ 11.691656, 65.95788, 0.0 ], [ 15.132313, 67.39431, 0.0 ], [ 19.551277, 68.87275, 0.0 ], [ 24.515842, 70.248604, 0.0 ], [ 29.540163, 71.386986, 0.0 ], [ 34.13253, 72.17681, 0.0 ], [ 37.843163, 72.54051, 0.0 ], [ 40.309048, 72.44251, 0.0 ]] 
boundary 1: [[ 41.288567, 56.10756, 0.0 ], [ 40.309017, 55.557507, 0.0 ], [ 37.84317, 55.45952, 0.0 ], [ 34.1325, 55.82318, 0.0 ], [ 29.540188, 56.61297, 0.0 ], [ 24.515888, 57.751434, 0.0 ], [ 19.551273, 59.127277, 0.0 ], [ 15.132317, 60.605793, 0.0 ], [ 11.691664, 62.042152, 0.0 ], [ 9.566049, 63.295837, 0.0 ], [ 8.96357, 64.24409, 0.0 ], [ 9.943201, 64.79424, 0.0 ], [ 12.409023, 64.89216, 0.0 ], [ 16.119696, 64.52847, 0.0 ], [ 20.711985, 63.738712, 0.0 ], [ 25.736393, 62.600178, 0.0 ], [ 30.700974, 61.224453, 0.0 ], [ 35.119934, 59.74594, 0.0 ], [ 38.56061, 58.30957, 0.0 ], [ 40.686172, 57.0559, 0.0 ]] 
boundary 0: [[ 40.68178, 73.998665, 0.0 ], [ 40.144997, 73.011856, 0.0 ], [ 38.109283, 71.61688, 0.0 ], [ 34.773804, 69.95081, 0.0 ], [ 30.465174, 68.176315, 0.0 ], [ 25.605217, 66.46731, 0.0 ], [ 20.66951, 64.99101, 0.0 ], [ 16.141281, 63.8919, 0.0 ], [ 12.46378, 63.27764, 0.0 ], [ 9.997009, 63.20832, 0.0 ], [ 8.982359, 63.690716, 0.0 ], [ 9.519214, 64.6776, 0.0 ], [ 11.554962, 66.0725, 0.0 ], [ 14.8903885, 67.73876, 0.0 ], [ 19.199024, 69.513214, 0.0 ], [ 24.058964, 71.22226, 0.0 ], [ 28.994606, 72.69845, 0.0 ], [ 33.522915, 73.79761, 0.0 ], [ 37.200363, 74.41189, 0.0 ], [ 39.66722, 74.48119, 0.0 ]] 
boundary 1: [[ 40.681767, 54.001255, 0.0 ], [ 39.66719, 53.518833, 0.0 ], [ 37.20038, 53.588142, 0.0 ], [ 33.522877, 54.202377, 0.0 ], [ 28.99463, 55.301506, 0.0 ], [ 24.05901, 56.777763, 0.0 ], [ 19.199024, 58.486828, 0.0 ], [ 14.890397, 60.261345, 0.0 ], [ 11.554971, 61.927513, 0.0 ], [ 9.519182, 63.322342, 0.0 ], [ 8.982336, 64.30923, 0.0 ], [ 9.996992, 64.79175, 0.0 ], [ 12.463781, 64.72239, 0.0 ], [ 16.141289, 64.1081, 0.0 ], [ 20.669508, 63.00902, 0.0 ], [ 25.605228, 61.532677, 0.0 ], [ 30.465193, 59.823742, 0.0 ], [ 34.773827, 58.04923, 0.0 ], [ 38.10927, 56.383034, 0.0 ], [ 40.14501, 54.98822, 0.0 ]] 
boundary 0: [[ 40.202293, 75.36795, 0.0 ], [ 39.710323, 74.35805, 0.0 ], [ 37.739235, 72.87316, 0.0 ], [ 34.481857, 71.059135, 0.0 ], [ 30.257162, 69.09315, 0.0 ], [ 25.47876, 67.16785, 0.0 ], [ 20.614239, 65.47163, 0.0 ], [ 16.139881, 64.17048, 0.0 ], [ 12.493635, 63.39188, 0.0 ], [ 10.032459, 63.211964, 0.0 ], [ 8.99719, 63.64837, 0.0 ], [ 9.489235, 64.65833, 0.0 ], [ 11.46036, 66.143166, 0.0 ], [ 14.717682, 67.95736, 0.0 ], [ 18.942383, 69.923325, 0.0 ], [ 23.720757, 71.848656, 0.0 ], [ 28.585217, 73.544754, 0.0 ], [ 33.059654, 74.84595, 0.0 ], [ 36.705833, 75.62457, 0.0 ], [ 39.167114, 75.80447, 0.0 ]] 
boundary 1: [[ 40.20228, 52.631973, 0.0 ], [ 39.167084, 52.19555, 0.0 ], [ 36.705856, 52.37546, 0.0 ], [ 33.059616, 53.154034, 0.0 ], [ 28.585241, 54.455193, 0.0 ], [ 23.720806, 56.151363, 0.0 ], [ 18.942383, 58.07672, 0.0 ], [ 14.717693, 60.042744, 0.0 ], [ 11.460367, 61.856857, 0.0 ], [ 9.489201, 63.341602, 0.0 ], [ 8.997166, 64.35158, 0.0 ], [ 10.032445, 64.78811, 0.0 ], [ 12.493639, 64.60815, 0.0 ], [ 16.139889, 63.82952, 0.0 ], [ 20.614239, 62.528408, 0.0 ], [ 25.478771, 60.832134, 0.0 ], [ 30.257185, 58.906902, 0.0 ], [ 34.481884, 56.940903, 0.0 ], [ 37.73922, 55.126762, 0.0 ], [ 39.710342, 53.642033, 0.0 ]] 
boundary 0: [[ 37.31985, 81.187775, 0.0 ], [ 37.039627, 80.09993, 0.0 ], [ 35.40505, 78.251076, 0.0 ], [ 32.57592, 75.82266, 0.0 ], [ 28.829334, 73.05205, 0.0 ], [ 24.53209, 70.21065, 0.0 ], [ 20.104683, 67.576485, 0.0 ], [ 15.980608, 65.407394, 0.0 ], [ 12.563519, 63.915813, 0.0 ], [ 10.187944, 63.247673, 0.0 ], [ 9.086347, 63.468376, 0.0 ], [ 9.366627, 64.55631, 0.0 ], [ 11.001249, 66.40512, 0.0 ], [ 13.830307, 68.83366, 0.0 ], [ 17.576893, 71.60426, 0.0 ], [ 21.874102, 74.445694, 0.0 ], [ 26.301477, 77.07972, 0.0 ], [ 30.425613, 79.24887, 0.0 ], [ 33.842636, 80.74046, 0.0 ], [ 36.218315, 81.4086, 0.0 ]] 
boundary 1: [[ 37.31982, 46.812164, 0.0 ], [ 36.218292, 46.591415, 0.0 ], [ 33.842678, 47.259563, 0.0 ], [ 30.425573, 48.751125, 0.0 ], [ 26.30149, 50.920227, 0.0 ], [ 21.874153, 53.554314, 0.0 ], [ 17.5769, 56.395786, 0.0 ], [ 13.830338, 59.166435, 0.0 ], [ 11.001265, 61.59492, 0.0 ], [ 9.366583, 63.44365, 0.0 ], [ 9.086311, 64.53157, 0.0 ], [ 10.187948, 64.75241, 0.0 ], [ 12.563528, 64.08422, 0.0 ], [ 15.980616, 62.592606, 0.0 ], [ 20.104685, 60.423557, 0.0 ], [ 24.532097, 57.789337, 0.0 ], [ 28.829365, 54.947994, 0.0 ], [ 32.575943, 52.17737, 0.0 ], [ 35.40502, 49.748856, 0.0 ], [ 37.039673, 47.90015, 0.0 ]] 
boundary 0: [[ 27.757866, 90.976425, 0.0 ], [ 27.952698, 89.870094, 0.0 ], [ 27.229252, 87.5107, 0.0 ], [ 25.657951, 84.12955, 0.0 ], [ 23.392893, 80.057365, 0.0 ], [ 20.655785, 75.69293, 0.0 ], [ 17.714443, 71.46338, 0.0 ], [ 14.856905, 67.78269, 0.0 ], [ 12.362797, 65.01127, 0.0 ], [ 10.476329, 63.420364, 0.0 ], [ 9.382093, 63.165646, 0.0 ], [ 9.187271, 64.27208, 0.0 ], [ 9.910784, 66.63145, 0.0 ], [ 11.481964, 70.01269, 0.0 ], [ 13.747022, 74.08487, 0.0 ], [ 16.484093, 78.44928, 0.0 ], [ 19.425463, 82.67872, 0.0 ], [ 22.283031, 86.3595, 0.0 ], [ 24.777073, 89.1309, 0.0 ], [ 26.66364, 90.72185, 0.0 ]] 
boundary 1: [[ 27.757816, 37.023537, 0.0 ], [ 26.66362, 37.278175, 0.0 ], [ 24.777126, 38.869125, 0.0 ], [ 22.28299, 41.640514, 0.0 ], [ 19.42545, 45.32122, 0.0 ], [ 16.484142, 49.550694, 0.0 ], [ 13.747046, 53.915173, 0.0 ], [ 11.482032, 57.98738, 0.0 ], [ 9.910812, 61.36858, 0.0 ], [ 9.187215, 63.7279, 0.0 ], [ 9.38204, 64.83432, 0.0 ], [ 10.476368, 64.57971, 0.0 ], [ 12.36282, 62.98875, 0.0 ], [ 14.856909, 60.217304, 0.0 ], [ 17.714462, 56.536667, 0.0 ], [ 20.655785, 52.307037, 0.0 ], [ 23.392944, 47.942673, 0.0 ], [ 25.657984, 43.870476, 0.0 ], [ 27.229197, 40.48925, 0.0 ], [ 27.952774, 38.12996, 0.0 ]] 
boundary 0: [[ 28.930937, 90.163574, 0.0 ], [ 29.076757, 89.04973, 0.0 ], [ 28.2499, 86.72455, 0.0 ], [ 26.530924, 83.41603, 0.0 ], [ 24.088371, 79.44777, 0.0 ], [ 21.161333, 75.208374, 0.0 ], [ 18.036213, 71.11274, 0.0 ], [ 15.019033, 67.56174, 0.0 ], [ 12.405056, 64.903076, 0.0 ], [ 10.450221, 63.39697, 0.0 ], [ 9.345812, 63.190784, 0.0 ], [ 9.200005, 64.30474, 0.0 ], [ 10.026928, 66.629875, 0.0 ], [ 11.745788, 69.93849, 0.0 ], [ 14.188338, 73.90675, 0.0 ], [ 17.11534, 78.146126, 0.0 ], [ 20.240482, 82.241646, 0.0 ], [ 23.257696, 85.79274, 0.0 ], [ 25.871605, 88.451385, 0.0 ], [ 27.826542, 89.957535, 0.0 ]] 
boundary 1: [[ 28.93089, 37.836384, 0.0 ], [ 27.826523, 38.04249, 0.0 ], [ 25.871658, 39.548645, 0.0 ], [ 23.257654, 42.207268, 0.0 ], [ 20.24047, 45.758293, 0.0 ], [ 17.11539, 49.853848, 0.0 ], [ 14.188361, 54.093292, 0.0 ], [ 11.745852, 58.06158, 0.0 ], [ 10.026956, 61.370148, 0.0 ], [ 9.199949, 63.69524, 0.0 ], [ 9.345759, 64.80918, 0.0 ], [ 10.450257, 64.60311, 0.0 ], [ 12.405078, 63.096947, 0.0 ], [ 15.019038, 60.43826, 0.0 ], [ 18.036228, 56.887306, 0.0 ], [ 21.161335, 52.791595, 0.0 ], [ 24.08842, 48.55227, 0.0 ], [ 26.530954, 44.583992, 0.0 ], [ 28.249847, 41.275394, 0.0 ], [ 29.076832, 38.950333, 0.0 ]] 
boundary 0: [[ 37.97785, 80.091835, 0.0 ], [ 37.654846, 79.015915, 0.0 ], [ 35.94847, 77.233116, 0.0 ], [ 33.025555, 74.91841, 0.0 ], [ 29.172375, 72.29807, 0.0 ], [ 24.766174, 69.62873, 0.0 ], [ 20.238113, 67.17164, 0.0 ], [ 16.031515, 65.16725, 0.0 ], [ 12.558132, 63.811905, 0.0 ], [ 10.15801, 63.238197, 0.0 ], [ 9.065994, 63.502274, 0.0 ], [ 9.389061, 64.57828, 0.0 ], [ 11.095485, 66.36103, 0.0 ], [ 14.018324, 68.67584, 0.0 ], [ 17.871502, 71.29619, 0.0 ], [ 22.27766, 73.96552, 0.0 ], [ 26.805702, 76.4225, 0.0 ], [ 31.01237, 78.426956, 0.0 ], [ 34.485672, 79.78231, 0.0 ], [ 36.88591, 80.35602, 0.0 ]] 
boundary 1: [[ 37.97783, 47.90811, 0.0 ], [ 36.88588, 47.643997, 0.0 ], [ 34.48571, 48.217735, 0.0 ], [ 31.012323, 49.573044, 0.0 ], [ 26.805714, 51.577446, 0.0 ], [ 22.277723, 54.03447, 0.0 ], [ 17.871506, 56.703865, 0.0 ], [ 14.018356, 59.32424, 0.0 ], [ 11.095497, 61.639015, 0.0 ], [ 9.389015, 63.421684, 0.0 ], [ 9.06596, 64.49767, 0.0 ], [ 10.158011, 64.76189, 0.0 ], [ 12.5581455, 64.188126, 0.0 ], [ 16.031523, 62.832737, 0.0 ], [ 20.23811, 60.8284, 0.0 ], [ 24.766188, 58.371235, 0.0 ], [ 29.172407, 55.70198, 0.0 ], [ 33.025574, 53.081615, 0.0 ], [ 35.948437, 50.766815, 0.0 ], [ 37.654892, 48.984165, 0.0 ]] 
boundary 0: [[ 40.91578, 73.24825, 0.0 ], [ 40.355164, 72.27479, 0.0 ], [ 38.286133, 70.9297, 0.0 ], [ 34.911156, 69.345184, 0.0 ], [ 30.56064, 67.67598, 0.0 ], [ 25.66057, 66.0856, 0.0 ], [ 20.690437, 64.72974, 0.0 ], [ 16.136818, 63.74099, 0.0 ], [ 12.445466, 63.21633, 0.0 ], [ 9.977744, 63.206997, 0.0 ], [ 8.9751215, 63.713932, 0.0 ], [ 9.535811, 64.68747, 0.0 ], [ 11.60487, 66.0325, 0.0 ], [ 14.979811, 67.61715, 0.0 ], [ 19.330318, 69.28635, 0.0 ], [ 24.230349, 70.876724, 0.0 ], [ 29.200441, 72.2325, 0.0 ], [ 33.754143, 73.22128, 0.0 ], [ 37.445415, 73.74597, 0.0 ], [ 39.913246, 73.75529, 0.0 ]] 
boundary 1: [[ 40.915768, 54.751686, 0.0 ], [ 39.913216, 54.24473, 0.0 ], [ 37.445435, 54.254078, 0.0 ], [ 33.754097, 54.77871, 0.0 ], [ 29.200462, 55.767456, 0.0 ], [ 24.230415, 57.12328, 0.0 ], [ 19.330309, 58.7137, 0.0 ], [ 14.979824, 60.382942, 0.0 ], [ 11.60487, 61.96755, 0.0 ], [ 9.535777, 63.31248, 0.0 ], [ 8.9751005, 64.28601, 0.0 ], [ 9.977728, 64.793076, 0.0 ], [ 12.44547, 64.78371, 0.0 ], [ 16.136826, 64.258995, 0.0 ], [ 20.690426, 63.270313, 0.0 ], [ 25.660595, 61.914368, 0.0 ], [ 30.560663, 60.32408, 0.0 ], [ 34.911163, 58.654854, 0.0 ], [ 38.286125, 57.070213, 0.0 ], [ 40.355186, 55.725304, 0.0 ]] 
boundary 0: [[ 41.66885, 70.18864, 0.0 ], [ 41.016144, 69.27437, 0.0 ], [ 38.82602, 68.13707, 0.0 ], [ 35.312836, 66.88857, 0.0 ], [ 30.820496, 65.65075, 0.0 ], [ 25.788898, 64.544876, 0.0 ], [ 20.710388, 63.679237, 0.0 ], [ 16.08215, 63.1384, 0.0 ], [ 12.35726, 62.975536, 0.0 ], [ 9.900346, 63.20644, 0.0 ], [ 8.951825, 63.808556, 0.0 ], [ 9.604614, 64.72289, 0.0 ], [ 11.794768, 65.860146, 0.0 ], [ 15.307924, 67.10878, 0.0 ], [ 19.800247, 68.34658, 0.0 ], [ 24.831808, 69.45246, 0.0 ], [ 29.910267, 70.31804, 0.0 ], [ 34.538593, 70.85887, 0.0 ], [ 38.263412, 71.02179, 0.0 ], [ 40.72042, 70.79085, 0.0 ]] 
boundary 1: [[ 41.668835, 57.811295, 0.0 ], [ 40.72039, 57.209164, 0.0 ], [ 38.263428, 56.97826, 0.0 ], [ 34.538548, 57.141106, 0.0 ], [ 29.910294, 57.681923, 0.0 ], [ 24.831877, 58.547546, 0.0 ], [ 19.800236, 59.65346, 0.0 ], [ 15.307931, 60.891327, 0.0 ], [ 11.794761, 62.1399, 0.0 ], [ 9.604586, 63.277046, 0.0 ], [ 8.951812, 64.19138, 0.0 ], [ 9.900323, 64.793625, 0.0 ], [ 12.35726, 65.02451, 0.0 ], [ 16.08216, 64.861595, 0.0 ], [ 20.71037, 64.32083, 0.0 ], [ 25.788923, 63.45509, 0.0 ], [ 30.82051, 62.349308, 0.0 ], [ 35.312843, 61.111465, 0.0 ], [ 38.82601, 59.86285, 0.0 ], [ 41.016144, 58.725727, 0.0 ]] 
boundary 0: [[ 42.054104, 67.701164, 0.0 ], [ 41.332245, 66.84044, 0.0 ], [ 39.060287, 65.87696, 0.0 ], [ 35.46064, 64.90554, 0.0 ], [ 30.885618, 64.02092, 0.0 ], [ 25.783243, 63.309822, 0.0 ], [ 20.652782, 62.841858, 0.0 ], [ 15.996493, 62.662697, 0.0 ], [ 12.270222, 62.790085, 0.0 ], [ 9.838716, 63.21141, 0.0 ], [ 8.939907, 63.885483, 0.0 ], [ 9.661844, 64.74628, 0.0 ], [ 11.93383, 65.7097, 0.0 ], [ 15.533469, 66.68127, 0.0 ], [ 20.10847, 67.565865, 0.0 ], [ 25.210815, 68.276985, 0.0 ], [ 30.341213, 68.74488, 0.0 ], [ 34.997585, 68.924034, 0.0 ], [ 38.72379, 68.79671, 0.0 ], [ 41.155388, 68.375336, 0.0 ]] 
boundary 1: [[ 42.054092, 60.298767, 0.0 ], [ 41.155357, 59.624672, 0.0 ], [ 38.723804, 59.203342, 0.0 ], [ 34.99755, 59.07594, 0.0 ], [ 30.341248, 59.255077, 0.0 ], [ 25.210882, 59.723034, 0.0 ], [ 20.10846, 60.43418, 0.0 ], [ 15.53347, 61.318832, 0.0 ], [ 11.933819, 62.290337, 0.0 ], [ 9.661821, 63.253666, 0.0 ], [ 8.939899, 64.11445, 0.0 ], [ 9.838685, 64.78866, 0.0 ], [ 12.270216, 65.20996, 0.0 ], [ 15.996505, 65.3373, 0.0 ], [ 20.652756, 65.15821, 0.0 ], [ 25.78327, 64.69016, 0.0 ], [ 30.88562, 63.979137, 0.0 ], [ 35.460648, 63.094498, 0.0 ], [ 39.06028, 62.12296, 0.0 ], [ 41.332245, 61.159645, 0.0 ]] 
boundary 0: [[ 42.194458, 66.15916, 0.0 ], [ 41.432236, 65.333984, 0.0 ], [ 39.116745, 64.48036, 0.0 ], [ 35.474735, 63.682396, 0.0 ], [ 30.862598, 63.01781, 0.0 ], [ 25.732025, 62.551804, 0.0 ], [ 20.585045, 62.329994, 0.0 ], [ 15.925518, 62.37396, 0.0 ], [ 12.2096195, 62.679596, 0.0 ], [ 9.801069, 63.216846, 0.0 ], [ 8.935563, 63.933178, 0.0 ], [ 9.697884, 64.75842, 0.0 ], [ 12.013388, 65.61196, 0.0 ], [ 15.655415, 66.41009, 0.0 ], [ 20.26752, 67.07465, 0.0 ], [ 25.39806, 67.54067, 0.0 ], [ 30.544977, 67.76242, 0.0 ], [ 35.20459, 67.71844, 0.0 ], [ 38.92043, 67.41288, 0.0 ], [ 41.329063, 66.87559, 0.0 ]] 
boundary 1: [[ 42.194447, 61.84079, 0.0 ], [ 41.329033, 61.124435, 0.0 ], [ 38.920437, 60.587173, 0.0 ], [ 35.20455, 60.281525, 0.0 ], [ 30.545013, 60.237534, 0.0 ], [ 25.398125, 60.45934, 0.0 ], [ 20.267506, 60.925404, 0.0 ], [ 15.655411, 61.590008, 0.0 ], [ 12.013374, 62.38807, 0.0 ], [ 9.697863, 63.241524, 0.0 ], [ 8.935559, 64.06675, 0.0 ], [ 9.801038, 64.78322, 0.0 ], [ 12.20961, 65.32045, 0.0 ], [ 15.9255295, 65.62605, 0.0 ], [ 20.585014, 65.670074, 0.0 ], [ 25.732052, 65.44817, 0.0 ], [ 30.862597, 64.982254, 0.0 ], [ 35.474743, 64.31765, 0.0 ], [ 39.116737, 63.51955, 0.0 ], [ 41.432236, 62.66612, 0.0 ]] 
boundary 0: [[ 42.21565, 65.81466, 0.0 ], [ 41.44467, 64.99766, 0.0 ], [ 39.120216, 64.16879, 0.0 ], [ 35.469887, 63.409767, 0.0 ], [ 30.850924, 62.794453, 0.0 ], [ 25.715664, 62.383236, 0.0 ], [ 20.56661, 62.216385, 0.0 ], [ 15.90782, 62.31009, 0.0 ], [ 12.195396, 62.655373, 0.0 ], [ 9.792716, 63.218304, 0.0 ], [ 8.934906, 63.94383, 0.0 ], [ 9.705994, 64.76089, 0.0 ], [ 12.030475, 65.58966, 0.0 ], [ 15.680816, 66.34887, 0.0 ], [ 20.299753, 66.964165, 0.0 ], [ 25.434978, 67.3754, 0.0 ], [ 30.583967, 67.54218, 0.0 ], [ 35.242836, 67.448456, 0.0 ], [ 38.955204, 67.10325, 0.0 ], [ 41.357967, 66.540276, 0.0 ]] 
boundary 1: [[ 42.21564, 62.18529, 0.0 ], [ 41.357937, 61.459736, 0.0 ], [ 38.95521, 60.896797, 0.0 ], [ 35.242798, 60.5515, 0.0 ], [ 30.584003, 60.45777, 0.0 ], [ 25.435043, 60.624622, 0.0 ], [ 20.299738, 61.035896, 0.0 ], [ 15.680808, 61.651226, 0.0 ], [ 12.030461, 62.410362, 0.0 ], [ 9.705973, 63.23905, 0.0 ], [ 8.934903, 64.0561, 0.0 ], [ 9.792684, 64.78177, 0.0 ], [ 12.195384, 65.344666, 0.0 ], [ 15.907831, 65.689926, 0.0 ], [ 20.56658, 65.78368, 0.0 ], [ 25.71569, 65.61674, 0.0 ], [ 30.850922, 65.20561, 0.0 ], [ 35.469894, 64.59029, 0.0 ], [ 39.120213, 63.831104, 0.0 ], [ 41.44467, 63.00244, 0.0 ]] 
boundary 0: [[ 42.220688, 65.72219, 0.0 ], [ 41.447403, 64.9074, 0.0 ], [ 39.120583, 64.085175, 0.0 ], [ 35.468082, 63.336643, 0.0 ], [ 30.84738, 62.73455, 0.0 ], [ 25.710968, 62.338043, 0.0 ], [ 20.561459, 62.185936, 0.0 ], [ 15.902954, 62.292988, 0.0 ], [ 12.191536, 62.6489, 0.0 ], [ 9.790481, 63.218708, 0.0 ], [ 8.934749, 63.946682, 0.0 ], [ 9.708174, 64.761505, 0.0 ], [ 12.035018, 65.58364, 0.0 ], [ 15.687517, 66.33242, 0.0 ], [ 20.3082, 66.934456, 0.0 ], [ 25.444584, 67.33099, 0.0 ], [ 30.59402, 67.483025, 0.0 ], [ 35.252605, 67.37595, 0.0 ], [ 38.963974, 67.020134, 0.0 ], [ 41.365116, 66.450264, 0.0 ]] 
boundary 1: [[ 42.22068, 62.277752, 0.0 ], [ 41.365086, 61.549744, 0.0 ], [ 38.96398, 60.979927, 0.0 ], [ 35.252567, 60.624, 0.0 ], [ 30.594057, 60.51693, 0.0 ], [ 25.444649, 60.669037, 0.0 ], [ 20.308186, 61.065598, 0.0 ], [ 15.68751, 61.6677, 0.0 ], [ 12.035005, 62.41638, 0.0 ], [ 9.708153, 63.2384, 0.0 ], [ 8.934747, 64.053246, 0.0 ], [ 9.790446, 64.78134, 0.0 ], [ 12.191523, 65.35112, 0.0 ], [ 15.902966, 65.70704, 0.0 ], [ 20.561424, 65.814125, 0.0 ], [ 25.710995, 65.66193, 0.0 ], [ 30.847378, 65.26552, 0.0 ], [ 35.46809, 64.663414, 0.0 ], [ 39.120575, 63.91469, 0.0 ], [ 41.447403, 63.0927, 0.0 ]] 
boundary 0: [[ 42.219723, 65.73973, 0.0 ], [ 41.4469, 64.92457, 0.0 ], [ 39.12053, 64.10105, 0.0 ], [ 35.46844, 63.350536, 0.0 ], [ 30.848063, 62.745934, 0.0 ], [ 25.711868, 62.346626, 0.0 ], [ 20.56244, 62.19171, 0.0 ], [ 15.903881, 62.296238, 0.0 ], [ 12.192269, 62.650124, 0.0 ], [ 9.790905, 63.21864, 0.0 ], [ 8.934778, 63.946125, 0.0 ], [ 9.707756, 64.76138, 0.0 ], [ 12.034156, 65.58481, 0.0 ], [ 15.686247, 66.33554, 0.0 ], [ 20.306606, 66.94009, 0.0 ], [ 25.442768, 67.33944, 0.0 ], [ 30.592117, 67.49426, 0.0 ], [ 35.250763, 67.38975, 0.0 ], [ 38.96232, 67.03594, 0.0 ], [ 41.363773, 66.46735, 0.0 ]] 
boundary 1: [[ 42.219715, 62.26018, 0.0 ], [ 41.363743, 61.532642, 0.0 ], [ 38.962326, 60.96414, 0.0 ], [ 35.250725, 60.61023, 0.0 ], [ 30.592154, 60.505695, 0.0 ], [ 25.442833, 60.660595, 0.0 ], [ 20.306591, 61.059956, 0.0 ], [ 15.686239, 61.66458, 0.0 ], [ 12.0341425, 62.41525, 0.0 ], [ 9.707736, 63.23852, 0.0 ], [ 8.934776, 64.0538, 0.0 ], [ 9.790871, 64.78144, 0.0 ], [ 12.192256, 65.34989, 0.0 ], [ 15.9038925, 65.70379, 0.0 ], [ 20.562407, 65.80832, 0.0 ], [ 25.711895, 65.65333, 0.0 ], [ 30.84806, 65.254166, 0.0 ], [ 35.46845, 64.64953, 0.0 ], [ 39.12052, 63.898808, 0.0 ], [ 41.4469, 63.07557, 0.0 ]] 
boundary 0: [[ 42.24702, 65.12422, 0.0 ], [ 41.4588, 64.32395, 0.0 ], [ 39.117165, 63.544903, 0.0 ], [ 35.45143, 62.86411, 0.0 ], [ 30.820375, 62.347652, 0.0 ], [ 25.677504, 62.046288, 0.0 ], [ 20.526054, 61.989513, 0.0 ], [ 15.870335, 62.18278, 0.0 ], [ 12.166138, 62.60733, 0.0 ], [ 9.776042, 63.221485, 0.0 ], [ 8.933934, 63.96516, 0.0 ], [ 9.722304, 64.76555, 0.0 ], [ 12.063971, 65.544495, 0.0 ], [ 15.729704, 66.225494, 0.0 ], [ 20.360748, 66.7419, 0.0 ], [ 25.50358, 67.043335, 0.0 ], [ 30.654947, 67.1, 0.0 ], [ 35.310745, 66.906746, 0.0 ], [ 39.014908, 66.48227, 0.0 ], [ 41.405083, 65.86803, 0.0 ]] 
boundary 1: [[ 42.247013, 62.87568, 0.0 ], [ 41.405052, 62.13196, 0.0 ], [ 39.014915, 61.517803, 0.0 ], [ 35.310707, 61.093235, 0.0 ], [ 30.654984, 60.899952, 0.0 ], [ 25.503645, 60.956715, 0.0 ], [ 20.36073, 61.25814, 0.0 ], [ 15.729695, 61.77462, 0.0 ], [ 12.063957, 62.455563, 0.0 ], [ 9.722286, 63.23437, 0.0 ], [ 8.933932, 64.03477, 0.0 ], [ 9.776007, 64.77858, 0.0 ], [ 12.166126, 65.39269, 0.0 ], [ 15.870344, 65.817245, 0.0 ], [ 20.52602, 66.01052, 0.0 ], [ 25.677532, 65.953674, 0.0 ], [ 30.820372, 65.65244, 0.0 ], [ 35.45144, 65.13595, 0.0 ], [ 39.117165, 64.45496, 0.0 ], [ 41.4588, 63.676193, 0.0 ]] 
boundary 0: [[ 42.234135, 65.44784, 0.0 ], [ 41.45397, 64.63973, 0.0 ], [ 39.120243, 63.837257, 0.0 ], [ 35.461525, 63.119778, 0.0 ], [ 30.835867, 62.556957, 0.0 ], [ 25.69628, 62.204094, 0.0 ], [ 20.545666, 62.095722, 0.0 ], [ 15.888239, 62.242344, 0.0 ], [ 12.1799755, 62.62976, 0.0 ], [ 9.78385, 63.219948, 0.0 ], [ 8.934334, 63.955162, 0.0 ], [ 9.714646, 64.76338, 0.0 ], [ 12.048393, 65.56576, 0.0 ], [ 15.707119, 66.28344, 0.0 ], [ 20.332756, 66.846214, 0.0 ], [ 25.472313, 67.19914, 0.0 ], [ 30.622845, 67.3074, 0.0 ], [ 35.28035, 67.1608, 0.0 ], [ 38.988564, 66.773445, 0.0 ], [ 41.38478, 66.18318, 0.0 ]] 
boundary 1: [[ 42.234127, 62.55205, 0.0 ], [ 41.38475, 61.816807, 0.0 ], [ 38.98857, 61.22662, 0.0 ], [ 35.28031, 60.839176, 0.0 ], [ 30.62288, 60.69254, 0.0 ], [ 25.472378, 60.800903, 0.0 ], [ 20.33274, 61.153835, 0.0 ], [ 15.707113, 61.716675, 0.0 ], [ 12.04838, 62.4343, 0.0 ], [ 9.714627, 63.236523, 0.0 ], [ 8.934332, 64.04477, 0.0 ], [ 9.783814, 64.78013, 0.0 ], [ 12.179964, 65.37026, 0.0 ], [ 15.888248, 65.75768, 0.0 ], [ 20.545631, 65.90432, 0.0 ], [ 25.69631, 65.79587, 0.0 ], [ 30.835863, 65.44313, 0.0 ], [ 35.46154, 64.880295, 0.0 ], [ 39.120243, 64.16262, 0.0 ], [ 41.45397, 63.36042, 0.0 ]] 
boundary 0: [[ 42.153313, 66.70367, 0.0 ], [ 41.40519, 65.86582, 0.0 ], [ 39.10447, 64.97313, 0.0 ], [ 35.476448, 64.11383, 0.0 ], [ 30.876186, 63.371433, 0.0 ], [ 25.754221, 62.818844, 0.0 ], [ 20.611723, 62.510124, 0.0 ], [ 15.952126, 62.4754, 0.0 ], [ 12.231592, 62.718224, 0.0 ], [ 9.814318, 63.214718, 0.0 ], [ 8.936835, 63.916317, 0.0 ], [ 9.685108, 64.754295, 0.0 ], [ 11.985861, 65.64687, 0.0 ], [ 15.613886, 66.50638, 0.0 ], [ 20.214123, 67.24874, 0.0 ], [ 25.336052, 67.8014, 0.0 ], [ 30.478468, 68.109985, 0.0 ], [ 35.138138, 68.14474, 0.0 ], [ 38.858624, 67.901985, 0.0 ], [ 41.275997, 67.405396, 0.0 ]] 
boundary 1: [[ 42.1533, 61.296223, 0.0 ], [ 41.275967, 60.594585, 0.0 ], [ 38.85863, 60.09809, 0.0 ], [ 35.1381, 59.85524, 0.0 ], [ 30.478504, 59.889946, 0.0 ], [ 25.336117, 60.198658, 0.0 ], [ 20.214108, 60.751316, 0.0 ], [ 15.613888, 61.49373, 0.0 ], [ 11.985851, 62.353184, 0.0 ], [ 9.685083, 63.245613, 0.0 ], [ 8.9368305, 64.0836, 0.0 ], [ 9.814284, 64.78536, 0.0 ], [ 12.231583, 65.28181, 0.0 ], [ 15.952135, 65.52462, 0.0 ], [ 20.611689, 65.48993, 0.0 ], [ 25.75425, 65.181114, 0.0 ], [ 30.876183, 64.628654, 0.0 ], [ 35.476463, 63.88625, 0.0 ], [ 39.10447, 63.026745, 0.0 ], [ 41.405197, 62.13434, 0.0 ]] 
boundary 0: [[ 42.041836, 67.80551, 0.0 ], [ 41.322845, 66.94252, 0.0 ], [ 39.05404, 65.971565, 0.0 ], [ 35.457573, 64.988525, 0.0 ], [ 30.885431, 64.08902, 0.0 ], [ 25.785393, 63.361347, 0.0 ], [ 20.65649, 62.87669, 0.0 ], [ 16.000809, 62.682415, 0.0 ], [ 12.274141, 62.79768, 0.0 ], [ 9.841281, 63.2111, 0.0 ], [ 8.940286, 63.882244, 0.0 ], [ 9.659421, 64.745346, 0.0 ], [ 11.928257, 65.7162, 0.0 ], [ 15.524721, 66.69945, 0.0 ], [ 20.096836, 67.598915, 0.0 ], [ 25.19684, 68.32666, 0.0 ], [ 30.325666, 68.811165, 0.0 ], [ 34.981415, 69.00548, 0.0 ], [ 38.70804, 68.89028, 0.0 ], [ 41.141, 68.476776, 0.0 ]] 
boundary 1: [[ 42.041824, 60.194397, 0.0 ], [ 41.14097, 59.523212, 0.0 ], [ 38.708046, 59.109795, 0.0 ], [ 34.981377, 58.994495, 0.0 ], [ 30.325699, 59.18876, 0.0 ], [ 25.196907, 59.6734, 0.0 ], [ 20.09682, 60.401142, 0.0 ], [ 15.524726, 61.30066, 0.0 ], [ 11.928251, 62.28386, 0.0 ], [ 9.659393, 63.25456, 0.0 ], [ 8.940277, 64.11768, 0.0 ], [ 9.84125, 64.78898, 0.0 ], [ 12.274134, 65.20235, 0.0 ], [ 16.000818, 65.31762, 0.0 ], [ 20.656456, 65.12336, 0.0 ], [ 25.785416, 64.63862, 0.0 ], [ 30.88543, 63.91107, 0.0 ], [ 35.457596, 63.011555, 0.0 ], [ 39.05404, 62.02831, 0.0 ], [ 41.322857, 61.057632, 0.0 ]] 
boundary 0: [[ 41.83741, 69.25049, 0.0 ], [ 41.15809, 68.35593, 0.0 ], [ 38.935413, 67.283585, 0.0 ], [ 35.386963, 66.139275, 0.0 ], [ 30.860065, 65.03437, 0.0 ], [ 25.798069, 64.0773, 0.0 ], [ 20.696255, 63.361702, 0.0 ], [ 16.054081, 62.957542, 0.0 ], [ 12.326011, 62.904533, 0.0 ], [ 9.876973, 63.20775, 0.0 ], [ 8.946613, 63.83755, 0.0 ], [ 9.626066, 64.73222, 0.0 ], [ 11.848783, 65.804474, 0.0 ], [ 15.397215, 66.949005, 0.0 ], [ 19.92409, 68.05387, 0.0 ], [ 24.986061, 69.01101, 0.0 ], [ 30.087795, 69.72644, 0.0 ], [ 34.730034, 70.13064, 0.0 ], [ 38.458054, 70.183716, 0.0 ], [ 40.907196, 69.88043, 0.0 ]] 
boundary 1: [[ 41.83739, 58.749428, 0.0 ], [ 40.907166, 58.11957, 0.0 ], [ 38.45806, 57.816357, 0.0 ], [ 34.729996, 57.86933, 0.0 ], [ 30.087824, 58.273476, 0.0 ], [ 24.986126, 58.98906, 0.0 ], [ 19.924074, 59.946194, 0.0 ], [ 15.397226, 61.051105, 0.0 ], [ 11.848778, 62.19559, 0.0 ], [ 9.626037, 63.267677, 0.0 ], [ 8.946596, 64.16237, 0.0 ], [ 9.876945, 64.79233, 0.0 ], [ 12.326003, 65.09549, 0.0 ], [ 16.054096, 65.042496, 0.0 ], [ 20.696224, 64.63835, 0.0 ], [ 25.798092, 63.92267, 0.0 ], [ 30.860067, 62.965733, 0.0 ], [ 35.386986, 61.860813, 0.0 ], [ 38.935402, 60.716278, 0.0 ], [ 41.15811, 59.644222, 0.0 ]] 
boundary 0: [[ 41.66439, 70.211105, 0.0 ], [ 41.012383, 69.296425, 0.0 ], [ 38.823082, 68.15749, 0.0 ], [ 35.31078, 66.90659, 0.0 ], [ 30.819311, 65.66555, 0.0 ], [ 25.788513, 64.55613, 0.0 ], [ 20.710617, 63.68687, 0.0 ], [ 16.082758, 63.142776, 0.0 ], [ 12.357986, 62.977253, 0.0 ], [ 9.900912, 63.20641, 0.0 ], [ 8.951962, 63.807842, 0.0 ], [ 9.604105, 64.72262, 0.0 ], [ 11.793444, 65.86146, 0.0 ], [ 15.30571, 67.112595, 0.0 ], [ 19.79718, 68.35359, 0.0 ], [ 24.82795, 69.46308, 0.0 ], [ 29.905762, 70.33218, 0.0 ], [ 34.53369, 70.87632, 0.0 ], [ 38.258396, 71.0419, 0.0 ], [ 40.71558, 70.81268, 0.0 ]] 
boundary 1: [[ 41.664368, 57.788815, 0.0 ], [ 40.71555, 57.187317, 0.0 ], [ 38.258404, 56.95817, 0.0 ], [ 34.533653, 57.12365, 0.0 ], [ 29.905785, 57.667732, 0.0 ], [ 24.828014, 58.536983, 0.0 ], [ 19.797165, 59.646477, 0.0 ], [ 15.305727, 60.887524, 0.0 ], [ 11.79344, 62.13859, 0.0 ], [ 9.604072, 63.27729, 0.0 ], [ 8.951944, 64.19208, 0.0 ], [ 9.900886, 64.79367, 0.0 ], [ 12.357979, 65.022766, 0.0 ], [ 16.082773, 64.857254, 0.0 ], [ 20.710587, 64.313194, 0.0 ], [ 25.788536, 63.443836, 0.0 ], [ 30.819317, 62.33454, 0.0 ], [ 35.31081, 61.093483, 0.0 ], [ 38.823067, 59.842365, 0.0 ], [ 41.01241, 58.7037, 0.0 ]] 
boundary 0: [[ 41.288383, 71.89297, 0.0 ], [ 40.686035, 70.944855, 0.0 ], [ 38.560524, 69.69088, 0.0 ], [ 35.119873, 68.25461, 0.0 ], [ 30.700905, 66.77602, 0.0 ], [ 25.736355, 65.40013, 0.0 ], [ 20.711994, 64.26154, 0.0 ], [ 16.119701, 63.47164, 0.0 ], [ 12.409039, 63.107895, 0.0 ], [ 9.943241, 63.205807, 0.0 ], [ 8.963595, 63.755825, 0.0 ], [ 9.56607, 64.70405, 0.0 ], [ 11.691619, 65.95793, 0.0 ], [ 15.132235, 67.39443, 0.0 ], [ 19.551197, 68.87298, 0.0 ], [ 24.515717, 70.24893, 0.0 ], [ 29.540003, 71.38735, 0.0 ], [ 34.132366, 72.17729, 0.0 ], [ 37.842957, 72.541115, 0.0 ], [ 40.30886, 72.443146, 0.0 ]] 
boundary 1: [[ 41.28836, 56.10695, 0.0 ], [ 40.30883, 55.55686, 0.0 ], [ 37.842968, 55.45896, 0.0 ], [ 34.13232, 55.82267, 0.0 ], [ 29.540024, 56.61256, 0.0 ], [ 24.515781, 57.751133, 0.0 ], [ 19.551191, 59.127106, 0.0 ], [ 15.132257, 60.605694, 0.0 ], [ 11.691618, 62.04213, 0.0 ], [ 9.566032, 63.295864, 0.0 ], [ 8.963572, 64.244095, 0.0 ], [ 9.94322, 64.794266, 0.0 ], [ 12.409031, 64.89213, 0.0 ], [ 16.119717, 64.52838, 0.0 ], [ 20.711971, 63.738514, 0.0 ], [ 25.736378, 62.599834, 0.0 ], [ 30.700914, 61.22406, 0.0 ], [ 35.119904, 59.745453, 0.0 ], [ 38.56051, 58.308975, 0.0 ], [ 40.686073, 57.055275, 0.0 ]] 
boundary 0: [[ 40.68155, 73.99925, 0.0 ], [ 40.14482, 73.01251, 0.0 ], [ 38.109158, 71.61742, 0.0 ], [ 34.773727, 69.95133, 0.0 ], [ 30.465097, 68.17673, 0.0 ], [ 25.605175, 66.46763, 0.0 ], [ 20.669506, 64.99124, 0.0 ], [ 16.141281, 63.89201, 0.0 ], [ 12.463793, 63.277687, 0.0 ], [ 9.997028, 63.208305, 0.0 ], [ 8.982368, 63.69068, 0.0 ], [ 9.519211, 64.67755, 0.0 ], [ 11.554919, 66.072556, 0.0 ], [ 14.8903, 67.738884, 0.0 ], [ 19.198929, 69.513435, 0.0 ], [ 24.058811, 71.22259, 0.0 ], [ 28.994425, 72.69881, 0.0 ], [ 33.522705, 73.79808, 0.0 ], [ 37.20012, 74.41249, 0.0 ], [ 39.667004, 74.481804, 0.0 ]] 
boundary 1: [[ 40.68151, 54.000656, 0.0 ], [ 39.666973, 53.5182, 0.0 ], [ 37.20014, 53.5876, 0.0 ], [ 33.52266, 54.20188, 0.0 ], [ 28.994432, 55.3011, 0.0 ], [ 24.058884, 56.777473, 0.0 ], [ 19.198933, 58.48666, 0.0 ], [ 14.890333, 60.261246, 0.0 ], [ 11.554924, 61.927498, 0.0 ], [ 9.519169, 63.32237, 0.0 ], [ 8.982338, 64.30923, 0.0 ], [ 9.997011, 64.79177, 0.0 ], [ 12.463788, 64.72236, 0.0 ], [ 16.141296, 64.10801, 0.0 ], [ 20.669483, 63.008823, 0.0 ], [ 25.605198, 61.532333, 0.0 ], [ 30.46511, 59.823353, 0.0 ], [ 34.77376, 58.04874, 0.0 ], [ 38.109127, 56.382446, 0.0 ], [ 40.144867, 54.987617, 0.0 ]] 
boundary 0: [[ 40.202045, 75.36853, 0.0 ], [ 39.710114, 74.35869, 0.0 ], [ 37.739098, 72.87367, 0.0 ], [ 34.48175, 71.059654, 0.0 ], [ 30.257072, 69.09356, 0.0 ], [ 25.478703, 67.16817, 0.0 ], [ 20.614223, 65.471855, 0.0 ], [ 16.139874, 64.17059, 0.0 ], [ 12.493648, 63.391926, 0.0 ], [ 10.032478, 63.211952, 0.0 ], [ 8.997202, 63.648335, 0.0 ], [ 9.489233, 64.65829, 0.0 ], [ 11.460315, 66.14322, 0.0 ], [ 14.717587, 67.95748, 0.0 ], [ 18.942276, 69.923546, 0.0 ], [ 23.720592, 71.84897, 0.0 ], [ 28.585018, 73.54511, 0.0 ], [ 33.059433, 74.846405, 0.0 ], [ 36.70557, 75.62517, 0.0 ], [ 39.166862, 75.80506, 0.0 ]] 
boundary 1: [[ 40.20199, 52.631386, 0.0 ], [ 39.166832, 52.19493, 0.0 ], [ 36.705597, 52.374924, 0.0 ], [ 33.059383, 53.153553, 0.0 ], [ 28.585024, 54.454796, 0.0 ], [ 23.720665, 56.15108, 0.0 ], [ 18.94229, 58.07657, 0.0 ], [ 14.7176285, 60.042645, 0.0 ], [ 11.460321, 61.856842, 0.0 ], [ 9.489188, 63.34163, 0.0 ], [ 8.997168, 64.35158, 0.0 ], [ 10.032467, 64.78813, 0.0 ], [ 12.493643, 64.608116, 0.0 ], [ 16.139889, 63.82943, 0.0 ], [ 20.614208, 62.52821, 0.0 ], [ 25.478724, 60.831795, 0.0 ], [ 30.257086, 58.906525, 0.0 ], [ 34.48179, 56.940414, 0.0 ], [ 37.739067, 55.12618, 0.0 ], [ 39.710175, 53.641434, 0.0 ]] 
boundary 0: [[ 37.319492, 81.18829, 0.0 ], [ 37.03929, 80.10051, 0.0 ], [ 35.40481, 78.25155, 0.0 ], [ 32.5757, 75.82315, 0.0 ], [ 28.829163, 73.05244, 0.0 ], [ 24.531965, 70.210945, 0.0 ], [ 20.104618, 67.5767, 0.0 ], [ 15.980576, 65.40751, 0.0 ], [ 12.563524, 63.91586, 0.0 ], [ 10.187967, 63.247665, 0.0 ], [ 9.086364, 63.468346, 0.0 ], [ 9.366634, 64.55627, 0.0 ], [ 11.001201, 66.405136, 0.0 ], [ 13.830189, 68.833755, 0.0 ], [ 17.576742, 71.60446, 0.0 ], [ 21.873882, 74.44597, 0.0 ], [ 26.30121, 77.08004, 0.0 ], [ 30.425308, 79.24926, 0.0 ], [ 33.842262, 80.74098, 0.0 ], [ 36.21796, 81.40912, 0.0 ]] 
boundary 1: [[ 37.319416, 46.81163, 0.0 ], [ 36.217922, 46.590866, 0.0 ], [ 33.842308, 47.259094, 0.0 ], [ 30.42525, 48.7507, 0.0 ], [ 26.301197, 50.919876, 0.0 ], [ 21.873962, 53.554073, 0.0 ], [ 17.576778, 56.395653, 0.0 ], [ 13.830255, 59.166355, 0.0 ], [ 11.001218, 61.59491, 0.0 ], [ 9.366576, 63.443676, 0.0 ], [ 9.086313, 64.53157, 0.0 ], [ 10.187972, 64.75243, 0.0 ], [ 12.563526, 64.08419, 0.0 ], [ 15.9806, 62.592518, 0.0 ], [ 20.104616, 60.423363, 0.0 ], [ 24.531982, 57.789017, 0.0 ], [ 28.829193, 54.947647, 0.0 ], [ 32.57576, 52.176903, 0.0 ], [ 35.404762, 49.748314, 0.0 ], [ 37.039375, 47.899605, 0.0 ]] 
boundary 0: [[ 27.75733, 90.976746, 0.0 ], [ 27.95216, 89.870476, 0.0 ], [ 27.228834, 87.51103, 0.0 ], [ 25.657545, 84.129906, 0.0 ], [ 23.392586, 80.05763, 0.0 ], [ 20.655548, 75.69316, 0.0 ], [ 17.714294, 71.46354, 0.0 ], [ 14.856825, 67.78279, 0.0 ], [ 12.362785, 65.01131, 0.0 ], [ 10.476353, 63.42037, 0.0 ], [ 9.382125, 63.165623, 0.0 ], [ 9.187297, 64.27205, 0.0 ], [ 9.9107275, 66.631454, 0.0 ], [ 11.48182, 70.012726, 0.0 ], [ 13.746803, 74.084984, 0.0 ], [ 16.483772, 78.44947, 0.0 ], [ 19.42508, 82.67892, 0.0 ], [ 22.282593, 86.35971, 0.0 ], [ 24.776522, 89.13121, 0.0 ], [ 26.663095, 90.72218, 0.0 ]] 
boundary 1: [[ 27.757214, 37.023212, 0.0 ], [ 26.66306, 37.277824, 0.0 ], [ 24.776587, 38.868843, 0.0 ], [ 22.282524, 41.640278, 0.0 ], [ 19.42503, 45.321014, 0.0 ], [ 16.483868, 49.55056, 0.0 ], [ 13.74688, 53.9151, 0.0 ], [ 11.481923, 57.987347, 0.0 ], [ 9.910763, 61.368587, 0.0 ], [ 9.187221, 63.72793, 0.0 ], [ 9.382042, 64.83432, 0.0 ], [ 10.476397, 64.57973, 0.0 ], [ 12.3628025, 62.988724, 0.0 ], [ 14.856859, 60.217228, 0.0 ], [ 17.714321, 56.53652, 0.0 ], [ 20.655552, 52.306797, 0.0 ], [ 23.392643, 47.94243, 0.0 ], [ 25.657623, 43.87011, 0.0 ], [ 27.228737, 40.48886, 0.0 ], [ 27.952284, 38.129593, 0.0 ]] 
