boundary 0: [[ 35.78129, 83.424904, 0.0 ], [ 35.5933, 82.31726, 0.0 ], [ 34.11949, 80.33788, 0.0 ], [ 31.504166, 77.68058, 0.0 ], [ 28.003262, 74.60546, 0.0 ], [ 23.959526, 71.41352, 0.0 ], [ 19.768764, 68.4172, 0.0 ], [ 15.841221, 65.90981, 0.0 ], [ 12.561325, 64.13677, 0.0 ], [ 10.250139, 63.27171, 0.0 ], [ 9.133907, 63.399223, 0.0 ], [ 9.321869, 64.50695, 0.0 ], [ 10.795708, 66.486206, 0.0 ], [ 13.411052, 69.14354, 0.0 ], [ 16.911943, 72.21865, 0.0 ], [ 20.955671, 75.41058, 0.0 ], [ 25.14642, 78.40694, 0.0 ], [ 29.073977, 80.914314, 0.0 ], [ 32.35392, 82.68733, 0.0 ], [ 34.665047, 83.55243, 0.0 ]] 
boundary 1: [[ 35.781303, 44.57512, 0.0 ], [ 34.66507, 44.44762, 0.0 ], [ 32.353928, 45.31268, 0.0 ], [ 29.073977, 47.085693, 0.0 ], [ 25.146421, 49.593075, 0.0 ], [ 20.95567, 52.589382, 0.0 ], [ 16.911938, 55.78136, 0.0 ], [ 13.411052, 58.856464, 0.0 ], [ 10.795701, 61.51378, 0.0 ], [ 9.321905, 63.493137, 0.0 ], [ 9.133924, 64.60079, 0.0 ], [ 10.250158, 64.72831, 0.0 ], [ 12.561336, 63.863247, 0.0 ], [ 15.841215, 62.09017, 0.0 ], [ 19.768772, 59.582817, 0.0 ], [ 23.959526, 56.586487, 0.0 ], [ 28.003262, 53.394543, 0.0 ], [ 31.504158, 50.319397, 0.0 ], [ 34.119484, 47.662117, 0.0 ], [ 35.593307, 45.682762, 0.0 ]] 
boundary 0: [[ 38.19085, 79.71483, 0.0 ], [ 37.853447, 78.64321, 0.0 ], [ 36.123234, 76.88354, 0.0 ], [ 33.169662, 74.6081, 0.0 ], [ 29.281778, 72.03964, 0.0 ], [ 24.84019, 69.42955, 0.0 ], [ 20.279654, 67.03331, 0.0 ], [ 16.046614, 65.08551, 0.0 ], [ 12.555394, 63.776764, 0.0 ], [ 10.147761, 63.23528, 0.0 ], [ 9.059383, 63.51397, 0.0 ], [ 9.396791, 64.58566, 0.0 ], [ 11.127004, 66.345215, 0.0 ], [ 14.080596, 68.62069, 0.0 ], [ 17.968472, 71.18913, 0.0 ], [ 22.410057, 73.799225, 0.0 ], [ 26.970581, 76.195496, 0.0 ], [ 31.20363, 78.143295, 0.0 ], [ 34.6949, 79.452, 0.0 ], [ 37.10247, 79.993515, 0.0 ]] 
boundary 1: [[ 38.190865, 48.285194, 0.0 ], [ 37.102486, 48.006527, 0.0 ], [ 34.69491, 48.548016, 0.0 ], [ 31.203627, 49.856724, 0.0 ], [ 26.970581, 51.804523, 0.0 ], [ 22.410057, 54.200737, 0.0 ], [ 17.968464, 56.810867, 0.0 ], [ 14.080596, 59.37932, 0.0 ], [ 11.127, 61.654762, 0.0 ], [ 9.396815, 63.41442, 0.0 ], [ 9.059399, 64.486046, 0.0 ], [ 10.14778, 64.76473, 0.0 ], [ 12.555403, 64.22325, 0.0 ], [ 16.046608, 62.91448, 0.0 ], [ 20.279661, 60.966705, 0.0 ], [ 24.84019, 58.570457, 0.0 ], [ 29.281776, 55.960365, 0.0 ], [ 33.169655, 53.391876, 0.0 ], [ 36.123226, 51.116467, 0.0 ], [ 37.853447, 49.35681, 0.0 ]] 
boundary 0: [[ 39.607975, 76.83973, 0.0 ], [ 39.16613, 75.80679, 0.0 ], [ 37.270187, 74.227066, 0.0 ], [ 34.105827, 72.25526, 0.0 ], [ 29.982737, 70.08438, 0.0 ], [ 25.304533, 67.926895, 0.0 ], [ 20.529148, 65.99398, 0.0 ], [ 16.124054, 64.47488, 0.0 ], [ 12.520405, 63.51824, 0.0 ], [ 10.07099, 63.2178, 0.0 ], [ 9.015554, 63.60289, 0.0 ], [ 9.457417, 64.6359, 0.0 ], [ 11.353345, 66.2155, 0.0 ], [ 14.517727, 68.18734, 0.0 ], [ 18.64081, 70.358215, 0.0 ], [ 23.318996, 72.51572, 0.0 ], [ 28.094381, 74.448654, 0.0 ], [ 32.49949, 75.96775, 0.0 ], [ 36.103172, 76.92433, 0.0 ], [ 38.55254, 77.224815, 0.0 ]] 
boundary 1: [[ 39.60799, 51.16029, 0.0 ], [ 38.552544, 50.77523, 0.0 ], [ 36.103172, 51.075672, 0.0 ], [ 32.499477, 52.032265, 0.0 ], [ 28.09438, 53.551376, 0.0 ], [ 23.319006, 55.48425, 0.0 ], [ 18.640802, 57.641777, 0.0 ], [ 14.517727, 59.812653, 0.0 ], [ 11.353344, 61.78448, 0.0 ], [ 9.457432, 63.36418, 0.0 ], [ 9.015568, 64.397125, 0.0 ], [ 10.071008, 64.7822, 0.0 ], [ 12.520412, 64.48177, 0.0 ], [ 16.12405, 63.52511, 0.0 ], [ 20.529156, 62.006035, 0.0 ], [ 25.304533, 60.073116, 0.0 ], [ 29.982735, 57.91563, 0.0 ], [ 34.105827, 55.744713, 0.0 ], [ 37.270172, 53.77293, 0.0 ], [ 39.166122, 52.193233, 0.0 ]] 
boundary 0: [[ 40.46724, 74.63599, 0.0 ], [ 39.951057, 73.63812, 0.0 ], [ 37.944695, 72.2012, 0.0 ], [ 34.64465, 70.46603, 0.0 ], [ 30.373896, 68.60236, 0.0 ], [ 25.550478, 66.79268, 0.0 ], [ 20.646568, 65.21403, 0.0 ], [ 16.142206, 64.02103, 0.0 ], [ 12.478264, 63.3304, 0.0 ], [ 10.013438, 63.209843, 0.0 ], [ 8.988978, 63.671047, 0.0 ], [ 9.505178, 64.66901, 0.0 ], [ 11.511511, 66.10577, 0.0 ], [ 14.811578, 67.840996, 0.0 ], [ 19.082333, 69.70464, 0.0 ], [ 23.905731, 71.51436, 0.0 ], [ 28.809645, 73.09303, 0.0 ], [ 33.31402, 74.286026, 0.0 ], [ 36.977993, 74.976585, 0.0 ], [ 39.442772, 75.0972, 0.0 ]] 
boundary 1: [[ 40.467255, 53.36403, 0.0 ], [ 39.442772, 52.902847, 0.0 ], [ 36.977993, 53.023415, 0.0 ], [ 33.314003, 53.714005, 0.0 ], [ 28.809639, 54.90701, 0.0 ], [ 23.905746, 56.485603, 0.0 ], [ 19.082325, 58.295357, 0.0 ], [ 14.81158, 60.159, 0.0 ], [ 11.511512, 61.894222, 0.0 ], [ 9.505187, 63.3311, 0.0 ], [ 8.988992, 64.32897, 0.0 ], [ 10.013455, 64.7902, 0.0 ], [ 12.47827, 64.669624, 0.0 ], [ 16.142204, 63.978954, 0.0 ], [ 20.646576, 62.785988, 0.0 ], [ 25.550478, 61.207344, 0.0 ], [ 30.373894, 59.39763, 0.0 ], [ 34.64465, 57.53395, 0.0 ], [ 37.94468, 55.79878, 0.0 ], [ 39.951046, 54.361908, 0.0 ]] 
boundary 0: [[ 40.910606, 73.265656, 0.0 ], [ 40.3505, 72.29178, 0.0 ], [ 38.282127, 70.94563, 0.0 ], [ 34.90809, 69.359146, 0.0 ], [ 30.558578, 67.68752, 0.0 ], [ 25.659353, 66.09444, 0.0 ], [ 20.690006, 64.73573, 0.0 ], [ 16.136984, 63.744503, 0.0 ], [ 12.445921, 63.21773, 0.0 ], [ 9.97817, 63.207058, 0.0 ], [ 8.9752655, 63.71343, 0.0 ], [ 9.535397, 64.68741, 0.0 ], [ 11.603722, 66.033394, 0.0 ], [ 14.977791, 67.619934, 0.0 ], [ 19.327303, 69.291534, 0.0 ], [ 24.226513, 70.884674, 0.0 ], [ 29.195862, 72.24339, 0.0 ], [ 33.7489, 73.2346, 0.0 ], [ 37.439987, 73.76131, 0.0 ], [ 39.907692, 73.77203, 0.0 ]] 
boundary 1: [[ 40.91062, 54.734356, 0.0 ], [ 39.907692, 54.228012, 0.0 ], [ 37.439987, 54.23869, 0.0 ], [ 33.748886, 54.76542, 0.0 ], [ 29.195854, 55.75665, 0.0 ], [ 24.22653, 57.115295, 0.0 ], [ 19.327295, 58.708454, 0.0 ], [ 14.977793, 60.380054, 0.0 ], [ 11.603723, 61.966595, 0.0 ], [ 9.5353985, 63.3127, 0.0 ], [ 8.975278, 64.28658, 0.0 ], [ 9.978187, 64.792984, 0.0 ], [ 12.445925, 64.7823, 0.0 ], [ 16.13698, 64.25548, 0.0 ], [ 20.690014, 63.26429, 0.0 ], [ 25.659353, 61.9056, 0.0 ], [ 30.558577, 60.312477, 0.0 ], [ 34.90809, 58.640835, 0.0 ], [ 38.282112, 57.054356, 0.0 ], [ 40.350483, 55.708252, 0.0 ]] 
boundary 0: [[ 41.236717, 72.0958, 0.0 ], [ 40.640434, 71.14365, 0.0 ], [ 38.52298, 69.87613, 0.0 ], [ 35.091736, 68.41746, 0.0 ], [ 30.68251, 66.91035, 0.0 ], [ 25.726917, 65.502396, 0.0 ], [ 20.710045, 64.331245, 0.0 ], [ 16.123013, 63.511715, 0.0 ], [ 12.41477, 63.123924, 0.0 ], [ 9.94836, 63.205936, 0.0 ], [ 8.965179, 63.74961, 0.0 ], [ 9.561491, 64.701866, 0.0 ], [ 11.678906, 65.969215, 0.0 ], [ 15.110172, 67.42794, 0.0 ], [ 19.519396, 68.93501, 0.0 ], [ 24.474983, 70.34305, 0.0 ], [ 29.491848, 71.51418, 0.0 ], [ 34.078896, 72.33372, 0.0 ], [ 37.787163, 72.721436, 0.0 ], [ 40.25353, 72.63949, 0.0 ]] 
boundary 1: [[ 41.236732, 55.90422, 0.0 ], [ 40.25353, 55.36057, 0.0 ], [ 37.787163, 55.278572, 0.0 ], [ 34.07888, 55.666306, 0.0 ], [ 29.49184, 56.485847, 0.0 ], [ 24.474998, 57.656918, 0.0 ], [ 19.519392, 59.064972, 0.0 ], [ 15.110178, 60.572044, 0.0 ], [ 11.678907, 62.030758, 0.0 ], [ 9.56149, 63.29824, 0.0 ], [ 8.965193, 64.250404, 0.0 ], [ 9.948376, 64.79411, 0.0 ], [ 12.414772, 64.87611, 0.0 ], [ 16.123009, 64.48826, 0.0 ], [ 20.710052, 63.668774, 0.0 ], [ 25.726913, 62.497658, 0.0 ], [ 30.682508, 61.089638, 0.0 ], [ 35.091736, 59.58252, 0.0 ], [ 38.522964, 58.123867, 0.0 ], [ 40.64041, 56.856388, 0.0 ]] 
boundary 0: [[ 41.443188, 71.25073, 0.0 ], [ 40.821487, 70.31496, 0.0 ], [ 38.670708, 69.10488, 0.0 ], [ 35.20147, 67.73902, 0.0 ], [ 30.753292, 66.35108, 0.0 ], [ 25.76162, 65.07696, 0.0 ], [ 20.715061, 64.0412, 0.0 ], [ 16.107635, 63.345367, 0.0 ], [ 12.390305, 63.057487, 0.0 ], [ 9.926992, 63.205822, 0.0 ], [ 8.958794, 63.775745, 0.0 ], [ 9.580507, 64.71162, 0.0 ], [ 11.731253, 65.92154, 0.0 ], [ 15.20052, 67.28744, 0.0 ], [ 19.648687, 68.67533, 0.0 ], [ 24.640366, 69.94953, 0.0 ], [ 29.686916, 70.98528, 0.0 ], [ 34.29435, 71.681114, 0.0 ], [ 38.011715, 71.96893, 0.0 ], [ 40.474983, 71.820656, 0.0 ]] 
boundary 1: [[ 41.443203, 56.7493, 0.0 ], [ 40.474983, 56.1794, 0.0 ], [ 38.011715, 56.03108, 0.0 ], [ 34.294334, 56.31891, 0.0 ], [ 29.686909, 57.01474, 0.0 ], [ 24.64038, 58.050426, 0.0 ], [ 19.648684, 59.32465, 0.0 ], [ 15.200525, 60.712563, 0.0 ], [ 11.731255, 62.078434, 0.0 ], [ 9.580503, 63.28849, 0.0 ], [ 8.958807, 64.22427, 0.0 ], [ 9.927005, 64.79423, 0.0 ], [ 12.390305, 64.94255, 0.0 ], [ 16.107635, 64.654594, 0.0 ], [ 20.715069, 63.958817, 0.0 ], [ 25.761616, 62.92309, 0.0 ], [ 30.753292, 61.6489, 0.0 ], [ 35.201477, 60.26095, 0.0 ], [ 38.670692, 58.895138, 0.0 ], [ 40.821465, 57.685074, 0.0 ]] 
boundary 0: [[ 41.632732, 70.371284, 0.0 ], [ 40.98523, 69.45316, 0.0 ], [ 38.80162, 68.30339, 0.0 ], [ 35.295708, 67.03458, 0.0 ], [ 30.810644, 65.77092, 0.0 ], [ 25.785461, 64.63619, 0.0 ], [ 20.71204, 63.74122, 0.0 ], [ 16.087034, 63.17384, 0.0 ], [ 12.363132, 62.9895, 0.0 ], [ 9.9049, 63.206306, 0.0 ], [ 8.952931, 63.802944, 0.0 ], [ 9.600445, 64.72116, 0.0 ], [ 11.784017, 65.87078, 0.0 ], [ 15.289944, 67.13963, 0.0 ], [ 19.775005, 68.40322, 0.0 ], [ 24.800205, 69.538055, 0.0 ], [ 29.873608, 70.43302, 0.0 ], [ 34.49862, 71.000374, 0.0 ], [ 38.22255, 71.18467, 0.0 ], [ 40.680748, 70.96792, 0.0 ]] 
boundary 1: [[ 41.632748, 57.628757, 0.0 ], [ 40.680748, 57.032135, 0.0 ], [ 38.22255, 56.81535, 0.0 ], [ 34.498604, 56.99964, 0.0 ], [ 29.8736, 57.567013, 0.0 ], [ 24.80022, 58.46189, 0.0 ], [ 19.775002, 59.596756, 0.0 ], [ 15.289949, 60.860382, 0.0 ], [ 11.784019, 62.1292, 0.0 ], [ 9.600433, 63.27895, 0.0 ], [ 8.952945, 64.19708, 0.0 ], [ 9.90491, 64.79374, 0.0 ], [ 12.3631315, 65.010544, 0.0 ], [ 16.087034, 64.82612, 0.0 ], [ 20.712048, 64.25879, 0.0 ], [ 25.785458, 63.36388, 0.0 ], [ 30.810644, 62.229046, 0.0 ], [ 35.295715, 60.96539, 0.0 ], [ 38.801605, 59.696625, 0.0 ], [ 40.9852, 58.54687, 0.0 ]] 
boundary 0: [[ 41.74396, 69.79042, 0.0 ], [ 41.07978, 68.88428, 0.0 ], [ 38.875504, 67.77463, 0.0 ], [ 35.34697, 66.57017, 0.0 ], [ 30.839537, 65.388756, 0.0 ], [ 25.79444, 64.34614, 0.0 ], [ 20.7055, 63.54411, 0.0 ], [ 16.070889, 63.06142, 0.0 ], [ 12.344242, 62.945217, 0.0 ], [ 9.890388, 63.20696, 0.0 ], [ 8.949491, 63.820908, 0.0 ], [ 9.613691, 64.727135, 0.0 ], [ 11.817926, 65.83662, 0.0 ], [ 15.346474, 67.04112, 0.0 ], [ 19.85389, 68.22247, 0.0 ], [ 24.899004, 69.2652, 0.0 ], [ 29.987934, 70.06722, 0.0 ], [ 34.622543, 70.54988, 0.0 ], [ 38.349236, 70.66603, 0.0 ], [ 40.803047, 70.40435, 0.0 ]] 
boundary 1: [[ 41.743977, 58.20964, 0.0 ], [ 40.803047, 57.595695, 0.0 ], [ 38.349236, 57.334, 0.0 ], [ 34.622528, 57.450138, 0.0 ], [ 29.987925, 57.93282, 0.0 ], [ 24.89902, 58.734745, 0.0 ], [ 19.853886, 59.777504, 0.0 ], [ 15.346479, 60.95889, 0.0 ], [ 11.817928, 62.16336, 0.0 ], [ 9.613678, 63.272984, 0.0 ], [ 8.949504, 64.179115, 0.0 ], [ 9.890398, 64.79308, 0.0 ], [ 12.34424, 65.05481, 0.0 ], [ 16.070889, 64.93854, 0.0 ], [ 20.705507, 64.4559, 0.0 ], [ 25.794436, 63.653934, 0.0 ], [ 30.839537, 62.611206, 0.0 ], [ 35.346977, 61.4298, 0.0 ], [ 38.87549, 60.22537, 0.0 ], [ 41.079742, 59.115757, 0.0 ]] 
boundary 0: [[ 41.783638, 69.567986, 0.0 ], [ 41.113136, 68.666504, 0.0 ], [ 38.901176, 67.57228, 0.0 ], [ 35.36431, 66.39252, 0.0 ], [ 30.848726, 65.24264, 0.0 ], [ 25.796467, 64.2353, 0.0 ], [ 20.702047, 63.468845, 0.0 ], [ 16.064178, 63.01855, 0.0 ], [ 12.33681, 62.928394, 0.0 ], [ 9.884849, 63.207275, 0.0 ], [ 8.948264, 63.827778, 0.0 ], [ 9.618781, 64.72934, 0.0 ], [ 11.830712, 65.823395, 0.0 ], [ 15.367591, 67.00322, 0.0 ], [ 19.883148, 68.153046, 0.0 ], [ 24.935423, 69.16049, 0.0 ], [ 30.029835, 69.92693, 0.0 ], [ 34.6677, 70.3772, 0.0 ], [ 38.395126, 70.46729, 0.0 ], [ 40.84703, 70.18848, 0.0 ]] 
boundary 1: [[ 41.783653, 58.432076, 0.0 ], [ 40.84703, 57.81157, 0.0 ], [ 38.395126, 57.53273, 0.0 ], [ 34.667686, 57.622826, 0.0 ], [ 30.029825, 58.073112, 0.0 ], [ 24.935438, 58.839455, 0.0 ], [ 19.883144, 59.84693, 0.0 ], [ 15.367597, 60.996788, 0.0 ], [ 11.830714, 62.176575, 0.0 ], [ 9.618767, 63.270767, 0.0 ], [ 8.948277, 64.17225, 0.0 ], [ 9.884859, 64.79276, 0.0 ], [ 12.336808, 65.07163, 0.0 ], [ 16.064178, 64.98141, 0.0 ], [ 20.702055, 64.53118, 0.0 ], [ 25.796463, 63.764774, 0.0 ], [ 30.848726, 62.75733, 0.0 ], [ 35.36432, 61.607452, 0.0 ], [ 38.90116, 60.42771, 0.0 ], [ 41.11309, 59.33353, 0.0 ]] 
boundary 0: [[ 41.75925, 69.70571, 0.0 ], [ 41.09266, 68.801346, 0.0 ], [ 38.885464, 67.69756, 0.0 ], [ 35.353725, 66.502495, 0.0 ], [ 30.843151, 65.33311, 0.0 ], [ 25.7953, 64.30391, 0.0 ], [ 20.704243, 63.515438, 0.0 ], [ 16.068369, 63.045086, 0.0 ], [ 12.341424, 62.938793, 0.0 ], [ 9.888275, 63.207077, 0.0 ], [ 8.9490185, 63.823524, 0.0 ], [ 9.61563, 64.728, 0.0 ], [ 11.822806, 65.83158, 0.0 ], [ 15.3545475, 67.02669, 0.0 ], [ 19.86509, 68.196045, 0.0 ], [ 24.91296, 69.22535, 0.0 ], [ 30.004004, 70.01381, 0.0 ], [ 34.639885, 70.48413, 0.0 ], [ 38.36689, 70.59036, 0.0 ], [ 40.819973, 70.32216, 0.0 ]] 
boundary 1: [[ 41.759266, 58.294342, 0.0 ], [ 40.819973, 57.677895, 0.0 ], [ 38.36689, 57.40966, 0.0 ], [ 34.63987, 57.515884, 0.0 ], [ 30.003994, 57.986233, 0.0 ], [ 24.912975, 58.774597, 0.0 ], [ 19.865086, 59.80393, 0.0 ], [ 15.354553, 60.973305, 0.0 ], [ 11.822808, 62.168385, 0.0 ], [ 9.615616, 63.272144, 0.0 ], [ 8.949032, 64.176506, 0.0 ], [ 9.888286, 64.79299, 0.0 ], [ 12.341422, 65.06123, 0.0 ], [ 16.068369, 64.954865, 0.0 ], [ 20.70425, 64.48461, 0.0 ], [ 25.795296, 63.696163, 0.0 ], [ 30.843151, 62.666866, 0.0 ], [ 35.353733, 61.49746, 0.0 ], [ 38.88545, 60.30243, 0.0 ], [ 41.092613, 59.198692, 0.0 ]] 
boundary 0: [[ 41.718117, 69.93057, 0.0 ], [ 41.057938, 69.021515, 0.0 ], [ 38.85859, 67.90216, 0.0 ], [ 35.335392, 66.68215, 0.0 ], [ 30.833197, 65.48092, 0.0 ], [ 25.792753, 64.41605, 0.0 ], [ 20.707397, 63.59159, 0.0 ], [ 16.074966, 63.088486, 0.0 ], [ 12.3488655, 62.95585, 0.0 ], [ 9.893883, 63.206783, 0.0 ], [ 8.950291, 63.816574, 0.0 ], [ 9.610492, 64.725746, 0.0 ], [ 11.80981, 65.84489, 0.0 ], [ 15.333014, 67.06493, 0.0 ], [ 19.83517, 68.26615, 0.0 ], [ 24.875639, 69.33112, 0.0 ], [ 29.960978, 70.155556, 0.0 ], [ 34.593437, 70.658646, 0.0 ], [ 38.31958, 70.79122, 0.0 ], [ 40.774498, 70.54037, 0.0 ]] 
boundary 1: [[ 41.718132, 58.069477, 0.0 ], [ 40.774498, 57.459686, 0.0 ], [ 38.31958, 57.2088, 0.0 ], [ 34.593422, 57.34137, 0.0 ], [ 29.960968, 57.84449, 0.0 ], [ 24.875654, 58.66882, 0.0 ], [ 19.835167, 59.733818, 0.0 ], [ 15.333019, 60.93505, 0.0 ], [ 11.809811, 62.155067, 0.0 ], [ 9.610478, 63.274406, 0.0 ], [ 8.950304, 64.18349, 0.0 ], [ 9.893896, 64.79328, 0.0 ], [ 12.348864, 65.0442, 0.0 ], [ 16.074966, 64.91147, 0.0 ], [ 20.707405, 64.408424, 0.0 ], [ 25.792751, 63.584015, 0.0 ], [ 30.833197, 62.51907, 0.0 ], [ 35.335392, 61.3178, 0.0 ], [ 38.858574, 60.09783, 0.0 ], [ 41.05789, 58.97852, 0.0 ]] 
boundary 0: [[ 41.578354, 70.63602, 0.0 ], [ 40.93856, 69.7125, 0.0 ], [ 38.76466, 68.544495, 0.0 ], [ 35.269455, 67.24644, 0.0 ], [ 30.795094, 65.94536, 0.0 ], [ 25.779573, 64.76866, 0.0 ], [ 20.713821, 63.83131, 0.0 ], [ 16.093723, 63.225296, 0.0 ], [ 12.371491, 63.00983, 0.0 ], [ 9.911533, 63.2061, 0.0 ], [ 8.954613, 63.794754, 0.0 ], [ 9.594433, 64.71839, 0.0 ], [ 11.768315, 65.88617, 0.0 ], [ 15.263515, 67.184265, 0.0 ], [ 19.737843, 68.48532, 0.0 ], [ 24.75338, 69.66212, 0.0 ], [ 29.819128, 70.59946, 0.0 ], [ 34.439243, 71.205444, 0.0 ], [ 38.161522, 71.420876, 0.0 ], [ 40.621407, 71.224655, 0.0 ]] 
boundary 1: [[ 41.57837, 57.36405, 0.0 ], [ 40.621407, 56.775394, 0.0 ], [ 38.161522, 56.579163, 0.0 ], [ 34.439228, 56.79457, 0.0 ], [ 29.819118, 57.400597, 0.0 ], [ 24.753391, 58.33782, 0.0 ], [ 19.737839, 59.51466, 0.0 ], [ 15.263521, 60.815727, 0.0 ], [ 11.768315, 62.11379, 0.0 ], [ 9.5944195, 63.28177, 0.0 ], [ 8.954627, 64.20531, 0.0 ], [ 9.911549, 64.79397, 0.0 ], [ 12.3714905, 64.99022, 0.0 ], [ 16.093718, 64.77464, 0.0 ], [ 20.713829, 64.1687, 0.0 ], [ 25.779575, 63.231403, 0.0 ], [ 30.795094, 62.05462, 0.0 ], [ 35.269455, 60.753513, 0.0 ], [ 38.764645, 59.45549, 0.0 ], [ 40.938515, 58.287544, 0.0 ]] 
boundary 0: [[ 41.323296, 71.753296, 0.0 ], [ 40.716637, 70.80768, 0.0 ], [ 38.585487, 69.563385, 0.0 ], [ 35.138493, 68.14227, 0.0 ], [ 30.713043, 66.68345, 0.0 ], [ 25.742374, 65.32974, 0.0 ], [ 20.713032, 64.21347, 0.0 ], [ 16.117306, 63.4441, 0.0 ], [ 12.405048, 63.09686, 0.0 ], [ 9.939682, 63.205826, 0.0 ], [ 8.962499, 63.7602, 0.0 ], [ 9.569186, 64.70593, 0.0 ], [ 11.700318, 65.95001, 0.0 ], [ 15.147322, 67.371155, 0.0 ], [ 19.572727, 68.829956, 0.0 ], [ 24.543411, 70.18376, 0.0 ], [ 29.572762, 71.30003, 0.0 ], [ 34.168495, 72.06937, 0.0 ], [ 37.880795, 72.41657, 0.0 ], [ 40.3461, 72.30766, 0.0 ]] 
boundary 1: [[ 41.32331, 56.246765, 0.0 ], [ 40.3461, 55.69239, 0.0 ], [ 37.880802, 55.583458, 0.0 ], [ 34.16848, 55.93064, 0.0 ], [ 29.572754, 56.700012, 0.0 ], [ 24.543423, 57.816177, 0.0 ], [ 19.572723, 59.17003, 0.0 ], [ 15.147327, 60.62883, 0.0 ], [ 11.700318, 62.049946, 0.0 ], [ 9.569179, 63.294228, 0.0 ], [ 8.962518, 64.23986, 0.0 ], [ 9.9397, 64.79425, 0.0 ], [ 12.40505, 64.9032, 0.0 ], [ 16.117298, 64.55584, 0.0 ], [ 20.71304, 63.786545, 0.0 ], [ 25.742378, 62.67032, 0.0 ], [ 30.713041, 61.316532, 0.0 ], [ 35.138493, 59.85768, 0.0 ], [ 38.585472, 58.436604, 0.0 ], [ 40.7166, 57.19235, 0.0 ]] 
boundary 0: [[ 41.045498, 72.802055, 0.0 ], [ 40.470917, 71.8366, 0.0 ], [ 38.382698, 70.52153, 0.0 ], [ 34.98532, 68.985565, 0.0 ], [ 30.611315, 67.37909, 0.0 ], [ 25.688862, 65.85938, 0.0 ], [ 20.699802, 64.575005, 0.0 ], [ 16.132475, 63.651886, 0.0 ], [ 12.433956, 63.180294, 0.0 ], [ 9.966323, 63.206486, 0.0 ], [ 8.97109, 63.727768, 0.0 ], [ 9.545709, 64.69333, 0.0 ], [ 11.6339, 66.008194, 0.0 ], [ 15.031284, 67.54418, 0.0 ], [ 19.405262, 69.150635, 0.0 ], [ 24.327724, 70.67044, 0.0 ], [ 29.31679, 71.95481, 0.0 ], [ 33.884125, 72.87789, 0.0 ], [ 37.582687, 73.349464, 0.0 ], [ 40.050255, 73.32333, 0.0 ]] 
boundary 1: [[ 41.045513, 55.198006, 0.0 ], [ 40.050255, 54.676727, 0.0 ], [ 37.582695, 54.650566, 0.0 ], [ 33.88411, 55.12211, 0.0 ], [ 29.316784, 56.04523, 0.0 ], [ 24.327728, 57.3295, 0.0 ], [ 19.405258, 58.849346, 0.0 ], [ 15.03129, 60.455803, 0.0 ], [ 11.633899, 61.99176, 0.0 ], [ 9.545704, 63.306835, 0.0 ], [ 8.971112, 64.27229, 0.0 ], [ 9.966343, 64.79359, 0.0 ], [ 12.433962, 64.81976, 0.0 ], [ 16.132467, 64.34806, 0.0 ], [ 20.69981, 63.425007, 0.0 ], [ 25.68887, 62.140675, 0.0 ], [ 30.611311, 60.62089, 0.0 ], [ 34.98532, 59.014397, 0.0 ], [ 38.382683, 57.47847, 0.0 ], [ 40.47088, 56.163414, 0.0 ]] 
boundary 0: [[ 40.71902, 73.883514, 0.0 ], [ 40.178528, 72.89859, 0.0 ], [ 38.13752, 71.51137, 0.0 ], [ 34.795868, 69.85767, 0.0 ], [ 30.480654, 68.09937, 0.0 ], [ 25.614292, 66.40862, 0.0 ], [ 20.673138, 64.95077, 0.0 ], [ 16.140854, 63.868656, 0.0 ], [ 12.461065, 63.268147, 0.0 ], [ 9.994022, 63.208122, 0.0 ], [ 8.981188, 63.69432, 0.0 ], [ 9.521724, 64.679375, 0.0 ], [ 11.562711, 66.06637, 0.0 ], [ 14.904366, 67.72011, 0.0 ], [ 19.219555, 69.47838, 0.0 ], [ 24.085922, 71.16921, 0.0 ], [ 29.027073, 72.627075, 0.0 ], [ 33.55937, 73.70913, 0.0 ], [ 37.239204, 74.30964, 0.0 ], [ 39.706184, 74.36971, 0.0 ]] 
boundary 1: [[ 40.719036, 54.116543, 0.0 ], [ 39.706184, 53.630344, 0.0 ], [ 37.239212, 53.6904, 0.0 ], [ 33.559353, 54.290855, 0.0 ], [ 29.02707, 55.372963, 0.0 ], [ 24.085922, 56.830734, 0.0 ], [ 19.219551, 58.521606, 0.0 ], [ 14.904371, 60.279877, 0.0 ], [ 11.562706, 61.933582, 0.0 ], [ 9.521726, 63.3208, 0.0 ], [ 8.981212, 64.30574, 0.0 ], [ 9.994045, 64.79195, 0.0 ], [ 12.461071, 64.7319, 0.0 ], [ 16.140839, 64.131294, 0.0 ], [ 20.673147, 63.04925, 0.0 ], [ 25.6143, 61.591415, 0.0 ], [ 30.480648, 59.90061, 0.0 ], [ 34.795868, 58.1423, 0.0 ], [ 38.137505, 56.488636, 0.0 ], [ 40.17849, 55.101425, 0.0 ]] 
boundary 0: [[ 40.31339, 75.06775, 0.0 ], [ 39.811417, 74.06263, 0.0 ], [ 37.82564, 72.597466, 0.0 ], [ 34.55049, 70.815636, 0.0 ], [ 30.306583, 68.89163, 0.0 ], [ 25.509306, 67.013794, 0.0 ], [ 20.628284, 65.36577, 0.0 ], [ 16.141287, 64.10904, 0.0 ], [ 12.487499, 63.366535, 0.0 ], [ 10.02463, 63.211067, 0.0 ], [ 8.993732, 63.657696, 0.0 ], [ 9.495736, 64.66293, 0.0 ], [ 11.481507, 66.127884, 0.0 ], [ 14.756646, 67.909744, 0.0 ], [ 19.000546, 69.833725, 0.0 ], [ 23.797821, 71.71165, 0.0 ], [ 28.678831, 73.35968, 0.0 ], [ 33.165844, 74.61635, 0.0 ], [ 36.81968, 75.35884, 0.0 ], [ 39.282486, 75.514366, 0.0 ]] 
boundary 1: [[ 40.313404, 52.932312, 0.0 ], [ 39.282486, 52.485687, 0.0 ], [ 36.819687, 52.64119, 0.0 ], [ 33.16583, 53.38363, 0.0 ], [ 28.678827, 54.640366, 0.0 ], [ 23.797813, 56.288303, 0.0 ], [ 19.000542, 58.166267, 0.0 ], [ 14.756651, 60.090252, 0.0 ], [ 11.481501, 61.87206, 0.0 ], [ 9.495743, 63.337242, 0.0 ], [ 8.993759, 64.34237, 0.0 ], [ 10.024654, 64.78901, 0.0 ], [ 12.487508, 64.633514, 0.0 ], [ 16.14127, 63.890923, 0.0 ], [ 20.628296, 62.63426, 0.0 ], [ 25.509315, 60.986256, 0.0 ], [ 30.306578, 59.108356, 0.0 ], [ 34.55049, 57.184326, 0.0 ], [ 37.825626, 55.402557, 0.0 ], [ 39.81138, 53.937386, 0.0 ]] 
boundary 0: [[ 39.633003, 76.781715, 0.0 ], [ 39.189148, 75.74961, 0.0 ], [ 37.29013, 74.17362, 0.0 ], [ 34.121887, 72.20796, 0.0 ], [ 29.994576, 70.045166, 0.0 ], [ 25.31216, 67.89687, 0.0 ], [ 20.533024, 65.97327, 0.0 ], [ 16.124973, 64.46278, 0.0 ], [ 12.51946, 63.51318, 0.0 ], [ 10.069459, 63.217552, 0.0 ], [ 9.014775, 63.604687, 0.0 ], [ 9.4586525, 64.63691, 0.0 ], [ 11.357677, 66.212685, 0.0 ], [ 14.5259075, 68.17836, 0.0 ], [ 18.653217, 70.341156, 0.0 ], [ 23.335632, 72.4895, 0.0 ], [ 28.114748, 74.41313, 0.0 ], [ 32.522816, 75.92356, 0.0 ], [ 36.128384, 76.87317, 0.0 ], [ 38.578312, 77.168846, 0.0 ]] 
boundary 1: [[ 39.63302, 51.218334, 0.0 ], [ 38.578323, 50.831215, 0.0 ], [ 36.12839, 51.126877, 0.0 ], [ 32.5228, 52.07641, 0.0 ], [ 28.114744, 53.586906, 0.0 ], [ 23.335619, 55.51043, 0.0 ], [ 18.653214, 57.658836, 0.0 ], [ 14.525912, 59.821632, 0.0 ], [ 11.35767, 61.787266, 0.0 ], [ 9.45867, 63.363266, 0.0 ], [ 9.014807, 64.39538, 0.0 ], [ 10.069487, 64.782524, 0.0 ], [ 12.519469, 64.48687, 0.0 ], [ 16.124954, 63.537186, 0.0 ], [ 20.533035, 62.02676, 0.0 ], [ 25.312168, 60.10317, 0.0 ], [ 29.99457, 57.954826, 0.0 ], [ 34.121887, 55.791985, 0.0 ], [ 37.290115, 53.826397, 0.0 ], [ 39.18911, 52.25041, 0.0 ]] 
boundary 0: [[ 38.132767, 79.81881, 0.0 ], [ 37.79932, 78.74595, 0.0 ], [ 36.07561, 76.97991, 0.0 ], [ 33.13041, 74.69358, 0.0 ], [ 29.252024, 72.11084, 0.0 ], [ 24.820065, 69.48445, 0.0 ], [ 20.268404, 67.0714, 0.0 ], [ 16.042578, 65.10803, 0.0 ], [ 12.556201, 63.786415, 0.0 ], [ 10.150574, 63.236088, 0.0 ], [ 9.061176, 63.510754, 0.0 ], [ 9.394623, 64.583755, 0.0 ], [ 11.118364, 66.34956, 0.0 ], [ 14.063555, 68.63592, 0.0 ], [ 17.94194, 71.21865, 0.0 ], [ 22.373894, 73.84509, 0.0 ], [ 26.925528, 76.25816, 0.0 ], [ 31.151382, 78.22148, 0.0 ], [ 34.637814, 79.5431, 0.0 ], [ 37.04336, 80.09348, 0.0 ]] 
boundary 1: [[ 38.132782, 48.181232, 0.0 ], [ 37.04338, 47.906578, 0.0 ], [ 34.63782, 48.45694, 0.0 ], [ 31.151365, 49.77849, 0.0 ], [ 26.925524, 51.74188, 0.0 ], [ 22.37387, 54.154842, 0.0 ], [ 17.941936, 56.78134, 0.0 ], [ 14.063559, 59.36407, 0.0 ], [ 11.118353, 61.650387, 0.0 ], [ 9.394659, 63.41642, 0.0 ], [ 9.061211, 64.489296, 0.0 ], [ 10.150609, 64.763985, 0.0 ], [ 12.556213, 64.21363, 0.0 ], [ 16.042559, 62.891945, 0.0 ], [ 20.268417, 60.928627, 0.0 ], [ 24.820076, 58.515587, 0.0 ], [ 29.252018, 55.889153, 0.0 ], [ 33.1304, 53.30637, 0.0 ], [ 36.075596, 51.020107, 0.0 ], [ 37.799286, 49.25409, 0.0 ]] 
boundary 0: [[ 35.504925, 83.78726, 0.0 ], [ 35.332603, 82.67709, 0.0 ], [ 33.886833, 80.67714, 0.0 ], [ 31.309181, 77.9832, 0.0 ], [ 27.851988, 74.859055, 0.0 ], [ 23.853615, 71.610504, 0.0 ], [ 19.705523, 68.555374, 0.0 ], [ 15.813719, 65.9929, 0.0 ], [ 12.559139, 64.173775, 0.0 ], [ 10.260366, 63.276253, 0.0 ], [ 9.142451, 63.388012, 0.0 ], [ 9.314759, 64.498344, 0.0 ], [ 10.760596, 66.49807, 0.0 ], [ 13.3382225, 69.19203, 0.0 ], [ 16.795427, 72.31615, 0.0 ], [ 20.793777, 75.56479, 0.0 ], [ 24.941847, 78.6199, 0.0 ], [ 28.833689, 81.18234, 0.0 ], [ 32.088318, 83.00148, 0.0 ], [ 34.387, 83.89904, 0.0 ]] 
boundary 1: [[ 35.50494, 44.21277, 0.0 ], [ 34.387035, 44.10102, 0.0 ], [ 32.088333, 44.99856, 0.0 ], [ 28.833664, 46.81763, 0.0 ], [ 24.941845, 49.38013, 0.0 ], [ 20.793747, 52.435165, 0.0 ], [ 16.795422, 55.683838, 0.0 ], [ 13.338226, 58.807957, 0.0 ], [ 10.760576, 61.501873, 0.0 ], [ 9.314821, 63.501827, 0.0 ], [ 9.142492, 64.61203, 0.0 ], [ 10.260412, 64.72381, 0.0 ], [ 12.559156, 63.826256, 0.0 ], [ 15.813699, 62.00708, 0.0 ], [ 19.705544, 59.44465, 0.0 ], [ 23.85363, 56.38954, 0.0 ], [ 27.851982, 53.14093, 0.0 ], [ 31.309174, 50.01675, 0.0 ], [ 33.886826, 47.322887, 0.0 ], [ 35.332577, 45.322952, 0.0 ]] 
boundary 0: [[ 35.781063, 83.42516, 0.0 ], [ 35.593124, 82.31753, 0.0 ], [ 34.11933, 80.338135, 0.0 ], [ 31.503994, 77.68076, 0.0 ], [ 28.003143, 74.60562, 0.0 ], [ 23.959415, 71.413704, 0.0 ], [ 19.76871, 68.4173, 0.0 ], [ 15.841203, 65.90988, 0.0 ], [ 12.561326, 64.13678, 0.0 ], [ 10.250141, 63.271717, 0.0 ], [ 9.133911, 63.39921, 0.0 ], [ 9.321839, 64.507, 0.0 ], [ 10.795696, 66.48617, 0.0 ], [ 13.411007, 69.14356, 0.0 ], [ 16.911867, 72.21868, 0.0 ], [ 20.955574, 75.41069, 0.0 ], [ 25.14626, 78.40708, 0.0 ], [ 29.073801, 80.91446, 0.0 ], [ 32.35373, 82.68758, 0.0 ], [ 34.664825, 83.55267, 0.0 ]] 
boundary 1: [[ 35.78108, 44.574867, 0.0 ], [ 34.664856, 44.447388, 0.0 ], [ 32.353745, 45.31247, 0.0 ], [ 29.073778, 47.085518, 0.0 ], [ 25.146255, 49.592953, 0.0 ], [ 20.955544, 52.589264, 0.0 ], [ 16.911861, 55.781303, 0.0 ], [ 13.411011, 58.856426, 0.0 ], [ 10.795676, 61.51377, 0.0 ], [ 9.321898, 63.493164, 0.0 ], [ 9.133951, 64.60083, 0.0 ], [ 10.250186, 64.72834, 0.0 ], [ 12.561343, 63.863255, 0.0 ], [ 15.841183, 62.090096, 0.0 ], [ 19.76873, 59.58273, 0.0 ], [ 23.95943, 56.58634, 0.0 ], [ 28.00314, 53.394363, 0.0 ], [ 31.503986, 50.319183, 0.0 ], [ 34.119324, 47.66189, 0.0 ], [ 35.593094, 45.682518, 0.0 ]] 
boundary 0: [[ 38.190674, 79.71511, 0.0 ], [ 37.853294, 78.64349, 0.0 ], [ 36.123116, 76.883804, 0.0 ], [ 33.169518, 74.60832, 0.0 ], [ 29.281677, 72.039825, 0.0 ], [ 24.840105, 69.42974, 0.0 ], [ 20.279613, 67.03341, 0.0 ], [ 16.046602, 65.08559, 0.0 ], [ 12.555399, 63.77677, 0.0 ], [ 10.147764, 63.235287, 0.0 ], [ 9.059387, 63.513958, 0.0 ], [ 9.39677, 64.585724, 0.0 ], [ 11.126987, 66.345184, 0.0 ], [ 14.080553, 68.62071, 0.0 ], [ 17.9684, 71.18919, 0.0 ], [ 22.409973, 73.799355, 0.0 ], [ 26.970442, 76.19565, 0.0 ], [ 31.203474, 78.14345, 0.0 ], [ 34.694733, 79.45227, 0.0 ], [ 37.102287, 79.99379, 0.0 ]] 
boundary 1: [[ 38.19069, 48.284912, 0.0 ], [ 37.102318, 48.00627, 0.0 ], [ 34.694744, 48.54778, 0.0 ], [ 31.203457, 49.85652, 0.0 ], [ 26.970434, 51.804375, 0.0 ], [ 22.40995, 54.200607, 0.0 ], [ 17.9684, 56.810806, 0.0 ], [ 14.080561, 59.379276, 0.0 ], [ 11.126976, 61.654755, 0.0 ], [ 9.396804, 63.414448, 0.0 ], [ 9.059419, 64.486084, 0.0 ], [ 10.1478, 64.76477, 0.0 ], [ 12.555409, 64.22326, 0.0 ], [ 16.046587, 62.914402, 0.0 ], [ 20.279633, 60.96661, 0.0 ], [ 24.84011, 58.570305, 0.0 ], [ 29.281675, 55.960175, 0.0 ], [ 33.169533, 53.391644, 0.0 ], [ 36.123108, 51.116215, 0.0 ], [ 37.853264, 49.356537, 0.0 ]] 
boundary 0: [[ 39.607826, 76.84003, 0.0 ], [ 39.166004, 75.80708, 0.0 ], [ 37.270092, 74.227356, 0.0 ], [ 34.105694, 72.25548, 0.0 ], [ 29.982655, 70.08457, 0.0 ], [ 25.304474, 67.927086, 0.0 ], [ 20.529118, 65.99409, 0.0 ], [ 16.12405, 64.47495, 0.0 ], [ 12.5204115, 63.51825, 0.0 ], [ 10.070992, 63.217808, 0.0 ], [ 9.015557, 63.60288, 0.0 ], [ 9.4574, 64.63596, 0.0 ], [ 11.353328, 66.21548, 0.0 ], [ 14.517687, 68.18738, 0.0 ], [ 18.640741, 70.35829, 0.0 ], [ 23.318932, 72.51584, 0.0 ], [ 28.09426, 74.44882, 0.0 ], [ 32.49934, 75.96791, 0.0 ], [ 36.10305, 76.92462, 0.0 ], [ 38.552383, 77.22511, 0.0 ]] 
boundary 1: [[ 39.60784, 51.159992, 0.0 ], [ 38.55241, 50.77496, 0.0 ], [ 36.103058, 51.07542, 0.0 ], [ 32.499336, 52.03205, 0.0 ], [ 28.09425, 53.551205, 0.0 ], [ 23.318916, 55.484116, 0.0 ], [ 18.640741, 57.64171, 0.0 ], [ 14.517696, 59.812607, 0.0 ], [ 11.353323, 61.78447, 0.0 ], [ 9.457418, 63.364204, 0.0 ], [ 9.015584, 64.39717, 0.0 ], [ 10.071024, 64.78224, 0.0 ], [ 12.520418, 64.48178, 0.0 ], [ 16.124035, 63.525024, 0.0 ], [ 20.529133, 62.00594, 0.0 ], [ 25.304474, 60.072956, 0.0 ], [ 29.982653, 57.91543, 0.0 ], [ 34.10573, 55.744476, 0.0 ], [ 37.270084, 53.772663, 0.0 ], [ 39.16597, 52.192944, 0.0 ]] 
boundary 0: [[ 40.467102, 74.6363, 0.0 ], [ 39.95096, 73.63842, 0.0 ], [ 37.94463, 72.20152, 0.0 ], [ 34.64453, 70.46625, 0.0 ], [ 30.373825, 68.602554, 0.0 ], [ 25.550438, 66.79287, 0.0 ], [ 20.64655, 65.21414, 0.0 ], [ 16.142206, 64.02111, 0.0 ], [ 12.4782715, 63.330406, 0.0 ], [ 10.013442, 63.20985, 0.0 ], [ 8.988981, 63.671036, 0.0 ], [ 9.505166, 64.669075, 0.0 ], [ 11.511492, 66.10574, 0.0 ], [ 14.81154, 67.84105, 0.0 ], [ 19.082268, 69.70473, 0.0 ], [ 23.905674, 71.51448, 0.0 ], [ 28.80953, 73.09321, 0.0 ], [ 33.31388, 74.28619, 0.0 ], [ 36.977898, 74.97688, 0.0 ], [ 39.442642, 75.09751, 0.0 ]] 
boundary 1: [[ 40.467117, 53.363724, 0.0 ], [ 39.442665, 52.90257, 0.0 ], [ 36.97789, 53.023155, 0.0 ], [ 33.31388, 53.713768, 0.0 ], [ 28.809519, 54.906834, 0.0 ], [ 23.905659, 56.485462, 0.0 ], [ 19.082268, 58.295288, 0.0 ], [ 14.811549, 60.158955, 0.0 ], [ 11.511491, 61.894203, 0.0 ], [ 9.505173, 63.331123, 0.0 ], [ 8.989003, 64.32902, 0.0 ], [ 10.013467, 64.79024, 0.0 ], [ 12.478275, 64.66963, 0.0 ], [ 16.14219, 63.97887, 0.0 ], [ 20.646557, 62.78589, 0.0 ], [ 25.55043, 61.20718, 0.0 ], [ 30.373827, 59.397427, 0.0 ], [ 34.64457, 57.53371, 0.0 ], [ 37.944614, 55.798504, 0.0 ], [ 39.950912, 54.36161, 0.0 ]] 
boundary 0: [[ 40.910484, 73.265976, 0.0 ], [ 40.35041, 72.292076, 0.0 ], [ 38.282085, 70.94596, 0.0 ], [ 34.90798, 69.35937, 0.0 ], [ 30.558516, 67.68771, 0.0 ], [ 25.659328, 66.09463, 0.0 ], [ 20.689993, 64.735855, 0.0 ], [ 16.136986, 63.744587, 0.0 ], [ 12.445929, 63.21774, 0.0 ], [ 9.978174, 63.207066, 0.0 ], [ 8.975268, 63.713417, 0.0 ], [ 9.535387, 64.68748, 0.0 ], [ 11.603703, 66.03338, 0.0 ], [ 14.9777565, 67.61999, 0.0 ], [ 19.327242, 69.29163, 0.0 ], [ 24.226461, 70.884796, 0.0 ], [ 29.195757, 72.24357, 0.0 ], [ 33.748764, 73.23477, 0.0 ], [ 37.43992, 73.76161, 0.0 ], [ 39.90758, 73.772354, 0.0 ]] 
boundary 1: [[ 40.9105, 54.734047, 0.0 ], [ 39.907597, 54.227722, 0.0 ], [ 37.439903, 54.23842, 0.0 ], [ 33.74877, 54.765182, 0.0 ], [ 29.195744, 55.756474, 0.0 ], [ 24.22645, 57.115147, 0.0 ], [ 19.327242, 58.70838, 0.0 ], [ 14.977766, 60.38001, 0.0 ], [ 11.603702, 61.966576, 0.0 ], [ 9.535384, 63.31272, 0.0 ], [ 8.975287, 64.28663, 0.0 ], [ 9.978196, 64.79302, 0.0 ], [ 12.4459305, 64.7823, 0.0 ], [ 16.136974, 64.25539, 0.0 ], [ 20.689999, 63.26419, 0.0 ], [ 25.65931, 61.905434, 0.0 ], [ 30.558523, 60.31227, 0.0 ], [ 34.90802, 58.640594, 0.0 ], [ 38.28207, 57.054073, 0.0 ], [ 40.35036, 55.70795, 0.0 ]] 
boundary 0: [[ 41.23661, 72.09612, 0.0 ], [ 40.640366, 71.14394, 0.0 ], [ 38.52295, 69.87646, 0.0 ], [ 35.091637, 68.41769, 0.0 ], [ 30.682459, 66.91054, 0.0 ], [ 25.726904, 65.50259, 0.0 ], [ 20.710037, 64.33137, 0.0 ], [ 16.123016, 63.5118, 0.0 ], [ 12.414778, 63.12393, 0.0 ], [ 9.948364, 63.205944, 0.0 ], [ 8.965183, 63.7496, 0.0 ], [ 9.561487, 64.701935, 0.0 ], [ 11.678886, 65.96921, 0.0 ], [ 15.110144, 67.42799, 0.0 ], [ 19.51934, 68.93512, 0.0 ], [ 24.474932, 70.34317, 0.0 ], [ 29.491747, 71.514366, 0.0 ], [ 34.07876, 72.33389, 0.0 ], [ 37.78711, 72.72174, 0.0 ], [ 40.253426, 72.63981, 0.0 ]] 
boundary 1: [[ 41.236626, 55.9039, 0.0 ], [ 40.25344, 55.360268, 0.0 ], [ 37.787094, 55.278297, 0.0 ], [ 34.078766, 55.66606, 0.0 ], [ 29.491734, 56.485664, 0.0 ], [ 24.474922, 57.656765, 0.0 ], [ 19.519339, 59.064896, 0.0 ], [ 15.110153, 60.572, 0.0 ], [ 11.678887, 62.030743, 0.0 ], [ 9.561476, 63.298264, 0.0 ], [ 8.965199, 64.25045, 0.0 ], [ 9.948384, 64.79415, 0.0 ], [ 12.414778, 64.87611, 0.0 ], [ 16.123005, 64.48817, 0.0 ], [ 20.710041, 63.668667, 0.0 ], [ 25.726881, 62.49749, 0.0 ], [ 30.682468, 61.089428, 0.0 ], [ 35.091675, 59.58228, 0.0 ], [ 38.522934, 58.123585, 0.0 ], [ 40.640312, 56.856083, 0.0 ]] 
boundary 0: [[ 41.44308, 71.25105, 0.0 ], [ 40.821434, 70.315254, 0.0 ], [ 38.670677, 69.1052, 0.0 ], [ 35.20138, 67.73925, 0.0 ], [ 30.753248, 66.35127, 0.0 ], [ 25.761612, 65.07715, 0.0 ], [ 20.715057, 64.04132, 0.0 ], [ 16.107643, 63.34545, 0.0 ], [ 12.390312, 63.057495, 0.0 ], [ 9.926998, 63.20583, 0.0 ], [ 8.958797, 63.775734, 0.0 ], [ 9.580506, 64.711685, 0.0 ], [ 11.731232, 65.92153, 0.0 ], [ 15.200494, 67.28749, 0.0 ], [ 19.64863, 68.67544, 0.0 ], [ 24.640312, 69.94965, 0.0 ], [ 29.686821, 70.985466, 0.0 ], [ 34.294224, 71.6813, 0.0 ], [ 38.01166, 71.96924, 0.0 ], [ 40.474884, 71.820984, 0.0 ]] 
boundary 1: [[ 41.443096, 56.748974, 0.0 ], [ 40.4749, 56.179092, 0.0 ], [ 38.011646, 56.030804, 0.0 ], [ 34.294235, 56.31866, 0.0 ], [ 29.686806, 57.014557, 0.0 ], [ 24.640308, 58.05027, 0.0 ], [ 19.64863, 59.32457, 0.0 ], [ 15.200503, 60.712517, 0.0 ], [ 11.731234, 62.07842, 0.0 ], [ 9.580489, 63.288513, 0.0 ], [ 8.958812, 64.22432, 0.0 ], [ 9.927012, 64.794266, 0.0 ], [ 12.39031, 64.94255, 0.0 ], [ 16.107632, 64.6545, 0.0 ], [ 20.715061, 63.95871, 0.0 ], [ 25.76159, 62.922924, 0.0 ], [ 30.75326, 61.64869, 0.0 ], [ 35.20142, 60.260704, 0.0 ], [ 38.670662, 58.894855, 0.0 ], [ 40.82138, 57.68476, 0.0 ]] 
boundary 0: [[ 41.63263, 70.371605, 0.0 ], [ 40.985176, 69.45347, 0.0 ], [ 38.801605, 68.30371, 0.0 ], [ 35.29563, 67.034805, 0.0 ], [ 30.810608, 65.77112, 0.0 ], [ 25.785456, 64.63638, 0.0 ], [ 20.712042, 63.74134, 0.0 ], [ 16.087042, 63.173923, 0.0 ], [ 12.363142, 62.989506, 0.0 ], [ 9.904905, 63.206314, 0.0 ], [ 8.952935, 63.802933, 0.0 ], [ 9.600445, 64.72123, 0.0 ], [ 11.783996, 65.87077, 0.0 ], [ 15.289921, 67.13969, 0.0 ], [ 19.774948, 68.40333, 0.0 ], [ 24.800152, 69.53818, 0.0 ], [ 29.873522, 70.433205, 0.0 ], [ 34.498497, 71.000565, 0.0 ], [ 38.222507, 71.184975, 0.0 ], [ 40.680656, 70.96825, 0.0 ]] 
boundary 1: [[ 41.632645, 57.628426, 0.0 ], [ 40.68067, 57.031822, 0.0 ], [ 38.222492, 56.815075, 0.0 ], [ 34.498512, 56.99939, 0.0 ], [ 29.873505, 57.56683, 0.0 ], [ 24.800152, 58.46174, 0.0 ], [ 19.774948, 59.59668, 0.0 ], [ 15.28993, 60.860336, 0.0 ], [ 11.7839985, 62.12918, 0.0 ], [ 9.600419, 63.27897, 0.0 ], [ 8.95295, 64.19713, 0.0 ], [ 9.904918, 64.79378, 0.0 ], [ 12.363137, 65.010544, 0.0 ], [ 16.087032, 64.82603, 0.0 ], [ 20.71204, 64.25868, 0.0 ], [ 25.785433, 63.36371, 0.0 ], [ 30.81062, 62.228836, 0.0 ], [ 35.29567, 60.96514, 0.0 ], [ 38.801582, 59.696342, 0.0 ], [ 40.985123, 58.546555, 0.0 ]] 
boundary 0: [[ 41.743855, 69.79074, 0.0 ], [ 41.079727, 68.88458, 0.0 ], [ 38.875496, 67.77495, 0.0 ], [ 35.3469, 66.5704, 0.0 ], [ 30.839504, 65.388954, 0.0 ], [ 25.794432, 64.34633, 0.0 ], [ 20.705503, 63.54423, 0.0 ], [ 16.0709, 63.061504, 0.0 ], [ 12.344252, 62.945225, 0.0 ], [ 9.890393, 63.206966, 0.0 ], [ 8.949494, 63.820896, 0.0 ], [ 9.613692, 64.7272, 0.0 ], [ 11.817905, 65.83661, 0.0 ], [ 15.346451, 67.041176, 0.0 ], [ 19.853832, 68.22258, 0.0 ], [ 24.898956, 69.26532, 0.0 ], [ 29.987848, 70.067406, 0.0 ], [ 34.62243, 70.55007, 0.0 ], [ 38.349197, 70.666336, 0.0 ], [ 40.802963, 70.40468, 0.0 ]] 
boundary 1: [[ 41.74387, 58.209305, 0.0 ], [ 40.80298, 57.595383, 0.0 ], [ 38.349182, 57.333717, 0.0 ], [ 34.622444, 57.449886, 0.0 ], [ 29.987831, 57.932632, 0.0 ], [ 24.898956, 58.734592, 0.0 ], [ 19.853832, 59.777428, 0.0 ], [ 15.34646, 60.95884, 0.0 ], [ 11.817907, 62.16334, 0.0 ], [ 9.613662, 63.273003, 0.0 ], [ 8.949508, 64.17916, 0.0 ], [ 9.890404, 64.79312, 0.0 ], [ 12.344246, 65.05481, 0.0 ], [ 16.070889, 64.938446, 0.0 ], [ 20.7055, 64.455795, 0.0 ], [ 25.794409, 63.653763, 0.0 ], [ 30.839516, 62.610996, 0.0 ], [ 35.34694, 61.42955, 0.0 ], [ 38.875473, 60.225086, 0.0 ], [ 41.079674, 59.11543, 0.0 ]] 
boundary 0: [[ 41.78354, 69.568306, 0.0 ], [ 41.113083, 68.66681, 0.0 ], [ 38.90117, 67.5726, 0.0 ], [ 35.364243, 66.392746, 0.0 ], [ 30.848694, 65.242836, 0.0 ], [ 25.796461, 64.23549, 0.0 ], [ 20.702051, 63.468967, 0.0 ], [ 16.06419, 63.018635, 0.0 ], [ 12.33682, 62.928402, 0.0 ], [ 9.884854, 63.207283, 0.0 ], [ 8.948268, 63.827766, 0.0 ], [ 9.618782, 64.72941, 0.0 ], [ 11.830691, 65.82339, 0.0 ], [ 15.36757, 67.00327, 0.0 ], [ 19.883091, 68.15315, 0.0 ], [ 24.935373, 69.160614, 0.0 ], [ 30.02975, 69.92712, 0.0 ], [ 34.667587, 70.37738, 0.0 ], [ 38.39509, 70.467606, 0.0 ], [ 40.846954, 70.188805, 0.0 ]] 
boundary 1: [[ 41.783554, 58.43174, 0.0 ], [ 40.84697, 57.811256, 0.0 ], [ 38.395073, 57.532448, 0.0 ], [ 34.667603, 57.622574, 0.0 ], [ 30.029734, 58.07292, 0.0 ], [ 24.935373, 58.839302, 0.0 ], [ 19.883091, 59.846855, 0.0 ], [ 15.367579, 60.99674, 0.0 ], [ 11.830695, 62.176556, 0.0 ], [ 9.61875, 63.270786, 0.0 ], [ 8.94828, 64.172295, 0.0 ], [ 9.884865, 64.7928, 0.0 ], [ 12.336814, 65.07163, 0.0 ], [ 16.064178, 64.981316, 0.0 ], [ 20.702047, 64.531075, 0.0 ], [ 25.796438, 63.764603, 0.0 ], [ 30.848705, 62.757122, 0.0 ], [ 35.36428, 61.607204, 0.0 ], [ 38.901146, 60.42743, 0.0 ], [ 41.11303, 59.3332, 0.0 ]] 
boundary 0: [[ 41.75915, 69.70603, 0.0 ], [ 41.092598, 68.80165, 0.0 ], [ 38.885456, 67.69788, 0.0 ], [ 35.353657, 66.50272, 0.0 ], [ 30.843119, 65.333305, 0.0 ], [ 25.795296, 64.3041, 0.0 ], [ 20.704243, 63.51556, 0.0 ], [ 16.06838, 63.045174, 0.0 ], [ 12.341434, 62.9388, 0.0 ], [ 9.888281, 63.207085, 0.0 ], [ 8.949022, 63.823513, 0.0 ], [ 9.615631, 64.728065, 0.0 ], [ 11.822785, 65.83157, 0.0 ], [ 15.3545265, 67.02674, 0.0 ], [ 19.865028, 68.19615, 0.0 ], [ 24.91291, 69.22547, 0.0 ], [ 30.00392, 70.01399, 0.0 ], [ 34.63977, 70.484314, 0.0 ], [ 38.36685, 70.590675, 0.0 ], [ 40.819897, 70.32249, 0.0 ]] 
boundary 1: [[ 41.759167, 58.294006, 0.0 ], [ 40.819912, 57.67758, 0.0 ], [ 38.366837, 57.409378, 0.0 ], [ 34.639786, 57.515633, 0.0 ], [ 30.003902, 57.986042, 0.0 ], [ 24.91291, 58.774452, 0.0 ], [ 19.865028, 59.803852, 0.0 ], [ 15.354536, 60.973255, 0.0 ], [ 11.822789, 62.168365, 0.0 ], [ 9.615599, 63.272163, 0.0 ], [ 8.949035, 64.17655, 0.0 ], [ 9.888292, 64.79303, 0.0 ], [ 12.341428, 65.06123, 0.0 ], [ 16.068367, 64.95477, 0.0 ], [ 20.704239, 64.484505, 0.0 ], [ 25.795273, 63.69599, 0.0 ], [ 30.843128, 62.666656, 0.0 ], [ 35.353695, 61.497215, 0.0 ], [ 38.885433, 60.302147, 0.0 ], [ 41.092545, 59.198364, 0.0 ]] 
boundary 0: [[ 41.718018, 69.93089, 0.0 ], [ 41.057877, 69.02182, 0.0 ], [ 38.85858, 67.90248, 0.0 ], [ 35.335316, 66.68238, 0.0 ], [ 30.833164, 65.48112, 0.0 ], [ 25.79275, 64.416245, 0.0 ], [ 20.707394, 63.591713, 0.0 ], [ 16.074974, 63.088573, 0.0 ], [ 12.348875, 62.955856, 0.0 ], [ 9.893888, 63.20679, 0.0 ], [ 8.9502945, 63.816563, 0.0 ], [ 9.610492, 64.725815, 0.0 ], [ 11.809789, 65.84488, 0.0 ], [ 15.332993, 67.06499, 0.0 ], [ 19.83511, 68.26626, 0.0 ], [ 24.87559, 69.331245, 0.0 ], [ 29.960892, 70.15574, 0.0 ], [ 34.593323, 70.65883, 0.0 ], [ 38.319542, 70.79153, 0.0 ], [ 40.77442, 70.540695, 0.0 ]] 
boundary 1: [[ 41.718033, 58.06914, 0.0 ], [ 40.774437, 57.459377, 0.0 ], [ 38.319527, 57.20852, 0.0 ], [ 34.593338, 57.341118, 0.0 ], [ 29.960875, 57.8443, 0.0 ], [ 24.87559, 58.66868, 0.0 ], [ 19.83511, 59.73374, 0.0 ], [ 15.333002, 60.935, 0.0 ], [ 11.809792, 62.155052, 0.0 ], [ 9.610461, 63.274426, 0.0 ], [ 8.950309, 64.18353, 0.0 ], [ 9.893904, 64.79332, 0.0 ], [ 12.348869, 65.0442, 0.0 ], [ 16.074959, 64.91138, 0.0 ], [ 20.707394, 64.40832, 0.0 ], [ 25.792727, 63.583843, 0.0 ], [ 30.833174, 62.51886, 0.0 ], [ 35.335354, 61.31756, 0.0 ], [ 38.85856, 60.09755, 0.0 ], [ 41.057823, 58.97819, 0.0 ]] 
boundary 0: [[ 41.578243, 70.63633, 0.0 ], [ 40.9385, 69.71281, 0.0 ], [ 38.764633, 68.544815, 0.0 ], [ 35.26938, 67.246666, 0.0 ], [ 30.79506, 65.94556, 0.0 ], [ 25.779568, 64.76885, 0.0 ], [ 20.713812, 63.831432, 0.0 ], [ 16.093725, 63.225384, 0.0 ], [ 12.371501, 63.00984, 0.0 ], [ 9.911539, 63.20611, 0.0 ], [ 8.954617, 63.794743, 0.0 ], [ 9.594427, 64.71846, 0.0 ], [ 11.768294, 65.88616, 0.0 ], [ 15.263493, 67.18432, 0.0 ], [ 19.737782, 68.48543, 0.0 ], [ 24.753326, 69.66224, 0.0 ], [ 29.819036, 70.59964, 0.0 ], [ 34.43912, 71.20563, 0.0 ], [ 38.161484, 71.42117, 0.0 ], [ 40.62132, 71.22498, 0.0 ]] 
boundary 1: [[ 41.57826, 57.363716, 0.0 ], [ 40.621338, 56.77508, 0.0 ], [ 38.16147, 56.578888, 0.0 ], [ 34.439137, 56.79432, 0.0 ], [ 29.819021, 57.400414, 0.0 ], [ 24.753323, 58.337677, 0.0 ], [ 19.737782, 59.514584, 0.0 ], [ 15.263502, 60.815678, 0.0 ], [ 11.768296, 62.113773, 0.0 ], [ 9.594402, 63.281788, 0.0 ], [ 8.954634, 64.20535, 0.0 ], [ 9.911557, 64.794, 0.0 ], [ 12.371496, 64.99022, 0.0 ], [ 16.093706, 64.77455, 0.0 ], [ 20.713812, 64.168594, 0.0 ], [ 25.779545, 63.23123, 0.0 ], [ 30.795065, 62.054413, 0.0 ], [ 35.269413, 60.75328, 0.0 ], [ 38.764618, 59.455208, 0.0 ], [ 40.938446, 58.287216, 0.0 ]] 
boundary 0: [[ 41.323177, 71.7536, 0.0 ], [ 40.716564, 70.80798, 0.0 ], [ 38.585453, 69.563705, 0.0 ], [ 35.138405, 68.1425, 0.0 ], [ 30.712996, 66.68365, 0.0 ], [ 25.742361, 65.32993, 0.0 ], [ 20.71302, 64.21359, 0.0 ], [ 16.117302, 63.444187, 0.0 ], [ 12.405058, 63.096867, 0.0 ], [ 9.939686, 63.205833, 0.0 ], [ 8.9625025, 63.76019, 0.0 ], [ 9.569179, 64.706, 0.0 ], [ 11.700299, 65.950005, 0.0 ], [ 15.147297, 67.37121, 0.0 ], [ 19.572662, 68.83006, 0.0 ], [ 24.543354, 70.183876, 0.0 ], [ 29.572664, 71.30021, 0.0 ], [ 34.168365, 72.06955, 0.0 ], [ 37.880756, 72.41687, 0.0 ], [ 40.345985, 72.30799, 0.0 ]] 
boundary 1: [[ 41.323193, 56.24643, 0.0 ], [ 40.346, 55.692085, 0.0 ], [ 37.88074, 55.583183, 0.0 ], [ 34.16838, 55.930397, 0.0 ], [ 29.57265, 56.699837, 0.0 ], [ 24.543346, 57.816032, 0.0 ], [ 19.572662, 59.169952, 0.0 ], [ 15.147306, 60.628777, 0.0 ], [ 11.700299, 62.04993, 0.0 ], [ 9.569163, 63.29425, 0.0 ], [ 8.962528, 64.23991, 0.0 ], [ 9.93971, 64.79428, 0.0 ], [ 12.405056, 64.9032, 0.0 ], [ 16.117283, 64.55575, 0.0 ], [ 20.71302, 63.786438, 0.0 ], [ 25.742344, 62.670147, 0.0 ], [ 30.713, 61.316326, 0.0 ], [ 35.138435, 59.857452, 0.0 ], [ 38.58544, 58.43632, 0.0 ], [ 40.71651, 57.19203, 0.0 ]] 
boundary 0: [[ 41.045364, 72.80235, 0.0 ], [ 40.470825, 71.83691, 0.0 ], [ 38.382652, 70.52185, 0.0 ], [ 34.98523, 68.985794, 0.0 ], [ 30.611256, 67.37929, 0.0 ], [ 25.688843, 65.85957, 0.0 ], [ 20.69979, 64.57513, 0.0 ], [ 16.132465, 63.651974, 0.0 ], [ 12.433966, 63.1803, 0.0 ], [ 9.966327, 63.206493, 0.0 ], [ 8.971094, 63.727757, 0.0 ], [ 9.545697, 64.6934, 0.0 ], [ 11.6338825, 66.00819, 0.0 ], [ 15.031258, 67.544235, 0.0 ], [ 19.40519, 69.15074, 0.0 ], [ 24.327656, 70.670555, 0.0 ], [ 29.316685, 71.95498, 0.0 ], [ 33.883987, 72.878075, 0.0 ], [ 37.582634, 73.34977, 0.0 ], [ 40.050137, 73.323654, 0.0 ]] 
boundary 1: [[ 41.045387, 55.197678, 0.0 ], [ 40.050156, 54.676426, 0.0 ], [ 37.58262, 54.65029, 0.0 ], [ 33.883995, 55.12187, 0.0 ], [ 29.316675, 56.045055, 0.0 ], [ 24.327646, 57.32936, 0.0 ], [ 19.405193, 58.849274, 0.0 ], [ 15.031267, 60.45575, 0.0 ], [ 11.63388, 61.991745, 0.0 ], [ 9.545691, 63.30686, 0.0 ], [ 8.971124, 64.27234, 0.0 ], [ 9.966353, 64.79362, 0.0 ], [ 12.433968, 64.81976, 0.0 ], [ 16.132446, 64.34797, 0.0 ], [ 20.69979, 63.4249, 0.0 ], [ 25.688828, 62.140507, 0.0 ], [ 30.61126, 60.620686, 0.0 ], [ 34.98526, 59.014168, 0.0 ], [ 38.382637, 57.47819, 0.0 ], [ 40.47077, 56.163094, 0.0 ]] 
boundary 0: [[ 40.718876, 73.883804, 0.0 ], [ 40.178417, 72.898895, 0.0 ], [ 38.137455, 71.51169, 0.0 ], [ 34.79576, 69.85789, 0.0 ], [ 30.48059, 68.09957, 0.0 ], [ 25.614265, 66.40881, 0.0 ], [ 20.673124, 64.95089, 0.0 ], [ 16.140839, 63.868744, 0.0 ], [ 12.461075, 63.268154, 0.0 ], [ 9.994026, 63.20813, 0.0 ], [ 8.981192, 63.69431, 0.0 ], [ 9.521709, 64.67944, 0.0 ], [ 11.562694, 66.06636, 0.0 ], [ 14.904338, 67.72016, 0.0 ], [ 19.219479, 69.478485, 0.0 ], [ 24.085846, 71.16933, 0.0 ], [ 29.026964, 72.62724, 0.0 ], [ 33.55923, 73.70931, 0.0 ], [ 37.239143, 74.30992, 0.0 ], [ 39.706055, 74.370026, 0.0 ]] 
boundary 1: [[ 40.7189, 54.116222, 0.0 ], [ 39.70607, 53.630047, 0.0 ], [ 37.23913, 53.690125, 0.0 ], [ 33.55924, 54.29062, 0.0 ], [ 29.026955, 55.372787, 0.0 ], [ 24.085833, 56.830597, 0.0 ], [ 19.219482, 58.521538, 0.0 ], [ 14.904347, 60.27983, 0.0 ], [ 11.562687, 61.933567, 0.0 ], [ 9.521713, 63.320827, 0.0 ], [ 8.981224, 64.305786, 0.0 ], [ 9.994058, 64.79198, 0.0 ], [ 12.461077, 64.7319, 0.0 ], [ 16.14082, 64.1312, 0.0 ], [ 20.673124, 63.04915, 0.0 ], [ 25.614258, 61.591248, 0.0 ], [ 30.480593, 59.900406, 0.0 ], [ 34.79579, 58.14207, 0.0 ], [ 38.13744, 56.488354, 0.0 ], [ 40.178364, 55.101116, 0.0 ]] 
boundary 0: [[ 40.313225, 75.06804, 0.0 ], [ 39.81129, 74.062935, 0.0 ], [ 37.82556, 72.59777, 0.0 ], [ 34.550377, 70.81585, 0.0 ], [ 30.306515, 68.89183, 0.0 ], [ 25.509274, 67.01398, 0.0 ], [ 20.628267, 65.36589, 0.0 ], [ 16.141266, 64.109116, 0.0 ], [ 12.487509, 63.366543, 0.0 ], [ 10.024633, 63.211075, 0.0 ], [ 8.993737, 63.657684, 0.0 ], [ 9.495718, 64.662994, 0.0 ], [ 11.48149, 66.12788, 0.0 ], [ 14.756617, 67.9098, 0.0 ], [ 19.000462, 69.833824, 0.0 ], [ 23.797733, 71.71176, 0.0 ], [ 28.678715, 73.35984, 0.0 ], [ 33.1657, 74.61653, 0.0 ], [ 36.81961, 75.35913, 0.0 ], [ 39.282345, 75.51467, 0.0 ]] 
boundary 1: [[ 40.313248, 52.932, 0.0 ], [ 39.28236, 52.48539, 0.0 ], [ 36.819595, 52.640915, 0.0 ], [ 33.165703, 53.383396, 0.0 ], [ 28.678709, 54.64019, 0.0 ], [ 23.797716, 56.288166, 0.0 ], [ 19.00047, 58.166203, 0.0 ], [ 14.756624, 60.090206, 0.0 ], [ 11.48148, 61.872044, 0.0 ], [ 9.495733, 63.33727, 0.0 ], [ 8.993773, 64.342415, 0.0 ], [ 10.024668, 64.78904, 0.0 ], [ 12.487514, 64.633514, 0.0 ], [ 16.141243, 63.89083, 0.0 ], [ 20.628267, 62.634155, 0.0 ], [ 25.509272, 60.986088, 0.0 ], [ 30.306517, 59.10815, 0.0 ], [ 34.550407, 57.1841, 0.0 ], [ 37.82555, 55.402275, 0.0 ], [ 39.811237, 53.937088, 0.0 ]] 
boundary 0: [[ 39.632824, 76.782005, 0.0 ], [ 39.189003, 75.74991, 0.0 ], [ 37.29004, 74.17392, 0.0 ], [ 34.121765, 72.208176, 0.0 ], [ 29.994495, 70.04535, 0.0 ], [ 25.31211, 67.89706, 0.0 ], [ 20.533005, 65.97339, 0.0 ], [ 16.124945, 64.46285, 0.0 ], [ 12.519469, 63.513187, 0.0 ], [ 10.069462, 63.21756, 0.0 ], [ 9.014783, 63.604675, 0.0 ], [ 9.458632, 64.63697, 0.0 ], [ 11.35766, 66.21268, 0.0 ], [ 14.525873, 68.178406, 0.0 ], [ 18.653128, 70.34125, 0.0 ], [ 23.335539, 72.48962, 0.0 ], [ 28.114622, 74.41329, 0.0 ], [ 32.52266, 75.92374, 0.0 ], [ 36.128292, 76.873436, 0.0 ], [ 38.578156, 77.16915, 0.0 ]] 
boundary 1: [[ 39.632854, 51.218044, 0.0 ], [ 38.57818, 50.83093, 0.0 ], [ 36.128277, 51.126606, 0.0 ], [ 32.52266, 52.07618, 0.0 ], [ 28.114618, 53.58673, 0.0 ], [ 23.335514, 55.510307, 0.0 ], [ 18.653135, 57.658775, 0.0 ], [ 14.525881, 59.82159, 0.0 ], [ 11.357647, 61.78725, 0.0 ], [ 9.458661, 63.363297, 0.0 ], [ 9.014822, 64.395424, 0.0 ], [ 10.069501, 64.782555, 0.0 ], [ 12.519475, 64.48687, 0.0 ], [ 16.124922, 63.537094, 0.0 ], [ 20.533005, 62.02666, 0.0 ], [ 25.312119, 60.103004, 0.0 ], [ 29.994495, 57.95463, 0.0 ], [ 34.121788, 55.791763, 0.0 ], [ 37.290024, 53.826126, 0.0 ], [ 39.188957, 52.25012, 0.0 ]] 
boundary 0: [[ 38.13255, 79.81908, 0.0 ], [ 37.79914, 78.746216, 0.0 ], [ 36.075493, 76.98021, 0.0 ], [ 33.13027, 74.69377, 0.0 ], [ 29.251926, 72.111015, 0.0 ], [ 24.819994, 69.48463, 0.0 ], [ 20.268375, 67.071526, 0.0 ], [ 16.042542, 65.108086, 0.0 ], [ 12.556209, 63.786423, 0.0 ], [ 10.150576, 63.236095, 0.0 ], [ 9.061184, 63.510742, 0.0 ], [ 9.394595, 64.58382, 0.0 ], [ 11.118348, 66.34955, 0.0 ], [ 14.063515, 68.635956, 0.0 ], [ 17.941837, 71.218735, 0.0 ], [ 22.373787, 73.8452, 0.0 ], [ 26.925385, 76.25831, 0.0 ], [ 31.151201, 78.22165, 0.0 ], [ 34.637688, 79.543365, 0.0 ], [ 37.04317, 80.09378, 0.0 ]] 
boundary 1: [[ 38.13259, 48.180965, 0.0 ], [ 37.043205, 47.90632, 0.0 ], [ 34.637676, 48.45668, 0.0 ], [ 31.151194, 49.77828, 0.0 ], [ 26.92538, 51.74171, 0.0 ], [ 22.373756, 54.15473, 0.0 ], [ 17.941849, 56.78129, 0.0 ], [ 14.06352, 59.364033, 0.0 ], [ 11.118328, 61.650375, 0.0 ], [ 9.394651, 63.41645, 0.0 ], [ 9.061233, 64.48934, 0.0 ], [ 10.150628, 64.764015, 0.0 ], [ 12.556219, 64.21363, 0.0 ], [ 16.042511, 62.891853, 0.0 ], [ 20.26838, 60.928535, 0.0 ], [ 24.820011, 58.515434, 0.0 ], [ 29.251925, 55.888966, 0.0 ], [ 33.13028, 53.306164, 0.0 ], [ 36.075478, 51.019844, 0.0 ], [ 37.7991, 49.253815, 0.0 ]] 
boundary 0: [[ 35.504684, 83.787506, 0.0 ], [ 35.332386, 82.677315, 0.0 ], [ 33.886673, 80.677414, 0.0 ], [ 31.309021, 77.98336, 0.0 ], [ 27.851866, 74.859215, 0.0 ], [ 23.853516, 71.610664, 0.0 ], [ 19.705479, 68.5555, 0.0 ], [ 15.813675, 65.99295, 0.0 ], [ 12.559145, 64.17379, 0.0 ], [ 10.260368, 63.27626, 0.0 ], [ 9.14246, 63.388004, 0.0 ], [ 9.314723, 64.4984, 0.0 ], [ 10.76058, 66.498055, 0.0 ], [ 13.338177, 69.19206, 0.0 ], [ 16.79531, 72.31623, 0.0 ], [ 20.793661, 75.564865, 0.0 ], [ 24.941677, 78.62004, 0.0 ], [ 28.83348, 81.18248, 0.0 ], [ 32.088165, 83.00172, 0.0 ], [ 34.386772, 83.899315, 0.0 ]] 
boundary 1: [[ 35.504734, 44.212532, 0.0 ], [ 34.38682, 44.100792, 0.0 ], [ 32.08816, 44.99832, 0.0 ], [ 28.833466, 46.817448, 0.0 ], [ 24.94168, 49.379974, 0.0 ], [ 20.793621, 52.43506, 0.0 ], [ 16.795326, 55.6838, 0.0 ], [ 13.3381815, 58.807926, 0.0 ], [ 10.760549, 61.50186, 0.0 ], [ 9.314821, 63.501858, 0.0 ], [ 9.14252, 64.612076, 0.0 ], [ 10.260438, 64.72383, 0.0 ], [ 12.559162, 63.826256, 0.0 ], [ 15.813637, 62.006992, 0.0 ], [ 19.70549, 59.44456, 0.0 ], [ 23.85355, 56.389393, 0.0 ], [ 27.851856, 53.140755, 0.0 ], [ 31.309021, 50.01657, 0.0 ], [ 33.886665, 47.322647, 0.0 ], [ 35.33234, 45.322716, 0.0 ]] 
