boundary 0: [[ 31.575977, 88.021645, 0.0 ], [ 31.603954, 86.89839, 0.0 ], [ 30.537128, 84.67313, 0.0 ], [ 28.479994, 81.56365, 0.0 ], [ 25.633787, 77.87418, 0.0 ], [ 22.277317, 73.96596, 0.0 ], [ 18.739017, 70.22145, 0.0 ], [ 15.365282, 67.007355, 0.0 ], [ 12.486285, 64.63827, 0.0 ], [ 10.38396, 63.345963, 0.0 ], [ 9.263945, 63.257103, 0.0 ], [ 9.236049, 64.3802, 0.0 ], [ 10.302886, 66.60543, 0.0 ], [ 12.360005, 69.715065, 0.0 ], [ 15.2062, 73.404434, 0.0 ], [ 18.56266, 77.312706, 0.0 ], [ 22.100962, 81.057175, 0.0 ], [ 25.474762, 84.271255, 0.0 ], [ 28.35373, 86.64035, 0.0 ], [ 30.456049, 87.93265, 0.0 ]] 
boundary 1: [[ 31.57601, 39.978394, 0.0 ], [ 30.456032, 40.067333, 0.0 ], [ 28.353676, 41.359566, 0.0 ], [ 25.474731, 43.72872, 0.0 ], [ 22.100967, 46.94285, 0.0 ], [ 18.562641, 50.68724, 0.0 ], [ 15.206148, 54.59549, 0.0 ], [ 12.360047, 58.284992, 0.0 ], [ 10.302864, 61.394535, 0.0 ], [ 9.236043, 63.6198, 0.0 ], [ 9.263972, 64.74293, 0.0 ], [ 10.383947, 64.65402, 0.0 ], [ 12.486324, 63.36178, 0.0 ], [ 15.365261, 60.99259, 0.0 ], [ 18.73899, 57.778477, 0.0 ], [ 22.277298, 54.034046, 0.0 ], [ 25.63382, 50.12584, 0.0 ], [ 28.48, 46.436325, 0.0 ], [ 30.5371, 43.326843, 0.0 ], [ 31.60392, 41.101585, 0.0 ]] 
boundary 0: [[ 37.98016, 80.08787, 0.0 ], [ 37.656967, 79.011734, 0.0 ], [ 35.95025, 77.2293, 0.0 ], [ 33.027122, 74.91504, 0.0 ], [ 29.173532, 72.29529, 0.0 ], [ 24.766941, 69.62659, 0.0 ], [ 20.23854, 67.17007, 0.0 ], [ 16.031685, 65.166336, 0.0 ], [ 12.558104, 63.811546, 0.0 ], [ 10.15789, 63.238163, 0.0 ], [ 9.06589, 63.50248, 0.0 ], [ 9.389109, 64.578415, 0.0 ], [ 11.095834, 66.36082, 0.0 ], [ 14.019003, 68.67526, 0.0 ], [ 17.87254, 71.29489, 0.0 ], [ 22.27914, 73.96365, 0.0 ], [ 26.807533, 76.420135, 0.0 ], [ 31.01444, 78.42383, 0.0 ], [ 34.487995, 79.77864, 0.0 ], [ 36.888206, 80.35203, 0.0 ]] 
boundary 1: [[ 37.980183, 47.912186, 0.0 ], [ 36.888195, 47.64795, 0.0 ], [ 34.48797, 48.22127, 0.0 ], [ 31.01442, 49.57614, 0.0 ], [ 26.807526, 51.579884, 0.0 ], [ 22.279139, 54.036278, 0.0 ], [ 17.872517, 56.705013, 0.0 ], [ 14.019026, 59.324806, 0.0 ], [ 11.095821, 61.63915, 0.0 ], [ 9.389105, 63.421562, 0.0 ], [ 9.065909, 64.49754, 0.0 ], [ 10.157884, 64.76183, 0.0 ], [ 12.558129, 64.1885, 0.0 ], [ 16.031683, 62.833595, 0.0 ], [ 20.238537, 60.829857, 0.0 ], [ 24.766922, 58.373417, 0.0 ], [ 29.173553, 55.704727, 0.0 ], [ 33.02713, 53.08495, 0.0 ], [ 35.95023, 50.770645, 0.0 ], [ 37.656937, 48.988235, 0.0 ]] 
boundary 0: [[ 40.240215, 75.26662, 0.0 ], [ 39.74479, 74.25811, 0.0 ], [ 37.76867, 72.77995, 0.0 ], [ 34.505363, 70.97683, 0.0 ], [ 30.274075, 69.025055, 0.0 ], [ 25.489246, 67.11577, 0.0 ], [ 20.619076, 65.43576, 0.0 ], [ 16.140411, 64.14964, 0.0 ], [ 12.49158, 63.383316, 0.0 ], [ 10.029811, 63.21164, 0.0 ], [ 8.995999, 63.651596, 0.0 ], [ 9.49142, 64.65989, 0.0 ], [ 11.467532, 66.13801, 0.0 ], [ 14.730915, 67.941315, 0.0 ], [ 18.962135, 69.89297, 0.0 ], [ 23.746986, 71.802315, 0.0 ], [ 28.617142, 73.4823, 0.0 ], [ 33.095856, 74.768364, 0.0 ], [ 36.74466, 75.53471, 0.0 ], [ 39.206432, 75.7064, 0.0 ]] 
boundary 1: [[ 40.24023, 52.733448, 0.0 ], [ 39.206417, 52.293568, 0.0 ], [ 36.744644, 52.465183, 0.0 ], [ 33.095837, 53.231598, 0.0 ], [ 28.617132, 54.51773, 0.0 ], [ 23.747, 56.197605, 0.0 ], [ 18.96213, 58.10693, 0.0 ], [ 14.7309265, 60.058754, 0.0 ], [ 11.4675255, 61.861946, 0.0 ], [ 9.491419, 63.340084, 0.0 ], [ 8.996015, 64.34844, 0.0 ], [ 10.029804, 64.78836, 0.0 ], [ 12.4916, 64.61673, 0.0 ], [ 16.14042, 63.85028, 0.0 ], [ 20.61909, 62.564156, 0.0 ], [ 25.489227, 60.88423, 0.0 ], [ 30.274096, 58.97496, 0.0 ], [ 34.50537, 57.02317, 0.0 ], [ 37.768658, 55.219982, 0.0 ], [ 39.74476, 53.741848, 0.0 ]] 
boundary 0: [[ 41.09036, 72.64193, 0.0 ], [ 40.51076, 71.67931, 0.0 ], [ 38.415833, 70.375015, 0.0 ], [ 35.010693, 68.85665, 0.0 ], [ 30.628414, 67.272705, 0.0 ], [ 25.698238, 65.77829, 0.0 ], [ 20.702576, 64.519585, 0.0 ], [ 16.13057, 63.619938, 0.0 ], [ 12.429693, 63.16747, 0.0 ], [ 9.962251, 63.206287, 0.0 ], [ 8.969709, 63.732777, 0.0 ], [ 9.549284, 64.69516, 0.0 ], [ 11.644211, 65.99943, 0.0 ], [ 15.049447, 67.51796, 0.0 ], [ 19.431648, 69.101814, 0.0 ], [ 24.361845, 70.59629, 0.0 ], [ 29.357496, 71.85498, 0.0 ], [ 33.929543, 72.75455, 0.0 ], [ 37.630394, 73.20705, 0.0 ], [ 40.097836, 73.16823, 0.0 ]] 
boundary 1: [[ 41.090374, 55.358135, 0.0 ], [ 40.097836, 54.831726, 0.0 ], [ 37.630386, 54.792854, 0.0 ], [ 33.92953, 55.245407, 0.0 ], [ 29.357485, 56.145054, 0.0 ], [ 24.36187, 57.40363, 0.0 ], [ 19.431648, 58.898098, 0.0 ], [ 15.049454, 60.482105, 0.0 ], [ 11.644211, 62.000523, 0.0 ], [ 9.549284, 63.304817, 0.0 ], [ 8.969723, 64.267265, 0.0 ], [ 9.962244, 64.79372, 0.0 ], [ 12.429709, 64.83257, 0.0 ], [ 16.130587, 64.379974, 0.0 ], [ 20.702595, 63.48035, 0.0 ], [ 25.69822, 62.22173, 0.0 ], [ 30.628431, 60.727314, 0.0 ], [ 35.0107, 59.143345, 0.0 ], [ 38.415825, 57.62492, 0.0 ], [ 40.510742, 56.320625, 0.0 ]] 
boundary 0: [[ 41.59311, 70.56521, 0.0 ], [ 40.951202, 69.64297, 0.0 ], [ 38.774696, 68.47989, 0.0 ], [ 35.27672, 67.189735, 0.0 ], [ 30.799381, 65.8987, 0.0 ], [ 25.781265, 64.73318, 0.0 ], [ 20.713379, 63.80716, 0.0 ], [ 16.091938, 63.21145, 0.0 ], [ 12.369257, 63.00441, 0.0 ], [ 9.909765, 63.20611, 0.0 ], [ 8.954164, 63.797, 0.0 ], [ 9.596036, 64.71901, 0.0 ], [ 11.772533, 65.882065, 0.0 ], [ 15.27063, 67.17237, 0.0 ], [ 19.747868, 68.46332, 0.0 ], [ 24.76601, 69.628914, 0.0 ], [ 29.833885, 70.55491, 0.0 ], [ 34.455368, 71.150536, 0.0 ], [ 38.178032, 71.35761, 0.0 ], [ 40.637512, 71.15592, 0.0 ]] 
boundary 1: [[ 41.593124, 57.434856, 0.0 ], [ 40.637512, 56.844048, 0.0 ], [ 38.178024, 56.64229, 0.0 ], [ 34.45536, 56.849426, 0.0 ], [ 29.833874, 57.445126, 0.0 ], [ 24.76604, 58.371002, 0.0 ], [ 19.74788, 59.536583, 0.0 ], [ 15.270634, 60.827694, 0.0 ], [ 11.772535, 62.11789, 0.0 ], [ 9.596038, 63.280975, 0.0 ], [ 8.954176, 64.20303, 0.0 ], [ 9.909759, 64.79389, 0.0 ], [ 12.369267, 64.99564, 0.0 ], [ 16.091957, 64.78846, 0.0 ], [ 20.713398, 64.19277, 0.0 ], [ 25.781246, 63.266853, 0.0 ], [ 30.799397, 62.101322, 0.0 ], [ 35.276726, 60.810257, 0.0 ], [ 38.774696, 59.52005, 0.0 ], [ 40.951187, 58.356968, 0.0 ]] 
boundary 0: [[ 41.859154, 69.11711, 0.0 ], [ 41.175926, 68.225044, 0.0 ], [ 38.94874, 67.16225, 0.0 ], [ 35.395657, 66.03269, 0.0 ], [ 30.864183, 64.94682, 0.0 ], [ 25.798214, 64.010956, 0.0 ], [ 20.693424, 63.316605, 0.0 ], [ 16.049656, 62.931896, 0.0 ], [ 12.321408, 62.894547, 0.0 ], [ 9.873648, 63.208004, 0.0 ], [ 8.945936, 63.841793, 0.0 ], [ 9.629119, 64.73362, 0.0 ], [ 11.856306, 65.79638, 0.0 ], [ 15.409515, 66.92611, 0.0 ], [ 19.940884, 68.011894, 0.0 ], [ 25.006886, 68.94783, 0.0 ], [ 30.111662, 69.64215, 0.0 ], [ 34.75547, 70.02677, 0.0 ], [ 38.48369, 70.06416, 0.0 ], [ 40.93145, 69.75072, 0.0 ]] 
boundary 1: [[ 41.85917, 58.88295, 0.0 ], [ 40.93145, 58.24925, 0.0 ], [ 38.483692, 57.935734, 0.0 ], [ 34.755463, 57.973183, 0.0 ], [ 30.111649, 58.35788, 0.0 ], [ 25.006916, 59.052086, 0.0 ], [ 19.940899, 59.98801, 0.0 ], [ 15.409517, 61.073963, 0.0 ], [ 11.856309, 62.20356, 0.0 ], [ 9.629122, 63.266365, 0.0 ], [ 8.945949, 64.15825, 0.0 ], [ 9.873641, 64.792, 0.0 ], [ 12.321414, 65.10551, 0.0 ], [ 16.049679, 65.068016, 0.0 ], [ 20.693443, 64.68333, 0.0 ], [ 25.798195, 63.989075, 0.0 ], [ 30.864195, 63.05321, 0.0 ], [ 35.395664, 61.9673, 0.0 ], [ 38.94874, 60.83768, 0.0 ], [ 41.17591, 59.774883, 0.0 ]] 
boundary 0: [[ 41.970695, 68.36457, 0.0 ], [ 41.266674, 67.48883, 0.0 ], [ 39.015095, 66.47873, 0.0 ], [ 35.436436, 65.43308, 0.0 ], [ 30.880663, 64.45413, 0.0 ], [ 25.794083, 63.637703, 0.0 ], [ 20.67436, 63.063644, 0.0 ], [ 16.022839, 62.788292, 0.0 ], [ 12.294738, 62.83867, 0.0 ], [ 9.855031, 63.20963, 0.0 ], [ 8.942488, 63.865067, 0.0 ], [ 9.646463, 64.74057, 0.0 ], [ 11.898037, 65.75064, 0.0 ], [ 15.476843, 66.79646, 0.0 ], [ 20.032501, 67.775345, 0.0 ], [ 25.119122, 68.59183, 0.0 ], [ 30.238813, 69.165855, 0.0 ], [ 34.890396, 69.44112, 0.0 ], [ 38.61846, 69.39078, 0.0 ], [ 41.058155, 69.01983, 0.0 ]] 
boundary 1: [[ 41.97071, 59.63548, 0.0 ], [ 41.058155, 58.98013, 0.0 ], [ 38.61846, 58.609108, 0.0 ], [ 34.89039, 58.558834, 0.0 ], [ 30.238798, 58.834175, 0.0 ], [ 25.119156, 59.408085, 0.0 ], [ 20.032516, 60.224567, 0.0 ], [ 15.476845, 61.20361, 0.0 ], [ 11.898041, 62.249294, 0.0 ], [ 9.646467, 63.259407, 0.0 ], [ 8.942498, 64.13497, 0.0 ], [ 9.855024, 64.790375, 0.0 ], [ 12.294742, 65.161385, 0.0 ], [ 16.022861, 65.21162, 0.0 ], [ 20.674383, 64.93629, 0.0 ], [ 25.794064, 64.362335, 0.0 ], [ 30.880669, 63.54591, 0.0 ], [ 35.436443, 62.56691, 0.0 ], [ 39.015095, 61.521202, 0.0 ], [ 41.266663, 60.511093, 0.0 ]] 
boundary 0: [[ 42.05172, 67.72171, 0.0 ], [ 41.330284, 66.86024, 0.0 ], [ 39.058918, 65.89548, 0.0 ], [ 35.46003, 64.921745, 0.0 ], [ 30.885561, 64.03429, 0.0 ], [ 25.783634, 63.319946, 0.0 ], [ 20.653442, 62.848595, 0.0 ], [ 15.997332, 62.666508, 0.0 ], [ 12.270992, 62.79158, 0.0 ], [ 9.839209, 63.211346, 0.0 ], [ 8.939983, 63.88495, 0.0 ], [ 9.661362, 64.74617, 0.0 ], [ 11.932723, 65.710915, 0.0 ], [ 15.531768, 66.684814, 0.0 ], [ 20.10612, 67.572205, 0.0 ], [ 25.20808, 68.2866, 0.0 ], [ 30.338245, 68.75793, 0.0 ], [ 34.994408, 68.93992, 0.0 ], [ 38.72071, 68.81488, 0.0 ], [ 41.152496, 68.395134, 0.0 ]] 
boundary 1: [[ 42.051735, 60.278343, 0.0 ], [ 41.152496, 59.604847, 0.0 ], [ 38.72071, 59.185, 0.0 ], [ 34.99441, 59.060036, 0.0 ], [ 30.338228, 59.24211, 0.0 ], [ 25.208115, 59.713306, 0.0 ], [ 20.106134, 60.4277, 0.0 ], [ 15.531766, 61.315258, 0.0 ], [ 11.932727, 62.289017, 0.0 ], [ 9.6613655, 63.25381, 0.0 ], [ 8.939993, 64.11509, 0.0 ], [ 9.839202, 64.78864, 0.0 ], [ 12.270994, 65.20847, 0.0 ], [ 15.997356, 65.333405, 0.0 ], [ 20.653465, 65.15134, 0.0 ], [ 25.783611, 64.68009, 0.0 ], [ 30.885567, 63.965755, 0.0 ], [ 35.460045, 63.078247, 0.0 ], [ 39.058918, 62.10446, 0.0 ], [ 41.330284, 61.13967, 0.0 ]] 
boundary 0: [[ 42.047813, 67.755325, 0.0 ], [ 41.327255, 66.89306, 0.0 ], [ 39.056923, 65.925934, 0.0 ], [ 35.45907, 64.94845, 0.0 ], [ 30.885511, 64.05624, 0.0 ], [ 25.78434, 63.336525, 0.0 ], [ 20.654634, 62.859802, 0.0 ], [ 15.998726, 62.672836, 0.0 ], [ 12.272251, 62.794014, 0.0 ], [ 9.840034, 63.211243, 0.0 ], [ 8.940102, 63.883926, 0.0 ], [ 9.6605835, 64.74587, 0.0 ], [ 11.930935, 65.712975, 0.0 ], [ 15.528957, 66.6907, 0.0 ], [ 20.102373, 67.58284, 0.0 ], [ 25.203598, 68.302574, 0.0 ], [ 30.33326, 68.779274, 0.0 ], [ 34.989235, 68.96611, 0.0 ], [ 38.715675, 68.84496, 0.0 ], [ 41.147884, 68.42776, 0.0 ]] 
boundary 1: [[ 42.04783, 60.24473, 0.0 ], [ 41.147884, 59.57219, 0.0 ], [ 38.715675, 59.154884, 0.0 ], [ 34.98924, 59.03381, 0.0 ], [ 30.333242, 59.220768, 0.0 ], [ 25.203632, 59.69733, 0.0 ], [ 20.102388, 60.41706, 0.0 ], [ 15.528955, 61.30941, 0.0 ], [ 11.930938, 62.286922, 0.0 ], [ 9.660587, 63.254112, 0.0 ], [ 8.940111, 64.11611, 0.0 ], [ 9.840027, 64.78875, 0.0 ], [ 12.272253, 65.20604, 0.0 ], [ 15.998751, 65.32708, 0.0 ], [ 20.654657, 65.14009, 0.0 ], [ 25.784317, 64.66348, 0.0 ], [ 30.885517, 63.94384, 0.0 ], [ 35.459084, 63.05154, 0.0 ], [ 39.056923, 62.074005, 0.0 ], [ 41.327255, 61.10682, 0.0 ]] 
boundary 0: [[ 42.006847, 68.09052, 0.0 ], [ 41.29533, 67.22077, 0.0 ], [ 39.03522, 66.229996, 0.0 ], [ 35.44777, 65.21498, 0.0 ], [ 30.883778, 64.27507, 0.0 ], [ 25.790413, 63.5021, 0.0 ], [ 20.665955, 62.971832, 0.0 ], [ 16.012255, 62.736256, 0.0 ], [ 12.284719, 62.81851, 0.0 ], [ 9.848276, 63.210308, 0.0 ], [ 8.941368, 63.87357, 0.0 ], [ 9.652809, 64.74298, 0.0 ], [ 11.912935, 65.73375, 0.0 ], [ 15.500552, 66.74899, 0.0 ], [ 20.064407, 67.68884, 0.0 ], [ 25.157827, 68.46182, 0.0 ], [ 30.282242, 68.992065, 0.0 ], [ 34.935997, 69.22752, 0.0 ], [ 38.663513, 69.1453, 0.0 ], [ 41.09993, 68.75351, 0.0 ]] 
boundary 1: [[ 42.006863, 59.909542, 0.0 ], [ 41.09993, 59.246433, 0.0 ], [ 38.663506, 58.85455, 0.0 ], [ 34.936005, 58.7724, 0.0 ], [ 30.282225, 59.007973, 0.0 ], [ 25.157862, 59.538082, 0.0 ], [ 20.064423, 60.31105, 0.0 ], [ 15.50055, 61.251118, 0.0 ], [ 11.912938, 62.266155, 0.0 ], [ 9.652813, 63.257, 0.0 ], [ 8.941379, 64.12647, 0.0 ], [ 9.848269, 64.78968, 0.0 ], [ 12.284723, 65.18154, 0.0 ], [ 16.012278, 65.263664, 0.0 ], [ 20.665977, 65.02806, 0.0 ], [ 25.79039, 64.497894, 0.0 ], [ 30.883783, 63.725018, 0.0 ], [ 35.447784, 62.785007, 0.0 ], [ 39.03522, 61.769943, 0.0 ], [ 41.295326, 60.77911, 0.0 ]] 
boundary 0: [[ 41.97691, 68.318855, 0.0 ], [ 41.271606, 67.444046, 0.0 ], [ 39.0186, 66.4372, 0.0 ], [ 35.438477, 65.39666, 0.0 ], [ 30.8813, 64.424286, 0.0 ], [ 25.793564, 63.615047, 0.0 ], [ 20.673008, 63.048298, 0.0 ], [ 16.0211, 62.77958, 0.0 ], [ 12.293074, 62.835285, 0.0 ], [ 9.853904, 63.209717, 0.0 ], [ 8.942293, 63.866524, 0.0 ], [ 9.647525, 64.740974, 0.0 ], [ 11.9005375, 65.74782, 0.0 ], [ 15.480837, 66.78857, 0.0 ], [ 20.03788, 67.760895, 0.0 ], [ 25.125671, 68.57014, 0.0 ], [ 30.246181, 69.13686, 0.0 ], [ 34.89814, 69.40547, 0.0 ], [ 38.626144, 69.34979, 0.0 ], [ 41.065292, 68.975365, 0.0 ]] 
boundary 1: [[ 41.976925, 59.68122, 0.0 ], [ 41.065292, 59.024582, 0.0 ], [ 38.626137, 58.65006, 0.0 ], [ 34.898148, 58.594463, 0.0 ], [ 30.246164, 58.863174, 0.0 ], [ 25.125706, 59.429764, 0.0 ], [ 20.037895, 60.23899, 0.0 ], [ 15.480835, 61.211536, 0.0 ], [ 11.90054, 62.2521, 0.0 ], [ 9.647529, 63.259007, 0.0 ], [ 8.942305, 64.13355, 0.0 ], [ 9.853897, 64.79027, 0.0 ], [ 12.293078, 65.16476, 0.0 ], [ 16.02112, 65.22032, 0.0 ], [ 20.673027, 64.95161, 0.0 ], [ 25.793541, 64.38493, 0.0 ], [ 30.881306, 63.57581, 0.0 ], [ 35.43849, 62.603325, 0.0 ], [ 39.0186, 61.562733, 0.0 ], [ 41.2716, 60.555836, 0.0 ]] 
boundary 0: [[ 41.871048, 69.04236, 0.0 ], [ 41.185715, 68.15181, 0.0 ], [ 38.956047, 67.09429, 0.0 ], [ 35.40037, 65.973045, 0.0 ], [ 30.866352, 64.897865, 0.0 ], [ 25.798208, 63.973793, 0.0 ], [ 20.691784, 63.291393, 0.0 ], [ 16.047136, 62.917553, 0.0 ], [ 12.318807, 62.888947, 0.0 ], [ 9.871795, 63.208115, 0.0 ], [ 8.945564, 63.84415, 0.0 ], [ 9.630842, 64.734314, 0.0 ], [ 11.860509, 65.791855, 0.0 ], [ 15.416361, 66.9133, 0.0 ], [ 19.950249, 67.98842, 0.0 ], [ 25.018433, 68.91251, 0.0 ], [ 30.124815, 69.59489, 0.0 ], [ 34.769516, 69.96863, 0.0 ], [ 38.49782, 69.99725, 0.0 ], [ 40.944817, 69.678085, 0.0 ]] 
boundary 1: [[ 41.871063, 58.957726, 0.0 ], [ 40.944817, 58.321873, 0.0 ], [ 38.497814, 58.00259, 0.0 ], [ 34.769524, 58.03132, 0.0 ], [ 30.124802, 58.40516, 0.0 ], [ 25.018467, 59.087387, 0.0 ], [ 19.95026, 60.011456, 0.0 ], [ 15.41636, 61.086807, 0.0 ], [ 11.860511, 62.20807, 0.0 ], [ 9.630846, 63.265656, 0.0 ], [ 8.945579, 64.15593, 0.0 ], [ 9.871788, 64.791855, 0.0 ], [ 12.318813, 65.11109, 0.0 ], [ 16.047155, 65.082344, 0.0 ], [ 20.691795, 64.7085, 0.0 ], [ 25.798185, 64.026184, 0.0 ], [ 30.86636, 63.102215, 0.0 ], [ 35.400387, 62.026936, 0.0 ], [ 38.95604, 60.90565, 0.0 ], [ 41.185707, 59.848057, 0.0 ]] 
boundary 0: [[ 41.728558, 69.874176, 0.0 ], [ 41.06672, 68.96606, 0.0 ], [ 38.865402, 67.850685, 0.0 ], [ 35.340202, 66.63705, 0.0 ], [ 30.835783, 65.443886, 0.0 ], [ 25.79348, 64.38786, 0.0 ], [ 20.706604, 63.57242, 0.0 ], [ 16.073305, 63.077484, 0.0 ], [ 12.34699, 62.951588, 0.0 ], [ 9.892483, 63.206776, 0.0 ], [ 8.949968, 63.818424, 0.0 ], [ 9.61178, 64.726166, 0.0 ], [ 11.8130865, 65.841545, 0.0 ], [ 15.338459, 67.05541, 0.0 ], [ 19.84274, 68.24849, 0.0 ], [ 24.885082, 69.30454, 0.0 ], [ 29.97192, 70.11995, 0.0 ], [ 34.605278, 70.61479, 0.0 ], [ 38.331566, 70.74071, 0.0 ], [ 40.786064, 70.48552, 0.0 ]] 
boundary 1: [[ 41.728577, 58.125896, 0.0 ], [ 40.786064, 57.514435, 0.0 ], [ 38.331554, 57.25913, 0.0 ], [ 34.605286, 57.38515, 0.0 ], [ 29.971907, 57.88008, 0.0 ], [ 24.885113, 58.695354, 0.0 ], [ 19.84275, 59.75138, 0.0 ], [ 15.33846, 60.9447, 0.0 ], [ 11.8130865, 62.158382, 0.0 ], [ 9.611784, 63.2738, 0.0 ], [ 8.949985, 64.181656, 0.0 ], [ 9.892475, 64.79319, 0.0 ], [ 12.346998, 65.04848, 0.0 ], [ 16.073322, 64.9224, 0.0 ], [ 20.706615, 64.42747, 0.0 ], [ 25.793457, 63.612118, 0.0 ], [ 30.835794, 62.55619, 0.0 ], [ 35.340218, 61.36294, 0.0 ], [ 38.865395, 60.14924, 0.0 ], [ 41.066696, 59.033817, 0.0 ]] 
boundary 0: [[ 41.535004, 70.839386, 0.0 ], [ 40.901108, 69.91153, 0.0 ], [ 38.734787, 68.72966, 0.0 ], [ 35.248146, 67.40927, 0.0 ], [ 30.782143, 66.079544, 0.0 ], [ 25.77433, 64.8705, 0.0 ], [ 20.714636, 63.900578, 0.0 ], [ 16.098543, 63.264824, 0.0 ], [ 12.377787, 63.02555, 0.0 ], [ 9.91665, 63.205902, 0.0 ], [ 8.955952, 63.788574, 0.0 ], [ 9.589824, 64.71604, 0.0 ], [ 11.756155, 65.89793, 0.0 ], [ 15.242941, 67.218544, 0.0 ], [ 19.70881, 68.54818, 0.0 ], [ 24.716673, 69.75725, 0.0 ], [ 29.77633, 70.72714, 0.0 ], [ 34.39247, 71.3628, 0.0 ], [ 38.113197, 71.60209, 0.0 ], [ 40.57434, 71.421745, 0.0 ]] 
boundary 1: [[ 41.53503, 57.1607, 0.0 ], [ 40.57434, 56.578217, 0.0 ], [ 38.11319, 56.397743, 0.0 ], [ 34.39248, 56.637146, 0.0 ], [ 29.776318, 57.2729, 0.0 ], [ 24.716702, 58.242645, 0.0 ], [ 19.70882, 59.451683, 0.0 ], [ 15.242945, 60.781574, 0.0 ], [ 11.756152, 62.102005, 0.0 ], [ 9.589827, 63.283924, 0.0 ], [ 8.955968, 64.21151, 0.0 ], [ 9.916641, 64.79407, 0.0 ], [ 12.377795, 64.97452, 0.0 ], [ 16.098557, 64.735054, 0.0 ], [ 20.714645, 64.099304, 0.0 ], [ 25.774307, 63.129482, 0.0 ], [ 30.782158, 61.920544, 0.0 ], [ 35.24816, 60.59072, 0.0 ], [ 38.73477, 59.27026, 0.0 ], [ 40.901085, 58.08835, 0.0 ]] 
boundary 0: [[ 41.198936, 72.240425, 0.0 ], [ 40.60701, 71.28525, 0.0 ], [ 38.495495, 70.00804, 0.0 ], [ 35.07113, 68.53363, 0.0 ], [ 30.668797, 67.00628, 0.0 ], [ 25.719818, 65.57534, 0.0 ], [ 20.708363, 64.380974, 0.0 ], [ 16.125172, 63.540203, 0.0 ], [ 12.41877, 63.13542, 0.0 ], [ 9.952043, 63.205948, 0.0 ], [ 8.966342, 63.745243, 0.0 ], [ 9.558268, 64.70003, 0.0 ], [ 11.669794, 65.97724, 0.0 ], [ 15.094286, 67.45189, 0.0 ], [ 19.496487, 68.97914, 0.0 ], [ 24.445515, 70.410126, 0.0 ], [ 29.456938, 71.60446, 0.0 ], [ 34.040184, 72.445114, 0.0 ], [ 37.74655, 72.84994, 0.0 ], [ 40.213284, 72.77942, 0.0 ]] 
boundary 1: [[ 41.19897, 55.75966, 0.0 ], [ 40.213284, 55.22055, 0.0 ], [ 37.74653, 55.1499, 0.0 ], [ 34.040184, 55.55482, 0.0 ], [ 29.456924, 56.395588, 0.0 ], [ 24.44554, 57.58978, 0.0 ], [ 19.49649, 59.020706, 0.0 ], [ 15.0942955, 60.54823, 0.0 ], [ 11.669788, 62.022682, 0.0 ], [ 9.558266, 63.29994, 0.0 ], [ 8.96636, 64.25485, 0.0 ], [ 9.952033, 64.79403, 0.0 ], [ 12.418781, 64.86466, 0.0 ], [ 16.125181, 64.45966, 0.0 ], [ 20.708366, 63.618908, 0.0 ], [ 25.719795, 62.424644, 0.0 ], [ 30.668818, 60.993813, 0.0 ], [ 35.071144, 59.466343, 0.0 ], [ 38.495472, 57.99187, 0.0 ], [ 40.60697, 56.71463, 0.0 ]] 
boundary 0: [[ 40.9053, 73.28331, 0.0 ], [ 40.345695, 72.308846, 0.0 ], [ 38.278168, 70.9616, 0.0 ], [ 34.905113, 69.37329, 0.0 ], [ 30.556429, 67.69931, 0.0 ], [ 25.658167, 66.10336, 0.0 ], [ 20.689548, 64.74175, 0.0 ], [ 16.137098, 63.747917, 0.0 ], [ 12.446341, 63.219177, 0.0 ], [ 9.978636, 63.207016, 0.0 ], [ 8.975421, 63.712986, 0.0 ], [ 9.535025, 64.68709, 0.0 ], [ 11.602573, 66.03431, 0.0 ], [ 14.975737, 67.62286, 0.0 ], [ 19.324299, 69.29673, 0.0 ], [ 24.222603, 70.89274, 0.0 ], [ 29.191196, 72.25431, 0.0 ], [ 33.743702, 73.24804, 0.0 ], [ 37.434425, 73.77681, 0.0 ], [ 39.90213, 73.788956, 0.0 ]] 
boundary 1: [[ 40.90533, 54.71677, 0.0 ], [ 39.90213, 54.210987, 0.0 ], [ 37.4344, 54.223022, 0.0 ], [ 33.743694, 54.7519, 0.0 ], [ 29.191185, 55.745747, 0.0 ], [ 24.222622, 57.10717, 0.0 ], [ 19.324299, 58.7031, 0.0 ], [ 14.975751, 60.377254, 0.0 ], [ 11.602565, 61.96562, 0.0 ], [ 9.535022, 63.3129, 0.0 ], [ 8.975442, 64.28711, 0.0 ], [ 9.978625, 64.79295, 0.0 ], [ 12.446354, 64.78091, 0.0 ], [ 16.137106, 64.25197, 0.0 ], [ 20.689547, 63.258114, 0.0 ], [ 25.658144, 61.89662, 0.0 ], [ 30.556452, 60.30079, 0.0 ], [ 34.90513, 58.62668, 0.0 ], [ 38.278145, 57.03831, 0.0 ], [ 40.345657, 55.691032, 0.0 ]] 
boundary 0: [[ 40.49056, 74.56872, 0.0 ], [ 39.972134, 73.57173, 0.0 ], [ 37.962685, 72.139305, 0.0 ], [ 34.658928, 70.41151, 0.0 ], [ 30.383936, 68.55738, 0.0 ], [ 25.556602, 66.75826, 0.0 ], [ 20.649181, 65.190315, 0.0 ], [ 16.142214, 64.007225, 0.0 ], [ 12.476758, 63.324814, 0.0 ], [ 10.011715, 63.209602, 0.0 ], [ 8.988243, 63.67323, 0.0 ], [ 9.506677, 64.66985, 0.0 ], [ 11.516155, 66.10225, 0.0 ], [ 14.820028, 67.83029, 0.0 ], [ 19.09489, 69.68432, 0.0 ], [ 23.92226, 71.48349, 0.0 ], [ 28.829659, 73.05138, 0.0 ], [ 33.336693, 74.23438, 0.0 ], [ 37.002106, 74.916824, 0.0 ], [ 39.467155, 75.03202, 0.0 ]] 
boundary 1: [[ 40.4906, 53.431366, 0.0 ], [ 39.46714, 52.967915, 0.0 ], [ 37.002075, 53.083004, 0.0 ], [ 33.336685, 53.76556, 0.0 ], [ 28.829649, 54.948673, 0.0 ], [ 23.92228, 56.516407, 0.0 ], [ 19.094887, 58.315514, 0.0 ], [ 14.820051, 60.169823, 0.0 ], [ 11.516146, 61.897682, 0.0 ], [ 9.506674, 63.330135, 0.0 ], [ 8.988269, 64.326866, 0.0 ], [ 10.011704, 64.79037, 0.0 ], [ 12.476774, 64.67527, 0.0 ], [ 16.142216, 63.99266, 0.0 ], [ 20.649178, 62.80954, 0.0 ], [ 25.55658, 61.241726, 0.0 ], [ 30.38396, 59.44272, 0.0 ], [ 34.658943, 57.58845, 0.0 ], [ 37.96266, 55.860596, 0.0 ], [ 39.972095, 54.428154, 0.0 ]] 
boundary 0: [[ 39.934532, 76.05694, 0.0 ], [ 39.4657, 75.03568, 0.0 ], [ 37.529037, 73.50629, 0.0 ], [ 34.31414, 71.61829, 0.0 ], [ 30.135384, 69.55641, 0.0 ], [ 25.402252, 67.52234, 0.0 ], [ 20.577774, 65.71524, 0.0 ], [ 16.134369, 64.3122, 0.0 ], [ 12.506851, 63.450565, 0.0 ], [ 10.050445, 63.21441, 0.0 ], [ 9.005434, 63.6272, 0.0 ], [ 9.474288, 64.64809, 0.0 ], [ 11.410981, 66.17745, 0.0 ], [ 14.625984, 68.065704, 0.0 ], [ 18.804615, 70.127464, 0.0 ], [ 23.53778, 72.16159, 0.0 ], [ 28.362244, 73.96863, 0.0 ], [ 32.805725, 75.3716, 0.0 ], [ 36.43319, 76.23326, 0.0 ], [ 38.889603, 76.469406, 0.0 ]] 
boundary 1: [[ 39.93458, 51.943153, 0.0 ], [ 38.88958, 51.53052, 0.0 ], [ 36.433147, 51.766563, 0.0 ], [ 32.805717, 52.628338, 0.0 ], [ 28.362234, 54.031403, 0.0 ], [ 23.537796, 55.8383, 0.0 ], [ 18.804602, 57.872353, 0.0 ], [ 14.626009, 59.93441, 0.0 ], [ 11.410969, 61.82247, 0.0 ], [ 9.474283, 63.351902, 0.0 ], [ 9.0054655, 64.37289, 0.0 ], [ 10.050433, 64.78556, 0.0 ], [ 12.50687, 64.54953, 0.0 ], [ 16.134354, 63.687687, 0.0 ], [ 20.577766, 62.28461, 0.0 ], [ 25.40223, 60.477642, 0.0 ], [ 30.135412, 58.44368, 0.0 ], [ 34.314148, 56.38166, 0.0 ], [ 37.529015, 54.493614, 0.0 ], [ 39.465656, 52.964207, 0.0 ]] 
boundary 0: [[ 37.414845, 81.03549, 0.0 ], [ 37.128574, 79.94883, 0.0 ], [ 35.483696, 78.10924, 0.0 ], [ 32.641285, 75.69663, 0.0 ], [ 28.879244, 72.94699, 0.0 ], [ 24.566307, 70.129456, 0.0 ], [ 20.124369, 67.51979, 0.0 ], [ 15.988354, 65.37369, 0.0 ], [ 12.562992, 63.901207, 0.0 ], [ 10.183767, 63.24624, 0.0 ], [ 9.083347, 63.473217, 0.0 ], [ 9.369698, 64.55951, 0.0 ], [ 11.01461, 66.39908, 0.0 ], [ 13.857092, 68.81197, 0.0 ], [ 17.619022, 71.56146, 0.0 ], [ 21.931976, 74.37906, 0.0 ], [ 26.373915, 76.98866, 0.0 ], [ 30.510017, 79.1347, 0.0 ], [ 33.935333, 80.60719, 0.0 ], [ 36.31456, 81.26216, 0.0 ]] 
boundary 1: [[ 37.414906, 46.9646, 0.0 ], [ 36.31453, 46.737778, 0.0 ], [ 33.935253, 47.39264, 0.0 ], [ 30.510004, 48.865234, 0.0 ], [ 26.37391, 51.01137, 0.0 ], [ 21.931976, 53.620827, 0.0 ], [ 17.618979, 56.438362, 0.0 ], [ 13.857136, 59.18814, 0.0 ], [ 11.0145855, 61.60085, 0.0 ], [ 9.369691, 63.44048, 0.0 ], [ 9.083391, 64.52686, 0.0 ], [ 10.18375, 64.75372, 0.0 ], [ 12.563028, 64.09888, 0.0 ], [ 15.988316, 62.62619, 0.0 ], [ 20.124336, 60.48006, 0.0 ], [ 24.566284, 57.870533, 0.0 ], [ 28.879288, 55.05308, 0.0 ], [ 32.641285, 52.30332, 0.0 ], [ 35.483658, 49.89066, 0.0 ], [ 37.128517, 48.051064, 0.0 ]] 
boundary 0: [[ 30.7652, 88.728004, 0.0 ], [ 30.83057, 87.60617, 0.0 ], [ 29.838348, 85.3467, 0.0 ], [ 27.885773, 82.17063, 0.0 ], [ 25.163715, 78.38859, 0.0 ], [ 21.939095, 74.37091, 0.0 ], [ 18.527287, 70.51076, 0.0 ], [ 15.262312, 67.18625, 0.0 ], [ 12.46364, 64.722786, 0.0 ], [ 10.4054785, 63.36129, 0.0 ], [ 9.2889805, 63.23529, 0.0 ], [ 9.2238035, 64.35679, 0.0 ], [ 10.216062, 66.61625, 0.0 ], [ 12.168615, 69.79262, 0.0 ], [ 14.89061, 73.57449, 0.0 ], [ 18.115232, 77.59223, 0.0 ], [ 21.527056, 81.452324, 0.0 ], [ 24.79214, 84.77678, 0.0 ], [ 27.590763, 87.240265, 0.0 ], [ 29.648922, 88.601746, 0.0 ]] 
boundary 1: [[ 30.765287, 39.272057, 0.0 ], [ 29.648872, 39.39819, 0.0 ], [ 27.59063, 40.759605, 0.0 ], [ 24.792107, 43.223156, 0.0 ], [ 21.527063, 46.547714, 0.0 ], [ 18.1152, 50.40766, 0.0 ], [ 14.890513, 54.425358, 0.0 ], [ 12.16869, 58.20747, 0.0 ], [ 10.216017, 61.383686, 0.0 ], [ 9.223793, 63.643204, 0.0 ], [ 9.289047, 64.76477, 0.0 ], [ 10.405451, 64.63868, 0.0 ], [ 12.4637, 63.277287, 0.0 ], [ 15.262239, 60.813637, 0.0 ], [ 18.527206, 57.48911, 0.0 ], [ 21.939072, 53.629086, 0.0 ], [ 25.163782, 49.611473, 0.0 ], [ 27.885763, 45.82933, 0.0 ], [ 29.838276, 42.65321, 0.0 ], [ 30.830482, 40.393738, 0.0 ]] 
boundary 0: [[ 31.575909, 88.02165, 0.0 ], [ 31.603941, 86.89827, 0.0 ], [ 30.537138, 84.673035, 0.0 ], [ 28.480034, 81.56365, 0.0 ], [ 25.633726, 77.87421, 0.0 ], [ 22.277298, 73.96597, 0.0 ], [ 18.739021, 70.2214, 0.0 ], [ 15.365311, 67.00729, 0.0 ], [ 12.486275, 64.63825, 0.0 ], [ 10.38398, 63.345943, 0.0 ], [ 9.263909, 63.257137, 0.0 ], [ 9.236059, 64.38018, 0.0 ], [ 10.302897, 66.6054, 0.0 ], [ 12.359989, 69.71509, 0.0 ], [ 15.206228, 73.404366, 0.0 ], [ 18.562662, 77.31266, 0.0 ], [ 22.10095, 81.057175, 0.0 ], [ 25.47477, 84.271225, 0.0 ], [ 28.353758, 86.64029, 0.0 ], [ 30.456049, 87.93259, 0.0 ]] 
boundary 1: [[ 31.575994, 39.97841, 0.0 ], [ 30.456001, 40.067352, 0.0 ], [ 28.35363, 41.359577, 0.0 ], [ 25.47474, 43.72871, 0.0 ], [ 22.100956, 46.942867, 0.0 ], [ 18.562634, 50.687233, 0.0 ], [ 15.206138, 54.59548, 0.0 ], [ 12.360061, 58.285, 0.0 ], [ 10.3028555, 61.39453, 0.0 ], [ 9.236049, 63.61981, 0.0 ], [ 9.263974, 64.74293, 0.0 ], [ 10.383953, 64.65402, 0.0 ], [ 12.486332, 63.361824, 0.0 ], [ 15.365242, 60.992588, 0.0 ], [ 18.738947, 57.77846, 0.0 ], [ 22.277275, 54.03402, 0.0 ], [ 25.633791, 50.125854, 0.0 ], [ 28.480026, 46.43631, 0.0 ], [ 30.537067, 43.32687, 0.0 ], [ 31.603857, 41.10164, 0.0 ]] 
boundary 0: [[ 37.98009, 80.087875, 0.0 ], [ 37.656918, 79.01162, 0.0 ], [ 35.95023, 77.229225, 0.0 ], [ 33.02716, 74.91502, 0.0 ], [ 29.173481, 72.29535, 0.0 ], [ 24.766926, 69.6266, 0.0 ], [ 20.238527, 67.17002, 0.0 ], [ 16.031694, 65.166275, 0.0 ], [ 12.558089, 63.811535, 0.0 ], [ 10.157903, 63.238136, 0.0 ], [ 9.065869, 63.50253, 0.0 ], [ 9.389114, 64.57839, 0.0 ], [ 11.095837, 66.36079, 0.0 ], [ 14.018995, 68.6753, 0.0 ], [ 17.872547, 71.29482, 0.0 ], [ 22.279125, 73.96361, 0.0 ], [ 26.807522, 76.42015, 0.0 ], [ 31.014439, 78.42378, 0.0 ], [ 34.488, 79.778564, 0.0 ], [ 36.88819, 80.35197, 0.0 ]] 
boundary 1: [[ 37.980167, 47.9122, 0.0 ], [ 36.88816, 47.647957, 0.0 ], [ 34.487923, 48.221268, 0.0 ], [ 31.014431, 49.576134, 0.0 ], [ 26.807514, 51.5799, 0.0 ], [ 22.279133, 54.03627, 0.0 ], [ 17.872509, 56.705, 0.0 ], [ 14.019035, 59.32482, 0.0 ], [ 11.095816, 61.639145, 0.0 ], [ 9.389108, 63.42158, 0.0 ], [ 9.065908, 64.49755, 0.0 ], [ 10.157886, 64.76184, 0.0 ], [ 12.558123, 64.188545, 0.0 ], [ 16.031666, 62.833588, 0.0 ], [ 20.238497, 60.829834, 0.0 ], [ 24.766909, 58.373383, 0.0 ], [ 29.173521, 55.704735, 0.0 ], [ 33.02716, 53.084938, 0.0 ], [ 35.950188, 50.770657, 0.0 ], [ 37.656868, 48.98826, 0.0 ]] 
boundary 0: [[ 40.24015, 75.26663, 0.0 ], [ 39.744724, 74.258, 0.0 ], [ 37.768646, 72.779884, 0.0 ], [ 34.5054, 70.9768, 0.0 ], [ 30.274035, 69.025116, 0.0 ], [ 25.489231, 67.11578, 0.0 ], [ 20.61906, 65.435715, 0.0 ], [ 16.140411, 64.14958, 0.0 ], [ 12.491565, 63.383305, 0.0 ], [ 10.029819, 63.21161, 0.0 ], [ 8.995987, 63.651653, 0.0 ], [ 9.49142, 64.65987, 0.0 ], [ 11.467529, 66.13798, 0.0 ], [ 14.730913, 67.94136, 0.0 ], [ 18.962132, 69.89289, 0.0 ], [ 23.746962, 71.80227, 0.0 ], [ 28.61713, 73.482315, 0.0 ], [ 33.09584, 74.76832, 0.0 ], [ 36.74465, 75.53464, 0.0 ], [ 39.2064, 75.70634, 0.0 ]] 
boundary 1: [[ 40.240215, 52.733463, 0.0 ], [ 39.206387, 52.293575, 0.0 ], [ 36.7446, 52.46518, 0.0 ], [ 33.095844, 53.23159, 0.0 ], [ 28.617117, 54.517746, 0.0 ], [ 23.746992, 56.197598, 0.0 ], [ 18.962122, 58.106915, 0.0 ], [ 14.730932, 60.058773, 0.0 ], [ 11.46752, 61.861942, 0.0 ], [ 9.49142, 63.340103, 0.0 ], [ 8.996012, 64.34845, 0.0 ], [ 10.029806, 64.78837, 0.0 ], [ 12.491585, 64.616776, 0.0 ], [ 16.140408, 63.85027, 0.0 ], [ 20.619055, 62.56412, 0.0 ], [ 25.489216, 60.884193, 0.0 ], [ 30.274063, 58.974957, 0.0 ], [ 34.50541, 57.023155, 0.0 ], [ 37.768612, 55.21999, 0.0 ], [ 39.74469, 53.741863, 0.0 ]] 
boundary 0: [[ 41.0903, 72.64195, 0.0 ], [ 40.5107, 71.67923, 0.0 ], [ 38.415802, 70.37496, 0.0 ], [ 35.01073, 68.85662, 0.0 ], [ 30.628378, 67.272766, 0.0 ], [ 25.698227, 65.778305, 0.0 ], [ 20.702553, 64.51954, 0.0 ], [ 16.130564, 63.619877, 0.0 ], [ 12.429678, 63.167458, 0.0 ], [ 9.962256, 63.206257, 0.0 ], [ 8.969704, 63.732834, 0.0 ], [ 9.549281, 64.69514, 0.0 ], [ 11.644207, 65.9994, 0.0 ], [ 15.04945, 67.518005, 0.0 ], [ 19.431633, 69.10174, 0.0 ], [ 24.36182, 70.596245, 0.0 ], [ 29.357485, 71.854996, 0.0 ], [ 33.92952, 72.75451, 0.0 ], [ 37.630383, 73.20697, 0.0 ], [ 40.097794, 73.16817, 0.0 ]] 
boundary 1: [[ 41.09036, 55.35815, 0.0 ], [ 40.097797, 54.83173, 0.0 ], [ 37.63034, 54.79284, 0.0 ], [ 33.92954, 55.245403, 0.0 ], [ 29.357468, 56.14507, 0.0 ], [ 24.361862, 57.40362, 0.0 ], [ 19.43164, 58.898083, 0.0 ], [ 15.049458, 60.482124, 0.0 ], [ 11.644205, 62.00052, 0.0 ], [ 9.549284, 63.304836, 0.0 ], [ 8.96972, 64.26727, 0.0 ], [ 9.962246, 64.793724, 0.0 ], [ 12.429691, 64.83262, 0.0 ], [ 16.130575, 64.37997, 0.0 ], [ 20.702564, 63.48031, 0.0 ], [ 25.698212, 62.221687, 0.0 ], [ 30.6284, 60.727306, 0.0 ], [ 35.01074, 59.14333, 0.0 ], [ 38.41578, 57.624928, 0.0 ], [ 40.510674, 56.32064, 0.0 ]] 
boundary 0: [[ 41.593056, 70.56523, 0.0 ], [ 40.95114, 69.64289, 0.0 ], [ 38.77466, 68.479836, 0.0 ], [ 35.276756, 67.189705, 0.0 ], [ 30.799349, 65.89876, 0.0 ], [ 25.781254, 64.73319, 0.0 ], [ 20.713354, 63.807117, 0.0 ], [ 16.091927, 63.211388, 0.0 ], [ 12.36924, 63.004402, 0.0 ], [ 9.909769, 63.206078, 0.0 ], [ 8.95416, 63.79706, 0.0 ], [ 9.596031, 64.71898, 0.0 ], [ 11.772529, 65.882034, 0.0 ], [ 15.270636, 67.17242, 0.0 ], [ 19.747852, 68.46324, 0.0 ], [ 24.765987, 69.62887, 0.0 ], [ 29.833878, 70.554924, 0.0 ], [ 34.455338, 71.1505, 0.0 ], [ 38.178017, 71.35754, 0.0 ], [ 40.637466, 71.15586, 0.0 ]] 
boundary 1: [[ 41.59311, 57.43487, 0.0 ], [ 40.637474, 56.844048, 0.0 ], [ 38.17798, 56.642273, 0.0 ], [ 34.455368, 56.84942, 0.0 ], [ 29.833857, 57.44514, 0.0 ], [ 24.766033, 58.370995, 0.0 ], [ 19.747873, 59.536568, 0.0 ], [ 15.270637, 60.827713, 0.0 ], [ 11.77253, 62.117886, 0.0 ], [ 9.596036, 63.280994, 0.0 ], [ 8.954173, 64.20304, 0.0 ], [ 9.90976, 64.7939, 0.0 ], [ 12.369247, 64.99568, 0.0 ], [ 16.091946, 64.78845, 0.0 ], [ 20.713375, 64.192726, 0.0 ], [ 25.781242, 63.266808, 0.0 ], [ 30.799368, 62.101315, 0.0 ], [ 35.276764, 60.810246, 0.0 ], [ 38.77465, 59.520054, 0.0 ], [ 40.95112, 58.35698, 0.0 ]] 
boundary 0: [[ 41.8591, 69.117134, 0.0 ], [ 41.175865, 68.224976, 0.0 ], [ 38.948696, 67.1622, 0.0 ], [ 35.395695, 66.03266, 0.0 ], [ 30.864157, 64.94689, 0.0 ], [ 25.798203, 64.01097, 0.0 ], [ 20.693398, 63.316563, 0.0 ], [ 16.049644, 62.931835, 0.0 ], [ 12.32139, 62.89454, 0.0 ], [ 9.873651, 63.207973, 0.0 ], [ 8.945936, 63.84185, 0.0 ], [ 9.629113, 64.73359, 0.0 ], [ 11.856301, 65.79636, 0.0 ], [ 15.409526, 66.926155, 0.0 ], [ 19.940865, 68.01182, 0.0 ], [ 25.006859, 68.947784, 0.0 ], [ 30.111654, 69.642166, 0.0 ], [ 34.75544, 70.026726, 0.0 ], [ 38.483673, 70.06409, 0.0 ], [ 40.931396, 69.750656, 0.0 ]] 
boundary 1: [[ 41.859154, 58.882965, 0.0 ], [ 40.93141, 58.249245, 0.0 ], [ 38.483646, 57.93572, 0.0 ], [ 34.75547, 57.973175, 0.0 ], [ 30.11163, 58.357895, 0.0 ], [ 25.006908, 59.05208, 0.0 ], [ 19.940891, 59.987995, 0.0 ], [ 15.409519, 61.073982, 0.0 ], [ 11.856303, 62.203556, 0.0 ], [ 9.629119, 63.266384, 0.0 ], [ 8.945946, 64.15826, 0.0 ], [ 9.873643, 64.79201, 0.0 ], [ 12.321393, 65.105545, 0.0 ], [ 16.049667, 65.06801, 0.0 ], [ 20.69342, 64.68328, 0.0 ], [ 25.798191, 63.98903, 0.0 ], [ 30.86417, 63.053204, 0.0 ], [ 35.395702, 61.967293, 0.0 ], [ 38.948692, 60.837677, 0.0 ], [ 41.175842, 59.77489, 0.0 ]] 
boundary 0: [[ 41.97065, 68.3646, 0.0 ], [ 41.266613, 67.48878, 0.0 ], [ 39.015057, 66.47868, 0.0 ], [ 35.436474, 65.43305, 0.0 ], [ 30.88064, 64.4542, 0.0 ], [ 25.794071, 63.63772, 0.0 ], [ 20.674332, 63.063602, 0.0 ], [ 16.022827, 62.78823, 0.0 ], [ 12.294719, 62.83866, 0.0 ], [ 9.855034, 63.2096, 0.0 ], [ 8.942489, 63.865124, 0.0 ], [ 9.646457, 64.74054, 0.0 ], [ 11.898031, 65.75061, 0.0 ], [ 15.476856, 66.79651, 0.0 ], [ 20.032476, 67.77527, 0.0 ], [ 25.119095, 68.59178, 0.0 ], [ 30.238806, 69.16587, 0.0 ], [ 34.89036, 69.44107, 0.0 ], [ 38.618446, 69.3907, 0.0 ], [ 41.058094, 69.01978, 0.0 ]] 
boundary 1: [[ 41.970695, 59.635494, 0.0 ], [ 41.058117, 58.98012, 0.0 ], [ 38.618416, 58.609093, 0.0 ], [ 34.890396, 58.558826, 0.0 ], [ 30.238777, 58.83419, 0.0 ], [ 25.119148, 59.408077, 0.0 ], [ 20.032509, 60.224552, 0.0 ], [ 15.476847, 61.20363, 0.0 ], [ 11.898035, 62.249294, 0.0 ], [ 9.646463, 63.259426, 0.0 ], [ 8.942496, 64.13498, 0.0 ], [ 9.855026, 64.79038, 0.0 ], [ 12.294721, 65.16142, 0.0 ], [ 16.02285, 65.21161, 0.0 ], [ 20.674362, 64.93624, 0.0 ], [ 25.79406, 64.36229, 0.0 ], [ 30.880644, 63.545902, 0.0 ], [ 35.43648, 62.566902, 0.0 ], [ 39.01505, 61.5212, 0.0 ], [ 41.266594, 60.5111, 0.0 ]] 
boundary 0: [[ 42.051674, 67.72174, 0.0 ], [ 41.330223, 66.86018, 0.0 ], [ 39.05888, 65.89543, 0.0 ], [ 35.460068, 64.921715, 0.0 ], [ 30.88554, 64.034355, 0.0 ], [ 25.783623, 63.31996, 0.0 ], [ 20.653412, 62.848553, 0.0 ], [ 15.997318, 62.66645, 0.0 ], [ 12.270973, 62.791573, 0.0 ], [ 9.8392105, 63.211315, 0.0 ], [ 8.939985, 63.885006, 0.0 ], [ 9.661354, 64.74614, 0.0 ], [ 11.932716, 65.710884, 0.0 ], [ 15.531781, 66.68486, 0.0 ], [ 20.106096, 67.57213, 0.0 ], [ 25.208054, 68.28656, 0.0 ], [ 30.338238, 68.75794, 0.0 ], [ 34.994377, 68.93987, 0.0 ], [ 38.720695, 68.814804, 0.0 ], [ 41.152435, 68.39509, 0.0 ]] 
boundary 1: [[ 42.05172, 60.27836, 0.0 ], [ 41.15246, 59.60483, 0.0 ], [ 38.720665, 59.184982, 0.0 ], [ 34.99442, 59.060028, 0.0 ], [ 30.338207, 59.24212, 0.0 ], [ 25.208107, 59.7133, 0.0 ], [ 20.106127, 60.427685, 0.0 ], [ 15.531768, 61.315277, 0.0 ], [ 11.932721, 62.289017, 0.0 ], [ 9.661362, 63.25383, 0.0 ], [ 8.939991, 64.1151, 0.0 ], [ 9.839204, 64.78865, 0.0 ], [ 12.270971, 65.20851, 0.0 ], [ 15.997345, 65.3334, 0.0 ], [ 20.653446, 65.15129, 0.0 ], [ 25.783611, 64.680046, 0.0 ], [ 30.885542, 63.965748, 0.0 ], [ 35.460083, 63.07824, 0.0 ], [ 39.058872, 62.104458, 0.0 ], [ 41.330208, 61.139675, 0.0 ]] 
boundary 0: [[ 42.047768, 67.755356, 0.0 ], [ 41.327194, 66.893005, 0.0 ], [ 39.056885, 65.92589, 0.0 ], [ 35.459106, 64.94842, 0.0 ], [ 30.88549, 64.056305, 0.0 ], [ 25.784328, 63.33654, 0.0 ], [ 20.654604, 62.85976, 0.0 ], [ 15.998713, 62.67278, 0.0 ], [ 12.272232, 62.794006, 0.0 ], [ 9.840035, 63.211212, 0.0 ], [ 8.940104, 63.883984, 0.0 ], [ 9.660577, 64.74584, 0.0 ], [ 11.930927, 65.712944, 0.0 ], [ 15.528971, 66.69074, 0.0 ], [ 20.10235, 67.58276, 0.0 ], [ 25.203571, 68.302536, 0.0 ], [ 30.333252, 68.77929, 0.0 ], [ 34.989204, 68.966064, 0.0 ], [ 38.71566, 68.84489, 0.0 ], [ 41.147823, 68.42771, 0.0 ]] 
boundary 1: [[ 42.047813, 60.244747, 0.0 ], [ 41.147846, 59.572174, 0.0 ], [ 38.71563, 59.154865, 0.0 ], [ 34.989246, 59.033802, 0.0 ], [ 30.333221, 59.220776, 0.0 ], [ 25.203625, 59.697323, 0.0 ], [ 20.10238, 60.417046, 0.0 ], [ 15.528957, 61.30943, 0.0 ], [ 11.930932, 62.286922, 0.0 ], [ 9.6605835, 63.25413, 0.0 ], [ 8.940109, 64.11612, 0.0 ], [ 9.840029, 64.78876, 0.0 ], [ 12.27223, 65.20608, 0.0 ], [ 15.998739, 65.32707, 0.0 ], [ 20.654638, 65.140045, 0.0 ], [ 25.784317, 64.66344, 0.0 ], [ 30.885492, 63.943832, 0.0 ], [ 35.45912, 63.051533, 0.0 ], [ 39.056877, 62.074, 0.0 ], [ 41.32718, 61.106823, 0.0 ]] 
boundary 0: [[ 42.0068, 68.09055, 0.0 ], [ 41.29527, 67.22072, 0.0 ], [ 39.035187, 66.22995, 0.0 ], [ 35.447807, 65.21495, 0.0 ], [ 30.883755, 64.27514, 0.0 ], [ 25.790401, 63.502117, 0.0 ], [ 20.665924, 62.971786, 0.0 ], [ 16.01224, 62.736195, 0.0 ], [ 12.2847, 62.8185, 0.0 ], [ 9.848278, 63.210278, 0.0 ], [ 8.941368, 63.873627, 0.0 ], [ 9.652802, 64.74295, 0.0 ], [ 11.912929, 65.73372, 0.0 ], [ 15.500566, 66.74904, 0.0 ], [ 20.064384, 67.68877, 0.0 ], [ 25.1578, 68.461784, 0.0 ], [ 30.282234, 68.99208, 0.0 ], [ 34.935966, 69.22748, 0.0 ], [ 38.663498, 69.145226, 0.0 ], [ 41.09987, 68.753456, 0.0 ]] 
boundary 1: [[ 42.006847, 59.909557, 0.0 ], [ 41.09989, 59.246418, 0.0 ], [ 38.66346, 58.854534, 0.0 ], [ 34.936012, 58.772392, 0.0 ], [ 30.282204, 59.00798, 0.0 ], [ 25.157854, 59.538074, 0.0 ], [ 20.064415, 60.311035, 0.0 ], [ 15.500552, 61.251137, 0.0 ], [ 11.912932, 62.266155, 0.0 ], [ 9.652809, 63.25702, 0.0 ], [ 8.941377, 64.12648, 0.0 ], [ 9.848271, 64.78969, 0.0 ], [ 12.2847, 65.18158, 0.0 ], [ 16.012266, 65.26366, 0.0 ], [ 20.665958, 65.028015, 0.0 ], [ 25.79039, 64.49785, 0.0 ], [ 30.883759, 63.72501, 0.0 ], [ 35.447823, 62.785, 0.0 ], [ 39.035175, 61.769943, 0.0 ], [ 41.29525, 60.779118, 0.0 ]] 
boundary 0: [[ 41.976864, 68.318886, 0.0 ], [ 41.271545, 67.444, 0.0 ], [ 39.01857, 66.43716, 0.0 ], [ 35.438515, 65.39663, 0.0 ], [ 30.881277, 64.424355, 0.0 ], [ 25.793552, 63.615063, 0.0 ], [ 20.672981, 63.048252, 0.0 ], [ 16.021084, 62.77952, 0.0 ], [ 12.293055, 62.835278, 0.0 ], [ 9.853907, 63.209686, 0.0 ], [ 8.942292, 63.86658, 0.0 ], [ 9.647519, 64.740944, 0.0 ], [ 11.900532, 65.74779, 0.0 ], [ 15.480848, 66.78861, 0.0 ], [ 20.037857, 67.76082, 0.0 ], [ 25.125645, 68.57009, 0.0 ], [ 30.246174, 69.13688, 0.0 ], [ 34.89811, 69.405426, 0.0 ], [ 38.62613, 69.34972, 0.0 ], [ 41.06523, 68.9753, 0.0 ]] 
boundary 1: [[ 41.97691, 59.681236, 0.0 ], [ 41.065254, 59.02457, 0.0 ], [ 38.62609, 58.650047, 0.0 ], [ 34.898155, 58.594456, 0.0 ], [ 30.246143, 58.863182, 0.0 ], [ 25.125698, 59.429756, 0.0 ], [ 20.037888, 60.238976, 0.0 ], [ 15.480837, 61.211555, 0.0 ], [ 11.900535, 62.2521, 0.0 ], [ 9.647525, 63.259026, 0.0 ], [ 8.942303, 64.13356, 0.0 ], [ 9.853899, 64.790276, 0.0 ], [ 12.2930565, 65.164795, 0.0 ], [ 16.021109, 65.220314, 0.0 ], [ 20.673008, 64.95156, 0.0 ], [ 25.793541, 64.38489, 0.0 ], [ 30.88128, 63.5758, 0.0 ], [ 35.43853, 62.603317, 0.0 ], [ 39.018555, 61.562733, 0.0 ], [ 41.271523, 60.555843, 0.0 ]] 
boundary 0: [[ 41.871002, 69.04239, 0.0 ], [ 41.185654, 68.151764, 0.0 ], [ 38.956017, 67.094246, 0.0 ], [ 35.40041, 65.97302, 0.0 ], [ 30.866327, 64.897934, 0.0 ], [ 25.798197, 63.97381, 0.0 ], [ 20.691761, 63.291348, 0.0 ], [ 16.047123, 62.917492, 0.0 ], [ 12.318788, 62.88894, 0.0 ], [ 9.8717985, 63.208084, 0.0 ], [ 8.945563, 63.844208, 0.0 ], [ 9.6308365, 64.73428, 0.0 ], [ 11.860505, 65.791824, 0.0 ], [ 15.4163685, 66.913345, 0.0 ], [ 19.950226, 67.988335, 0.0 ], [ 25.018406, 68.91247, 0.0 ], [ 30.124807, 69.5949, 0.0 ], [ 34.769493, 69.96858, 0.0 ], [ 38.497807, 69.99718, 0.0 ], [ 40.944756, 69.678024, 0.0 ]] 
boundary 1: [[ 41.871048, 58.95774, 0.0 ], [ 40.94478, 58.321857, 0.0 ], [ 38.49777, 58.002583, 0.0 ], [ 34.76953, 58.03131, 0.0 ], [ 30.12478, 58.405167, 0.0 ], [ 25.01846, 59.08738, 0.0 ], [ 19.950253, 60.01144, 0.0 ], [ 15.416362, 61.086823, 0.0 ], [ 11.860505, 62.20807, 0.0 ], [ 9.630842, 63.265675, 0.0 ], [ 8.945577, 64.15594, 0.0 ], [ 9.87179, 64.79186, 0.0 ], [ 12.318792, 65.11113, 0.0 ], [ 16.047144, 65.08234, 0.0 ], [ 20.691774, 64.70846, 0.0 ], [ 25.798182, 64.02614, 0.0 ], [ 30.866335, 63.102207, 0.0 ], [ 35.400425, 62.026928, 0.0 ], [ 38.955994, 60.90565, 0.0 ], [ 41.18563, 59.848064, 0.0 ]] 
boundary 0: [[ 41.72851, 69.87421, 0.0 ], [ 41.066658, 68.96601, 0.0 ], [ 38.86538, 67.85064, 0.0 ], [ 35.34024, 66.637024, 0.0 ], [ 30.835752, 65.443954, 0.0 ], [ 25.793468, 64.38788, 0.0 ], [ 20.706589, 63.572372, 0.0 ], [ 16.073292, 63.077423, 0.0 ], [ 12.346972, 62.95158, 0.0 ], [ 9.892488, 63.206745, 0.0 ], [ 8.949966, 63.81848, 0.0 ], [ 9.611775, 64.726135, 0.0 ], [ 11.813086, 65.841515, 0.0 ], [ 15.338467, 67.05546, 0.0 ], [ 19.842722, 68.248405, 0.0 ], [ 24.885056, 69.3045, 0.0 ], [ 29.971912, 70.119965, 0.0 ], [ 34.60526, 70.614746, 0.0 ], [ 38.33155, 70.74063, 0.0 ], [ 40.786007, 70.48546, 0.0 ]] 
boundary 1: [[ 41.72856, 58.12591, 0.0 ], [ 40.786026, 57.514423, 0.0 ], [ 38.33151, 57.25912, 0.0 ], [ 34.605293, 57.385143, 0.0 ], [ 29.971886, 57.88009, 0.0 ], [ 24.885105, 58.695347, 0.0 ], [ 19.842743, 59.751366, 0.0 ], [ 15.338462, 60.944714, 0.0 ], [ 11.813081, 62.158382, 0.0 ], [ 9.61178, 63.27382, 0.0 ], [ 8.949983, 64.18166, 0.0 ], [ 9.892477, 64.7932, 0.0 ], [ 12.346977, 65.048515, 0.0 ], [ 16.07331, 64.92239, 0.0 ], [ 20.706593, 64.42742, 0.0 ], [ 25.79345, 63.612072, 0.0 ], [ 30.83577, 62.556183, 0.0 ], [ 35.340256, 61.362934, 0.0 ], [ 38.86535, 60.14924, 0.0 ], [ 41.06662, 59.03383, 0.0 ]] 
boundary 0: [[ 41.534958, 70.83942, 0.0 ], [ 40.901047, 69.91148, 0.0 ], [ 38.734764, 68.729614, 0.0 ], [ 35.248184, 67.40925, 0.0 ], [ 30.782112, 66.07961, 0.0 ], [ 25.774319, 64.870514, 0.0 ], [ 20.71462, 63.90053, 0.0 ], [ 16.098534, 63.264763, 0.0 ], [ 12.377769, 63.025543, 0.0 ], [ 9.916656, 63.20587, 0.0 ], [ 8.95595, 63.78863, 0.0 ], [ 9.589819, 64.71601, 0.0 ], [ 11.756157, 65.897896, 0.0 ], [ 15.242949, 67.21859, 0.0 ], [ 19.7088, 68.548096, 0.0 ], [ 24.71665, 69.7572, 0.0 ], [ 29.776323, 70.72716, 0.0 ], [ 34.392456, 71.362755, 0.0 ], [ 38.11319, 71.60201, 0.0 ], [ 40.57428, 71.421684, 0.0 ]] 
boundary 1: [[ 41.535015, 57.160717, 0.0 ], [ 40.574303, 56.578205, 0.0 ], [ 38.113144, 56.397736, 0.0 ], [ 34.392487, 56.63714, 0.0 ], [ 29.776297, 57.272907, 0.0 ], [ 24.716694, 58.242638, 0.0 ], [ 19.708813, 59.451668, 0.0 ], [ 15.24295, 60.78159, 0.0 ], [ 11.756146, 62.102005, 0.0 ], [ 9.589824, 63.283943, 0.0 ], [ 8.955968, 64.21152, 0.0 ], [ 9.916643, 64.794075, 0.0 ], [ 12.377777, 64.974556, 0.0 ], [ 16.098545, 64.73505, 0.0 ], [ 20.714619, 64.09926, 0.0 ], [ 25.7743, 63.129436, 0.0 ], [ 30.782133, 61.920536, 0.0 ], [ 35.2482, 60.59071, 0.0 ], [ 38.734726, 59.270264, 0.0 ], [ 40.90101, 58.088364, 0.0 ]] 
boundary 0: [[ 41.19889, 72.240456, 0.0 ], [ 40.60695, 71.2852, 0.0 ], [ 38.495472, 70.007996, 0.0 ], [ 35.071167, 68.53361, 0.0 ], [ 30.668762, 67.00635, 0.0 ], [ 25.719807, 65.575356, 0.0 ], [ 20.70835, 64.38093, 0.0 ], [ 16.125166, 63.540142, 0.0 ], [ 12.418755, 63.135414, 0.0 ], [ 9.952051, 63.205917, 0.0 ], [ 8.966337, 63.7453, 0.0 ], [ 9.558264, 64.7, 0.0 ], [ 11.669796, 65.97721, 0.0 ], [ 15.094288, 67.451935, 0.0 ], [ 19.496479, 68.97906, 0.0 ], [ 24.445492, 70.41008, 0.0 ], [ 29.456928, 71.60448, 0.0 ], [ 34.04017, 72.44507, 0.0 ], [ 37.74655, 72.84986, 0.0 ], [ 40.213223, 72.77936, 0.0 ]] 
boundary 1: [[ 41.198956, 55.759674, 0.0 ], [ 40.213245, 55.220543, 0.0 ], [ 37.746483, 55.14989, 0.0 ], [ 34.040184, 55.554813, 0.0 ], [ 29.456903, 56.395596, 0.0 ], [ 24.445532, 57.58977, 0.0 ], [ 19.496483, 59.02069, 0.0 ], [ 15.094302, 60.548244, 0.0 ], [ 11.669783, 62.022682, 0.0 ], [ 9.558265, 63.299957, 0.0 ], [ 8.966362, 64.25486, 0.0 ], [ 9.952036, 64.79404, 0.0 ], [ 12.418767, 64.8647, 0.0 ], [ 16.12517, 64.459656, 0.0 ], [ 20.70834, 63.61887, 0.0 ], [ 25.719788, 62.4246, 0.0 ], [ 30.668793, 60.993805, 0.0 ], [ 35.071182, 59.466335, 0.0 ], [ 38.495426, 57.99188, 0.0 ], [ 40.6069, 56.714645, 0.0 ]] 
boundary 0: [[ 40.905247, 73.28334, 0.0 ], [ 40.34565, 72.30879, 0.0 ], [ 38.278145, 70.961555, 0.0 ], [ 34.90515, 69.37327, 0.0 ], [ 30.55639, 67.69937, 0.0 ], [ 25.658155, 66.10338, 0.0 ], [ 20.689537, 64.74171, 0.0 ], [ 16.137096, 63.747856, 0.0 ], [ 12.446325, 63.21917, 0.0 ], [ 9.978646, 63.20699, 0.0 ], [ 8.975413, 63.713043, 0.0 ], [ 9.535021, 64.68706, 0.0 ], [ 11.602578, 66.03428, 0.0 ], [ 14.975739, 67.62291, 0.0 ], [ 19.324291, 69.29665, 0.0 ], [ 24.22258, 70.89269, 0.0 ], [ 29.191187, 72.254326, 0.0 ], [ 33.743687, 73.24799, 0.0 ], [ 37.434433, 73.77673, 0.0 ], [ 39.902077, 73.788895, 0.0 ]] 
boundary 1: [[ 40.905315, 54.716785, 0.0 ], [ 39.902092, 54.21098, 0.0 ], [ 37.434353, 54.223015, 0.0 ], [ 33.743694, 54.751892, 0.0 ], [ 29.191164, 55.745754, 0.0 ], [ 24.222614, 57.107162, 0.0 ], [ 19.324291, 58.703083, 0.0 ], [ 14.9757595, 60.37727, 0.0 ], [ 11.602559, 61.96562, 0.0 ], [ 9.535021, 63.312916, 0.0 ], [ 8.975444, 64.28712, 0.0 ], [ 9.978628, 64.79296, 0.0 ], [ 12.446342, 64.780945, 0.0 ], [ 16.137094, 64.25196, 0.0 ], [ 20.68952, 63.258076, 0.0 ], [ 25.658133, 61.896576, 0.0 ], [ 30.556425, 60.30078, 0.0 ], [ 34.905167, 58.626667, 0.0 ], [ 38.2781, 57.03832, 0.0 ], [ 40.34559, 55.691055, 0.0 ]] 
boundary 0: [[ 40.490505, 74.56875, 0.0 ], [ 39.972095, 73.57168, 0.0 ], [ 37.96266, 72.13926, 0.0 ], [ 34.658966, 70.41149, 0.0 ], [ 30.383894, 68.55744, 0.0 ], [ 25.556591, 66.75828, 0.0 ], [ 20.649174, 65.19027, 0.0 ], [ 16.142214, 64.007164, 0.0 ], [ 12.476744, 63.324806, 0.0 ], [ 10.011726, 63.209576, 0.0 ], [ 8.9882345, 63.673286, 0.0 ], [ 9.506674, 64.66982, 0.0 ], [ 11.516162, 66.10222, 0.0 ], [ 14.82003, 67.83034, 0.0 ], [ 19.094887, 69.68424, 0.0 ], [ 23.922241, 71.483444, 0.0 ], [ 28.829649, 73.05139, 0.0 ], [ 33.336685, 74.23434, 0.0 ], [ 37.00212, 74.91675, 0.0 ], [ 39.467106, 75.03196, 0.0 ]] 
boundary 1: [[ 40.490593, 53.43138, 0.0 ], [ 39.467102, 52.96791, 0.0 ], [ 37.00203, 53.082996, 0.0 ], [ 33.336685, 53.765553, 0.0 ], [ 28.829628, 54.94868, 0.0 ], [ 23.922272, 56.5164, 0.0 ], [ 19.09488, 58.3155, 0.0 ], [ 14.820059, 60.169834, 0.0 ], [ 11.51614, 61.897682, 0.0 ], [ 9.506673, 63.33015, 0.0 ], [ 8.988271, 64.326866, 0.0 ], [ 10.011707, 64.790375, 0.0 ], [ 12.476765, 64.67531, 0.0 ], [ 16.142204, 63.992653, 0.0 ], [ 20.649147, 62.8095, 0.0 ], [ 25.556568, 61.24168, 0.0 ], [ 30.383934, 59.44271, 0.0 ], [ 34.65898, 57.588436, 0.0 ], [ 37.962616, 55.860607, 0.0 ], [ 39.972027, 54.428177, 0.0 ]] 
boundary 0: [[ 39.93448, 76.05696, 0.0 ], [ 39.46566, 75.03563, 0.0 ], [ 37.529015, 73.50623, 0.0 ], [ 34.31418, 71.61828, 0.0 ], [ 30.135338, 69.55647, 0.0 ], [ 25.40224, 67.522354, 0.0 ], [ 20.577768, 65.715195, 0.0 ], [ 16.13437, 64.31214, 0.0 ], [ 12.506838, 63.450554, 0.0 ], [ 10.050458, 63.214382, 0.0 ], [ 9.0054245, 63.62726, 0.0 ], [ 9.474287, 64.648056, 0.0 ], [ 11.41099, 66.17742, 0.0 ], [ 14.625983, 68.06575, 0.0 ], [ 18.804611, 70.12739, 0.0 ], [ 23.537762, 72.161545, 0.0 ], [ 28.362234, 73.96864, 0.0 ], [ 32.805725, 75.37155, 0.0 ], [ 36.43321, 76.233185, 0.0 ], [ 38.889553, 76.469345, 0.0 ]] 
boundary 1: [[ 39.934574, 51.94317, 0.0 ], [ 38.88954, 51.53052, 0.0 ], [ 36.4331, 51.766556, 0.0 ], [ 32.805717, 52.62833, 0.0 ], [ 28.362213, 54.03141, 0.0 ], [ 23.537786, 55.83829, 0.0 ], [ 18.804592, 57.872345, 0.0 ], [ 14.626019, 59.934425, 0.0 ], [ 11.410963, 61.82247, 0.0 ], [ 9.474285, 63.351917, 0.0 ], [ 9.005467, 64.37289, 0.0 ], [ 10.050436, 64.78557, 0.0 ], [ 12.506865, 64.54957, 0.0 ], [ 16.13434, 63.68768, 0.0 ], [ 20.577726, 62.284573, 0.0 ], [ 25.402212, 60.477596, 0.0 ], [ 30.135386, 58.443672, 0.0 ], [ 34.314186, 56.381645, 0.0 ], [ 37.52897, 54.49363, 0.0 ], [ 39.465588, 52.96423, 0.0 ]] 
boundary 0: [[ 37.41479, 81.03551, 0.0 ], [ 37.128548, 79.94877, 0.0 ], [ 35.48369, 78.109184, 0.0 ], [ 32.641327, 75.69662, 0.0 ], [ 28.87919, 72.947044, 0.0 ], [ 24.566296, 70.12946, 0.0 ], [ 20.12437, 67.519745, 0.0 ], [ 15.988364, 65.37363, 0.0 ], [ 12.562981, 63.901196, 0.0 ], [ 10.183786, 63.246216, 0.0 ], [ 9.083327, 63.473274, 0.0 ], [ 9.369703, 64.55948, 0.0 ], [ 11.014623, 66.39905, 0.0 ], [ 13.857081, 68.81202, 0.0 ], [ 17.619034, 71.561386, 0.0 ], [ 21.931969, 74.37901, 0.0 ], [ 26.373903, 76.98868, 0.0 ], [ 30.510023, 79.13465, 0.0 ], [ 33.935356, 80.607124, 0.0 ], [ 36.314514, 81.26209, 0.0 ]] 
boundary 1: [[ 37.414906, 46.964615, 0.0 ], [ 36.3145, 46.73778, 0.0 ], [ 33.935207, 47.39264, 0.0 ], [ 30.51, 48.865227, 0.0 ], [ 26.373898, 51.01138, 0.0 ], [ 21.931965, 53.620827, 0.0 ], [ 17.618967, 56.438362, 0.0 ], [ 13.857149, 59.188152, 0.0 ], [ 11.01458, 61.600853, 0.0 ], [ 9.369697, 63.440495, 0.0 ], [ 9.083393, 64.52686, 0.0 ], [ 10.183754, 64.75373, 0.0 ], [ 12.563027, 64.098915, 0.0 ], [ 15.988306, 62.626194, 0.0 ], [ 20.124289, 60.48003, 0.0 ], [ 24.566257, 57.870495, 0.0 ], [ 28.87926, 55.053078, 0.0 ], [ 32.64132, 52.303303, 0.0 ], [ 35.483612, 49.890694, 0.0 ], [ 37.12845, 48.051094, 0.0 ]] 
boundary 0: [[ 30.765146, 88.72801, 0.0 ], [ 30.830568, 87.60611, 0.0 ], [ 29.83836, 85.34665, 0.0 ], [ 27.885824, 82.17064, 0.0 ], [ 25.163649, 78.388626, 0.0 ], [ 21.939083, 74.3709, 0.0 ], [ 18.527304, 70.51072, 0.0 ], [ 15.2623415, 67.1862, 0.0 ], [ 12.463631, 64.72277, 0.0 ], [ 10.405504, 63.36127, 0.0 ], [ 9.288943, 63.235332, 0.0 ], [ 9.223817, 64.356766, 0.0 ], [ 10.216083, 66.61622, 0.0 ], [ 12.168591, 69.792656, 0.0 ], [ 14.890645, 73.57444, 0.0 ], [ 18.115238, 77.59219, 0.0 ], [ 21.527044, 81.45234, 0.0 ], [ 24.79216, 84.77673, 0.0 ], [ 27.590807, 87.240204, 0.0 ], [ 29.6489, 88.60168, 0.0 ]] 
boundary 1: [[ 30.765287, 39.272064, 0.0 ], [ 29.648844, 39.398205, 0.0 ], [ 27.59059, 40.75962, 0.0 ], [ 24.792097, 43.223152, 0.0 ], [ 21.527054, 46.54773, 0.0 ], [ 18.115189, 50.40767, 0.0 ], [ 14.890502, 54.425358, 0.0 ], [ 12.168705, 58.207474, 0.0 ], [ 10.216012, 61.38369, 0.0 ], [ 9.2238035, 63.643208, 0.0 ], [ 9.289049, 64.76477, 0.0 ], [ 10.405458, 64.63869, 0.0 ], [ 12.463709, 63.277325, 0.0 ], [ 15.26223, 60.81364, 0.0 ], [ 18.527157, 57.489094, 0.0 ], [ 21.939034, 53.629063, 0.0 ], [ 25.163755, 49.611485, 0.0 ], [ 27.88578, 45.8293, 0.0 ], [ 29.838242, 42.65326, 0.0 ], [ 30.83043, 40.393787, 0.0 ]] 
