boundary 0: [[ 26.553173, 91.734886, 0.0 ], [ 26.796558, 90.63807, 0.0 ], [ 26.17753, 88.2492, 0.0 ], [ 24.756672, 84.80217, 0.0 ], [ 22.673065, 80.634186, 0.0 ], [ 20.1307, 76.1535, 0.0 ], [ 17.378422, 71.79859, 0.0 ], [ 14.685623, 67.99575, 0.0 ], [ 12.315935, 65.11722, 0.0 ], [ 10.501296, 63.444824, 0.0 ], [ 9.419303, 63.142254, 0.0 ], [ 9.17595, 64.239006, 0.0 ], [ 9.794987, 66.62789, 0.0 ], [ 11.215816, 70.075035, 0.0 ], [ 13.299416, 74.24292, 0.0 ], [ 15.84181, 78.72357, 0.0 ], [ 18.594074, 83.07852, 0.0 ], [ 21.286877, 86.88134, 0.0 ], [ 23.656586, 89.75986, 0.0 ], [ 25.47123, 91.43226, 0.0 ]] 
boundary 1: [[ 26.553171, 36.2651, 0.0 ], [ 25.471241, 36.56775, 0.0 ], [ 23.656578, 38.240128, 0.0 ], [ 21.286858, 41.118637, 0.0 ], [ 18.594093, 44.921494, 0.0 ], [ 15.8418045, 49.27642, 0.0 ], [ 13.299436, 53.757126, 0.0 ], [ 11.215827, 57.924995, 0.0 ], [ 9.794981, 61.372093, 0.0 ], [ 9.175934, 63.760967, 0.0 ], [ 9.41935, 64.85782, 0.0 ], [ 10.501305, 64.55518, 0.0 ], [ 12.315942, 62.882763, 0.0 ], [ 14.685661, 60.004265, 0.0 ], [ 17.378426, 56.201393, 0.0 ], [ 20.130707, 51.846478, 0.0 ], [ 22.673063, 47.36578, 0.0 ], [ 24.756697, 43.19788, 0.0 ], [ 26.177492, 39.750786, 0.0 ], [ 26.796558, 37.36194, 0.0 ]] 
boundary 0: [[ 29.622726, 89.64704, 0.0 ], [ 29.738781, 88.52956, 0.0 ], [ 28.850012, 86.22737, 0.0 ], [ 27.043407, 82.96594, 0.0 ], [ 24.49578, 79.064255, 0.0 ], [ 21.456573, 74.90454, 0.0 ], [ 18.223259, 70.8938, 0.0 ], [ 15.1123085, 67.424675, 0.0 ], [ 12.428291, 64.83675, 0.0 ], [ 10.433916, 63.38338, 0.0 ], [ 9.324374, 63.20683, 0.0 ], [ 9.208337, 64.32424, 0.0 ], [ 10.097119, 66.626434, 0.0 ], [ 11.90371, 69.888, 0.0 ], [ 14.451319, 73.78958, 0.0 ], [ 17.490545, 77.949265, 0.0 ], [ 20.723854, 81.96003, 0.0 ], [ 23.8348, 85.42912, 0.0 ], [ 26.518839, 88.01705, 0.0 ], [ 28.513224, 89.47043, 0.0 ]] 
boundary 1: [[ 29.622725, 38.35295, 0.0 ], [ 28.513233, 38.529587, 0.0 ], [ 26.518831, 39.98294, 0.0 ], [ 23.83479, 42.57084, 0.0 ], [ 20.723873, 46.039986, 0.0 ], [ 17.490541, 50.050728, 0.0 ], [ 14.451332, 54.210484, 0.0 ], [ 11.903717, 58.11205, 0.0 ], [ 10.097115, 61.373558, 0.0 ], [ 9.208325, 63.675724, 0.0 ], [ 9.324411, 64.79327, 0.0 ], [ 10.433924, 64.61663, 0.0 ], [ 12.428301, 63.163227, 0.0 ], [ 15.112347, 60.575336, 0.0 ], [ 18.223263, 57.10619, 0.0 ], [ 21.456581, 53.09546, 0.0 ], [ 24.495777, 48.935715, 0.0 ], [ 27.043428, 45.03411, 0.0 ], [ 28.849976, 41.772594, 0.0 ], [ 29.738781, 39.470455, 0.0 ]] 
boundary 0: [[ 32.41954, 87.23389, 0.0 ], [ 32.407375, 86.11047, 0.0 ], [ 31.261814, 83.92467, 0.0 ], [ 29.095005, 80.89058, 0.0 ], [ 26.118973, 77.304955, 0.0 ], [ 22.625143, 73.51903, 0.0 ], [ 18.955463, 69.90326, 0.0 ], [ 15.46913, 66.811615, 0.0 ], [ 12.507449, 64.54671, 0.0 ], [ 10.360317, 63.33031, 0.0 ], [ 9.237879, 63.281467, 0.0 ], [ 9.25005, 64.4048, 0.0 ], [ 10.395623, 66.590614, 0.0 ], [ 12.562437, 69.624825, 0.0 ], [ 15.538438, 73.21037, 0.0 ], [ 19.03228, 76.99625, 0.0 ], [ 22.701962, 80.61205, 0.0 ], [ 26.18828, 83.703674, 0.0 ], [ 29.149992, 85.96857, 0.0 ], [ 31.297132, 87.184975, 0.0 ]] 
boundary 1: [[ 32.419533, 40.766113, 0.0 ], [ 31.29714, 40.81504, 0.0 ], [ 29.149984, 42.031425, 0.0 ], [ 26.188274, 44.296295, 0.0 ], [ 22.70198, 47.387962, 0.0 ], [ 19.032276, 51.003742, 0.0 ], [ 15.538441, 54.789692, 0.0 ], [ 12.562439, 58.375214, 0.0 ], [ 10.395619, 61.409374, 0.0 ], [ 9.250045, 63.595142, 0.0 ], [ 9.2379055, 64.71864, 0.0 ], [ 10.360324, 64.66971, 0.0 ], [ 12.507462, 63.453262, 0.0 ], [ 15.469166, 61.188408, 0.0 ], [ 18.955471, 58.096733, 0.0 ], [ 22.62515, 54.480972, 0.0 ], [ 26.118973, 50.69503, 0.0 ], [ 29.095018, 47.109463, 0.0 ], [ 31.261782, 44.075294, 0.0 ], [ 32.407375, 41.889557, 0.0 ]] 
boundary 0: [[ 35.808975, 83.387985, 0.0 ], [ 35.61942, 82.280624, 0.0 ], [ 34.14279, 80.30334, 0.0 ], [ 31.523685, 77.64983, 0.0 ], [ 28.018362, 74.57964, 0.0 ], [ 23.970089, 71.39348, 0.0 ], [ 19.775063, 68.40314, 0.0 ], [ 15.843922, 65.90135, 0.0 ], [ 12.561503, 64.133, 0.0 ], [ 10.249108, 63.271248, 0.0 ], [ 9.133056, 63.400414, 0.0 ], [ 9.322615, 64.5077, 0.0 ], [ 10.799253, 66.484985, 0.0 ], [ 13.418385, 69.1386, 0.0 ], [ 16.923666, 72.20874, 0.0 ], [ 20.971947, 75.39484, 0.0 ], [ 25.166973, 78.38521, 0.0 ], [ 29.0981, 80.886986, 0.0 ], [ 32.38055, 82.65532, 0.0 ], [ 34.692947, 83.51709, 0.0 ]] 
boundary 1: [[ 35.808968, 44.61201, 0.0 ], [ 34.692955, 44.482933, 0.0 ], [ 32.380543, 45.344677, 0.0 ], [ 29.098097, 47.11299, 0.0 ], [ 25.166992, 49.614807, 0.0 ], [ 20.971947, 52.605145, 0.0 ], [ 16.92366, 55.79132, 0.0 ], [ 13.418378, 58.86143, 0.0 ], [ 10.799252, 61.515003, 0.0 ], [ 9.322619, 63.49224, 0.0 ], [ 9.133064, 64.5997, 0.0 ], [ 10.249111, 64.728775, 0.0 ], [ 12.561518, 63.866966, 0.0 ], [ 15.843956, 62.09867, 0.0 ], [ 19.77507, 59.59686, 0.0 ], [ 23.970097, 56.60652, 0.0 ], [ 28.018362, 53.420357, 0.0 ], [ 31.523693, 50.35021, 0.0 ], [ 34.14276, 47.696625, 0.0 ], [ 35.61942, 45.719414, 0.0 ]] 
boundary 0: [[ 38.61199, 78.93244, 0.0 ], [ 38.245266, 77.870514, 0.0 ], [ 36.46736, 76.159035, 0.0 ], [ 33.45241, 73.96566, 0.0 ], [ 29.495365, 71.50494, 0.0 ], [ 24.98375, 69.01787, 0.0 ], [ 20.359098, 66.74786, 0.0 ], [ 16.074112, 64.91709, 0.0 ], [ 12.548256, 63.704796, 0.0 ], [ 10.126676, 63.229668, 0.0 ], [ 9.046371, 63.53821, 0.0 ], [ 9.413088, 64.60007, 0.0 ], [ 11.190996, 66.311554, 0.0 ], [ 14.205998, 68.50501, 0.0 ], [ 18.162994, 70.9657, 0.0 ], [ 22.674608, 73.4527, 0.0 ], [ 27.299261, 75.72274, 0.0 ], [ 31.584236, 77.5535, 0.0 ], [ 35.110123, 78.76578, 0.0 ], [ 37.5317, 79.24092, 0.0 ]] 
boundary 1: [[ 38.611984, 49.06756, 0.0 ], [ 37.531708, 48.75911, 0.0 ], [ 35.110115, 49.234215, 0.0 ], [ 31.584234, 50.446487, 0.0 ], [ 27.29928, 52.277275, 0.0 ], [ 22.67461, 54.54729, 0.0 ], [ 18.16298, 57.03436, 0.0 ], [ 14.205985, 59.495014, 0.0 ], [ 11.190996, 61.68844, 0.0 ], [ 9.413102, 63.399876, 0.0 ], [ 9.046361, 64.46191, 0.0 ], [ 10.126674, 64.77037, 0.0 ], [ 12.548275, 64.29519, 0.0 ], [ 16.074142, 63.08293, 0.0 ], [ 20.359106, 61.25214, 0.0 ], [ 24.983757, 58.98213, 0.0 ], [ 29.495365, 56.495064, 0.0 ], [ 33.452415, 54.034378, 0.0 ], [ 36.46734, 51.84093, 0.0 ], [ 38.245262, 50.12952, 0.0 ]] 
boundary 0: [[ 40.45132, 74.681564, 0.0 ], [ 39.93663, 73.68293, 0.0 ], [ 37.932426, 72.24303, 0.0 ], [ 34.635017, 70.50295, 0.0 ], [ 30.36697, 68.632866, 0.0 ], [ 25.546293, 66.81594, 0.0 ], [ 20.644749, 65.23002, 0.0 ], [ 16.14214, 64.03027, 0.0 ], [ 12.479248, 63.3342, 0.0 ], [ 10.014625, 63.209946, 0.0 ], [ 8.9894905, 63.669678, 0.0 ], [ 9.504164, 64.66825, 0.0 ], [ 11.508372, 66.10813, 0.0 ], [ 14.805845, 67.848305, 0.0 ], [ 19.07383, 69.71835, 0.0 ], [ 23.894503, 71.53521, 0.0 ], [ 28.796055, 73.121185, 0.0 ], [ 33.298637, 74.32091, 0.0 ], [ 36.96157, 75.01695, 0.0 ], [ 39.426186, 75.14122, 0.0 ]] 
boundary 1: [[ 40.451313, 53.318443, 0.0 ], [ 39.426186, 52.85881, 0.0 ], [ 36.96157, 52.98303, 0.0 ], [ 33.298637, 53.679085, 0.0 ], [ 28.796072, 54.878838, 0.0 ], [ 23.894505, 56.464783, 0.0 ], [ 19.073807, 58.2817, 0.0 ], [ 14.80583, 60.151722, 0.0 ], [ 11.508372, 61.891853, 0.0 ], [ 9.504187, 63.3317, 0.0 ], [ 8.989462, 64.33044, 0.0 ], [ 10.014619, 64.790085, 0.0 ], [ 12.479268, 64.66579, 0.0 ], [ 16.14217, 63.969753, 0.0 ], [ 20.644754, 62.76999, 0.0 ], [ 25.546303, 61.184048, 0.0 ], [ 30.36697, 59.367134, 0.0 ], [ 34.635017, 57.49708, 0.0 ], [ 37.932407, 55.756927, 0.0 ], [ 39.936623, 54.31711, 0.0 ]] 
boundary 0: [[ 41.41386, 71.376945, 0.0 ], [ 40.795925, 70.4387, 0.0 ], [ 38.65003, 69.21999, 0.0 ], [ 35.186333, 67.84031, 0.0 ], [ 30.743673, 66.4345, 0.0 ], [ 25.757164, 65.14033, 0.0 ], [ 20.71481, 64.08442, 0.0 ], [ 16.11018, 63.3701, 0.0 ], [ 12.394051, 63.06734, 0.0 ], [ 9.9301815, 63.205776, 0.0 ], [ 8.959725, 63.771877, 0.0 ], [ 9.577631, 64.71008, 0.0 ], [ 11.723544, 65.92874, 0.0 ], [ 15.187317, 67.30855, 0.0 ], [ 19.62991, 68.71431, 0.0 ], [ 24.616402, 70.00844, 0.0 ], [ 29.658768, 71.06441, 0.0 ], [ 34.263374, 71.77869, 0.0 ], [ 37.97954, 72.081406, 0.0 ], [ 40.4434, 71.94298, 0.0 ]] 
boundary 1: [[ 41.413857, 56.623047, 0.0 ], [ 40.443394, 56.057045, 0.0 ], [ 37.979546, 55.918568, 0.0 ], [ 34.263374, 56.22132, 0.0 ], [ 29.658781, 56.935642, 0.0 ], [ 24.616402, 57.991566, 0.0 ], [ 19.629875, 59.285736, 0.0 ], [ 15.1873, 60.69148, 0.0 ], [ 11.723546, 62.071224, 0.0 ], [ 9.577659, 63.289864, 0.0 ], [ 8.959684, 64.228226, 0.0 ], [ 9.93017, 64.794266, 0.0 ], [ 12.394071, 64.93265, 0.0 ], [ 16.11021, 64.62993, 0.0 ], [ 20.714813, 63.915585, 0.0 ], [ 25.757175, 62.859673, 0.0 ], [ 30.743673, 61.565495, 0.0 ], [ 35.186325, 60.15974, 0.0 ], [ 38.650013, 58.779957, 0.0 ], [ 40.795918, 57.56134, 0.0 ]] 
boundary 0: [[ 41.768204, 69.65552, 0.0 ], [ 41.100197, 68.75222, 0.0 ], [ 38.89125, 67.65192, 0.0 ], [ 35.35769, 66.46248, 0.0 ], [ 30.845215, 65.30015, 0.0 ], [ 25.79575, 64.27885, 0.0 ], [ 20.703476, 63.49847, 0.0 ], [ 16.066828, 63.035404, 0.0 ], [ 12.339738, 62.93501, 0.0 ], [ 9.887032, 63.207123, 0.0 ], [ 8.948769, 63.825123, 0.0 ], [ 9.616741, 64.72836, 0.0 ], [ 11.8257, 65.82862, 0.0 ], [ 15.359329, 67.01817, 0.0 ], [ 19.871738, 68.180466, 0.0 ], [ 24.921188, 69.20174, 0.0 ], [ 30.013485, 69.98217, 0.0 ], [ 34.6501, 70.44519, 0.0 ], [ 38.377228, 70.54554, 0.0 ], [ 40.82993, 70.27345, 0.0 ]] 
boundary 1: [[ 41.768196, 58.344482, 0.0 ], [ 40.82992, 57.726574, 0.0 ], [ 38.377235, 57.454433, 0.0 ], [ 34.650093, 57.55481, 0.0 ], [ 30.013493, 58.017883, 0.0 ], [ 24.921192, 58.798256, 0.0 ], [ 19.871704, 59.819572, 0.0 ], [ 15.35931, 60.981846, 0.0 ], [ 11.825705, 62.17135, 0.0 ], [ 9.616769, 63.271584, 0.0 ], [ 8.94872, 64.175, 0.0 ], [ 9.887019, 64.79292, 0.0 ], [ 12.339758, 65.06498, 0.0 ], [ 16.066858, 64.96464, 0.0 ], [ 20.70348, 64.50153, 0.0 ], [ 25.795761, 63.72117, 0.0 ], [ 30.845215, 62.699844, 0.0 ], [ 35.35768, 61.537563, 0.0 ], [ 38.891235, 60.348022, 0.0 ], [ 41.10019, 59.247807, 0.0 ]] 
boundary 0: [[ 41.79403, 69.508194, 0.0 ], [ 41.12185, 68.607994, 0.0 ], [ 38.90783, 67.51792, 0.0 ], [ 35.368828, 66.34483, 0.0 ], [ 30.851011, 65.2034, 0.0 ], [ 25.79687, 64.205444, 0.0 ], [ 20.70104, 63.448654, 0.0 ], [ 16.062296, 63.007042, 0.0 ], [ 12.334784, 62.923885, 0.0 ], [ 9.883363, 63.207344, 0.0 ], [ 8.94797, 63.82969, 0.0 ], [ 9.620115, 64.72982, 0.0 ], [ 11.834139, 65.81984, 0.0 ], [ 15.373236, 66.99304, 0.0 ], [ 19.890972, 68.134445, 0.0 ], [ 24.94509, 69.13235, 0.0 ], [ 30.040947, 69.889206, 0.0 ], [ 34.679657, 70.330795, 0.0 ], [ 38.40721, 70.41388, 0.0 ], [ 40.858616, 70.13046, 0.0 ]] 
boundary 1: [[ 41.79402, 58.491814, 0.0 ], [ 40.85861, 57.86958, 0.0 ], [ 38.40722, 57.586075, 0.0 ], [ 34.67965, 57.669216, 0.0 ], [ 30.040955, 58.110832, 0.0 ], [ 24.945093, 58.867645, 0.0 ], [ 19.890938, 59.865593, 0.0 ], [ 15.373217, 61.006973, 0.0 ], [ 11.834144, 62.180122, 0.0 ], [ 9.620143, 63.270126, 0.0 ], [ 8.947921, 64.17047, 0.0 ], [ 9.88335, 64.7927, 0.0 ], [ 12.334805, 65.0761, 0.0 ], [ 16.062326, 64.993, 0.0 ], [ 20.701044, 64.55138, 0.0 ], [ 25.79688, 63.794548, 0.0 ], [ 30.851011, 62.7966, 0.0 ], [ 35.36882, 61.655205, 0.0 ], [ 38.907814, 60.482018, 0.0 ], [ 41.12184, 59.392036, 0.0 ]] 
boundary 0: [[ 41.63578, 70.35602, 0.0 ], [ 40.987846, 69.4382, 0.0 ], [ 38.803696, 68.289474, 0.0 ], [ 35.29725, 67.02241, 0.0 ], [ 30.81147, 65.76087, 0.0 ], [ 25.785746, 64.62848, 0.0 ], [ 20.71191, 63.736046, 0.0 ], [ 16.086597, 63.170868, 0.0 ], [ 12.362633, 62.98832, 0.0 ], [ 9.904522, 63.206295, 0.0 ], [ 8.952864, 63.80347, 0.0 ], [ 9.600761, 64.7212, 0.0 ], [ 11.784923, 65.86989, 0.0 ], [ 15.291471, 67.13707, 0.0 ], [ 19.777157, 68.398575, 0.0 ], [ 24.802855, 69.5309, 0.0 ], [ 29.876726, 70.423416, 0.0 ], [ 34.502007, 70.988556, 0.0 ], [ 38.225998, 71.17104, 0.0 ], [ 40.684105, 70.95311, 0.0 ]] 
boundary 1: [[ 41.635773, 57.643993, 0.0 ], [ 40.684097, 57.04693, 0.0 ], [ 38.226006, 56.828903, 0.0 ], [ 34.502, 57.011436, 0.0 ], [ 29.876734, 57.57662, 0.0 ], [ 24.802858, 58.469078, 0.0 ], [ 19.777122, 59.601475, 0.0 ], [ 15.291451, 60.862953, 0.0 ], [ 11.784926, 62.130074, 0.0 ], [ 9.600787, 63.278736, 0.0 ], [ 8.952818, 64.1967, 0.0 ], [ 9.904511, 64.793755, 0.0 ], [ 12.362653, 65.011665, 0.0 ], [ 16.086628, 64.82917, 0.0 ], [ 20.711916, 64.263985, 0.0 ], [ 25.785757, 63.371513, 0.0 ], [ 30.811466, 62.239113, 0.0 ], [ 35.29724, 60.97763, 0.0 ], [ 38.80368, 59.710464, 0.0 ], [ 40.98784, 58.56182, 0.0 ]] 
boundary 0: [[ 41.234665, 72.10375, 0.0 ], [ 40.63862, 71.15142, 0.0 ], [ 38.5215, 69.88338, 0.0 ], [ 35.09069, 68.423874, 0.0 ], [ 30.681746, 66.915596, 0.0 ], [ 25.726526, 65.50633, 0.0 ], [ 20.709967, 64.33399, 0.0 ], [ 16.123096, 63.51326, 0.0 ], [ 12.414981, 63.12455, 0.0 ], [ 9.948568, 63.205902, 0.0 ], [ 8.965267, 63.74942, 0.0 ], [ 9.561291, 64.70165, 0.0 ], [ 11.678412, 65.969666, 0.0 ], [ 15.109318, 67.42929, 0.0 ], [ 19.518171, 68.93754, 0.0 ], [ 24.47337, 70.346725, 0.0 ], [ 29.48996, 71.51915, 0.0 ], [ 34.076794, 72.339836, 0.0 ], [ 37.784943, 72.7285, 0.0 ], [ 40.25135, 72.64716, 0.0 ]] 
boundary 1: [[ 41.234657, 55.896263, 0.0 ], [ 40.251343, 55.352875, 0.0 ], [ 37.784943, 55.27145, 0.0 ], [ 34.076786, 55.66016, 0.0 ], [ 29.489967, 56.48088, 0.0 ], [ 24.473372, 57.653255, 0.0 ], [ 19.518139, 59.062523, 0.0 ], [ 15.109301, 60.57073, 0.0 ], [ 11.678415, 62.0303, 0.0 ], [ 9.561314, 63.29828, 0.0 ], [ 8.965231, 64.25075, 0.0 ], [ 9.94856, 64.79414, 0.0 ], [ 12.415002, 64.87544, 0.0 ], [ 16.123137, 64.48678, 0.0 ], [ 20.709976, 63.666035, 0.0 ], [ 25.726538, 62.493664, 0.0 ], [ 30.681742, 61.08439, 0.0 ], [ 35.090683, 59.576164, 0.0 ], [ 38.521484, 58.116558, 0.0 ], [ 40.63861, 56.848602, 0.0 ]] 
boundary 0: [[ 40.56109, 74.36266, 0.0 ], [ 40.03601, 73.36943, 0.0 ], [ 38.0169, 71.950516, 0.0 ], [ 34.70153, 70.24494, 0.0 ], [ 30.414194, 68.419464, 0.0 ], [ 25.574814, 66.65294, 0.0 ], [ 20.656994, 65.11822, 0.0 ], [ 16.142109, 63.965504, 0.0 ], [ 12.472164, 63.307674, 0.0 ], [ 10.00638, 63.209118, 0.0 ], [ 8.986097, 63.679554, 0.0 ], [ 9.511161, 64.67268, 0.0 ], [ 11.530275, 66.09157, 0.0 ], [ 14.845724, 67.79727, 0.0 ], [ 19.132977, 69.62272, 0.0 ], [ 23.972347, 71.38916, 0.0 ], [ 28.890188, 72.92396, 0.0 ], [ 33.40504, 74.07662, 0.0 ], [ 37.07502, 74.73442, 0.0 ], [ 39.54081, 74.832985, 0.0 ]] 
boundary 1: [[ 40.56108, 53.63736, 0.0 ], [ 39.540802, 53.16705, 0.0 ], [ 37.07502, 53.265533, 0.0 ], [ 33.405033, 53.923363, 0.0 ], [ 28.8902, 55.07608, 0.0 ], [ 23.972347, 56.610817, 0.0 ], [ 19.132946, 58.37735, 0.0 ], [ 14.845709, 60.20275, 0.0 ], [ 11.530276, 61.908398, 0.0 ], [ 9.511178, 63.327248, 0.0 ], [ 8.986072, 64.320595, 0.0 ], [ 10.006377, 64.790924, 0.0 ], [ 12.472185, 64.692314, 0.0 ], [ 16.14215, 64.03454, 0.0 ], [ 20.657001, 62.881798, 0.0 ], [ 25.574825, 61.347065, 0.0 ], [ 30.414186, 59.580524, 0.0 ], [ 34.70153, 57.755096, 0.0 ], [ 38.01688, 56.04942, 0.0 ], [ 40.036003, 54.630592, 0.0 ]] 
boundary 0: [[ 39.513706, 77.0555, 0.0 ], [ 39.079376, 76.01934, 0.0 ], [ 37.195015, 74.42584, 0.0 ], [ 34.045143, 72.43112, 0.0 ], [ 29.937881, 70.23019, 0.0 ], [ 25.275528, 68.0387, 0.0 ], [ 20.514349, 66.07107, 0.0 ], [ 16.120398, 64.51991, 0.0 ], [ 12.523831, 63.537083, 0.0 ], [ 10.076692, 63.218796, 0.0 ], [ 9.018485, 63.596275, 0.0 ], [ 9.452795, 64.63231, 0.0 ], [ 11.337182, 66.22578, 0.0 ], [ 14.48712, 68.22065, 0.0 ], [ 18.594292, 70.42154, 0.0 ], [ 23.25665, 72.61294, 0.0 ], [ 28.01784, 74.580635, 0.0 ], [ 32.41176, 76.13176, 0.0 ], [ 36.00837, 77.11455, 0.0 ], [ 38.4555, 77.43285, 0.0 ]] 
boundary 1: [[ 39.5137, 50.944527, 0.0 ], [ 38.455494, 50.56719, 0.0 ], [ 36.00837, 50.885395, 0.0 ], [ 32.41175, 51.86824, 0.0 ], [ 28.017853, 53.41939, 0.0 ], [ 23.256649, 55.387028, 0.0 ], [ 18.594273, 57.578537, 0.0 ], [ 14.487107, 59.779377, 0.0 ], [ 11.337179, 61.774193, 0.0 ], [ 9.4528055, 63.367622, 0.0 ], [ 9.018475, 64.403885, 0.0 ], [ 10.076694, 64.78125, 0.0 ], [ 12.523852, 64.462906, 0.0 ], [ 16.120441, 63.480133, 0.0 ], [ 20.514357, 61.92894, 0.0 ], [ 25.27554, 59.961315, 0.0 ], [ 29.937874, 57.7698, 0.0 ], [ 34.045143, 55.568924, 0.0 ], [ 37.194984, 53.574097, 0.0 ], [ 39.079376, 51.980675, 0.0 ]] 
boundary 0: [[ 38.107788, 79.86329, 0.0 ], [ 37.77602, 78.78989, 0.0 ], [ 36.055115, 77.02112, 0.0 ], [ 33.113586, 74.730255, 0.0 ], [ 29.239199, 72.1413, 0.0 ], [ 24.811409, 69.50787, 0.0 ], [ 20.26355, 67.08768, 0.0 ], [ 16.040787, 65.11762, 0.0 ], [ 12.5565195, 63.79055, 0.0 ], [ 10.151794, 63.23639, 0.0 ], [ 9.061961, 63.509434, 0.0 ], [ 9.393727, 64.582726, 0.0 ], [ 11.114658, 66.351456, 0.0 ], [ 14.056232, 68.64246, 0.0 ], [ 17.930542, 71.231384, 0.0 ], [ 22.358345, 73.86471, 0.0 ], [ 26.90621, 76.28497, 0.0 ], [ 31.128948, 78.255, 0.0 ], [ 34.61326, 79.58203, 0.0 ], [ 37.01798, 80.13622, 0.0 ]] 
boundary 1: [[ 38.107788, 48.136734, 0.0 ], [ 37.01797, 47.86383, 0.0 ], [ 34.61325, 48.417904, 0.0 ], [ 31.12894, 49.744995, 0.0 ], [ 26.906225, 51.715057, 0.0 ], [ 22.358337, 54.135254, 0.0 ], [ 17.93053, 56.76869, 0.0 ], [ 14.056223, 59.35755, 0.0 ], [ 11.11465, 61.648518, 0.0 ], [ 9.393728, 63.41722, 0.0 ], [ 9.061968, 64.490715, 0.0 ], [ 10.1518, 64.76366, 0.0 ], [ 12.556538, 64.209435, 0.0 ], [ 16.040836, 62.882427, 0.0 ], [ 20.263557, 60.912323, 0.0 ], [ 24.81142, 58.492138, 0.0 ], [ 29.239187, 55.858696, 0.0 ], [ 33.11359, 53.26978, 0.0 ], [ 36.05508, 50.978825, 0.0 ], [ 37.77602, 49.21012, 0.0 ]] 
boundary 0: [[ 36.364132, 82.62407, 0.0 ], [ 36.142326, 81.522675, 0.0 ], [ 34.6086, 79.58937, 0.0 ], [ 31.913128, 77.01351, 0.0 ], [ 28.319614, 74.046974, 0.0 ], [ 24.18001, 70.9804, 0.0 ], [ 19.899445, 68.113846, 0.0 ], [ 15.896917, 65.72793, 0.0 ], [ 12.564266, 64.05619, 0.0 ], [ 10.227699, 63.262318, 0.0 ], [ 9.115882, 63.42405, 0.0 ], [ 9.337705, 64.52532, 0.0 ], [ 10.871466, 66.45862, 0.0 ], [ 13.566966, 69.03463, 0.0 ], [ 17.160402, 72.00112, 0.0 ], [ 21.300026, 75.06759, 0.0 ], [ 25.580593, 77.93422, 0.0 ], [ 29.583096, 80.32011, 0.0 ], [ 32.915794, 81.991806, 0.0 ], [ 35.25235, 82.78569, 0.0 ]] 
boundary 1: [[ 36.364136, 45.375954, 0.0 ], [ 35.25235, 45.214355, 0.0 ], [ 32.915775, 46.00814, 0.0 ], [ 29.583088, 47.679893, 0.0 ], [ 25.580608, 50.06581, 0.0 ], [ 21.300018, 52.932373, 0.0 ], [ 17.160395, 55.998962, 0.0 ], [ 13.566959, 58.965385, 0.0 ], [ 10.871455, 61.541363, 0.0 ], [ 9.337702, 63.474617, 0.0 ], [ 9.115907, 64.5761, 0.0 ], [ 10.227709, 64.737724, 0.0 ], [ 12.564285, 63.9438, 0.0 ], [ 15.8969755, 62.272118, 0.0 ], [ 19.899452, 59.88616, 0.0 ], [ 24.180021, 57.01962, 0.0 ], [ 28.319603, 53.953014, 0.0 ], [ 31.913136, 50.986534, 0.0 ], [ 34.608547, 48.41058, 0.0 ], [ 36.142326, 46.47733, 0.0 ]] 
boundary 0: [[ 34.270294, 85.28743, 0.0 ], [ 34.164955, 84.16887, 0.0 ], [ 32.841946, 82.08568, 0.0 ], [ 30.430801, 79.24193, 0.0 ], [ 27.167414, 75.91567, 0.0 ], [ 23.371405, 72.43278, 0.0 ], [ 19.414284, 69.134056, 0.0 ], [ 15.683378, 66.34244, 0.0 ], [ 12.543945, 64.331154, 0.0 ], [ 10.303273, 63.297165, 0.0 ], [ 9.1806345, 63.34168, 0.0 ], [ 9.286007, 64.46011, 0.0 ], [ 10.609056, 66.54329, 0.0 ], [ 13.020222, 69.38719, 0.0 ], [ 16.28353, 72.71341, 0.0 ], [ 20.079575, 76.19618, 0.0 ], [ 24.036688, 79.49498, 0.0 ], [ 27.767565, 82.286575, 0.0 ], [ 30.907053, 84.2978, 0.0 ], [ 33.14772, 85.331825, 0.0 ]] 
boundary 1: [[ 34.270313, 42.712605, 0.0 ], [ 33.14772, 42.668224, 0.0 ], [ 30.907032, 43.70215, 0.0 ], [ 27.767557, 45.71343, 0.0 ], [ 24.036707, 48.50505, 0.0 ], [ 20.07956, 51.803776, 0.0 ], [ 16.283531, 55.28668, 0.0 ], [ 13.020216, 58.61282, 0.0 ], [ 10.609046, 61.45669, 0.0 ], [ 9.285998, 63.539833, 0.0 ], [ 9.1806755, 64.65848, 0.0 ], [ 10.303285, 64.70287, 0.0 ], [ 12.5439625, 63.66882, 0.0 ], [ 15.683439, 61.6576, 0.0 ], [ 19.414291, 58.86594, 0.0 ], [ 23.371422, 55.567238, 0.0 ], [ 27.167402, 52.084312, 0.0 ], [ 30.430813, 48.75811, 0.0 ], [ 32.841892, 45.914276, 0.0 ], [ 34.164955, 43.83114, 0.0 ]] 
boundary 0: [[ 32.087585, 87.55061, 0.0 ], [ 32.091385, 86.427124, 0.0 ], [ 30.976973, 84.22527, 0.0 ], [ 28.853436, 81.16077, 0.0 ], [ 25.928558, 77.53327, 0.0 ], [ 22.488796, 73.698135, 0.0 ], [ 18.870785, 70.030655, 0.0 ], [ 15.428671, 66.889854, 0.0 ], [ 12.499436, 64.58316, 0.0 ], [ 10.369789, 63.33642, 0.0 ], [ 9.248137, 63.27168, 0.0 ], [ 9.244376, 64.39506, 0.0 ], [ 10.358833, 66.5969, 0.0 ], [ 12.482369, 69.661545, 0.0 ], [ 15.407177, 73.28901, 0.0 ], [ 18.846992, 77.124016, 0.0 ], [ 22.464985, 80.79157, 0.0 ], [ 25.90707, 83.932335, 0.0 ], [ 28.836369, 86.23898, 0.0 ], [ 30.966003, 87.48578, 0.0 ]] 
boundary 1: [[ 32.08761, 40.449413, 0.0 ], [ 30.966011, 40.514286, 0.0 ], [ 28.836338, 41.760963, 0.0 ], [ 25.907066, 44.06766, 0.0 ], [ 22.465008, 47.208458, 0.0 ], [ 18.846968, 50.87594, 0.0 ], [ 15.407183, 54.711086, 0.0 ], [ 12.4823675, 58.338463, 0.0 ], [ 10.35882, 61.403088, 0.0 ], [ 9.244364, 63.60488, 0.0 ], [ 9.248192, 64.72847, 0.0 ], [ 10.369806, 64.66361, 0.0 ], [ 12.499453, 63.41682, 0.0 ], [ 15.428734, 61.110172, 0.0 ], [ 18.870792, 57.969334, 0.0 ], [ 22.488811, 54.301872, 0.0 ], [ 25.928547, 50.466717, 0.0 ], [ 28.853449, 46.839264, 0.0 ], [ 30.976913, 43.7747, 0.0 ], [ 32.091385, 41.57289, 0.0 ]] 
boundary 0: [[ 30.014038, 89.34181, 0.0 ], [ 30.112947, 88.22267, 0.0 ], [ 29.188961, 85.934395, 0.0 ], [ 27.33252, 82.70109, 0.0 ], [ 24.72528, 78.83896, 0.0 ], [ 21.622585, 74.72636, 0.0 ], [ 18.328087, 70.765724, 0.0 ], [ 15.164257, 67.34475, 0.0 ], [ 12.440846, 64.79833, 0.0 ], [ 10.424408, 63.375755, 0.0 ], [ 9.312263, 63.216286, 0.0 ], [ 9.213401, 64.335304, 0.0 ], [ 10.137428, 66.62361, 0.0 ], [ 11.993862, 69.85704, 0.0 ], [ 14.601036, 73.71912, 0.0 ], [ 17.703794, 77.831604, 0.0 ], [ 20.998268, 81.79231, 0.0 ], [ 24.16207, 85.21323, 0.0 ], [ 26.885551, 87.75961, 0.0 ], [ 28.901974, 89.18225, 0.0 ]] 
boundary 1: [[ 30.014063, 38.658203, 0.0 ], [ 28.901981, 38.817818, 0.0 ], [ 26.885517, 40.24033, 0.0 ], [ 24.162066, 42.786766, 0.0 ], [ 20.998295, 46.207718, 0.0 ], [ 17.703762, 50.168354, 0.0 ], [ 14.601046, 54.28098, 0.0 ], [ 11.99386, 58.14297, 0.0 ], [ 10.137415, 61.376392, 0.0 ], [ 9.213384, 63.66463, 0.0 ], [ 9.31233, 64.783875, 0.0 ], [ 10.424425, 64.624275, 0.0 ], [ 12.440861, 63.201653, 0.0 ], [ 15.164321, 60.65526, 0.0 ], [ 18.32809, 57.23427, 0.0 ], [ 21.6226, 53.273643, 0.0 ], [ 24.725267, 49.16102, 0.0 ], [ 27.332537, 45.298958, 0.0 ], [ 29.188902, 42.065598, 0.0 ], [ 30.11295, 39.777344, 0.0 ]] 
boundary 0: [[ 28.46729, 90.49405, 0.0 ], [ 28.632755, 89.382805, 0.0 ], [ 27.84685, 87.0435, 0.0 ], [ 26.186504, 83.70525, 0.0 ], [ 23.81418, 79.69454, 0.0 ], [ 20.962221, 75.40425, 0.0 ], [ 17.90974, 71.25424, 0.0 ], [ 14.955518, 67.650696, 0.0 ], [ 12.388786, 64.94642, 0.0 ], [ 10.460753, 63.40615, 0.0 ], [ 9.360098, 63.180653, 0.0 ], [ 9.194691, 64.29178, 0.0 ], [ 9.980629, 66.63112, 0.0 ], [ 11.640966, 69.96948, 0.0 ], [ 14.013224, 73.98014, 0.0 ], [ 16.865257, 78.27032, 0.0 ], [ 19.91771, 82.42042, 0.0 ], [ 22.8719, 86.02388, 0.0 ], [ 25.438713, 88.728134, 0.0 ], [ 27.366728, 90.26847, 0.0 ]] 
boundary 1: [[ 28.467318, 37.50596, 0.0 ], [ 27.366735, 37.731606, 0.0 ], [ 25.438675, 39.27181, 0.0 ], [ 22.871897, 41.976105, 0.0 ], [ 19.917736, 45.579605, 0.0 ], [ 16.865215, 49.729637, 0.0 ], [ 14.013241, 54.019955, 0.0 ], [ 11.640966, 58.030537, 0.0 ], [ 9.980617, 61.368885, 0.0 ], [ 9.194667, 63.708157, 0.0 ], [ 9.360174, 64.8195, 0.0 ], [ 10.460775, 64.59389, 0.0 ], [ 12.388798, 63.053555, 0.0 ], [ 14.955583, 60.349304, 0.0 ], [ 17.909744, 56.74576, 0.0 ], [ 20.962236, 52.59574, 0.0 ], [ 23.814167, 48.305435, 0.0 ], [ 26.186525, 44.294785, 0.0 ], [ 27.846788, 40.95649, 0.0 ], [ 28.632757, 38.617218, 0.0 ]] 
boundary 0: [[ 26.23119, 91.925285, 0.0 ], [ 26.487265, 90.831375, 0.0 ], [ 25.89593, 88.43548, 0.0 ], [ 24.515059, 84.97226, 0.0 ], [ 22.479776, 80.78044, 0.0 ], [ 19.989418, 76.27063, 0.0 ], [ 17.2877, 71.884186, 0.0 ], [ 14.639078, 68.05042, 0.0 ], [ 12.302862, 65.144684, 0.0 ], [ 10.507696, 63.45142, 0.0 ], [ 9.429252, 63.13639, 0.0 ], [ 9.173243, 64.2302, 0.0 ], [ 9.764608, 66.62613, 0.0 ], [ 11.145462, 70.08946, 0.0 ], [ 13.180683, 74.28121, 0.0 ], [ 15.671127, 78.79092, 0.0 ], [ 18.372808, 83.177444, 0.0 ], [ 21.021406, 87.01112, 0.0 ], [ 23.3577, 89.91685, 0.0 ], [ 25.152842, 91.61017, 0.0 ]] 
boundary 1: [[ 26.231218, 36.074722, 0.0 ], [ 25.152857, 36.389896, 0.0 ], [ 23.35766, 38.08309, 0.0 ], [ 21.021395, 40.988853, 0.0 ], [ 18.372837, 44.82258, 0.0 ], [ 15.6710825, 49.20904, 0.0 ], [ 13.180708, 53.71888, 0.0 ], [ 11.145465, 57.91057, 0.0 ], [ 9.764596, 61.37388, 0.0 ], [ 9.173212, 63.769745, 0.0 ], [ 9.429339, 64.86377, 0.0 ], [ 10.507722, 64.54861, 0.0 ], [ 12.302872, 62.855293, 0.0 ], [ 14.639141, 59.94958, 0.0 ], [ 17.287704, 56.115814, 0.0 ], [ 19.989433, 51.72936, 0.0 ], [ 22.479763, 47.219532, 0.0 ], [ 24.515081, 43.02778, 0.0 ], [ 25.895868, 39.56453, 0.0 ], [ 26.487268, 37.168655, 0.0 ]] 
boundary 0: [[ 26.552576, 91.735214, 0.0 ], [ 26.796001, 90.63843, 0.0 ], [ 26.17704, 88.24952, 0.0 ], [ 24.756268, 84.802475, 0.0 ], [ 22.672716, 80.63444, 0.0 ], [ 20.130445, 76.15369, 0.0 ], [ 17.378254, 71.79874, 0.0 ], [ 14.685537, 67.99581, 0.0 ], [ 12.315923, 65.11725, 0.0 ], [ 10.501323, 63.444824, 0.0 ], [ 9.4193125, 63.14227, 0.0 ], [ 9.175952, 64.23896, 0.0 ], [ 9.794946, 66.6279, 0.0 ], [ 11.215701, 70.07506, 0.0 ], [ 13.299191, 74.24303, 0.0 ], [ 15.841546, 78.72367, 0.0 ], [ 18.593702, 83.078705, 0.0 ], [ 21.286392, 86.881546, 0.0 ], [ 23.656086, 89.7601, 0.0 ], [ 25.470661, 91.43258, 0.0 ]] 
boundary 1: [[ 26.552605, 36.26479, 0.0 ], [ 25.470676, 36.56749, 0.0 ], [ 23.656048, 38.239838, 0.0 ], [ 21.286383, 41.11843, 0.0 ], [ 18.59373, 44.921318, 0.0 ], [ 15.841501, 49.276287, 0.0 ], [ 13.299215, 53.757065, 0.0 ], [ 11.215703, 57.924973, 0.0 ], [ 9.794933, 61.372105, 0.0 ], [ 9.175921, 63.760983, 0.0 ], [ 9.419398, 64.857895, 0.0 ], [ 10.5013485, 64.55521, 0.0 ], [ 12.315932, 62.882732, 0.0 ], [ 14.6856, 60.004192, 0.0 ], [ 17.378258, 56.201267, 0.0 ], [ 20.13046, 51.846302, 0.0 ], [ 22.672703, 47.365532, 0.0 ], [ 24.75629, 43.197563, 0.0 ], [ 26.17698, 39.75049, 0.0 ], [ 26.796005, 37.361603, 0.0 ]] 
boundary 0: [[ 29.622168, 89.64744, 0.0 ], [ 29.738268, 88.529976, 0.0 ], [ 28.84956, 86.22775, 0.0 ], [ 27.043041, 82.96628, 0.0 ], [ 24.495457, 79.06455, 0.0 ], [ 21.45634, 74.90474, 0.0 ], [ 18.223106, 70.89396, 0.0 ], [ 15.11223, 67.42476, 0.0 ], [ 12.428283, 64.83678, 0.0 ], [ 10.433943, 63.383377, 0.0 ], [ 9.324384, 63.206844, 0.0 ], [ 9.208335, 64.324196, 0.0 ], [ 10.09708, 66.626465, 0.0 ], [ 11.903597, 69.88802, 0.0 ], [ 14.451107, 73.7897, 0.0 ], [ 17.490295, 77.9494, 0.0 ], [ 20.723505, 81.96027, 0.0 ], [ 23.834349, 85.42938, 0.0 ], [ 26.518373, 88.01735, 0.0 ], [ 28.512693, 89.4708, 0.0 ]] 
boundary 1: [[ 29.622194, 38.352577, 0.0 ], [ 28.512705, 38.529255, 0.0 ], [ 26.51834, 39.982594, 0.0 ], [ 23.83434, 42.570583, 0.0 ], [ 20.72353, 46.039764, 0.0 ], [ 17.490255, 50.05056, 0.0 ], [ 14.45112, 54.21039, 0.0 ], [ 11.903598, 58.112, 0.0 ], [ 10.097067, 61.373566, 0.0 ], [ 9.208313, 63.67574, 0.0 ], [ 9.3244505, 64.79334, 0.0 ], [ 10.433963, 64.61665, 0.0 ], [ 12.428293, 63.163197, 0.0 ], [ 15.112292, 60.575253, 0.0 ], [ 18.223114, 57.10604, 0.0 ], [ 21.456362, 53.09525, 0.0 ], [ 24.495457, 48.935425, 0.0 ], [ 27.043058, 45.033752, 0.0 ], [ 28.849499, 41.77224, 0.0 ], [ 29.738272, 39.470062, 0.0 ]] 
boundary 0: [[ 32.41903, 87.23435, 0.0 ], [ 32.406914, 86.11092, 0.0 ], [ 31.261408, 83.925095, 0.0 ], [ 29.094683, 80.890976, 0.0 ], [ 26.118689, 77.30528, 0.0 ], [ 22.624939, 73.51925, 0.0 ], [ 18.955334, 69.90344, 0.0 ], [ 15.469059, 66.81171, 0.0 ], [ 12.507443, 64.54674, 0.0 ], [ 10.360343, 63.330303, 0.0 ], [ 9.23789, 63.281483, 0.0 ], [ 9.250044, 64.40476, 0.0 ], [ 10.395586, 66.590645, 0.0 ], [ 12.562326, 69.62485, 0.0 ], [ 15.538239, 73.21051, 0.0 ], [ 19.032051, 76.99643, 0.0 ], [ 22.701641, 80.61232, 0.0 ], [ 26.18787, 83.703964, 0.0 ], [ 29.149563, 85.96892, 0.0 ], [ 31.296646, 87.1854, 0.0 ]] 
boundary 1: [[ 32.419052, 40.76568, 0.0 ], [ 31.296654, 40.81465, 0.0 ], [ 29.149536, 42.03102, 0.0 ], [ 26.187859, 44.29599, 0.0 ], [ 22.701664, 47.387703, 0.0 ], [ 19.032013, 51.00354, 0.0 ], [ 15.538241, 54.78958, 0.0 ], [ 12.562326, 58.375153, 0.0 ], [ 10.395572, 61.409378, 0.0 ], [ 9.250029, 63.595158, 0.0 ], [ 9.237935, 64.71873, 0.0 ], [ 10.360361, 64.66973, 0.0 ], [ 12.507458, 63.45323, 0.0 ], [ 15.469122, 61.188313, 0.0 ], [ 18.955338, 58.096565, 0.0 ], [ 22.62496, 54.480743, 0.0 ], [ 26.118689, 50.694702, 0.0 ], [ 29.094688, 47.109077, 0.0 ], [ 31.261349, 44.074886, 0.0 ], [ 32.406914, 41.889114, 0.0 ]] 
boundary 0: [[ 35.808544, 83.38852, 0.0 ], [ 35.61903, 82.281136, 0.0 ], [ 34.142456, 80.303825, 0.0 ], [ 31.523432, 77.65028, 0.0 ], [ 28.018131, 74.58, 0.0 ], [ 23.969921, 71.39374, 0.0 ], [ 19.774963, 68.40334, 0.0 ], [ 15.843868, 65.90146, 0.0 ], [ 12.561499, 64.13303, 0.0 ], [ 10.249132, 63.27123, 0.0 ], [ 9.13307, 63.400425, 0.0 ], [ 9.322603, 64.50766, 0.0 ], [ 10.799221, 66.48502, 0.0 ], [ 13.418276, 69.13864, 0.0 ], [ 16.923492, 72.20891, 0.0 ], [ 20.971748, 75.39505, 0.0 ], [ 25.166704, 78.38554, 0.0 ], [ 29.097742, 80.887344, 0.0 ], [ 32.38018, 82.655716, 0.0 ], [ 34.692535, 83.51758, 0.0 ]] 
boundary 1: [[ 35.808567, 44.611507, 0.0 ], [ 34.69253, 44.482468, 0.0 ], [ 32.38016, 45.344208, 0.0 ], [ 29.097736, 47.112625, 0.0 ], [ 25.166718, 49.614494, 0.0 ], [ 20.971714, 52.604908, 0.0 ], [ 16.923483, 55.791176, 0.0 ], [ 13.418276, 58.86135, 0.0 ], [ 10.799205, 61.514988, 0.0 ], [ 9.322602, 63.492245, 0.0 ], [ 9.133082, 64.599785, 0.0 ], [ 10.249145, 64.72881, 0.0 ], [ 12.561522, 63.866936, 0.0 ], [ 15.843927, 62.09857, 0.0 ], [ 19.774967, 59.59667, 0.0 ], [ 23.969944, 56.606262, 0.0 ], [ 28.018133, 53.41999, 0.0 ], [ 31.523432, 50.349777, 0.0 ], [ 34.142403, 47.696148, 0.0 ], [ 35.61903, 45.718903, 0.0 ]] 
boundary 0: [[ 38.611656, 78.933044, 0.0 ], [ 38.244965, 77.87107, 0.0 ], [ 36.467117, 76.15956, 0.0 ], [ 33.452232, 73.96615, 0.0 ], [ 29.495193, 71.505325, 0.0 ], [ 24.983625, 69.01816, 0.0 ], [ 20.359035, 66.74807, 0.0 ], [ 16.074076, 64.917206, 0.0 ], [ 12.548258, 63.704826, 0.0 ], [ 10.126695, 63.229645, 0.0 ], [ 9.046387, 63.538223, 0.0 ], [ 9.413072, 64.60003, 0.0 ], [ 11.190971, 66.3116, 0.0 ], [ 14.205895, 68.50507, 0.0 ], [ 18.162853, 70.96589, 0.0 ], [ 22.674446, 73.452934, 0.0 ], [ 27.29905, 75.723114, 0.0 ], [ 31.583939, 77.55391, 0.0 ], [ 35.10982, 78.766235, 0.0 ], [ 37.53138, 79.24146, 0.0 ]] 
boundary 1: [[ 38.61167, 49.066994, 0.0 ], [ 37.531364, 48.75857, 0.0 ], [ 35.109825, 49.23368, 0.0 ], [ 31.583939, 50.446053, 0.0 ], [ 27.299057, 52.276928, 0.0 ], [ 22.67442, 54.547024, 0.0 ], [ 18.162825, 57.0342, 0.0 ], [ 14.205896, 59.49492, 0.0 ], [ 11.190951, 61.688416, 0.0 ], [ 9.413084, 63.39988, 0.0 ], [ 9.046366, 64.46199, 0.0 ], [ 10.126701, 64.77041, 0.0 ], [ 12.548284, 64.29516, 0.0 ], [ 16.074131, 63.08283, 0.0 ], [ 20.359035, 61.251938, 0.0 ], [ 24.983648, 58.98185, 0.0 ], [ 29.495201, 56.494667, 0.0 ], [ 33.452225, 54.033913, 0.0 ], [ 36.46708, 51.840405, 0.0 ], [ 38.244965, 50.128967, 0.0 ]] 
boundary 0: [[ 40.451077, 74.6822, 0.0 ], [ 39.93641, 73.68352, 0.0 ], [ 37.93226, 72.24358, 0.0 ], [ 34.63491, 70.503456, 0.0 ], [ 30.366856, 68.63326, 0.0 ], [ 25.546207, 66.81626, 0.0 ], [ 20.644722, 65.230225, 0.0 ], [ 16.14212, 64.03039, 0.0 ], [ 12.479254, 63.33423, 0.0 ], [ 10.01464, 63.209923, 0.0 ], [ 8.989507, 63.66969, 0.0 ], [ 9.504145, 64.66821, 0.0 ], [ 11.508353, 66.10818, 0.0 ], [ 14.805752, 67.84838, 0.0 ], [ 19.073715, 69.71855, 0.0 ], [ 23.894375, 71.53546, 0.0 ], [ 28.7959, 73.121574, 0.0 ], [ 33.29841, 74.32135, 0.0 ], [ 36.961334, 75.017456, 0.0 ], [ 39.42594, 75.14181, 0.0 ]] 
boundary 1: [[ 40.45109, 53.317837, 0.0 ], [ 39.425926, 52.85822, 0.0 ], [ 36.961357, 52.982468, 0.0 ], [ 33.298416, 53.67861, 0.0 ], [ 28.7959, 54.878464, 0.0 ], [ 23.894354, 56.46449, 0.0 ], [ 19.073677, 58.28152, 0.0 ], [ 14.805754, 60.151615, 0.0 ], [ 11.508331, 61.891827, 0.0 ], [ 9.5041685, 63.331703, 0.0 ], [ 8.989456, 64.33052, 0.0 ], [ 10.014638, 64.790146, 0.0 ], [ 12.47928, 64.66576, 0.0 ], [ 16.142174, 63.96965, 0.0 ], [ 20.644718, 62.76978, 0.0 ], [ 25.546228, 61.183758, 0.0 ], [ 30.36687, 59.366714, 0.0 ], [ 34.634895, 57.4966, 0.0 ], [ 37.93222, 55.756367, 0.0 ], [ 39.9364, 54.316517, 0.0 ]] 
boundary 0: [[ 41.41369, 71.37762, 0.0 ], [ 40.795776, 70.43931, 0.0 ], [ 38.649918, 69.22057, 0.0 ], [ 35.18628, 67.84081, 0.0 ], [ 30.743597, 66.4349, 0.0 ], [ 25.757114, 65.140656, 0.0 ], [ 20.714802, 64.084625, 0.0 ], [ 16.110172, 63.370213, 0.0 ], [ 12.394057, 63.067368, 0.0 ], [ 9.930193, 63.205753, 0.0 ], [ 8.959742, 63.77189, 0.0 ], [ 9.577607, 64.71005, 0.0 ], [ 11.723531, 65.92879, 0.0 ], [ 15.187231, 67.30865, 0.0 ], [ 19.629814, 68.71453, 0.0 ], [ 24.616299, 70.00869, 0.0 ], [ 29.658655, 71.0648, 0.0 ], [ 34.26319, 71.77914, 0.0 ], [ 37.97937, 72.08194, 0.0 ], [ 40.443222, 71.943596, 0.0 ]] 
boundary 1: [[ 41.413692, 56.622425, 0.0 ], [ 40.443207, 56.05643, 0.0 ], [ 37.979397, 55.91799, 0.0 ], [ 34.263206, 56.22082, 0.0 ], [ 29.65865, 56.935246, 0.0 ], [ 24.61628, 57.99125, 0.0 ], [ 19.629766, 59.28555, 0.0 ], [ 15.187231, 60.691364, 0.0 ], [ 11.723509, 62.071186, 0.0 ], [ 9.577641, 63.289867, 0.0 ], [ 8.959669, 64.22831, 0.0 ], [ 9.930183, 64.79433, 0.0 ], [ 12.394084, 64.93262, 0.0 ], [ 16.110218, 64.62983, 0.0 ], [ 20.714798, 63.915375, 0.0 ], [ 25.757133, 62.85938, 0.0 ], [ 30.743616, 61.565067, 0.0 ], [ 35.186253, 60.159245, 0.0 ], [ 38.649887, 58.779377, 0.0 ], [ 40.79577, 57.560738, 0.0 ]] 
boundary 0: [[ 41.76806, 69.65619, 0.0 ], [ 41.100082, 68.752846, 0.0 ], [ 38.89116, 67.6525, 0.0 ], [ 35.357666, 66.46298, 0.0 ], [ 30.845161, 65.300545, 0.0 ], [ 25.795723, 64.27918, 0.0 ], [ 20.70348, 63.498676, 0.0 ], [ 16.066828, 63.03552, 0.0 ], [ 12.339748, 62.935036, 0.0 ], [ 9.887042, 63.207096, 0.0 ], [ 8.948785, 63.825134, 0.0 ], [ 9.616715, 64.72833, 0.0 ], [ 11.825689, 65.82867, 0.0 ], [ 15.359251, 67.01828, 0.0 ], [ 19.871662, 68.180695, 0.0 ], [ 24.9211, 69.202, 0.0 ], [ 30.013393, 69.98257, 0.0 ], [ 34.649944, 70.445656, 0.0 ], [ 38.377083, 70.54608, 0.0 ], [ 40.82978, 70.27408, 0.0 ]] 
boundary 1: [[ 41.768066, 58.34385, 0.0 ], [ 40.829765, 57.72596, 0.0 ], [ 38.37712, 57.453846, 0.0 ], [ 34.64996, 57.554306, 0.0 ], [ 30.013386, 58.017487, 0.0 ], [ 24.921082, 58.797935, 0.0 ], [ 19.871605, 59.819378, 0.0 ], [ 15.35925, 60.98173, 0.0 ], [ 11.82567, 62.17131, 0.0 ], [ 9.616751, 63.271587, 0.0 ], [ 8.948701, 64.17509, 0.0 ], [ 9.887027, 64.792984, 0.0 ], [ 12.339776, 65.06495, 0.0 ], [ 16.066872, 64.96454, 0.0 ], [ 20.703476, 64.50132, 0.0 ], [ 25.795742, 63.720875, 0.0 ], [ 30.845182, 62.699413, 0.0 ], [ 35.357635, 61.537067, 0.0 ], [ 38.891136, 60.347443, 0.0 ], [ 41.100075, 59.247196, 0.0 ]] 
boundary 0: [[ 41.793888, 69.508865, 0.0 ], [ 41.121735, 68.60863, 0.0 ], [ 38.90775, 67.51849, 0.0 ], [ 35.368805, 66.34534, 0.0 ], [ 30.85096, 65.2038, 0.0 ], [ 25.79684, 64.20578, 0.0 ], [ 20.701046, 63.44886, 0.0 ], [ 16.062296, 63.007156, 0.0 ], [ 12.334795, 62.923912, 0.0 ], [ 9.883373, 63.207314, 0.0 ], [ 8.947987, 63.8297, 0.0 ], [ 9.620088, 64.72979, 0.0 ], [ 11.834128, 65.819885, 0.0 ], [ 15.373157, 66.99315, 0.0 ], [ 19.8909, 68.134674, 0.0 ], [ 24.945, 69.132614, 0.0 ], [ 30.040855, 69.8896, 0.0 ], [ 34.679504, 70.33127, 0.0 ], [ 38.40708, 70.41442, 0.0 ], [ 40.858475, 70.13109, 0.0 ]] 
boundary 1: [[ 41.79389, 58.49118, 0.0 ], [ 40.85846, 57.86896, 0.0 ], [ 38.40712, 57.585487, 0.0 ], [ 34.67952, 57.668716, 0.0 ], [ 30.040848, 58.110435, 0.0 ], [ 24.94498, 58.867325, 0.0 ], [ 19.890842, 59.8654, 0.0 ], [ 15.373155, 61.00686, 0.0 ], [ 11.834109, 62.180084, 0.0 ], [ 9.620125, 63.270134, 0.0 ], [ 8.947902, 64.170555, 0.0 ], [ 9.883358, 64.79276, 0.0 ], [ 12.334822, 65.07607, 0.0 ], [ 16.062338, 64.9929, 0.0 ], [ 20.701042, 64.55116, 0.0 ], [ 25.796862, 63.794254, 0.0 ], [ 30.85098, 62.79617, 0.0 ], [ 35.368774, 61.65471, 0.0 ], [ 38.907726, 60.481438, 0.0 ], [ 41.121727, 59.391426, 0.0 ]] 
boundary 0: [[ 41.63562, 70.35669, 0.0 ], [ 40.987717, 69.43883, 0.0 ], [ 38.80359, 68.29003, 0.0 ], [ 35.2972, 67.02291, 0.0 ], [ 30.811405, 65.76127, 0.0 ], [ 25.785707, 64.628815, 0.0 ], [ 20.71191, 63.73625, 0.0 ], [ 16.086597, 63.170982, 0.0 ], [ 12.362643, 62.988346, 0.0 ], [ 9.904534, 63.206264, 0.0 ], [ 8.952879, 63.803482, 0.0 ], [ 9.600735, 64.72117, 0.0 ], [ 11.784911, 65.869934, 0.0 ], [ 15.291388, 67.13718, 0.0 ], [ 19.77708, 68.39879, 0.0 ], [ 24.802757, 69.531166, 0.0 ], [ 29.87662, 70.42381, 0.0 ], [ 34.501842, 70.98903, 0.0 ], [ 38.225864, 71.17158, 0.0 ], [ 40.683952, 70.953735, 0.0 ]] 
boundary 1: [[ 41.63562, 57.643364, 0.0 ], [ 40.683937, 57.046318, 0.0 ], [ 38.225895, 56.828323, 0.0 ], [ 34.501858, 57.01094, 0.0 ], [ 29.876612, 57.57622, 0.0 ], [ 24.802736, 58.468758, 0.0 ], [ 19.777023, 59.601284, 0.0 ], [ 15.291386, 60.86284, 0.0 ], [ 11.784892, 62.130035, 0.0 ], [ 9.600769, 63.278744, 0.0 ], [ 8.952802, 64.196785, 0.0 ], [ 9.904521, 64.793816, 0.0 ], [ 12.36267, 65.011635, 0.0 ], [ 16.08664, 64.82907, 0.0 ], [ 20.711906, 64.26377, 0.0 ], [ 25.785727, 63.37122, 0.0 ], [ 30.811426, 62.23868, 0.0 ], [ 35.29717, 60.977135, 0.0 ], [ 38.803566, 59.70989, 0.0 ], [ 40.98771, 58.561214, 0.0 ]] 
boundary 0: [[ 41.234474, 72.10441, 0.0 ], [ 40.63844, 71.15204, 0.0 ], [ 38.521366, 69.883934, 0.0 ], [ 35.090607, 68.424355, 0.0 ], [ 30.681656, 66.91599, 0.0 ], [ 25.726467, 65.50667, 0.0 ], [ 20.709957, 64.3342, 0.0 ], [ 16.123093, 63.513374, 0.0 ], [ 12.41499, 63.124577, 0.0 ], [ 9.948582, 63.205875, 0.0 ], [ 8.965281, 63.74943, 0.0 ], [ 9.561266, 64.70162, 0.0 ], [ 11.6784, 65.96971, 0.0 ], [ 15.109232, 67.4294, 0.0 ], [ 19.518082, 68.93775, 0.0 ], [ 24.473255, 70.34698, 0.0 ], [ 29.489832, 71.51954, 0.0 ], [ 34.076603, 72.3403, 0.0 ], [ 37.784782, 72.72902, 0.0 ], [ 40.251167, 72.64777, 0.0 ]] 
boundary 1: [[ 41.23448, 55.895645, 0.0 ], [ 40.251152, 55.352272, 0.0 ], [ 37.7848, 55.270878, 0.0 ], [ 34.07662, 55.659668, 0.0 ], [ 29.489824, 56.480488, 0.0 ], [ 24.473228, 57.652946, 0.0 ], [ 19.518024, 59.06234, 0.0 ], [ 15.109231, 60.57062, 0.0 ], [ 11.678378, 62.03027, 0.0 ], [ 9.5612955, 63.29829, 0.0 ], [ 8.965219, 64.25083, 0.0 ], [ 9.948572, 64.794205, 0.0 ], [ 12.415017, 64.87541, 0.0 ], [ 16.123135, 64.48667, 0.0 ], [ 20.709953, 63.665825, 0.0 ], [ 25.726486, 62.493374, 0.0 ], [ 30.681675, 61.083965, 0.0 ], [ 35.090584, 59.57567, 0.0 ], [ 38.521336, 58.115993, 0.0 ], [ 40.63844, 56.848, 0.0 ]] 
boundary 0: [[ 40.560852, 74.36331, 0.0 ], [ 40.03578, 73.37005, 0.0 ], [ 38.01673, 71.951065, 0.0 ], [ 34.70143, 70.24541, 0.0 ], [ 30.414076, 68.41985, 0.0 ], [ 25.574732, 66.65327, 0.0 ], [ 20.656979, 65.11842, 0.0 ], [ 16.142097, 63.96562, 0.0 ], [ 12.472174, 63.3077, 0.0 ], [ 10.006396, 63.20909, 0.0 ], [ 8.986109, 63.679565, 0.0 ], [ 9.511139, 64.67265, 0.0 ], [ 11.530261, 66.09161, 0.0 ], [ 14.845629, 67.79738, 0.0 ], [ 19.132872, 69.62293, 0.0 ], [ 23.97221, 71.38941, 0.0 ], [ 28.89003, 72.92435, 0.0 ], [ 33.40482, 74.07709, 0.0 ], [ 37.074825, 74.73492, 0.0 ], [ 39.540573, 74.83359, 0.0 ]] 
boundary 1: [[ 40.560867, 53.636753, 0.0 ], [ 39.540558, 53.16647, 0.0 ], [ 37.07483, 53.264973, 0.0 ], [ 33.404835, 53.922894, 0.0 ], [ 28.890024, 55.075695, 0.0 ], [ 23.972178, 56.61052, 0.0 ], [ 19.13282, 58.377174, 0.0 ], [ 14.845633, 60.202644, 0.0 ], [ 11.530237, 61.908367, 0.0 ], [ 9.511162, 63.32726, 0.0 ], [ 8.986065, 64.32068, 0.0 ], [ 10.0063925, 64.790985, 0.0 ], [ 12.4721985, 64.692276, 0.0 ], [ 16.142143, 64.03443, 0.0 ], [ 20.656975, 62.881588, 0.0 ], [ 25.574757, 61.346783, 0.0 ], [ 30.414095, 59.58011, 0.0 ], [ 34.70141, 57.754612, 0.0 ], [ 38.016693, 56.04887, 0.0 ], [ 40.035797, 54.63001, 0.0 ]] 
boundary 0: [[ 39.513412, 77.05612, 0.0 ], [ 39.079113, 76.01994, 0.0 ], [ 37.194798, 74.426384, 0.0 ], [ 34.045, 72.43157, 0.0 ], [ 29.93773, 70.230576, 0.0 ], [ 25.275417, 68.03902, 0.0 ], [ 20.514317, 66.07127, 0.0 ], [ 16.120375, 64.52003, 0.0 ], [ 12.52384, 63.537113, 0.0 ], [ 10.076711, 63.21877, 0.0 ], [ 9.0184965, 63.596287, 0.0 ], [ 9.452775, 64.63228, 0.0 ], [ 11.337162, 66.22582, 0.0 ], [ 14.487017, 68.22074, 0.0 ], [ 18.594172, 70.42175, 0.0 ], [ 23.256493, 72.61318, 0.0 ], [ 28.017647, 74.58102, 0.0 ], [ 32.41149, 76.132195, 0.0 ], [ 36.00812, 77.11502, 0.0 ], [ 38.455223, 77.433426, 0.0 ]] 
boundary 1: [[ 39.513428, 50.943947, 0.0 ], [ 38.455215, 50.56663, 0.0 ], [ 36.008114, 50.884857, 0.0 ], [ 32.411507, 51.867775, 0.0 ], [ 28.017643, 53.41903, 0.0 ], [ 23.256454, 55.386745, 0.0 ], [ 18.594128, 57.578373, 0.0 ], [ 14.4870205, 59.77928, 0.0 ], [ 11.337137, 61.774162, 0.0 ], [ 9.45279, 63.367634, 0.0 ], [ 9.018476, 64.40397, 0.0 ], [ 10.076713, 64.7813, 0.0 ], [ 12.523863, 64.46287, 0.0 ], [ 16.120426, 63.480026, 0.0 ], [ 20.514317, 61.928734, 0.0 ], [ 25.275444, 59.961037, 0.0 ], [ 29.937746, 57.769394, 0.0 ], [ 34.044975, 55.56846, 0.0 ], [ 37.19475, 53.573563, 0.0 ], [ 39.07913, 51.98011, 0.0 ]] 
boundary 0: [[ 38.107433, 79.86388, 0.0 ], [ 37.77569, 78.79047, 0.0 ], [ 36.054848, 77.02164, 0.0 ], [ 33.113403, 74.73068, 0.0 ], [ 29.239012, 72.14166, 0.0 ], [ 24.811266, 69.50819, 0.0 ], [ 20.263496, 67.08788, 0.0 ], [ 16.040752, 65.11773, 0.0 ], [ 12.556524, 63.79058, 0.0 ], [ 10.151815, 63.236366, 0.0 ], [ 9.061971, 63.509445, 0.0 ], [ 9.393707, 64.582695, 0.0 ], [ 11.114633, 66.3515, 0.0 ], [ 14.05612, 68.64255, 0.0 ], [ 17.930405, 71.23158, 0.0 ], [ 22.358166, 73.86494, 0.0 ], [ 26.90598, 76.28534, 0.0 ], [ 31.128635, 78.25542, 0.0 ], [ 34.61296, 79.58247, 0.0 ], [ 37.017647, 80.13676, 0.0 ]] 
boundary 1: [[ 38.10746, 48.13619, 0.0 ], [ 37.01764, 47.863297, 0.0 ], [ 34.612946, 48.417397, 0.0 ], [ 31.128649, 49.74456, 0.0 ], [ 26.90598, 51.714706, 0.0 ], [ 22.35812, 54.134995, 0.0 ], [ 17.93037, 56.768547, 0.0 ], [ 14.056126, 59.357468, 0.0 ], [ 11.114606, 61.64849, 0.0 ], [ 9.393715, 63.417233, 0.0 ], [ 9.061976, 64.4908, 0.0 ], [ 10.151825, 64.76371, 0.0 ], [ 12.556544, 64.2094, 0.0 ], [ 16.04081, 62.88232, 0.0 ], [ 20.263498, 60.91212, 0.0 ], [ 24.8113, 58.491863, 0.0 ], [ 29.239021, 55.858303, 0.0 ], [ 33.113396, 53.269344, 0.0 ], [ 36.054794, 50.978317, 0.0 ], [ 37.77572, 49.209587, 0.0 ]] 
boundary 0: [[ 36.36373, 82.62461, 0.0 ], [ 36.14193, 81.523224, 0.0 ], [ 34.60828, 79.58986, 0.0 ], [ 31.912895, 77.01391, 0.0 ], [ 28.319393, 74.047325, 0.0 ], [ 24.179836, 70.98069, 0.0 ], [ 19.899376, 68.114044, 0.0 ], [ 15.896873, 65.72803, 0.0 ], [ 12.56427, 64.05622, 0.0 ], [ 10.227721, 63.262295, 0.0 ], [ 9.1158905, 63.42406, 0.0 ], [ 9.337689, 64.52529, 0.0 ], [ 10.871435, 66.458664, 0.0 ], [ 13.566849, 69.0347, 0.0 ], [ 17.160248, 72.001305, 0.0 ], [ 21.299828, 75.0678, 0.0 ], [ 25.580322, 77.93455, 0.0 ], [ 29.582743, 80.32048, 0.0 ], [ 32.91545, 81.9922, 0.0 ], [ 35.25197, 82.786194, 0.0 ]] 
boundary 1: [[ 36.36376, 45.375435, 0.0 ], [ 35.25197, 45.21386, 0.0 ], [ 32.915432, 46.00767, 0.0 ], [ 29.582754, 47.67949, 0.0 ], [ 25.58033, 50.06549, 0.0 ], [ 21.299776, 52.932137, 0.0 ], [ 17.16022, 55.998848, 0.0 ], [ 13.5668545, 58.96532, 0.0 ], [ 10.871408, 61.54134, 0.0 ], [ 9.337689, 63.47463, 0.0 ], [ 9.115924, 64.57619, 0.0 ], [ 10.227739, 64.73778, 0.0 ], [ 12.564287, 63.943764, 0.0 ], [ 15.8969345, 62.27202, 0.0 ], [ 19.899376, 59.885967, 0.0 ], [ 24.179874, 57.019356, 0.0 ], [ 28.319399, 53.952652, 0.0 ], [ 31.912895, 50.986126, 0.0 ], [ 34.608223, 48.41011, 0.0 ], [ 36.141968, 46.47683, 0.0 ]] 
boundary 0: [[ 34.26986, 85.28793, 0.0 ], [ 34.164505, 84.16936, 0.0 ], [ 32.841583, 82.08614, 0.0 ], [ 30.430527, 79.2423, 0.0 ], [ 27.16716, 75.916, 0.0 ], [ 23.3712, 72.43306, 0.0 ], [ 19.414192, 69.134254, 0.0 ], [ 15.683325, 66.34253, 0.0 ], [ 12.543944, 64.331184, 0.0 ], [ 10.303295, 63.29715, 0.0 ], [ 9.180643, 63.34169, 0.0 ], [ 9.2859955, 64.46008, 0.0 ], [ 10.609021, 66.543335, 0.0 ], [ 13.020097, 69.38724, 0.0 ], [ 16.283356, 72.71356, 0.0 ], [ 20.079353, 76.19638, 0.0 ], [ 24.036385, 79.49527, 0.0 ], [ 27.76718, 82.28691, 0.0 ], [ 30.906664, 84.29817, 0.0 ], [ 33.14728, 85.33229, 0.0 ]] 
boundary 1: [[ 34.26989, 42.712112, 0.0 ], [ 33.14728, 42.667767, 0.0 ], [ 30.90664, 43.70171, 0.0 ], [ 27.767187, 45.71306, 0.0 ], [ 24.036392, 48.50476, 0.0 ], [ 20.079294, 51.803566, 0.0 ], [ 16.283344, 55.286583, 0.0 ], [ 13.0201025, 58.612766, 0.0 ], [ 10.608997, 61.45668, 0.0 ], [ 9.285987, 63.539845, 0.0 ], [ 9.180701, 64.65856, 0.0 ], [ 10.303322, 64.70293, 0.0 ], [ 12.543961, 63.66878, 0.0 ], [ 15.68339, 61.6575, 0.0 ], [ 19.414192, 58.865753, 0.0 ], [ 23.371244, 55.56699, 0.0 ], [ 27.167162, 52.083984, 0.0 ], [ 30.43053, 48.757732, 0.0 ], [ 32.841522, 45.913826, 0.0 ], [ 34.16455, 43.830692, 0.0 ]] 
boundary 0: [[ 32.0871, 87.55107, 0.0 ], [ 32.09089, 86.42755, 0.0 ], [ 30.976562, 84.22571, 0.0 ], [ 28.853127, 81.16112, 0.0 ], [ 25.928274, 77.53357, 0.0 ], [ 22.488564, 73.69841, 0.0 ], [ 18.870674, 70.03084, 0.0 ], [ 15.428608, 66.889946, 0.0 ], [ 12.499433, 64.58319, 0.0 ], [ 10.369812, 63.336403, 0.0 ], [ 9.248145, 63.27169, 0.0 ], [ 9.244369, 64.39503, 0.0 ], [ 10.358791, 66.59694, 0.0 ], [ 12.482241, 69.66158, 0.0 ], [ 15.406986, 73.28914, 0.0 ], [ 18.846748, 77.12421, 0.0 ], [ 22.464653, 80.79183, 0.0 ], [ 25.906654, 83.93265, 0.0 ], [ 28.835945, 86.23934, 0.0 ], [ 30.965519, 87.486176, 0.0 ]] 
boundary 1: [[ 32.087135, 40.448975, 0.0 ], [ 30.965523, 40.513874, 0.0 ], [ 28.835907, 41.76056, 0.0 ], [ 25.906658, 44.067333, 0.0 ], [ 22.464664, 47.2082, 0.0 ], [ 18.846687, 50.87576, 0.0 ], [ 15.406988, 54.711006, 0.0 ], [ 12.482248, 58.338425, 0.0 ], [ 10.35877, 61.403076, 0.0 ], [ 9.244352, 63.604893, 0.0 ], [ 9.248225, 64.72855, 0.0 ], [ 10.369847, 64.663666, 0.0 ], [ 12.499447, 63.416782, 0.0 ], [ 15.428675, 61.110077, 0.0 ], [ 18.870674, 57.969154, 0.0 ], [ 22.488611, 54.301647, 0.0 ], [ 25.928274, 50.466408, 0.0 ], [ 28.853132, 46.838913, 0.0 ], [ 30.976501, 43.774273, 0.0 ], [ 32.090942, 41.572487, 0.0 ]] 
boundary 0: [[ 30.013517, 89.342224, 0.0 ], [ 30.112415, 88.223076, 0.0 ], [ 29.188517, 85.93477, 0.0 ], [ 27.332184, 82.70141, 0.0 ], [ 24.72497, 78.83925, 0.0 ], [ 21.622334, 74.72662, 0.0 ], [ 18.327957, 70.7659, 0.0 ], [ 15.164188, 67.34483, 0.0 ], [ 12.440842, 64.79836, 0.0 ], [ 10.424431, 63.37574, 0.0 ], [ 9.312269, 63.216297, 0.0 ], [ 9.213396, 64.33527, 0.0 ], [ 10.137384, 66.62364, 0.0 ], [ 11.99373, 69.85707, 0.0 ], [ 14.600834, 73.71923, 0.0 ], [ 17.703537, 77.831764, 0.0 ], [ 20.997921, 81.79254, 0.0 ], [ 24.161629, 85.2135, 0.0 ], [ 26.8851, 87.75994, 0.0 ], [ 28.901453, 89.1826, 0.0 ]] 
boundary 1: [[ 30.013554, 38.65782, 0.0 ], [ 28.901463, 38.81744, 0.0 ], [ 26.885054, 40.23996, 0.0 ], [ 24.161629, 42.78647, 0.0 ], [ 20.997932, 46.207493, 0.0 ], [ 17.703468, 50.168205, 0.0 ], [ 14.600847, 54.280914, 0.0 ], [ 11.99374, 58.142944, 0.0 ], [ 10.137365, 61.37638, 0.0 ], [ 9.213372, 63.664642, 0.0 ], [ 9.312372, 64.78395, 0.0 ], [ 10.424472, 64.62431, 0.0 ], [ 12.440852, 63.201614, 0.0 ], [ 15.164257, 60.655174, 0.0 ], [ 18.327957, 57.234104, 0.0 ], [ 21.622381, 53.273438, 0.0 ], [ 24.72497, 49.160736, 0.0 ], [ 27.33219, 45.298622, 0.0 ], [ 29.188454, 42.065212, 0.0 ], [ 30.112473, 39.776962, 0.0 ]] 
boundary 0: [[ 28.466751, 90.49444, 0.0 ], [ 28.632204, 89.38317, 0.0 ], [ 27.846382, 87.043846, 0.0 ], [ 26.18615, 83.70556, 0.0 ], [ 23.813854, 79.69483, 0.0 ], [ 20.961958, 75.40451, 0.0 ], [ 17.909601, 71.25439, 0.0 ], [ 14.955444, 67.65078, 0.0 ], [ 12.388779, 64.94645, 0.0 ], [ 10.460778, 63.406136, 0.0 ], [ 9.360102, 63.180664, 0.0 ], [ 9.194687, 64.29174, 0.0 ], [ 9.980584, 66.63115, 0.0 ], [ 11.640832, 69.969505, 0.0 ], [ 14.013016, 73.98025, 0.0 ], [ 16.864985, 78.27047, 0.0 ], [ 19.917347, 82.42062, 0.0 ], [ 22.871447, 86.02415, 0.0 ], [ 25.438242, 88.72842, 0.0 ], [ 27.366186, 90.26878, 0.0 ]] 
boundary 1: [[ 28.466787, 37.505615, 0.0 ], [ 27.366196, 37.73124, 0.0 ], [ 25.43819, 39.27148, 0.0 ], [ 22.871447, 41.97583, 0.0 ], [ 19.917358, 45.579407, 0.0 ], [ 16.864916, 49.729515, 0.0 ], [ 14.013039, 54.019894, 0.0 ], [ 11.640842, 58.030514, 0.0 ], [ 9.980566, 61.36888, 0.0 ], [ 9.194655, 63.708168, 0.0 ], [ 9.360222, 64.81958, 0.0 ], [ 10.460824, 64.593925, 0.0 ], [ 12.388786, 63.05352, 0.0 ], [ 14.955515, 60.349228, 0.0 ], [ 17.909601, 56.74561, 0.0 ], [ 20.96201, 52.595554, 0.0 ], [ 23.813854, 48.305176, 0.0 ], [ 26.18616, 44.29448, 0.0 ], [ 27.846317, 40.95614, 0.0 ], [ 28.632263, 38.61686, 0.0 ]] 
boundary 0: [[ 26.23062, 91.92563, 0.0 ], [ 26.48669, 90.83168, 0.0 ], [ 25.895435, 88.435776, 0.0 ], [ 24.514679, 84.97253, 0.0 ], [ 22.47943, 80.7807, 0.0 ], [ 19.989132, 76.270874, 0.0 ], [ 17.28755, 71.884315, 0.0 ], [ 14.638998, 68.0505, 0.0 ], [ 12.302853, 65.14471, 0.0 ], [ 10.507722, 63.451412, 0.0 ], [ 9.429255, 63.136402, 0.0 ], [ 9.173241, 64.23016, 0.0 ], [ 9.764561, 66.62615, 0.0 ], [ 11.145327, 70.08948, 0.0 ], [ 13.180466, 74.2813, 0.0 ], [ 15.670843, 78.79104, 0.0 ], [ 18.372429, 83.177635, 0.0 ], [ 21.020926, 87.01137, 0.0 ], [ 23.35721, 89.9171, 0.0 ], [ 25.152279, 91.61045, 0.0 ]] 
boundary 1: [[ 26.230658, 36.074425, 0.0 ], [ 25.152287, 36.38958, 0.0 ], [ 23.357151, 38.0828, 0.0 ], [ 21.020924, 40.98861, 0.0 ], [ 18.372452, 44.822388, 0.0 ], [ 15.670773, 49.208946, 0.0 ], [ 13.1805, 53.718838, 0.0 ], [ 11.145339, 57.91055, 0.0 ], [ 9.764545, 61.37388, 0.0 ], [ 9.173203, 63.769756, 0.0 ], [ 9.429394, 64.86383, 0.0 ], [ 10.5077715, 64.548645, 0.0 ], [ 12.302857, 62.85526, 0.0 ], [ 14.639069, 59.949505, 0.0 ], [ 17.28755, 56.115685, 0.0 ], [ 19.989187, 51.729195, 0.0 ], [ 22.47943, 47.219307, 0.0 ], [ 24.514694, 43.027504, 0.0 ], [ 25.89537, 39.56421, 0.0 ], [ 26.486755, 37.168343, 0.0 ]] 
