boundary 0: [[ 35.60721, 83.65451, 0.0 ], [ 35.429108, 82.54519, 0.0 ], [ 33.972996, 80.55281, 0.0 ], [ 31.381426, 77.87232, 0.0 ], [ 27.908083, 74.76608, 0.0 ], [ 23.89294, 71.538185, 0.0 ], [ 19.72905, 68.504654, 0.0 ], [ 15.823975, 65.96236, 0.0 ], [ 12.560007, 64.160194, 0.0 ], [ 10.256611, 63.274574, 0.0 ], [ 9.139296, 63.392117, 0.0 ], [ 9.317405, 64.50142, 0.0 ], [ 10.77353, 66.493835, 0.0 ], [ 13.365101, 69.174324, 0.0 ], [ 16.83846, 72.28055, 0.0 ], [ 20.853592, 75.50838, 0.0 ], [ 25.017477, 78.54199, 0.0 ], [ 28.922522, 81.0842, 0.0 ], [ 32.18651, 82.88646, 0.0 ], [ 34.4899, 83.77208, 0.0 ]] 
boundary 1: [[ 35.607216, 44.34552, 0.0 ], [ 34.489914, 44.227955, 0.0 ], [ 32.18651, 45.113564, 0.0 ], [ 28.922525, 46.91579, 0.0 ], [ 25.01748, 49.45802, 0.0 ], [ 20.853596, 52.491634, 0.0 ], [ 16.838457, 55.71947, 0.0 ], [ 13.365082, 58.82565, 0.0 ], [ 10.77351, 61.506157, 0.0 ], [ 9.317401, 63.498573, 0.0 ], [ 9.139284, 64.60787, 0.0 ], [ 10.256637, 64.725464, 0.0 ], [ 12.560001, 63.83979, 0.0 ], [ 15.823975, 62.03764, 0.0 ], [ 19.729046, 59.495327, 0.0 ], [ 23.892937, 56.46179, 0.0 ], [ 27.908085, 53.233902, 0.0 ], [ 31.381426, 50.127686, 0.0 ], [ 33.97301, 47.447197, 0.0 ], [ 35.429108, 45.454773, 0.0 ]] 
boundary 0: [[ 36.62809, 82.24382, 0.0 ], [ 36.39053, 81.14571, 0.0 ], [ 34.82927, 79.2346, 0.0 ], [ 32.09714, 76.697525, 0.0 ], [ 28.461617, 73.78277, 0.0 ], [ 24.278522, 70.77572, 0.0 ], [ 19.957355, 67.97076, 0.0 ], [ 15.921079, 65.64238, 0.0 ], [ 12.564822, 64.01855, 0.0 ], [ 10.217088, 63.258224, 0.0 ], [ 9.10772, 63.43575, 0.0 ], [ 9.345291, 64.53385, 0.0 ], [ 10.9065695, 66.444984, 0.0 ], [ 13.638687, 68.98207, 0.0 ], [ 17.274237, 71.896805, 0.0 ], [ 21.45732, 74.90378, 0.0 ], [ 25.778482, 77.70883, 0.0 ], [ 29.814722, 80.03711, 0.0 ], [ 33.171005, 81.66106, 0.0 ], [ 35.51873, 82.42139, 0.0 ]] 
boundary 1: [[ 36.62809, 45.756203, 0.0 ], [ 35.518738, 45.578667, 0.0 ], [ 33.171005, 46.338974, 0.0 ], [ 29.814726, 47.962875, 0.0 ], [ 25.778486, 50.291183, 0.0 ], [ 21.457323, 53.096222, 0.0 ], [ 17.274231, 56.103226, 0.0 ], [ 13.638671, 59.017902, 0.0 ], [ 10.906549, 61.555008, 0.0 ], [ 9.345287, 63.46614, 0.0 ], [ 9.107709, 64.56423, 0.0 ], [ 10.217112, 64.74182, 0.0 ], [ 12.564816, 63.981434, 0.0 ], [ 15.921079, 62.357616, 0.0 ], [ 19.957352, 60.02923, 0.0 ], [ 24.278519, 57.224255, 0.0 ], [ 28.46162, 54.21721, 0.0 ], [ 32.09714, 51.302483, 0.0 ], [ 34.829285, 48.765404, 0.0 ], [ 36.39053, 46.854256, 0.0 ]] 
boundary 0: [[ 37.93071, 80.17386, 0.0 ], [ 37.610832, 79.09685, 0.0 ], [ 35.90958, 77.30921, 0.0 ], [ 32.993492, 74.98591, 0.0 ], [ 29.148054, 72.35429, 0.0 ], [ 24.74964, 69.67202, 0.0 ], [ 20.228817, 67.20171, 0.0 ], [ 16.02809, 65.18508, 0.0 ], [ 12.558695, 63.819595, 0.0 ], [ 10.160206, 63.238895, 0.0 ], [ 9.067432, 63.49977, 0.0 ], [ 9.387325, 64.57675, 0.0 ], [ 11.088592, 66.364426, 0.0 ], [ 14.004665, 68.687744, 0.0 ], [ 17.850128, 71.31933, 0.0 ], [ 22.248531, 74.001526, 0.0 ], [ 26.769358, 76.47193, 0.0 ], [ 30.970036, 78.48845, 0.0 ], [ 34.43947, 79.85408, 0.0 ], [ 36.837944, 80.43477, 0.0 ]] 
boundary 1: [[ 37.93071, 47.826164, 0.0 ], [ 36.837944, 47.565285, 0.0 ], [ 34.43947, 48.145954, 0.0 ], [ 30.97004, 49.511528, 0.0 ], [ 26.769361, 51.52809, 0.0 ], [ 22.248535, 53.99848, 0.0 ], [ 17.850124, 56.680687, 0.0 ], [ 14.004652, 59.31223, 0.0 ], [ 11.088574, 61.635563, 0.0 ], [ 9.387321, 63.423218, 0.0 ], [ 9.067422, 64.50021, 0.0 ], [ 10.16023, 64.76115, 0.0 ], [ 12.558693, 64.180405, 0.0 ], [ 16.028091, 62.814903, 0.0 ], [ 20.228813, 60.79827, 0.0 ], [ 24.749636, 58.327946, 0.0 ], [ 29.148058, 55.64569, 0.0 ], [ 32.993492, 53.0141, 0.0 ], [ 35.909595, 50.690792, 0.0 ], [ 37.610832, 48.903122, 0.0 ]] 
boundary 0: [[ 39.286896, 77.55787, 0.0 ], [ 38.870285, 76.514465, 0.0 ], [ 37.013367, 74.88912, 0.0 ], [ 33.897873, 72.84094, 0.0 ], [ 29.828823, 70.570335, 0.0 ], [ 25.204483, 68.299614, 0.0 ], [ 20.477543, 66.25114, 0.0 ], [ 16.110666, 64.62531, 0.0 ], [ 12.531371, 63.581333, 0.0 ], [ 10.089974, 63.2214, 0.0 ], [ 9.025487, 63.580685, 0.0 ], [ 9.442099, 64.62406, 0.0 ], [ 11.299047, 66.249435, 0.0 ], [ 14.41452, 68.29763, 0.0 ], [ 18.48359, 70.56821, 0.0 ], [ 23.107908, 72.83885, 0.0 ], [ 27.834866, 74.88744, 0.0 ], [ 32.201675, 76.51315, 0.0 ], [ 35.78103, 77.55727, 0.0 ], [ 38.22241, 77.91718, 0.0 ]] 
boundary 1: [[ 39.286896, 50.442142, 0.0 ], [ 38.22241, 50.08287, 0.0 ], [ 35.78103, 50.442772, 0.0 ], [ 32.201683, 51.48682, 0.0 ], [ 27.834867, 53.1126, 0.0 ], [ 23.107912, 55.161163, 0.0 ], [ 18.483582, 57.43181, 0.0 ], [ 14.414514, 59.70233, 0.0 ], [ 11.29903, 61.750557, 0.0 ], [ 9.442099, 63.375904, 0.0 ], [ 9.025479, 64.4193, 0.0 ], [ 10.089995, 64.77865, 0.0 ], [ 12.531369, 64.41867, 0.0 ], [ 16.110674, 63.37468, 0.0 ], [ 20.477543, 61.748848, 0.0 ], [ 25.204483, 59.700344, 0.0 ], [ 29.828829, 57.42965, 0.0 ], [ 33.897873, 55.15906, 0.0 ], [ 37.013382, 53.110878, 0.0 ], [ 38.870285, 51.485504, 0.0 ]] 
boundary 0: [[ 40.39321, 74.846375, 0.0 ], [ 39.883904, 73.84494, 0.0 ], [ 37.887527, 72.39429, 0.0 ], [ 34.599495, 70.636375, 0.0 ], [ 30.341702, 68.74326, 0.0 ], [ 25.530876, 66.90026, 0.0 ], [ 20.637974, 65.287865, 0.0 ], [ 16.141907, 64.063835, 0.0 ], [ 12.482834, 63.347984, 0.0 ], [ 10.018886, 63.210426, 0.0 ], [ 8.991271, 63.664547, 0.0 ], [ 9.50058, 64.665955, 0.0 ], [ 11.496975, 66.116646, 0.0 ], [ 14.784985, 67.87454, 0.0 ], [ 19.042805, 69.76766, 0.0 ], [ 23.853607, 71.61057, 0.0 ], [ 28.746534, 73.22309, 0.0 ], [ 33.242516, 74.44702, 0.0 ], [ 36.901665, 75.16299, 0.0 ], [ 39.3656, 75.30053, 0.0 ]] 
boundary 1: [[ 40.39321, 53.153633, 0.0 ], [ 39.3656, 52.699516, 0.0 ], [ 36.901665, 52.83705, 0.0 ], [ 33.24253, 53.552963, 0.0 ], [ 28.746527, 54.77697, 0.0 ], [ 23.853603, 56.389435, 0.0 ], [ 19.042797, 58.23237, 0.0 ], [ 14.784986, 60.125404, 0.0 ], [ 11.496958, 61.88335, 0.0 ], [ 9.500581, 63.33402, 0.0 ], [ 8.991266, 64.33545, 0.0 ], [ 10.018902, 64.78963, 0.0 ], [ 12.482832, 64.65202, 0.0 ], [ 16.141914, 63.93616, 0.0 ], [ 20.637974, 62.712112, 0.0 ], [ 25.53088, 61.0997, 0.0 ], [ 30.341707, 59.25673, 0.0 ], [ 34.599495, 57.363613, 0.0 ], [ 37.88755, 55.605717, 0.0 ], [ 39.883904, 54.15502, 0.0 ]] 
boundary 0: [[ 41.10285, 72.59705, 0.0 ], [ 40.521896, 71.6354, 0.0 ], [ 38.425095, 70.33414, 0.0 ], [ 35.017647, 68.82061, 0.0 ], [ 30.633179, 67.242905, 0.0 ], [ 25.700804, 65.7555, 0.0 ], [ 20.70338, 64.50409, 0.0 ], [ 16.130041, 63.61107, 0.0 ], [ 12.42852, 63.163864, 0.0 ], [ 9.961102, 63.20629, 0.0 ], [ 8.969323, 63.734116, 0.0 ], [ 9.55028, 64.69573, 0.0 ], [ 11.647116, 65.99703, 0.0 ], [ 15.054523, 67.51057, 0.0 ], [ 19.439026, 69.08826, 0.0 ], [ 24.37137, 70.57556, 0.0 ], [ 29.368832, 71.827095, 0.0 ], [ 33.942078, 72.72003, 0.0 ], [ 37.643677, 73.167336, 0.0 ], [ 40.111084, 73.1249, 0.0 ]] 
boundary 1: [[ 41.10285, 55.40296, 0.0 ], [ 40.111076, 54.87514, 0.0 ], [ 37.643673, 54.83269, 0.0 ], [ 33.942093, 55.279964, 0.0 ], [ 29.368818, 56.17295, 0.0 ], [ 24.371367, 57.424446, 0.0 ], [ 19.439014, 58.91178, 0.0 ], [ 15.054531, 60.48939, 0.0 ], [ 11.647098, 62.002964, 0.0 ], [ 9.5502825, 63.30424, 0.0 ], [ 8.969318, 64.26588, 0.0 ], [ 9.96111, 64.79376, 0.0 ], [ 12.428518, 64.83615, 0.0 ], [ 16.130049, 64.388916, 0.0 ], [ 20.70338, 63.495895, 0.0 ], [ 25.700811, 62.24445, 0.0 ], [ 30.633188, 60.75708, 0.0 ], [ 35.017647, 59.17939, 0.0 ], [ 38.425117, 57.665863, 0.0 ], [ 40.521904, 56.364555, 0.0 ]] 
boundary 0: [[ 41.4738, 71.11671, 0.0 ], [ 40.84812, 70.183525, 0.0 ], [ 38.692245, 68.98265, 0.0 ], [ 35.21718, 67.6316, 0.0 ], [ 30.763147, 66.26254, 0.0 ], [ 25.766077, 65.00954, 0.0 ], [ 20.715168, 63.995323, 0.0 ], [ 16.104788, 63.319096, 0.0 ], [ 12.386286, 63.04705, 0.0 ], [ 9.923618, 63.205864, 0.0 ], [ 8.95785, 63.779896, 0.0 ], [ 9.583536, 64.71304, 0.0 ], [ 11.739441, 65.91394, 0.0 ], [ 15.21447, 67.265, 0.0 ], [ 19.668533, 68.63405, 0.0 ], [ 24.665565, 69.886955, 0.0 ], [ 29.716516, 70.901276, 0.0 ], [ 34.326805, 71.57744, 0.0 ], [ 38.045387, 71.84956, 0.0 ], [ 40.50804, 71.69076, 0.0 ]] 
boundary 1: [[ 41.4738, 56.88332, 0.0 ], [ 40.508034, 56.30929, 0.0 ], [ 38.04538, 56.15045, 0.0 ], [ 34.32682, 56.42257, 0.0 ], [ 29.7165, 57.098755, 0.0 ], [ 24.665562, 58.113052, 0.0 ], [ 19.668522, 59.36599, 0.0 ], [ 15.214481, 60.73495, 0.0 ], [ 11.739422, 62.086056, 0.0 ], [ 9.583541, 63.28694, 0.0 ], [ 8.957847, 64.22009, 0.0 ], [ 9.923627, 64.79418, 0.0 ], [ 12.386284, 64.952965, 0.0 ], [ 16.104795, 64.68089, 0.0 ], [ 20.715168, 64.004654, 0.0 ], [ 25.766085, 62.990414, 0.0 ], [ 30.763157, 61.737446, 0.0 ], [ 35.21718, 60.368393, 0.0 ], [ 38.69227, 59.01734, 0.0 ], [ 40.84813, 57.81643, 0.0 ]] 
boundary 0: [[ 41.605377, 70.506195, 0.0 ], [ 40.961792, 69.58526, 0.0 ], [ 38.783123, 68.42624, 0.0 ], [ 35.282616, 67.14256, 0.0 ], [ 30.802975, 65.859795, 0.0 ], [ 25.782623, 64.70354, 0.0 ], [ 20.713076, 63.78707, 0.0 ], [ 16.090485, 63.20002, 0.0 ], [ 12.367423, 62.999847, 0.0 ], [ 9.908281, 63.206203, 0.0 ], [ 8.953781, 63.798782, 0.0 ], [ 9.597374, 64.719666, 0.0 ], [ 11.776074, 65.8787, 0.0 ], [ 15.276548, 67.16236, 0.0 ], [ 19.75623, 68.44515, 0.0 ], [ 24.776527, 69.60132, 0.0 ], [ 29.84613, 70.51788, 0.0 ], [ 34.468616, 71.10487, 0.0 ], [ 38.19177, 71.30512, 0.0 ], [ 40.650894, 71.09877, 0.0 ]] 
boundary 1: [[ 41.605377, 57.493847, 0.0 ], [ 40.650887, 56.901264, 0.0 ], [ 38.19176, 56.694893, 0.0 ], [ 34.46863, 56.895138, 0.0 ], [ 29.846113, 57.48215, 0.0 ], [ 24.776524, 58.3987, 0.0 ], [ 19.756214, 59.554882, 0.0 ], [ 15.276562, 60.83755, 0.0 ], [ 11.776055, 62.121296, 0.0 ], [ 9.597379, 63.28032, 0.0 ], [ 8.953777, 64.20121, 0.0 ], [ 9.90829, 64.79386, 0.0 ], [ 12.367421, 65.00017, 0.0 ], [ 16.090494, 64.799965, 0.0 ], [ 20.713076, 64.212906, 0.0 ], [ 25.782633, 63.296402, 0.0 ], [ 30.802984, 62.140198, 0.0 ], [ 35.282616, 60.85742, 0.0 ], [ 38.783146, 59.57375, 0.0 ], [ 40.9618, 58.414696, 0.0 ]] 
boundary 0: [[ 41.582024, 70.61892, 0.0 ], [ 40.94172, 69.69569, 0.0 ], [ 38.76719, 68.528915, 0.0 ], [ 35.271275, 67.23277, 0.0 ], [ 30.796225, 65.934074, 0.0 ], [ 25.780022, 64.75995, 0.0 ], [ 20.713768, 63.82545, 0.0 ], [ 16.093296, 63.22193, 0.0 ], [ 12.370968, 63.008514, 0.0 ], [ 9.911106, 63.206127, 0.0 ], [ 8.954504, 63.795307, 0.0 ], [ 9.594812, 64.71844, 0.0 ], [ 11.769376, 65.88523, 0.0 ], [ 15.265259, 67.18135, 0.0 ], [ 19.740345, 68.48008, 0.0 ], [ 24.756493, 69.65411, 0.0 ], [ 29.822803, 70.58873, 0.0 ], [ 34.44317, 71.19216, 0.0 ], [ 38.165585, 71.40569, 0.0 ], [ 40.625443, 71.208084, 0.0 ]] 
boundary 1: [[ 41.582024, 57.381138, 0.0 ], [ 40.625435, 56.791954, 0.0 ], [ 38.165577, 56.594334, 0.0 ], [ 34.443184, 56.807846, 0.0 ], [ 29.822786, 57.411297, 0.0 ], [ 24.756489, 58.345898, 0.0 ], [ 19.74033, 59.51994, 0.0 ], [ 15.265272, 60.818558, 0.0 ], [ 11.769357, 62.114735, 0.0 ], [ 9.594817, 63.28151, 0.0 ], [ 8.9545, 64.20468, 0.0 ], [ 9.911115, 64.79397, 0.0 ], [ 12.370966, 64.99146, 0.0 ], [ 16.093304, 64.77805, 0.0 ], [ 20.713768, 64.17452, 0.0 ], [ 25.78003, 63.239994, 0.0 ], [ 30.796234, 62.06592, 0.0 ], [ 35.271275, 60.76721, 0.0 ], [ 38.767212, 59.471077, 0.0 ], [ 40.941727, 58.304268, 0.0 ]] 
boundary 0: [[ 41.44929, 71.22453, 0.0 ], [ 40.826817, 70.28918, 0.0 ], [ 38.675064, 69.080956, 0.0 ], [ 35.204636, 67.718, 0.0 ], [ 30.755302, 66.33374, 0.0 ], [ 25.762531, 65.06365, 0.0 ], [ 20.715136, 64.03219, 0.0 ], [ 16.107082, 63.34018, 0.0 ], [ 12.389532, 63.05544, 0.0 ], [ 9.92633, 63.205853, 0.0 ], [ 8.958609, 63.776573, 0.0 ], [ 9.5811, 64.711815, 0.0 ], [ 11.732892, 65.92008, 0.0 ], [ 15.203281, 67.283, 0.0 ], [ 19.652645, 68.6673, 0.0 ], [ 24.645359, 69.937294, 0.0 ], [ 29.692812, 70.96888, 0.0 ], [ 34.30076, 71.66078, 0.0 ], [ 38.018394, 71.945656, 0.0 ], [ 40.4816, 71.79524, 0.0 ]] 
boundary 1: [[ 41.44929, 56.775528, 0.0 ], [ 40.481598, 56.20479, 0.0 ], [ 38.018387, 56.054375, 0.0 ], [ 34.300774, 56.339222, 0.0 ], [ 29.692797, 57.031155, 0.0 ], [ 24.645355, 58.06272, 0.0 ], [ 19.65263, 59.33273, 0.0 ], [ 15.203295, 60.716908, 0.0 ], [ 11.732871, 62.079876, 0.0 ], [ 9.581103, 63.28813, 0.0 ], [ 8.958604, 64.22341, 0.0 ], [ 9.926343, 64.79424, 0.0 ], [ 12.389529, 64.94454, 0.0 ], [ 16.10709, 64.6598, 0.0 ], [ 20.715136, 63.96779, 0.0 ], [ 25.762539, 62.9363, 0.0 ], [ 30.75531, 61.666256, 0.0 ], [ 35.204636, 60.281975, 0.0 ], [ 38.675087, 58.919052, 0.0 ], [ 40.826824, 57.710762, 0.0 ]] 
boundary 0: [[ 41.209427, 72.20093, 0.0 ], [ 40.616337, 71.24668, 0.0 ], [ 38.50319, 69.97214, 0.0 ], [ 35.076836, 68.50195, 0.0 ], [ 30.67268, 66.979996, 0.0 ], [ 25.72181, 65.55529, 0.0 ], [ 20.708921, 64.3674, 0.0 ], [ 16.12461, 63.532455, 0.0 ], [ 12.417713, 63.132263, 0.0 ], [ 9.951022, 63.20602, 0.0 ], [ 8.966026, 63.746376, 0.0 ], [ 9.559138, 64.70053, 0.0 ], [ 11.672321, 65.975105, 0.0 ], [ 15.0986595, 67.44526, 0.0 ], [ 19.50283, 68.967224, 0.0 ], [ 24.453642, 70.39185, 0.0 ], [ 29.46658, 71.57987, 0.0 ], [ 34.050774, 72.4147, 0.0 ], [ 37.757774, 72.81502, 0.0 ], [ 40.224464, 72.74129, 0.0 ]] 
boundary 1: [[ 41.209435, 55.79912, 0.0 ], [ 40.224457, 55.258755, 0.0 ], [ 37.757767, 55.184998, 0.0 ], [ 34.05079, 55.58529, 0.0 ], [ 29.466564, 56.42016, 0.0 ], [ 24.453638, 57.60817, 0.0 ], [ 19.502815, 59.032795, 0.0 ], [ 15.098671, 60.55464, 0.0 ], [ 11.672299, 62.024853, 0.0 ], [ 9.55914, 63.29943, 0.0 ], [ 8.966021, 64.25361, 0.0 ], [ 9.951042, 64.79408, 0.0 ], [ 12.417709, 64.86772, 0.0 ], [ 16.124617, 64.46752, 0.0 ], [ 20.708921, 63.632572, 0.0 ], [ 25.721815, 62.44465, 0.0 ], [ 30.672688, 61.019985, 0.0 ], [ 35.076828, 59.49803, 0.0 ], [ 38.503212, 58.027866, 0.0 ], [ 40.616344, 56.753265, 0.0 ]] 
boundary 0: [[ 40.84977, 73.46694, 0.0 ], [ 40.296005, 72.48935, 0.0 ], [ 38.23648, 71.12986, 0.0 ], [ 34.8728, 69.521454, 0.0 ], [ 30.534227, 67.82153, 0.0 ], [ 25.64544, 66.19653, 0.0 ], [ 20.685045, 64.8056, 0.0 ], [ 16.138504, 63.784805, 0.0 ], [ 12.45097, 63.23409, 0.0 ], [ 9.983319, 63.2074, 0.0 ], [ 8.977147, 63.707222, 0.0 ], [ 9.530939, 64.68472, 0.0 ], [ 11.590502, 66.04424, 0.0 ], [ 14.954174, 67.65261, 0.0 ], [ 19.292757, 69.35253, 0.0 ], [ 24.181492, 70.97747, 0.0 ], [ 29.14193, 72.36851, 0.0 ], [ 33.688354, 73.389206, 0.0 ], [ 37.375984, 73.94006, 0.0 ], [ 39.843643, 73.966774, 0.0 ]] 
boundary 1: [[ 40.849777, 54.53311, 0.0 ], [ 39.843636, 54.03327, 0.0 ], [ 37.375977, 54.059963, 0.0 ], [ 33.688366, 54.610775, 0.0 ], [ 29.141914, 55.63152, 0.0 ], [ 24.181488, 57.022545, 0.0 ], [ 19.292742, 58.64747, 0.0 ], [ 14.95418, 60.347282, 0.0 ], [ 11.590479, 61.95572, 0.0 ], [ 9.53094, 63.315235, 0.0 ], [ 8.977141, 64.29277, 0.0 ], [ 9.983344, 64.79271, 0.0 ], [ 12.450966, 64.76589, 0.0 ], [ 16.138512, 64.21517, 0.0 ], [ 20.685045, 63.194347, 0.0 ], [ 25.64544, 61.803413, 0.0 ], [ 30.534235, 60.178448, 0.0 ], [ 34.87279, 58.478527, 0.0 ], [ 38.236504, 56.870136, 0.0 ], [ 40.296013, 55.510605, 0.0 ]] 
boundary 0: [[ 40.363365, 74.92987, 0.0 ], [ 39.856834, 73.927, 0.0 ], [ 37.864456, 72.47088, 0.0 ], [ 34.58126, 70.70397, 0.0 ], [ 30.328653, 68.79918, 0.0 ], [ 25.522877, 66.942986, 0.0 ], [ 20.634426, 65.317184, 0.0 ], [ 16.141706, 64.08083, 0.0 ], [ 12.484616, 63.35497, 0.0 ], [ 10.021043, 63.210686, 0.0 ], [ 8.992189, 63.661972, 0.0 ], [ 9.498756, 64.66477, 0.0 ], [ 11.491176, 66.1209, 0.0 ], [ 14.774358, 67.887794, 0.0 ], [ 19.026983, 69.79259, 0.0 ], [ 23.832708, 71.64869, 0.0 ], [ 28.721199, 73.27462, 0.0 ], [ 33.2138, 74.510864, 0.0 ], [ 36.870987, 75.23688, 0.0 ], [ 39.334557, 75.38119, 0.0 ]] 
boundary 1: [[ 40.36338, 53.070183, 0.0 ], [ 39.33455, 52.618866, 0.0 ], [ 36.87098, 52.763153, 0.0 ], [ 33.213814, 53.489117, 0.0 ], [ 28.721186, 54.725414, 0.0 ], [ 23.832705, 56.35131, 0.0 ], [ 19.026968, 58.207413, 0.0 ], [ 14.774361, 60.11211, 0.0 ], [ 11.49115, 61.879047, 0.0 ], [ 9.498756, 63.335186, 0.0 ], [ 8.992184, 64.338005, 0.0 ], [ 10.021073, 64.78943, 0.0 ], [ 12.4846115, 64.64501, 0.0 ], [ 16.141714, 63.919147, 0.0 ], [ 20.634422, 62.682762, 0.0 ], [ 25.522877, 61.056957, 0.0 ], [ 30.328661, 59.200813, 0.0 ], [ 34.581253, 57.29601, 0.0 ], [ 37.86448, 55.529118, 0.0 ], [ 39.856842, 54.072956, 0.0 ]] 
boundary 0: [[ 39.756428, 76.491295, 0.0 ], [ 39.302517, 75.46354, 0.0 ], [ 37.388237, 73.90617, 0.0 ], [ 34.20096, 71.97158, 0.0 ], [ 30.052715, 69.84908, 0.0 ], [ 25.349525, 67.74648, 0.0 ], [ 20.551844, 65.86966, 0.0 ], [ 16.129187, 64.40228, 0.0 ], [ 12.514603, 63.48797, 0.0 ], [ 10.061807, 63.21628, 0.0 ], [ 9.010961, 63.613678, 0.0 ], [ 9.464909, 64.64137, 0.0 ], [ 11.379235, 66.19874, 0.0 ], [ 14.566496, 68.13331, 0.0 ], [ 18.71476, 70.25581, 0.0 ], [ 23.4179, 72.35832, 0.0 ], [ 28.215612, 74.235275, 0.0 ], [ 32.638153, 75.70253, 0.0 ], [ 36.25283, 76.617004, 0.0 ], [ 38.705627, 76.88872, 0.0 ]] 
boundary 1: [[ 39.75645, 51.50876, 0.0 ], [ 38.70562, 51.111336, 0.0 ], [ 36.25283, 51.383026, 0.0 ], [ 32.63817, 52.297432, 0.0 ], [ 28.215603, 53.764767, 0.0 ], [ 23.417896, 55.641678, 0.0 ], [ 18.714745, 57.7442, 0.0 ], [ 14.566496, 59.866596, 0.0 ], [ 11.379208, 61.80121, 0.0 ], [ 9.464907, 63.35859, 0.0 ], [ 9.010954, 64.38631, 0.0 ], [ 10.061843, 64.78383, 0.0 ], [ 12.514594, 64.51201, 0.0 ], [ 16.129194, 63.597702, 0.0 ], [ 20.551838, 62.13028, 0.0 ], [ 25.349525, 60.253464, 0.0 ], [ 30.052723, 58.1509, 0.0 ], [ 34.200943, 56.028393, 0.0 ], [ 37.38826, 54.09382, 0.0 ], [ 39.302525, 52.536423, 0.0 ]] 
boundary 0: [[ 39.04171, 78.0766, 0.0 ], [ 38.643723, 77.02595, 0.0 ], [ 36.81594, 75.36791, 0.0 ], [ 33.737274, 73.26475, 0.0 ], [ 29.709145, 70.922295, 0.0 ], [ 25.125805, 68.569885, 0.0 ], [ 20.435963, 66.43784, 0.0 ], [ 16.098593, 64.73481, 0.0 ], [ 12.538399, 63.627487, 0.0 ], [ 10.103756, 63.224323, 0.0 ], [ 9.033066, 63.564644, 0.0 ], [ 9.431104, 64.615265, 0.0 ], [ 11.258934, 66.27329, 0.0 ], [ 14.337573, 68.37643, 0.0 ], [ 18.365726, 70.71888, 0.0 ], [ 22.949024, 73.071205, 0.0 ], [ 27.638885, 75.2034, 0.0 ], [ 31.97615, 76.906296, 0.0 ], [ 35.53643, 78.01377, 0.0 ], [ 37.97107, 78.41695, 0.0 ]] 
boundary 1: [[ 39.041756, 49.923443, 0.0 ], [ 37.97106, 49.583096, 0.0 ], [ 35.53643, 49.986267, 0.0 ], [ 31.976164, 51.09368, 0.0 ], [ 27.638878, 52.796654, 0.0 ], [ 22.949024, 54.9288, 0.0 ], [ 18.365711, 57.281136, 0.0 ], [ 14.337568, 59.623474, 0.0 ], [ 11.258902, 61.726658, 0.0 ], [ 9.4311, 63.3847, 0.0 ], [ 9.033056, 64.43534, 0.0 ], [ 10.103798, 64.77578, 0.0 ], [ 12.538385, 64.37249, 0.0 ], [ 16.0986, 63.26518, 0.0 ], [ 20.435955, 61.562103, 0.0 ], [ 25.125801, 59.43006, 0.0 ], [ 29.709152, 57.07768, 0.0 ], [ 33.73726, 54.735214, 0.0 ], [ 36.815964, 52.632088, 0.0 ], [ 38.64373, 50.974026, 0.0 ]] 
boundary 0: [[ 38.246784, 79.614, 0.0 ], [ 37.905582, 78.54357, 0.0 ], [ 36.169136, 76.79009, 0.0 ], [ 33.20742, 74.525215, 0.0 ], [ 29.310406, 71.970566, 0.0 ], [ 24.859512, 69.37628, 0.0 ], [ 20.290466, 66.99633, 0.0 ], [ 16.050442, 65.06366, 0.0 ], [ 12.5546, 63.767414, 0.0 ], [ 10.145017, 63.234554, 0.0 ], [ 9.05765, 63.517094, 0.0 ], [ 9.398902, 64.58751, 0.0 ], [ 11.135392, 66.340965, 0.0 ], [ 14.097084, 68.60583, 0.0 ], [ 17.994125, 71.16047, 0.0 ], [ 22.444984, 73.75467, 0.0 ], [ 27.014029, 76.13477, 0.0 ], [ 31.25397, 78.0673, 0.0 ], [ 34.749886, 79.3637, 0.0 ], [ 37.159466, 79.896576, 0.0 ]] 
boundary 1: [[ 38.24683, 48.38604, 0.0 ], [ 37.15946, 48.103462, 0.0 ], [ 34.749886, 48.636326, 0.0 ], [ 31.253977, 49.932667, 0.0 ], [ 27.014029, 51.865288, 0.0 ], [ 22.444984, 54.245327, 0.0 ], [ 17.99411, 56.83955, 0.0 ], [ 14.097074, 59.394077, 0.0 ], [ 11.135357, 61.658985, 0.0 ], [ 9.398894, 63.41246, 0.0 ], [ 9.05764, 64.482895, 0.0 ], [ 10.145065, 64.76553, 0.0 ], [ 12.5545845, 64.23255, 0.0 ], [ 16.05045, 62.936333, 0.0 ], [ 20.290459, 61.003605, 0.0 ], [ 24.859503, 58.62367, 0.0 ], [ 29.310411, 56.0294, 0.0 ], [ 33.207405, 53.474747, 0.0 ], [ 36.16916, 51.20989, 0.0 ], [ 37.90559, 49.45641, 0.0 ]] 
boundary 0: [[ 37.446693, 80.98422, 0.0 ], [ 37.158417, 79.89833, 0.0 ], [ 35.510086, 78.06178, 0.0 ], [ 32.663048, 75.65432, 0.0 ], [ 28.896057, 72.911575, 0.0 ], [ 24.57779, 70.102066, 0.0 ], [ 20.131, 67.50083, 0.0 ], [ 15.990896, 65.36247, 0.0 ], [ 12.562851, 63.896297, 0.0 ], [ 10.182314, 63.245857, 0.0 ], [ 9.082396, 63.474716, 0.0 ], [ 9.370723, 64.560585, 0.0 ], [ 11.019101, 66.39712, 0.0 ], [ 13.866117, 68.80454, 0.0 ], [ 17.633139, 71.5473, 0.0 ], [ 21.951372, 74.35672, 0.0 ], [ 26.398151, 76.95812, 0.0 ], [ 30.538181, 79.09632, 0.0 ], [ 33.966293, 80.56267, 0.0 ], [ 36.346825, 81.21312, 0.0 ]] 
boundary 1: [[ 37.446747, 47.01582, 0.0 ], [ 36.34682, 46.786934, 0.0 ], [ 33.966293, 47.437366, 0.0 ], [ 30.538189, 48.90365, 0.0 ], [ 26.398155, 51.041943, 0.0 ], [ 21.951372, 53.64327, 0.0 ], [ 17.633123, 56.452724, 0.0 ], [ 13.866103, 59.195354, 0.0 ], [ 11.019062, 61.602833, 0.0 ], [ 9.370713, 63.43939, 0.0 ], [ 9.082386, 64.525276, 0.0 ], [ 10.182367, 64.75422, 0.0 ], [ 12.562836, 64.10368, 0.0 ], [ 15.990904, 62.637524, 0.0 ], [ 20.130993, 60.499104, 0.0 ], [ 24.577778, 57.89789, 0.0 ], [ 28.896059, 55.08839, 0.0 ], [ 32.663033, 52.345642, 0.0 ], [ 35.51011, 49.938198, 0.0 ], [ 37.158424, 48.10165, 0.0 ]] 
boundary 0: [[ 36.697044, 82.14256, 0.0 ], [ 36.45536, 81.04535, 0.0 ], [ 34.88688, 79.14016, 0.0 ], [ 32.14514, 76.613434, 0.0 ], [ 28.498596, 73.71246, 0.0 ], [ 24.304123, 70.72128, 0.0 ], [ 19.972355, 67.93271, 0.0 ], [ 15.927254, 65.61966, 0.0 ], [ 12.56488, 64.008575, 0.0 ], [ 10.214262, 63.257168, 0.0 ], [ 9.10558, 63.43889, 0.0 ], [ 9.347319, 64.53607, 0.0 ], [ 10.915845, 66.44128, 0.0 ], [ 13.6575575, 68.967964, 0.0 ], [ 17.304138, 71.86892, 0.0 ], [ 21.49858, 74.860016, 0.0 ], [ 25.830326, 77.64876, 0.0 ], [ 29.875366, 79.961655, 0.0 ], [ 33.23781, 81.57292, 0.0 ], [ 35.58841, 82.324326, 0.0 ]] 
boundary 1: [[ 36.697098, 45.85748, 0.0 ], [ 35.58841, 45.675728, 0.0 ], [ 33.23781, 46.427124, 0.0 ], [ 29.875374, 48.038326, 0.0 ], [ 25.830334, 50.351303, 0.0 ], [ 21.49858, 53.139977, 0.0 ], [ 17.304123, 56.131096, 0.0 ], [ 13.657541, 59.03194, 0.0 ], [ 10.915802, 61.558693, 0.0 ], [ 9.347309, 63.4639, 0.0 ], [ 9.105571, 64.561104, 0.0 ], [ 10.214317, 64.742905, 0.0 ], [ 12.564865, 63.991398, 0.0 ], [ 15.927259, 62.380325, 0.0 ], [ 19.972347, 60.067226, 0.0 ], [ 24.304111, 57.27866, 0.0 ], [ 28.498596, 54.28749, 0.0 ], [ 32.145126, 51.38653, 0.0 ], [ 34.8869, 48.85982, 0.0 ], [ 36.455368, 46.95462, 0.0 ]] 
boundary 0: [[ 36.033516, 83.08481, 0.0 ], [ 35.831078, 81.979675, 0.0 ], [ 34.33149, 80.0198, 0.0 ], [ 31.681541, 77.39698, 0.0 ], [ 28.14069, 74.3679, 0.0 ], [ 24.055473, 71.22915, 0.0 ], [ 19.825829, 68.28797, 0.0 ], [ 15.865726, 65.832245, 0.0 ], [ 12.562907, 64.10235, 0.0 ], [ 10.240558, 63.26765, 0.0 ], [ 9.126103, 63.409737, 0.0 ], [ 9.328587, 64.51485, 0.0 ], [ 10.828222, 66.47475, 0.0 ], [ 13.478152, 69.09753, 0.0 ], [ 17.01904, 72.12659, 0.0 ], [ 21.104223, 75.26527, 0.0 ], [ 25.333836, 78.2066, 0.0 ], [ 29.293882, 80.662186, 0.0 ], [ 32.59677, 82.39225, 0.0 ], [ 34.919106, 83.22695, 0.0 ]] 
boundary 1: [[ 36.03357, 44.915234, 0.0 ], [ 34.919106, 44.77311, 0.0 ], [ 32.59677, 45.607796, 0.0 ], [ 29.29389, 47.3378, 0.0 ], [ 25.333849, 49.793457, 0.0 ], [ 21.104223, 52.734734, 0.0 ], [ 17.019024, 55.87343, 0.0 ], [ 13.478133, 58.902374, 0.0 ], [ 10.828179, 61.52523, 0.0 ], [ 9.328576, 63.485126, 0.0 ], [ 9.126094, 64.590256, 0.0 ], [ 10.240614, 64.73242, 0.0 ], [ 12.562889, 63.897625, 0.0 ], [ 15.865732, 62.16775, 0.0 ], [ 19.82582, 59.71197, 0.0 ], [ 24.055462, 56.770805, 0.0 ], [ 28.140688, 53.632057, 0.0 ], [ 31.681524, 50.60299, 0.0 ], [ 34.331512, 47.98018, 0.0 ], [ 35.831085, 46.02029, 0.0 ]] 
boundary 0: [[ 35.50539, 83.78685, 0.0 ], [ 35.333054, 82.676605, 0.0 ], [ 33.88726, 80.67673, 0.0 ], [ 31.309555, 77.98289, 0.0 ], [ 27.8523, 74.858734, 0.0 ], [ 23.853863, 71.610146, 0.0 ], [ 19.705685, 68.55515, 0.0 ], [ 15.813763, 65.99273, 0.0 ], [ 12.559156, 64.173744, 0.0 ], [ 10.260342, 63.276268, 0.0 ], [ 9.142437, 63.388023, 0.0 ], [ 9.314822, 64.49823, 0.0 ], [ 10.76066, 66.49816, 0.0 ], [ 13.338356, 69.191956, 0.0 ], [ 16.795643, 72.316086, 0.0 ], [ 20.794056, 75.5646, 0.0 ], [ 24.942196, 78.61976, 0.0 ], [ 28.834066, 81.182014, 0.0 ], [ 32.088737, 83.00119, 0.0 ], [ 34.387535, 83.89866, 0.0 ]] 
boundary 1: [[ 35.50545, 44.213184, 0.0 ], [ 34.387535, 44.101395, 0.0 ], [ 32.088737, 44.998863, 0.0 ], [ 28.834074, 46.81797, 0.0 ], [ 24.942211, 49.380295, 0.0 ], [ 20.794056, 52.435406, 0.0 ], [ 16.795628, 55.68393, 0.0 ], [ 13.338336, 58.807953, 0.0 ], [ 10.760616, 61.50183, 0.0 ], [ 9.314812, 63.501747, 0.0 ], [ 9.1424265, 64.61197, 0.0 ], [ 10.260398, 64.7238, 0.0 ], [ 12.559137, 63.826225, 0.0 ], [ 15.813768, 62.00726, 0.0 ], [ 19.705677, 59.444798, 0.0 ], [ 23.853851, 56.38981, 0.0 ], [ 27.852297, 53.141235, 0.0 ], [ 31.309538, 50.017082, 0.0 ], [ 33.887283, 47.323242, 0.0 ], [ 35.333057, 45.32334, 0.0 ]] 
boundary 0: [[ 35.60721, 83.65456, 0.0 ], [ 35.42914, 82.54522, 0.0 ], [ 33.97304, 80.552826, 0.0 ], [ 31.381462, 77.87234, 0.0 ], [ 27.908125, 74.766075, 0.0 ], [ 23.892967, 71.53817, 0.0 ], [ 19.729073, 68.50464, 0.0 ], [ 15.823973, 65.96234, 0.0 ], [ 12.560019, 64.16019, 0.0 ], [ 10.2566, 63.27459, 0.0 ], [ 9.139288, 63.392117, 0.0 ], [ 9.317403, 64.50142, 0.0 ], [ 10.773547, 66.49386, 0.0 ], [ 13.365116, 69.17431, 0.0 ], [ 16.838488, 72.28055, 0.0 ], [ 20.853619, 75.50837, 0.0 ], [ 25.017477, 78.54207, 0.0 ], [ 28.922525, 81.0842, 0.0 ], [ 32.186546, 82.88655, 0.0 ], [ 34.489944, 83.77214, 0.0 ]] 
boundary 1: [[ 35.60727, 44.345478, 0.0 ], [ 34.489944, 44.227917, 0.0 ], [ 32.186546, 45.113503, 0.0 ], [ 28.922533, 46.915783, 0.0 ], [ 25.017492, 49.45798, 0.0 ], [ 20.853619, 52.491634, 0.0 ], [ 16.838472, 55.71947, 0.0 ], [ 13.365097, 58.825603, 0.0 ], [ 10.773503, 61.506134, 0.0 ], [ 9.317392, 63.49856, 0.0 ], [ 9.139277, 64.60788, 0.0 ], [ 10.256657, 64.72548, 0.0 ], [ 12.559999, 63.839783, 0.0 ], [ 15.823978, 62.037647, 0.0 ], [ 19.729065, 59.49531, 0.0 ], [ 23.892956, 56.46178, 0.0 ], [ 27.908121, 53.233894, 0.0 ], [ 31.381445, 50.127632, 0.0 ], [ 33.973064, 47.44714, 0.0 ], [ 35.429146, 45.454727, 0.0 ]] 
boundary 0: [[ 36.628098, 82.243866, 0.0 ], [ 36.39056, 81.14573, 0.0 ], [ 34.829315, 79.23461, 0.0 ], [ 32.09718, 76.69753, 0.0 ], [ 28.461658, 73.78276, 0.0 ], [ 24.27855, 70.7757, 0.0 ], [ 19.957378, 67.97074, 0.0 ], [ 15.921076, 65.642365, 0.0 ], [ 12.564832, 64.01854, 0.0 ], [ 10.217078, 63.25824, 0.0 ], [ 9.107713, 63.43575, 0.0 ], [ 9.345289, 64.53385, 0.0 ], [ 10.906589, 66.445, 0.0 ], [ 13.638702, 68.982056, 0.0 ], [ 17.274263, 71.896805, 0.0 ], [ 21.457346, 74.90377, 0.0 ], [ 25.778488, 77.70891, 0.0 ], [ 29.814726, 80.03711, 0.0 ], [ 33.17105, 81.66113, 0.0 ], [ 35.51878, 82.42145, 0.0 ]] 
boundary 1: [[ 36.62816, 45.756165, 0.0 ], [ 35.518776, 45.57863, 0.0 ], [ 33.171043, 46.338917, 0.0 ], [ 29.814735, 47.962868, 0.0 ], [ 25.778502, 50.291145, 0.0 ], [ 21.457346, 53.096222, 0.0 ], [ 17.274246, 56.103226, 0.0 ], [ 13.638689, 59.017857, 0.0 ], [ 10.906545, 61.554985, 0.0 ], [ 9.345279, 63.46613, 0.0 ], [ 9.107703, 64.56424, 0.0 ], [ 10.217131, 64.74184, 0.0 ], [ 12.5648155, 63.981426, 0.0 ], [ 15.921082, 62.357624, 0.0 ], [ 19.95737, 60.029213, 0.0 ], [ 24.278538, 57.224247, 0.0 ], [ 28.461658, 54.217205, 0.0 ], [ 32.097168, 51.30243, 0.0 ], [ 34.829338, 48.76535, 0.0 ], [ 36.390568, 46.854218, 0.0 ]] 
boundary 0: [[ 37.93074, 80.173904, 0.0 ], [ 37.610863, 79.096855, 0.0 ], [ 35.909626, 77.30923, 0.0 ], [ 32.99353, 74.98591, 0.0 ], [ 29.148094, 72.35428, 0.0 ], [ 24.749666, 69.672005, 0.0 ], [ 20.228836, 67.20168, 0.0 ], [ 16.028086, 65.18507, 0.0 ], [ 12.558704, 63.819584, 0.0 ], [ 10.160198, 63.238914, 0.0 ], [ 9.067425, 63.49977, 0.0 ], [ 9.387323, 64.57675, 0.0 ], [ 11.0886135, 66.36444, 0.0 ], [ 14.004681, 68.68773, 0.0 ], [ 17.850155, 71.31933, 0.0 ], [ 22.248558, 74.00151, 0.0 ], [ 26.76937, 76.47201, 0.0 ], [ 30.97004, 78.48845, 0.0 ], [ 34.43952, 79.85416, 0.0 ], [ 36.83799, 80.43482, 0.0 ]] 
boundary 1: [[ 37.93078, 47.826126, 0.0 ], [ 36.83799, 47.565254, 0.0 ], [ 34.439507, 48.145893, 0.0 ], [ 30.970053, 49.51152, 0.0 ], [ 26.769377, 51.528053, 0.0 ], [ 22.248558, 53.99848, 0.0 ], [ 17.85014, 56.680687, 0.0 ], [ 14.004673, 59.312183, 0.0 ], [ 11.088573, 61.63554, 0.0 ], [ 9.387314, 63.423206, 0.0 ], [ 9.067416, 64.50022, 0.0 ], [ 10.160249, 64.76116, 0.0 ], [ 12.558691, 64.1804, 0.0 ], [ 16.028091, 62.81491, 0.0 ], [ 20.228832, 60.798256, 0.0 ], [ 24.749655, 58.327938, 0.0 ], [ 29.148096, 55.64569, 0.0 ], [ 32.99353, 53.014046, 0.0 ], [ 35.90965, 50.690742, 0.0 ], [ 37.61087, 48.90309, 0.0 ]] 
boundary 0: [[ 39.286926, 77.557915, 0.0 ], [ 38.870316, 76.514465, 0.0 ], [ 37.013412, 74.88914, 0.0 ], [ 33.89791, 72.84094, 0.0 ], [ 29.828861, 70.57032, 0.0 ], [ 25.20451, 68.2996, 0.0 ], [ 20.477558, 66.25111, 0.0 ], [ 16.110662, 64.6253, 0.0 ], [ 12.531378, 63.58132, 0.0 ], [ 10.089969, 63.22142, 0.0 ], [ 9.025479, 63.580685, 0.0 ], [ 9.442097, 64.62406, 0.0 ], [ 11.29907, 66.24945, 0.0 ], [ 14.4145355, 68.297615, 0.0 ], [ 18.483616, 70.56821, 0.0 ], [ 23.107935, 72.83884, 0.0 ], [ 27.83488, 74.8875, 0.0 ], [ 32.201683, 76.51315, 0.0 ], [ 35.78109, 77.557335, 0.0 ], [ 38.222458, 77.91724, 0.0 ]] 
boundary 1: [[ 39.286964, 50.442104, 0.0 ], [ 38.222454, 50.08284, 0.0 ], [ 35.781067, 50.442715, 0.0 ], [ 32.2017, 51.486816, 0.0 ], [ 27.834885, 53.11256, 0.0 ], [ 23.107935, 55.161163, 0.0 ], [ 18.483597, 57.43181, 0.0 ], [ 14.414537, 59.702293, 0.0 ], [ 11.299031, 61.750534, 0.0 ], [ 9.442091, 63.375893, 0.0 ], [ 9.025473, 64.419304, 0.0 ], [ 10.090011, 64.77866, 0.0 ], [ 12.531367, 64.41866, 0.0 ], [ 16.11067, 63.374687, 0.0 ], [ 20.477562, 61.748833, 0.0 ], [ 25.204502, 59.700336, 0.0 ], [ 29.828867, 57.42965, 0.0 ], [ 33.89791, 55.15901, 0.0 ], [ 37.013435, 53.11084, 0.0 ], [ 38.870323, 51.48548, 0.0 ]] 
boundary 0: [[ 40.39324, 74.84642, 0.0 ], [ 39.883934, 73.84494, 0.0 ], [ 37.88759, 72.3943, 0.0 ], [ 34.599533, 70.636375, 0.0 ], [ 30.34174, 68.74325, 0.0 ], [ 25.530897, 66.900246, 0.0 ], [ 20.637989, 65.287834, 0.0 ], [ 16.1419, 64.06382, 0.0 ], [ 12.4828415, 63.347973, 0.0 ], [ 10.018881, 63.210445, 0.0 ], [ 8.991263, 63.664547, 0.0 ], [ 9.500578, 64.665955, 0.0 ], [ 11.496998, 66.11666, 0.0 ], [ 14.785, 67.87453, 0.0 ], [ 19.042831, 69.767654, 0.0 ], [ 23.853626, 71.61055, 0.0 ], [ 28.746552, 73.22314, 0.0 ], [ 33.242523, 74.44702, 0.0 ], [ 36.901733, 75.16305, 0.0 ], [ 39.365646, 75.30058, 0.0 ]] 
boundary 1: [[ 40.39328, 53.153603, 0.0 ], [ 39.365646, 52.699497, 0.0 ], [ 36.901703, 52.837, 0.0 ], [ 33.242546, 53.552963, 0.0 ], [ 28.746552, 54.77693, 0.0 ], [ 23.853626, 56.38944, 0.0 ], [ 19.042812, 58.23237, 0.0 ], [ 14.785011, 60.125378, 0.0 ], [ 11.496959, 61.883327, 0.0 ], [ 9.500573, 63.334007, 0.0 ], [ 8.991257, 64.33545, 0.0 ], [ 10.018915, 64.78964, 0.0 ], [ 12.482832, 64.652016, 0.0 ], [ 16.14191, 63.93617, 0.0 ], [ 20.637997, 62.712105, 0.0 ], [ 25.5309, 61.099693, 0.0 ], [ 30.341745, 59.256733, 0.0 ], [ 34.59954, 57.36357, 0.0 ], [ 37.88761, 55.605686, 0.0 ], [ 39.88395, 54.155006, 0.0 ]] 
boundary 0: [[ 41.10289, 72.59709, 0.0 ], [ 40.521927, 71.63539, 0.0 ], [ 38.425156, 70.33415, 0.0 ], [ 35.017685, 68.820595, 0.0 ], [ 30.633217, 67.24289, 0.0 ], [ 25.700823, 65.75548, 0.0 ], [ 20.703392, 64.50406, 0.0 ], [ 16.130032, 63.611053, 0.0 ], [ 12.428528, 63.163853, 0.0 ], [ 9.961097, 63.20631, 0.0 ], [ 8.969316, 63.734116, 0.0 ], [ 9.550278, 64.69573, 0.0 ], [ 11.64714, 65.99704, 0.0 ], [ 15.054539, 67.51055, 0.0 ], [ 19.439053, 69.08825, 0.0 ], [ 24.371387, 70.57554, 0.0 ], [ 29.36885, 71.82714, 0.0 ], [ 33.942085, 72.72003, 0.0 ], [ 37.643753, 73.16739, 0.0 ], [ 40.11113, 73.124954, 0.0 ]] 
boundary 1: [[ 41.10293, 55.40293, 0.0 ], [ 40.111122, 54.87513, 0.0 ], [ 37.643715, 54.83264, 0.0 ], [ 33.94211, 55.279964, 0.0 ], [ 29.368845, 56.172913, 0.0 ], [ 24.371387, 57.42445, 0.0 ], [ 19.43903, 58.91178, 0.0 ], [ 15.054558, 60.48937, 0.0 ], [ 11.647101, 62.00294, 0.0 ], [ 9.550276, 63.304226, 0.0 ], [ 8.969309, 64.26588, 0.0 ], [ 9.9611225, 64.79378, 0.0 ], [ 12.428518, 64.83614, 0.0 ], [ 16.130045, 64.38892, 0.0 ], [ 20.703403, 63.495888, 0.0 ], [ 25.70083, 62.244442, 0.0 ], [ 30.633224, 60.757084, 0.0 ], [ 35.017704, 59.179356, 0.0 ], [ 38.42518, 57.66584, 0.0 ], [ 40.52195, 56.364555, 0.0 ]] 
boundary 0: [[ 41.47384, 71.11674, 0.0 ], [ 40.848152, 70.18352, 0.0 ], [ 38.692307, 68.98266, 0.0 ], [ 35.21721, 67.631584, 0.0 ], [ 30.763186, 66.26253, 0.0 ], [ 25.766092, 65.009514, 0.0 ], [ 20.71518, 63.995293, 0.0 ], [ 16.104776, 63.319084, 0.0 ], [ 12.386293, 63.04704, 0.0 ], [ 9.9236145, 63.205883, 0.0 ], [ 8.957843, 63.779896, 0.0 ], [ 9.583534, 64.71304, 0.0 ], [ 11.739464, 65.91395, 0.0 ], [ 15.214483, 67.264984, 0.0 ], [ 19.66856, 68.63403, 0.0 ], [ 24.66558, 69.886925, 0.0 ], [ 29.716537, 70.90132, 0.0 ], [ 34.326813, 71.57743, 0.0 ], [ 38.045464, 71.84961, 0.0 ], [ 40.508095, 71.6908, 0.0 ]] 
boundary 1: [[ 41.473877, 56.883293, 0.0 ], [ 40.50808, 56.309284, 0.0 ], [ 38.045425, 56.150406, 0.0 ], [ 34.326836, 56.42257, 0.0 ], [ 29.71653, 57.098717, 0.0 ], [ 24.66558, 58.11306, 0.0 ], [ 19.668537, 59.36599, 0.0 ], [ 15.214508, 60.73493, 0.0 ], [ 11.739428, 62.086033, 0.0 ], [ 9.583534, 63.286926, 0.0 ], [ 8.957837, 64.22009, 0.0 ], [ 9.923637, 64.7942, 0.0 ], [ 12.386284, 64.95296, 0.0 ], [ 16.104792, 64.6809, 0.0 ], [ 20.715195, 64.00465, 0.0 ], [ 25.766108, 62.99041, 0.0 ], [ 30.763193, 61.73745, 0.0 ], [ 35.21723, 60.368366, 0.0 ], [ 38.69233, 59.017326, 0.0 ], [ 40.848175, 57.81643, 0.0 ]] 
boundary 0: [[ 41.605423, 70.506226, 0.0 ], [ 40.961823, 69.58524, 0.0 ], [ 38.783184, 68.42625, 0.0 ], [ 35.28264, 67.14255, 0.0 ], [ 30.803013, 65.85978, 0.0 ], [ 25.782639, 64.703514, 0.0 ], [ 20.713083, 63.78704, 0.0 ], [ 16.090473, 63.20001, 0.0 ], [ 12.367431, 62.99984, 0.0 ], [ 9.9082775, 63.206223, 0.0 ], [ 8.9537735, 63.798782, 0.0 ], [ 9.597372, 64.719666, 0.0 ], [ 11.776097, 65.8787, 0.0 ], [ 15.276562, 67.162346, 0.0 ], [ 19.756256, 68.44514, 0.0 ], [ 24.776543, 69.60127, 0.0 ], [ 29.846151, 70.51793, 0.0 ], [ 34.468624, 71.104866, 0.0 ], [ 38.191845, 71.30517, 0.0 ], [ 40.650948, 71.098816, 0.0 ]] 
boundary 1: [[ 41.605453, 57.49382, 0.0 ], [ 40.650932, 56.901257, 0.0 ], [ 38.191807, 56.694847, 0.0 ], [ 34.468647, 56.895138, 0.0 ], [ 29.846144, 57.482113, 0.0 ], [ 24.776543, 58.39871, 0.0 ], [ 19.75623, 59.554882, 0.0 ], [ 15.27659, 60.83753, 0.0 ], [ 11.776061, 62.121273, 0.0 ], [ 9.597372, 63.280304, 0.0 ], [ 8.953768, 64.20121, 0.0 ], [ 9.9083, 64.79388, 0.0 ], [ 12.367421, 65.00016, 0.0 ], [ 16.090488, 64.79997, 0.0 ], [ 20.713102, 64.2129, 0.0 ], [ 25.782656, 63.2964, 0.0 ], [ 30.80302, 62.1402, 0.0 ], [ 35.28267, 60.8574, 0.0 ], [ 38.783207, 59.573734, 0.0 ], [ 40.961845, 58.414707, 0.0 ]] 
boundary 0: [[ 41.58207, 70.61895, 0.0 ], [ 40.94175, 69.69567, 0.0 ], [ 38.76725, 68.52892, 0.0 ], [ 35.271297, 67.23276, 0.0 ], [ 30.796263, 65.93406, 0.0 ], [ 25.780037, 64.759926, 0.0 ], [ 20.713776, 63.82542, 0.0 ], [ 16.093285, 63.22192, 0.0 ], [ 12.3709755, 63.008507, 0.0 ], [ 9.911102, 63.206146, 0.0 ], [ 8.954496, 63.795307, 0.0 ], [ 9.5948105, 64.71844, 0.0 ], [ 11.769399, 65.88523, 0.0 ], [ 15.265272, 67.181335, 0.0 ], [ 19.740372, 68.480064, 0.0 ], [ 24.756508, 69.65407, 0.0 ], [ 29.822824, 70.588776, 0.0 ], [ 34.443176, 71.192154, 0.0 ], [ 38.16566, 71.40574, 0.0 ], [ 40.625496, 71.20813, 0.0 ]] 
boundary 1: [[ 41.5821, 57.38111, 0.0 ], [ 40.62548, 56.791946, 0.0 ], [ 38.165623, 56.594288, 0.0 ], [ 34.4432, 56.807846, 0.0 ], [ 29.822817, 57.41126, 0.0 ], [ 24.756508, 58.345905, 0.0 ], [ 19.740345, 59.51994, 0.0 ], [ 15.265301, 60.818535, 0.0 ], [ 11.7693615, 62.11471, 0.0 ], [ 9.5948105, 63.281494, 0.0 ], [ 8.954491, 64.20468, 0.0 ], [ 9.911125, 64.79398, 0.0 ], [ 12.370966, 64.991455, 0.0 ], [ 16.0933, 64.77806, 0.0 ], [ 20.713795, 64.174515, 0.0 ], [ 25.780052, 63.23999, 0.0 ], [ 30.79627, 62.065926, 0.0 ], [ 35.271328, 60.767185, 0.0 ], [ 38.767273, 59.47106, 0.0 ], [ 40.941772, 58.304283, 0.0 ]] 
boundary 0: [[ 41.449337, 71.22456, 0.0 ], [ 40.826847, 70.28917, 0.0 ], [ 38.675125, 69.08096, 0.0 ], [ 35.20466, 67.71799, 0.0 ], [ 30.75534, 66.33373, 0.0 ], [ 25.762547, 65.06363, 0.0 ], [ 20.715143, 64.03216, 0.0 ], [ 16.10707, 63.34017, 0.0 ], [ 12.38954, 63.05543, 0.0 ], [ 9.926325, 63.20587, 0.0 ], [ 8.958601, 63.776573, 0.0 ], [ 9.581099, 64.711815, 0.0 ], [ 11.732915, 65.92008, 0.0 ], [ 15.203295, 67.28298, 0.0 ], [ 19.652672, 68.66728, 0.0 ], [ 24.645374, 69.93725, 0.0 ], [ 29.692831, 70.968925, 0.0 ], [ 34.300766, 71.660774, 0.0 ], [ 38.01847, 71.9457, 0.0 ], [ 40.481655, 71.79529, 0.0 ]] 
boundary 1: [[ 41.449368, 56.7755, 0.0 ], [ 40.481644, 56.20478, 0.0 ], [ 38.018433, 56.05433, 0.0 ], [ 34.30079, 56.339222, 0.0 ], [ 29.692825, 57.031116, 0.0 ], [ 24.645374, 58.06273, 0.0 ], [ 19.652645, 59.33273, 0.0 ], [ 15.203323, 60.716885, 0.0 ], [ 11.732875, 62.079853, 0.0 ], [ 9.581097, 63.288116, 0.0 ], [ 8.958594, 64.22341, 0.0 ], [ 9.926353, 64.79426, 0.0 ], [ 12.389529, 64.944534, 0.0 ], [ 16.107086, 64.659805, 0.0 ], [ 20.715162, 63.96778, 0.0 ], [ 25.762562, 62.936295, 0.0 ], [ 30.755346, 61.66626, 0.0 ], [ 35.20469, 60.28195, 0.0 ], [ 38.675148, 58.91903, 0.0 ], [ 40.82687, 57.710777, 0.0 ]] 
boundary 0: [[ 41.209473, 72.200966, 0.0 ], [ 40.61637, 71.24667, 0.0 ], [ 38.50325, 69.972145, 0.0 ], [ 35.07686, 68.50194, 0.0 ], [ 30.67272, 66.97999, 0.0 ], [ 25.721828, 65.55527, 0.0 ], [ 20.708931, 64.36737, 0.0 ], [ 16.1246, 63.532448, 0.0 ], [ 12.417721, 63.132256, 0.0 ], [ 9.951017, 63.206036, 0.0 ], [ 8.966019, 63.746376, 0.0 ], [ 9.559136, 64.70053, 0.0 ], [ 11.672344, 65.97511, 0.0 ], [ 15.098673, 67.445244, 0.0 ], [ 19.502857, 68.96722, 0.0 ], [ 24.453657, 70.39181, 0.0 ], [ 29.466599, 71.57992, 0.0 ], [ 34.05079, 72.414696, 0.0 ], [ 37.757843, 72.81506, 0.0 ], [ 40.224518, 72.74133, 0.0 ]] 
boundary 1: [[ 41.20951, 55.7991, 0.0 ], [ 40.224503, 55.258747, 0.0 ], [ 37.757812, 55.18495, 0.0 ], [ 34.050804, 55.58529, 0.0 ], [ 29.466593, 56.42012, 0.0 ], [ 24.453657, 57.608177, 0.0 ], [ 19.50283, 59.032795, 0.0 ], [ 15.0987, 60.55462, 0.0 ], [ 11.672303, 62.02483, 0.0 ], [ 9.559134, 63.299416, 0.0 ], [ 8.966011, 64.25361, 0.0 ], [ 9.951054, 64.7941, 0.0 ], [ 12.417709, 64.867714, 0.0 ], [ 16.124613, 64.46754, 0.0 ], [ 20.708948, 63.632565, 0.0 ], [ 25.721838, 62.444645, 0.0 ], [ 30.672724, 61.01999, 0.0 ], [ 35.076874, 59.498005, 0.0 ], [ 38.503273, 58.027843, 0.0 ], [ 40.61639, 56.753277, 0.0 ]] 
boundary 0: [[ 40.849815, 73.46697, 0.0 ], [ 40.296043, 72.48934, 0.0 ], [ 38.23654, 71.12987, 0.0 ], [ 34.87282, 69.52144, 0.0 ], [ 30.534267, 67.821526, 0.0 ], [ 25.645458, 66.19651, 0.0 ], [ 20.685059, 64.80557, 0.0 ], [ 16.138493, 63.784798, 0.0 ], [ 12.450977, 63.23408, 0.0 ], [ 9.983314, 63.207417, 0.0 ], [ 8.977139, 63.707222, 0.0 ], [ 9.530937, 64.68472, 0.0 ], [ 11.590524, 66.04425, 0.0 ], [ 14.954187, 67.652596, 0.0 ], [ 19.292784, 69.35252, 0.0 ], [ 24.181507, 70.977425, 0.0 ], [ 29.141949, 72.36855, 0.0 ], [ 33.68837, 73.389206, 0.0 ], [ 37.376053, 73.94011, 0.0 ], [ 39.843697, 73.96683, 0.0 ]] 
boundary 1: [[ 40.849854, 54.53308, 0.0 ], [ 39.84368, 54.03326, 0.0 ], [ 37.376022, 54.05991, 0.0 ], [ 33.68838, 54.610775, 0.0 ], [ 29.141943, 55.631474, 0.0 ], [ 24.181507, 57.022552, 0.0 ], [ 19.292757, 58.64747, 0.0 ], [ 14.954207, 60.34726, 0.0 ], [ 11.590482, 61.955696, 0.0 ], [ 9.530932, 63.31522, 0.0 ], [ 8.977132, 64.29277, 0.0 ], [ 9.983356, 64.792725, 0.0 ], [ 12.450966, 64.765884, 0.0 ], [ 16.138508, 64.21519, 0.0 ], [ 20.685072, 63.19434, 0.0 ], [ 25.645462, 61.80341, 0.0 ], [ 30.534271, 60.17845, 0.0 ], [ 34.872837, 58.478497, 0.0 ], [ 38.236565, 56.870113, 0.0 ], [ 40.29606, 55.51061, 0.0 ]] 
boundary 0: [[ 40.36341, 74.92991, 0.0 ], [ 39.856873, 73.927, 0.0 ], [ 37.864517, 72.47089, 0.0 ], [ 34.581284, 70.70396, 0.0 ], [ 30.328693, 68.79917, 0.0 ], [ 25.522896, 66.942955, 0.0 ], [ 20.634441, 65.31717, 0.0 ], [ 16.141695, 64.08082, 0.0 ], [ 12.484624, 63.35496, 0.0 ], [ 10.021037, 63.210697, 0.0 ], [ 8.992182, 63.661972, 0.0 ], [ 9.4987545, 64.66477, 0.0 ], [ 11.491197, 66.12091, 0.0 ], [ 14.774371, 67.88778, 0.0 ], [ 19.02701, 69.79258, 0.0 ], [ 23.832726, 71.64865, 0.0 ], [ 28.721214, 73.274666, 0.0 ], [ 33.213814, 74.510864, 0.0 ], [ 36.871056, 75.23692, 0.0 ], [ 39.33461, 75.38123, 0.0 ]] 
boundary 1: [[ 40.363457, 53.070152, 0.0 ], [ 39.334595, 52.61885, 0.0 ], [ 36.871025, 52.763096, 0.0 ], [ 33.21383, 53.489117, 0.0 ], [ 28.72121, 54.72537, 0.0 ], [ 23.832724, 56.351315, 0.0 ], [ 19.026983, 58.207413, 0.0 ], [ 14.774387, 60.112087, 0.0 ], [ 11.491152, 61.879025, 0.0 ], [ 9.498748, 63.33517, 0.0 ], [ 8.992174, 64.338005, 0.0 ], [ 10.021086, 64.789444, 0.0 ], [ 12.4846115, 64.645004, 0.0 ], [ 16.14171, 63.919163, 0.0 ], [ 20.634449, 62.68275, 0.0 ], [ 25.5229, 61.056953, 0.0 ], [ 30.328697, 59.200813, 0.0 ], [ 34.5813, 57.29598, 0.0 ], [ 37.86454, 55.529087, 0.0 ], [ 39.856888, 54.072964, 0.0 ]] 
boundary 0: [[ 39.75647, 76.49133, 0.0 ], [ 39.302555, 75.46355, 0.0 ], [ 37.388298, 73.90618, 0.0 ], [ 34.20098, 71.971565, 0.0 ], [ 30.052755, 69.84908, 0.0 ], [ 25.349545, 67.74645, 0.0 ], [ 20.551859, 65.869644, 0.0 ], [ 16.129175, 64.40227, 0.0 ], [ 12.51461, 63.48796, 0.0 ], [ 10.061799, 63.216293, 0.0 ], [ 9.010953, 63.613678, 0.0 ], [ 9.464907, 64.64137, 0.0 ], [ 11.379256, 66.19875, 0.0 ], [ 14.566511, 68.13329, 0.0 ], [ 18.714787, 70.25581, 0.0 ], [ 23.41792, 72.358284, 0.0 ], [ 28.215626, 74.23532, 0.0 ], [ 32.63817, 75.70253, 0.0 ], [ 36.2529, 76.61705, 0.0 ], [ 38.70568, 76.88876, 0.0 ]] 
boundary 1: [[ 39.756527, 51.50872, 0.0 ], [ 38.705666, 51.111317, 0.0 ], [ 36.25287, 51.382973, 0.0 ], [ 32.638184, 52.297432, 0.0 ], [ 28.215624, 53.76472, 0.0 ], [ 23.417915, 55.641674, 0.0 ], [ 18.71476, 57.744198, 0.0 ], [ 14.566521, 59.866573, 0.0 ], [ 11.379208, 61.801186, 0.0 ], [ 9.464896, 63.358574, 0.0 ], [ 9.010944, 64.38631, 0.0 ], [ 10.061856, 64.783844, 0.0 ], [ 12.514593, 64.512, 0.0 ], [ 16.12919, 63.597717, 0.0 ], [ 20.551865, 62.13027, 0.0 ], [ 25.349548, 60.25346, 0.0 ], [ 30.05276, 58.1509, 0.0 ], [ 34.200985, 56.02836, 0.0 ], [ 37.388313, 54.09379, 0.0 ], [ 39.30257, 52.53643, 0.0 ]] 
boundary 0: [[ 39.04175, 78.07664, 0.0 ], [ 38.64376, 77.025955, 0.0 ], [ 36.816, 75.36791, 0.0 ], [ 33.737297, 73.26473, 0.0 ], [ 29.709185, 70.92231, 0.0 ], [ 25.125824, 68.569855, 0.0 ], [ 20.435978, 66.43783, 0.0 ], [ 16.098587, 64.734795, 0.0 ], [ 12.538406, 63.62748, 0.0 ], [ 10.103748, 63.224335, 0.0 ], [ 9.033058, 63.564644, 0.0 ], [ 9.431102, 64.615265, 0.0 ], [ 11.258953, 66.27331, 0.0 ], [ 14.33759, 68.37641, 0.0 ], [ 18.365753, 70.71888, 0.0 ], [ 22.949047, 73.07116, 0.0 ], [ 27.638899, 75.203445, 0.0 ], [ 31.976166, 76.906296, 0.0 ], [ 35.5365, 78.013824, 0.0 ], [ 37.971123, 78.41699, 0.0 ]] 
boundary 1: [[ 39.04181, 49.9234, 0.0 ], [ 37.971107, 49.583065, 0.0 ], [ 35.53647, 49.986214, 0.0 ], [ 31.97618, 51.09368, 0.0 ], [ 27.638897, 52.796608, 0.0 ], [ 22.94904, 54.92879, 0.0 ], [ 18.365726, 57.28113, 0.0 ], [ 14.337591, 59.62345, 0.0 ], [ 11.258901, 61.726635, 0.0 ], [ 9.431088, 63.384686, 0.0 ], [ 9.033047, 64.43534, 0.0 ], [ 10.103811, 64.775795, 0.0 ], [ 12.538385, 64.37248, 0.0 ], [ 16.098597, 63.265194, 0.0 ], [ 20.435982, 61.562084, 0.0 ], [ 25.125824, 59.430054, 0.0 ], [ 29.709188, 57.07768, 0.0 ], [ 33.737297, 54.735184, 0.0 ], [ 36.816017, 52.632057, 0.0 ], [ 38.643776, 50.97403, 0.0 ]] 
boundary 0: [[ 38.246822, 79.614044, 0.0 ], [ 37.90562, 78.54357, 0.0 ], [ 36.169197, 76.79009, 0.0 ], [ 33.207443, 74.5252, 0.0 ], [ 29.310444, 71.97058, 0.0 ], [ 24.859531, 69.37625, 0.0 ], [ 20.290485, 66.996315, 0.0 ], [ 16.050436, 65.063644, 0.0 ], [ 12.554609, 63.767406, 0.0 ], [ 10.145009, 63.234566, 0.0 ], [ 9.057642, 63.51709, 0.0 ], [ 9.3989, 64.58751, 0.0 ], [ 11.135408, 66.34099, 0.0 ], [ 14.097101, 68.60581, 0.0 ], [ 17.994152, 71.16047, 0.0 ], [ 22.445011, 73.75462, 0.0 ], [ 27.014042, 76.13482, 0.0 ], [ 31.253984, 78.0673, 0.0 ], [ 34.749947, 79.36375, 0.0 ], [ 37.159515, 79.89662, 0.0 ]] 
boundary 1: [[ 38.246883, 48.385986, 0.0 ], [ 37.159504, 48.103424, 0.0 ], [ 34.74992, 48.636272, 0.0 ], [ 31.253992, 49.932667, 0.0 ], [ 27.01404, 51.865242, 0.0 ], [ 22.445, 54.245316, 0.0 ], [ 17.994125, 56.839542, 0.0 ], [ 14.0970955, 59.394047, 0.0 ], [ 11.135356, 61.658962, 0.0 ], [ 9.398882, 63.412445, 0.0 ], [ 9.057631, 64.482895, 0.0 ], [ 10.145081, 64.76555, 0.0 ], [ 12.5545845, 64.232544, 0.0 ], [ 16.050446, 62.936348, 0.0 ], [ 20.290485, 61.00359, 0.0 ], [ 24.859526, 58.62366, 0.0 ], [ 29.310448, 56.0294, 0.0 ], [ 33.207443, 53.474716, 0.0 ], [ 36.169212, 51.209858, 0.0 ], [ 37.905636, 49.456417, 0.0 ]] 
boundary 0: [[ 37.44673, 80.98427, 0.0 ], [ 37.158455, 79.89833, 0.0 ], [ 35.510147, 78.06178, 0.0 ], [ 32.66307, 75.654305, 0.0 ], [ 28.896093, 72.91159, 0.0 ], [ 24.57781, 70.102036, 0.0 ], [ 20.131023, 67.50082, 0.0 ], [ 15.990893, 65.36246, 0.0 ], [ 12.5628605, 63.89629, 0.0 ], [ 10.182305, 63.24587, 0.0 ], [ 9.082388, 63.47471, 0.0 ], [ 9.370721, 64.560585, 0.0 ], [ 11.019115, 66.39714, 0.0 ], [ 13.866135, 68.80453, 0.0 ], [ 17.633165, 71.5473, 0.0 ], [ 21.951403, 74.356674, 0.0 ], [ 26.398163, 76.95817, 0.0 ], [ 30.538197, 79.09632, 0.0 ], [ 33.966354, 80.56271, 0.0 ], [ 36.34687, 81.213165, 0.0 ]] 
boundary 1: [[ 37.446793, 47.015766, 0.0 ], [ 36.346863, 46.78689, 0.0 ], [ 33.96633, 47.437305, 0.0 ], [ 30.538204, 48.90365, 0.0 ], [ 26.398165, 51.041897, 0.0 ], [ 21.951387, 53.64326, 0.0 ], [ 17.633139, 56.452713, 0.0 ], [ 13.866121, 59.195324, 0.0 ], [ 11.01906, 61.60281, 0.0 ], [ 9.3707, 63.439373, 0.0 ], [ 9.0823765, 64.525276, 0.0 ], [ 10.182383, 64.754234, 0.0 ], [ 12.562836, 64.103676, 0.0 ], [ 15.990901, 62.63754, 0.0 ], [ 20.131016, 60.49909, 0.0 ], [ 24.5778, 57.89788, 0.0 ], [ 28.896095, 55.088383, 0.0 ], [ 32.66307, 52.34561, 0.0 ], [ 35.510162, 49.938168, 0.0 ], [ 37.15847, 48.101654, 0.0 ]] 
boundary 0: [[ 36.697083, 82.14261, 0.0 ], [ 36.4554, 81.04535, 0.0 ], [ 34.88694, 79.14017, 0.0 ], [ 32.145164, 76.61342, 0.0 ], [ 28.498632, 73.71248, 0.0 ], [ 24.304146, 70.72125, 0.0 ], [ 19.972382, 67.93269, 0.0 ], [ 15.927252, 65.619644, 0.0 ], [ 12.56489, 64.00857, 0.0 ], [ 10.214252, 63.25718, 0.0 ], [ 9.105573, 63.43888, 0.0 ], [ 9.347317, 64.53607, 0.0 ], [ 10.915857, 66.4413, 0.0 ], [ 13.6575775, 68.96795, 0.0 ], [ 17.304165, 71.86892, 0.0 ], [ 21.498611, 74.85997, 0.0 ], [ 25.830338, 77.6488, 0.0 ], [ 29.875381, 79.961655, 0.0 ], [ 33.23787, 81.57297, 0.0 ], [ 35.588455, 82.32439, 0.0 ]] 
boundary 1: [[ 36.697144, 45.85742, 0.0 ], [ 35.588448, 45.675674, 0.0 ], [ 33.237846, 46.427063, 0.0 ], [ 29.87539, 48.038326, 0.0 ], [ 25.830341, 50.35125, 0.0 ], [ 21.498596, 53.13997, 0.0 ], [ 17.304138, 56.13108, 0.0 ], [ 13.657558, 59.03191, 0.0 ], [ 10.9158, 61.55867, 0.0 ], [ 9.347293, 63.463886, 0.0 ], [ 9.105561, 64.561104, 0.0 ], [ 10.214334, 64.74292, 0.0 ], [ 12.564865, 63.99139, 0.0 ], [ 15.927259, 62.38034, 0.0 ], [ 19.97237, 60.06721, 0.0 ], [ 24.304134, 57.278652, 0.0 ], [ 28.498632, 54.287483, 0.0 ], [ 32.145164, 51.3865, 0.0 ], [ 34.886955, 48.85979, 0.0 ], [ 36.455414, 46.95462, 0.0 ]] 
boundary 0: [[ 36.033554, 83.084854, 0.0 ], [ 35.831116, 81.979675, 0.0 ], [ 34.33155, 80.01981, 0.0 ], [ 31.681564, 77.396965, 0.0 ], [ 28.140726, 74.36791, 0.0 ], [ 24.055496, 71.22912, 0.0 ], [ 19.825855, 68.287964, 0.0 ], [ 15.865725, 65.83223, 0.0 ], [ 12.562917, 64.10234, 0.0 ], [ 10.240547, 63.26766, 0.0 ], [ 9.126096, 63.40973, 0.0 ], [ 9.328585, 64.51485, 0.0 ], [ 10.828235, 66.47477, 0.0 ], [ 13.478172, 69.09751, 0.0 ], [ 17.019066, 72.12659, 0.0 ], [ 21.104254, 75.26522, 0.0 ], [ 25.333847, 78.20664, 0.0 ], [ 29.293898, 80.662186, 0.0 ], [ 32.596832, 82.392296, 0.0 ], [ 34.91915, 83.22701, 0.0 ]] 
boundary 1: [[ 36.033615, 44.91518, 0.0 ], [ 34.919144, 44.773056, 0.0 ], [ 32.59681, 45.607735, 0.0 ], [ 29.293905, 47.3378, 0.0 ], [ 25.33385, 49.793404, 0.0 ], [ 21.104239, 52.734726, 0.0 ], [ 17.01904, 55.873413, 0.0 ], [ 13.478149, 58.902344, 0.0 ], [ 10.828177, 61.525208, 0.0 ], [ 9.328559, 63.48511, 0.0 ], [ 9.126084, 64.590256, 0.0 ], [ 10.24063, 64.73244, 0.0 ], [ 12.562889, 63.897617, 0.0 ], [ 15.865732, 62.167767, 0.0 ], [ 19.825844, 59.711952, 0.0 ], [ 24.055485, 56.770794, 0.0 ], [ 28.140724, 53.63205, 0.0 ], [ 31.681562, 50.60296, 0.0 ], [ 34.331566, 47.98015, 0.0 ], [ 35.83113, 46.02029, 0.0 ]] 
boundary 0: [[ 35.50543, 83.786896, 0.0 ], [ 35.33309, 82.67662, 0.0 ], [ 33.88732, 80.67674, 0.0 ], [ 31.30958, 77.98287, 0.0 ], [ 27.852335, 74.85875, 0.0 ], [ 23.853888, 71.61012, 0.0 ], [ 19.705713, 68.55514, 0.0 ], [ 15.813761, 65.992714, 0.0 ], [ 12.559166, 64.17374, 0.0 ], [ 10.260331, 63.27627, 0.0 ], [ 9.142429, 63.388016, 0.0 ], [ 9.31482, 64.49823, 0.0 ], [ 10.760672, 66.498184, 0.0 ], [ 13.338375, 69.19194, 0.0 ], [ 16.79567, 72.316086, 0.0 ], [ 20.794086, 75.56455, 0.0 ], [ 24.942207, 78.619804, 0.0 ], [ 28.834082, 81.18202, 0.0 ], [ 32.0888, 83.001236, 0.0 ], [ 34.38758, 83.89872, 0.0 ]] 
boundary 1: [[ 35.50549, 44.21313, 0.0 ], [ 34.387573, 44.10134, 0.0 ], [ 32.088776, 44.998802, 0.0 ], [ 28.83409, 46.817966, 0.0 ], [ 24.942211, 49.38024, 0.0 ], [ 20.794071, 52.4354, 0.0 ], [ 16.795643, 55.683914, 0.0 ], [ 13.338351, 58.807922, 0.0 ], [ 10.760614, 61.50181, 0.0 ], [ 9.314795, 63.50173, 0.0 ], [ 9.142417, 64.61197, 0.0 ], [ 10.260414, 64.723816, 0.0 ], [ 12.559137, 63.826218, 0.0 ], [ 15.813768, 62.007275, 0.0 ], [ 19.705696, 59.44478, 0.0 ], [ 23.853874, 56.389793, 0.0 ], [ 27.852333, 53.141228, 0.0 ], [ 31.309576, 50.01705, 0.0 ], [ 33.887337, 47.32321, 0.0 ], [ 35.333103, 45.32334, 0.0 ]] 
