boundary 0: [[ 27.97919, 90.82893, 0.0 ], [ 28.164925, 89.72092, 0.0 ], [ 27.42199, 87.36767, 0.0 ], [ 25.822994, 83.9995, 0.0 ], [ 23.524555, 79.94605, 0.0 ], [ 20.751608, 75.60431, 0.0 ], [ 17.775593, 71.39909, 0.0 ], [ 14.887857, 67.74211, 0.0 ], [ 12.37104, 64.99127, 0.0 ], [ 10.471496, 63.415955, 0.0 ], [ 9.3752165, 63.170246, 0.0 ], [ 9.189452, 64.278244, 0.0 ], [ 9.932431, 66.63155, 0.0 ], [ 11.531405, 69.999725, 0.0 ], [ 13.829887, 74.05308, 0.0 ], [ 16.6028, 78.39488, 0.0 ], [ 19.578798, 82.60011, 0.0 ], [ 22.466534, 86.257126, 0.0 ], [ 24.98334, 89.00793, 0.0 ], [ 26.88284, 90.58331, 0.0 ]] 
boundary 1: [[ 27.979168, 37.17105, 0.0 ], [ 26.88286, 37.416725, 0.0 ], [ 24.983332, 38.99208, 0.0 ], [ 22.466522, 41.74288, 0.0 ], [ 19.578802, 45.399887, 0.0 ], [ 16.602797, 49.605118, 0.0 ], [ 13.829851, 53.946884, 0.0 ], [ 11.531405, 58.000267, 0.0 ], [ 9.932434, 61.368458, 0.0 ], [ 9.189472, 63.721733, 0.0 ], [ 9.375231, 64.829796, 0.0 ], [ 10.471536, 64.58412, 0.0 ], [ 12.371052, 63.008747, 0.0 ], [ 14.887854, 60.25788, 0.0 ], [ 17.7756, 56.600895, 0.0 ], [ 20.751589, 52.39568, 0.0 ], [ 23.524548, 48.053905, 0.0 ], [ 25.823004, 44.00048, 0.0 ], [ 27.421982, 40.63233, 0.0 ], [ 28.16491, 38.279083, 0.0 ]] 
boundary 0: [[ 30.182177, 89.20772, 0.0 ], [ 30.2736, 88.08797, 0.0 ], [ 29.334433, 85.80593, 0.0 ], [ 27.45648, 82.584946, 0.0 ], [ 24.82367, 78.74027, 0.0 ], [ 21.693687, 74.64845, 0.0 ], [ 18.372892, 70.7098, 0.0 ], [ 15.186409, 67.30998, 0.0 ], [ 12.446099, 64.78169, 0.0 ], [ 10.420206, 63.37256, 0.0 ], [ 9.307084, 63.22039, 0.0 ], [ 9.215631, 64.34011, 0.0 ], [ 10.154851, 66.622215, 0.0 ], [ 12.032779, 69.843185, 0.0 ], [ 14.665623, 73.68777, 0.0 ], [ 17.795576, 77.77968, 0.0 ], [ 21.116356, 81.71833, 0.0 ], [ 24.302843, 85.11819, 0.0 ], [ 27.043137, 87.64644, 0.0 ], [ 29.068989, 89.05565, 0.0 ]] 
boundary 1: [[ 30.182156, 38.792274, 0.0 ], [ 29.069004, 38.944405, 0.0 ], [ 27.043127, 40.35357, 0.0 ], [ 24.302832, 42.88182, 0.0 ], [ 21.11636, 46.28166, 0.0 ], [ 17.795572, 50.220318, 0.0 ], [ 14.665591, 54.312187, 0.0 ], [ 12.032779, 58.1568, 0.0 ], [ 10.154854, 61.377796, 0.0 ], [ 9.215655, 63.65985, 0.0 ], [ 9.307095, 64.77967, 0.0 ], [ 10.420239, 64.627525, 0.0 ], [ 12.446108, 63.218334, 0.0 ], [ 15.186405, 60.69003, 0.0 ], [ 18.3729, 57.290188, 0.0 ], [ 21.693668, 53.351547, 0.0 ], [ 24.823662, 49.259674, 0.0 ], [ 27.45649, 45.415024, 0.0 ], [ 29.334425, 42.19406, 0.0 ], [ 30.273584, 39.912033, 0.0 ]] 
boundary 0: [[ 32.8852, 86.77403, 0.0 ], [ 32.850285, 85.6511, 0.0 ], [ 31.66076, 83.48898, 0.0 ], [ 29.432938, 80.49929, 0.0 ], [ 26.384975, 76.974625, 0.0 ], [ 22.815235, 73.260254, 0.0 ], [ 19.07309, 69.719475, 0.0 ], [ 15.524925, 66.69905, 0.0 ], [ 12.517995, 64.49453, 0.0 ], [ 10.346655, 63.321846, 0.0 ], [ 9.223486, 63.295654, 0.0 ], [ 9.258369, 64.41856, 0.0 ], [ 10.447956, 66.58074, 0.0 ], [ 12.675758, 69.570435, 0.0 ], [ 15.72374, 73.094986, 0.0 ], [ 19.293463, 76.80946, 0.0 ], [ 23.03559, 80.35022, 0.0 ], [ 26.583763, 83.370705, 0.0 ], [ 29.590677, 85.57518, 0.0 ], [ 31.761984, 86.74795, 0.0 ]] 
boundary 1: [[ 32.885178, 41.225967, 0.0 ], [ 31.761993, 41.25211, 0.0 ], [ 29.590668, 42.424824, 0.0 ], [ 26.58375, 44.62931, 0.0 ], [ 23.035599, 47.649765, 0.0 ], [ 19.29346, 51.19053, 0.0 ], [ 15.723713, 54.90498, 0.0 ], [ 12.675758, 58.429565, 0.0 ], [ 10.447958, 61.419262, 0.0 ], [ 9.2584, 63.581398, 0.0 ], [ 9.223491, 64.70439, 0.0 ], [ 10.346679, 64.678246, 0.0 ], [ 12.518001, 63.505493, 0.0 ], [ 15.524918, 61.300953, 0.0 ], [ 19.073097, 58.28051, 0.0 ], [ 22.815212, 54.739754, 0.0 ], [ 26.38498, 51.025307, 0.0 ], [ 29.432951, 47.50068, 0.0 ], [ 31.660753, 44.511013, 0.0 ], [ 32.85027, 42.348907, 0.0 ]] 
boundary 0: [[ 35.865425, 83.31245, 0.0 ], [ 35.672615, 82.20565, 0.0 ], [ 34.190285, 80.232735, 0.0 ], [ 31.56339, 77.58681, 0.0 ], [ 28.049156, 74.52683, 0.0 ], [ 23.99162, 71.35258, 0.0 ], [ 19.78786, 68.37446, 0.0 ], [ 15.84947, 65.884155, 0.0 ], [ 12.5618925, 64.125374, 0.0 ], [ 10.246966, 63.270374, 0.0 ], [ 9.131315, 63.402714, 0.0 ], [ 9.324088, 64.50948, 0.0 ], [ 10.806491, 66.48247, 0.0 ], [ 13.433363, 69.128395, 0.0 ], [ 16.947601, 72.188255, 0.0 ], [ 21.005135, 75.36265, 0.0 ], [ 25.208878, 78.34073, 0.0 ], [ 29.14728, 80.83106, 0.0 ], [ 32.434837, 82.58981, 0.0 ], [ 34.749744, 83.44493, 0.0 ]] 
boundary 1: [[ 35.865402, 44.687534, 0.0 ], [ 34.74974, 44.555145, 0.0 ], [ 32.43483, 45.41019, 0.0 ], [ 29.147264, 47.168938, 0.0 ], [ 25.208889, 49.659264, 0.0 ], [ 21.005135, 52.637356, 0.0 ], [ 16.94758, 55.811703, 0.0 ], [ 13.433363, 58.871605, 0.0 ], [ 10.806493, 61.517536, 0.0 ], [ 9.324124, 63.490467, 0.0 ], [ 9.131314, 64.59732, 0.0 ], [ 10.246977, 64.72973, 0.0 ], [ 12.561892, 63.874653, 0.0 ], [ 15.849461, 62.115837, 0.0 ], [ 19.787872, 59.625538, 0.0 ], [ 23.991592, 56.647446, 0.0 ], [ 28.049173, 53.4731, 0.0 ], [ 31.56341, 50.413155, 0.0 ], [ 34.190277, 47.767265, 0.0 ], [ 35.6726, 45.794357, 0.0 ]] 
boundary 0: [[ 38.45209, 79.235634, 0.0 ], [ 38.09661, 78.16987, 0.0 ], [ 36.33703, 76.4397, 0.0 ], [ 33.34542, 74.21444, 0.0 ], [ 29.414707, 71.71188, 0.0 ], [ 24.929733, 69.17721, 0.0 ], [ 20.329384, 66.85828, 0.0 ], [ 16.064074, 64.982185, 0.0 ], [ 12.551254, 63.732555, 0.0 ], [ 10.134823, 63.231808, 0.0 ], [ 9.051315, 63.528805, 0.0 ], [ 9.406747, 64.59453, 0.0 ], [ 11.166415, 66.32477, 0.0 ], [ 14.157999, 68.55003, 0.0 ], [ 18.088696, 71.052475, 0.0 ], [ 22.573677, 73.58728, 0.0 ], [ 27.17402, 75.90618, 0.0 ], [ 31.439344, 77.7823, 0.0 ], [ 34.952137, 79.031906, 0.0 ], [ 37.36857, 79.532776, 0.0 ]] 
boundary 1: [[ 38.452072, 48.76435, 0.0 ], [ 37.368557, 48.467293, 0.0 ], [ 34.95213, 48.9681, 0.0 ], [ 31.43933, 50.2177, 0.0 ], [ 27.174032, 52.093803, 0.0 ], [ 22.573677, 54.41272, 0.0 ], [ 18.088682, 56.94747, 0.0 ], [ 14.157999, 59.449963, 0.0 ], [ 11.166417, 61.675236, 0.0 ], [ 9.406791, 63.405434, 0.0 ], [ 9.0513115, 64.47124, 0.0 ], [ 10.134816, 64.76829, 0.0 ], [ 12.55125, 64.26746, 0.0 ], [ 16.064068, 63.017803, 0.0 ], [ 20.329395, 61.14173, 0.0 ], [ 24.929707, 58.822807, 0.0 ], [ 29.414736, 56.28806, 0.0 ], [ 33.345444, 53.78553, 0.0 ], [ 36.33702, 51.5603, 0.0 ], [ 38.096596, 49.830116, 0.0 ]] 
boundary 0: [[ 40.25393, 75.229675, 0.0 ], [ 39.757275, 74.22193, 0.0 ], [ 37.779427, 72.74621, 0.0 ], [ 34.513824, 70.946976, 0.0 ], [ 30.280191, 69.00026, 0.0 ], [ 25.493057, 67.09685, 0.0 ], [ 20.620857, 65.42285, 0.0 ], [ 16.140623, 64.142166, 0.0 ], [ 12.490849, 63.3802, 0.0 ], [ 10.028846, 63.21159, 0.0 ], [ 8.995589, 63.652706, 0.0 ], [ 9.4921875, 64.66041, 0.0 ], [ 11.47013, 66.13619, 0.0 ], [ 14.735715, 67.93544, 0.0 ], [ 18.969315, 69.88203, 0.0 ], [ 23.756472, 71.785576, 0.0 ], [ 28.62866, 73.45955, 0.0 ], [ 33.108917, 74.74025, 0.0 ], [ 36.758648, 75.50221, 0.0 ], [ 39.220676, 75.67094, 0.0 ]] 
boundary 1: [[ 40.253914, 52.770306, 0.0 ], [ 39.220654, 52.329124, 0.0 ], [ 36.75864, 52.497787, 0.0 ], [ 33.108894, 53.25975, 0.0 ], [ 28.628672, 54.54043, 0.0 ], [ 23.756472, 56.214428, 0.0 ], [ 18.969307, 58.117905, 0.0 ], [ 14.735716, 60.064545, 0.0 ], [ 11.470132, 61.86382, 0.0 ], [ 9.492234, 63.33955, 0.0 ], [ 8.995581, 64.34736, 0.0 ], [ 10.028824, 64.7885, 0.0 ], [ 12.490841, 64.61982, 0.0 ], [ 16.14062, 63.85781, 0.0 ], [ 20.620869, 62.577164, 0.0 ], [ 25.493027, 60.903152, 0.0 ], [ 30.280224, 58.999687, 0.0 ], [ 34.513855, 57.053005, 0.0 ], [ 37.77942, 55.253784, 0.0 ], [ 39.75726, 53.778053, 0.0 ]] 
boundary 0: [[ 41.267113, 71.977394, 0.0 ], [ 40.66719, 71.02749, 0.0 ], [ 38.545063, 69.76804, 0.0 ], [ 35.108288, 68.322365, 0.0 ], [ 30.69334, 66.83185, 0.0 ], [ 25.732525, 65.442665, 0.0 ], [ 20.711239, 64.29054, 0.0 ], [ 16.121136, 63.488327, 0.0 ], [ 12.411448, 63.11457, 0.0 ], [ 9.945369, 63.20593, 0.0 ], [ 8.964254, 63.75329, 0.0 ], [ 9.564115, 64.70316, 0.0 ], [ 11.686344, 65.962654, 0.0 ], [ 15.123102, 67.40835, 0.0 ], [ 19.538004, 68.89873, 0.0 ], [ 24.498863, 70.28806, 0.0 ], [ 29.520132, 71.44016, 0.0 ], [ 34.110268, 72.24239, 0.0 ], [ 37.81991, 72.616135, 0.0 ], [ 40.28602, 72.52491, 0.0 ]] 
boundary 1: [[ 41.267105, 56.02259, 0.0 ], [ 40.285988, 55.47515, 0.0 ], [ 37.8199, 55.38386, 0.0 ], [ 34.110245, 55.757607, 0.0 ], [ 29.520145, 56.559822, 0.0 ], [ 24.498863, 57.711937, 0.0 ], [ 19.538006, 59.101208, 0.0 ], [ 15.123107, 60.59163, 0.0 ], [ 11.686345, 62.037357, 0.0 ], [ 9.564168, 63.29681, 0.0 ], [ 8.96424, 64.246765, 0.0 ], [ 9.945336, 64.794174, 0.0 ], [ 12.411438, 64.88545, 0.0 ], [ 16.121132, 64.511665, 0.0 ], [ 20.71125, 63.709473, 0.0 ], [ 25.732494, 62.557346, 0.0 ], [ 30.69338, 61.168087, 0.0 ], [ 35.10832, 59.677624, 0.0 ], [ 38.545055, 58.231956, 0.0 ], [ 40.667183, 56.97249, 0.0 ]] 
boundary 0: [[ 41.70496, 70.00063, 0.0 ], [ 41.04676, 69.09013, 0.0 ], [ 38.84998, 67.96597, 0.0 ], [ 35.329453, 66.738235, 0.0 ], [ 30.829876, 65.52697, 0.0 ], [ 25.79184, 64.45098, 0.0 ], [ 20.70829, 63.615414, 0.0 ], [ 16.076979, 63.102047, 0.0 ], [ 12.351171, 62.9612, 0.0 ], [ 9.895645, 63.20673, 0.0 ], [ 8.950714, 63.814423, 0.0 ], [ 9.608849, 64.72489, 0.0 ], [ 11.805744, 65.84909, 0.0 ], [ 15.326246, 67.07684, 0.0 ], [ 19.825771, 68.28798, 0.0 ], [ 24.863863, 69.3641, 0.0 ], [ 29.947393, 70.19968, 0.0 ], [ 34.57874, 70.71302, 0.0 ], [ 38.304493, 70.853874, 0.0 ], [ 40.760067, 70.608475, 0.0 ]] 
boundary 1: [[ 41.704952, 57.999348, 0.0 ], [ 40.760036, 57.39158, 0.0 ], [ 38.304485, 57.14612, 0.0 ], [ 34.578716, 57.286953, 0.0 ], [ 29.947409, 57.800312, 0.0 ], [ 24.863863, 58.635895, 0.0 ], [ 19.825775, 59.71195, 0.0 ], [ 15.326254, 60.92313, 0.0 ], [ 11.805745, 62.150925, 0.0 ], [ 9.608903, 63.27508, 0.0 ], [ 8.950695, 64.18562, 0.0 ], [ 9.895608, 64.79337, 0.0 ], [ 12.35116, 65.03882, 0.0 ], [ 16.076975, 64.89794, 0.0 ], [ 20.708302, 64.384605, 0.0 ], [ 25.79181, 63.549015, 0.0 ], [ 30.829916, 62.472977, 0.0 ], [ 35.329483, 61.26175, 0.0 ], [ 38.84997, 60.03402, 0.0 ], [ 41.046753, 58.90984, 0.0 ]] 
boundary 0: [[ 41.805202, 69.44307, 0.0 ], [ 41.13115, 68.54424, 0.0 ], [ 38.915016, 67.45875, 0.0 ], [ 35.373535, 66.29287, 0.0 ], [ 30.85342, 65.16062, 0.0 ], [ 25.797298, 64.17307, 0.0 ], [ 20.6999, 63.426697, 0.0 ], [ 16.060305, 62.994545, 0.0 ], [ 12.332597, 62.919, 0.0 ], [ 9.881753, 63.20751, 0.0 ], [ 8.947613, 63.831665, 0.0 ], [ 9.621599, 64.73047, 0.0 ], [ 11.837853, 65.81599, 0.0 ], [ 15.379324, 66.98189, 0.0 ], [ 19.89938, 68.114006, 0.0 ], [ 24.955542, 69.10168, 0.0 ], [ 30.052938, 69.84808, 0.0 ], [ 34.69256, 70.280205, 0.0 ], [ 38.42021, 70.35575, 0.0 ], [ 40.871094, 70.067375, 0.0 ]] 
boundary 1: [[ 41.80519, 58.55691, 0.0 ], [ 40.871063, 57.932682, 0.0 ], [ 38.420204, 57.644238, 0.0 ], [ 34.692535, 57.719776, 0.0 ], [ 30.052956, 58.151917, 0.0 ], [ 24.955542, 58.898315, 0.0 ], [ 19.899384, 59.885925, 0.0 ], [ 15.379332, 61.01809, 0.0 ], [ 11.837853, 62.184013, 0.0 ], [ 9.621654, 63.26951, 0.0 ], [ 8.947594, 64.16838, 0.0 ], [ 9.881713, 64.792595, 0.0 ], [ 12.332586, 65.081024, 0.0 ], [ 16.0603, 65.00544, 0.0 ], [ 20.699911, 64.573326, 0.0 ], [ 25.797268, 63.826923, 0.0 ], [ 30.85346, 62.83932, 0.0 ], [ 35.373566, 61.70711, 0.0 ], [ 38.91501, 60.541252, 0.0 ], [ 41.13114, 59.455734, 0.0 ]] 
boundary 0: [[ 41.71837, 69.92914, 0.0 ], [ 41.058113, 69.0201, 0.0 ], [ 38.85881, 67.9009, 0.0 ], [ 35.33557, 66.681076, 0.0 ], [ 30.833267, 65.47995, 0.0 ], [ 25.792805, 64.41529, 0.0 ], [ 20.707396, 63.591175, 0.0 ], [ 16.074947, 63.088226, 0.0 ], [ 12.348822, 62.95576, 0.0 ], [ 9.893862, 63.20682, 0.0 ], [ 8.950298, 63.81663, 0.0 ], [ 9.610481, 64.72563, 0.0 ], [ 11.809901, 65.84486, 0.0 ], [ 15.333154, 67.064705, 0.0 ], [ 19.835398, 68.2657, 0.0 ], [ 24.875889, 69.330475, 0.0 ], [ 29.961294, 70.15463, 0.0 ], [ 34.593777, 70.657555, 0.0 ], [ 38.319824, 70.790016, 0.0 ], [ 40.77483, 70.53909, 0.0 ]] 
boundary 1: [[ 41.71836, 58.07085, 0.0 ], [ 40.7748, 57.460953, 0.0 ], [ 38.319817, 57.209972, 0.0 ], [ 34.593754, 57.34243, 0.0 ], [ 29.961311, 57.845367, 0.0 ], [ 24.875889, 58.669518, 0.0 ], [ 19.835398, 59.734222, 0.0 ], [ 15.333161, 60.935272, 0.0 ], [ 11.809902, 62.155144, 0.0 ], [ 9.610536, 63.274353, 0.0 ], [ 8.95028, 64.18343, 0.0 ], [ 9.893823, 64.79329, 0.0 ], [ 12.34881, 65.044266, 0.0 ], [ 16.074942, 64.91176, 0.0 ], [ 20.707407, 64.408844, 0.0 ], [ 25.792774, 63.584694, 0.0 ], [ 30.833307, 62.52, 0.0 ], [ 35.3356, 61.31889, 0.0 ], [ 38.858803, 60.0991, 0.0 ], [ 41.058105, 58.97986, 0.0 ]] 
boundary 0: [[ 41.439816, 71.26529, 0.0 ], [ 40.818512, 70.32921, 0.0 ], [ 38.66841, 69.118164, 0.0 ], [ 35.199802, 67.75074, 0.0 ], [ 30.752188, 66.36067, 0.0 ], [ 25.761147, 65.08424, 0.0 ], [ 20.715048, 64.046234, 0.0 ], [ 16.107956, 63.348236, 0.0 ], [ 12.39074, 63.058636, 0.0 ], [ 9.927372, 63.205864, 0.0 ], [ 8.958913, 63.775307, 0.0 ], [ 9.580145, 64.711365, 0.0 ], [ 11.7303705, 65.92242, 0.0 ], [ 15.199002, 67.28986, 0.0 ], [ 19.646545, 68.679794, 0.0 ], [ 24.637615, 69.95635, 0.0 ], [ 29.683702, 70.9944, 0.0 ], [ 34.290836, 71.69238, 0.0 ], [ 38.00797, 71.98197, 0.0 ], [ 40.471382, 71.834885, 0.0 ]] 
boundary 1: [[ 41.439808, 56.734695, 0.0 ], [ 40.47135, 56.16516, 0.0 ], [ 38.00796, 56.01803, 0.0 ], [ 34.290813, 56.307606, 0.0 ], [ 29.68372, 57.005608, 0.0 ], [ 24.637615, 58.043644, 0.0 ], [ 19.646538, 59.320118, 0.0 ], [ 15.199008, 60.710114, 0.0 ], [ 11.730371, 62.077587, 0.0 ], [ 9.580199, 63.288635, 0.0 ], [ 8.958899, 64.224754, 0.0 ], [ 9.927339, 64.79426, 0.0 ], [ 12.39073, 64.9414, 0.0 ], [ 16.107948, 64.65176, 0.0 ], [ 20.715061, 63.953777, 0.0 ], [ 25.761116, 62.91574, 0.0 ], [ 30.752228, 61.639263, 0.0 ], [ 35.199833, 60.249214, 0.0 ], [ 38.668396, 58.881817, 0.0 ], [ 40.818504, 57.67076, 0.0 ]] 
boundary 0: [[ 40.908188, 73.27365, 0.0 ], [ 40.34829, 72.299614, 0.0 ], [ 38.280403, 70.95298, 0.0 ], [ 34.90676, 69.36565, 0.0 ], [ 30.557606, 67.6928, 0.0 ], [ 25.658842, 66.09849, 0.0 ], [ 20.689823, 64.73855, 0.0 ], [ 16.137068, 63.74612, 0.0 ], [ 12.446122, 63.218395, 0.0 ], [ 9.978383, 63.20712, 0.0 ], [ 8.975353, 63.713192, 0.0 ], [ 9.535188, 64.68722, 0.0 ], [ 11.603201, 66.03386, 0.0 ], [ 14.976854, 67.62124, 0.0 ], [ 19.325954, 69.293915, 0.0 ], [ 24.22474, 70.888374, 0.0 ], [ 29.193745, 72.24834, 0.0 ], [ 33.746536, 73.24076, 0.0 ], [ 37.437405, 73.76847, 0.0 ], [ 39.90518, 73.77989, 0.0 ]] 
boundary 1: [[ 40.90818, 54.726315, 0.0 ], [ 39.90515, 54.22016, 0.0 ], [ 37.437397, 54.23153, 0.0 ], [ 33.746513, 54.75923, 0.0 ], [ 29.193762, 55.751667, 0.0 ], [ 24.22474, 57.111614, 0.0 ], [ 19.325943, 58.705994, 0.0 ], [ 14.97686, 60.37874, 0.0 ], [ 11.603204, 61.966145, 0.0 ], [ 9.535242, 63.312782, 0.0 ], [ 8.975346, 64.28687, 0.0 ], [ 9.978359, 64.79301, 0.0 ], [ 12.446113, 64.78164, 0.0 ], [ 16.137056, 64.25387, 0.0 ], [ 20.689835, 63.261467, 0.0 ], [ 25.658812, 61.90151, 0.0 ], [ 30.557642, 60.307137, 0.0 ], [ 34.90679, 58.634323, 0.0 ], [ 38.280388, 57.047, 0.0 ], [ 40.34828, 55.700356, 0.0 ]] 
boundary 0: [[ 40.0711, 75.71141, 0.0 ], [ 39.59057, 74.69587, 0.0 ], [ 37.63652, 73.1888, 0.0 ], [ 34.400024, 71.3378, 0.0 ], [ 30.197935, 69.32385, 0.0 ], [ 25.44173, 67.3444, 0.0 ], [ 20.596813, 65.59297, 0.0 ], [ 16.137579, 64.24107, 0.0 ], [ 12.500395, 63.42102, 0.0 ], [ 10.041394, 63.213226, 0.0 ], [ 9.001242, 63.637794, 0.0 ], [ 9.481713, 64.65332, 0.0 ], [ 11.435894, 66.1604, 0.0 ], [ 14.672389, 68.01146, 0.0 ], [ 18.87444, 70.02524, 0.0 ], [ 23.630653, 72.00483, 0.0 ], [ 28.475546, 73.75627, 0.0 ], [ 32.93482, 75.10817, 0.0 ], [ 36.571926, 75.92819, 0.0 ], [ 39.030956, 76.136154, 0.0 ]] 
boundary 1: [[ 40.07109, 52.28855, 0.0 ], [ 39.030926, 51.863907, 0.0 ], [ 36.57192, 52.071793, 0.0 ], [ 32.934795, 52.89181, 0.0 ], [ 28.475563, 54.24373, 0.0 ], [ 23.630653, 55.995155, 0.0 ], [ 18.87442, 57.974667, 0.0 ], [ 14.672395, 59.988514, 0.0 ], [ 11.435897, 61.8396, 0.0 ], [ 9.481768, 63.346672, 0.0 ], [ 9.00124, 64.362274, 0.0 ], [ 10.041382, 64.7869, 0.0 ], [ 12.500386, 64.578995, 0.0 ], [ 16.137564, 63.758915, 0.0 ], [ 20.596828, 62.40703, 0.0 ], [ 25.4417, 60.6556, 0.0 ], [ 30.197966, 58.676094, 0.0 ], [ 34.400047, 56.662178, 0.0 ], [ 37.636505, 54.811176, 0.0 ], [ 39.59056, 53.3041, 0.0 ]] 
boundary 0: [[ 38.85411, 78.457886, 0.0 ], [ 38.46991, 77.402145, 0.0 ], [ 36.66417, 75.720215, 0.0 ], [ 33.613415, 73.57685, 0.0 ], [ 29.616379, 71.1816, 0.0 ], [ 25.064411, 68.76927, 0.0 ], [ 20.402948, 66.57575, 0.0 ], [ 16.088427, 64.81584, 0.0 ], [ 12.543051, 63.661766, 0.0 ], [ 10.113947, 63.22665, 0.0 ], [ 9.03888, 63.552853, 0.0 ], [ 9.42303, 64.60859, 0.0 ], [ 11.228905, 66.29052, 0.0 ], [ 14.279641, 68.43398, 0.0 ], [ 18.27666, 70.82905, 0.0 ], [ 22.82862, 73.24151, 0.0 ], [ 27.490059, 75.43504, 0.0 ], [ 31.80462, 77.19496, 0.0 ], [ 35.34993, 78.34899, 0.0 ], [ 37.779037, 78.78429, 0.0 ]] 
boundary 1: [[ 38.854103, 49.542065, 0.0 ], [ 37.77901, 49.215782, 0.0 ], [ 35.349922, 49.650993, 0.0 ], [ 31.804598, 50.805023, 0.0 ], [ 27.490076, 52.56497, 0.0 ], [ 22.82862, 54.758472, 0.0 ], [ 18.276632, 57.17086, 0.0 ], [ 14.279644, 59.566006, 0.0 ], [ 11.228909, 61.709473, 0.0 ], [ 9.423083, 63.391396, 0.0 ], [ 9.038885, 64.44722, 0.0 ], [ 10.113946, 64.77348, 0.0 ], [ 12.543043, 64.338264, 0.0 ], [ 16.088411, 63.18415, 0.0 ], [ 20.402964, 61.424244, 0.0 ], [ 25.06438, 59.230724, 0.0 ], [ 29.616404, 56.818344, 0.0 ], [ 33.613438, 54.423134, 0.0 ], [ 36.664154, 52.279747, 0.0 ], [ 38.469894, 50.597824, 0.0 ]] 
boundary 0: [[ 37.275856, 81.25771, 0.0 ], [ 36.998367, 80.16905, 0.0 ], [ 35.36853, 78.31616, 0.0 ], [ 32.545647, 75.880516, 0.0 ], [ 28.806149, 73.100266, 0.0 ], [ 24.516167, 70.24793, 0.0 ], [ 20.095507, 67.60246, 0.0 ], [ 15.977022, 65.42289, 0.0 ], [ 12.56374, 63.92253, 0.0 ], [ 10.189832, 63.248405, 0.0 ], [ 9.087692, 63.466263, 0.0 ], [ 9.365129, 64.554924, 0.0 ], [ 10.995101, 66.40783, 0.0 ], [ 13.8179655, 68.84358, 0.0 ], [ 17.55745, 71.62364, 0.0 ], [ 21.847418, 74.476105, 0.0 ], [ 26.268051, 77.12158, 0.0 ], [ 30.38657, 79.30117, 0.0 ], [ 33.79979, 80.80147, 0.0 ], [ 36.173676, 81.47578, 0.0 ]] 
boundary 1: [[ 37.27584, 46.742233, 0.0 ], [ 36.17367, 46.524292, 0.0 ], [ 33.799774, 47.198517, 0.0 ], [ 30.386547, 48.69883, 0.0 ], [ 26.268068, 50.878426, 0.0 ], [ 21.847414, 53.52388, 0.0 ], [ 17.557417, 56.376274, 0.0 ], [ 13.817964, 59.156414, 0.0 ], [ 10.995104, 61.59216, 0.0 ], [ 9.365181, 63.445065, 0.0 ], [ 9.087705, 64.53381, 0.0 ], [ 10.189847, 64.75174, 0.0 ], [ 12.563734, 64.07749, 0.0 ], [ 15.977007, 62.5771, 0.0 ], [ 20.095522, 60.39754, 0.0 ], [ 24.516136, 57.752068, 0.0 ], [ 28.80617, 54.899685, 0.0 ], [ 32.54567, 52.119484, 0.0 ], [ 35.368504, 49.683807, 0.0 ], [ 36.99835, 47.830914, 0.0 ]] 
boundary 0: [[ 35.43047, 83.88311, 0.0 ], [ 35.262253, 82.77231, 0.0 ], [ 33.824127, 80.767, 0.0 ], [ 31.256584, 78.06351, 0.0 ], [ 27.8111, 74.92626, 0.0 ], [ 23.824999, 71.66273, 0.0 ], [ 19.688347, 68.59207, 0.0 ], [ 15.806206, 66.014984, 0.0 ], [ 12.558464, 64.183655, 0.0 ], [ 10.263072, 63.277534, 0.0 ], [ 9.144766, 63.385067, 0.0 ], [ 9.312922, 64.495865, 0.0 ], [ 10.751188, 66.50123, 0.0 ], [ 13.318701, 69.204796, 0.0 ], [ 16.764183, 72.34187, 0.0 ], [ 20.750263, 75.60553, 0.0 ], [ 24.886883, 78.67618, 0.0 ], [ 28.769058, 81.25327, 0.0 ], [ 32.016743, 83.08455, 0.0 ], [ 34.312107, 83.99085, 0.0 ]] 
boundary 1: [[ 35.430454, 44.11682, 0.0 ], [ 34.3121, 44.009216, 0.0 ], [ 32.016727, 44.915436, 0.0 ], [ 28.769035, 46.746704, 0.0 ], [ 24.886898, 49.323814, 0.0 ], [ 20.75026, 52.39446, 0.0 ], [ 16.764141, 55.658062, 0.0 ], [ 13.318697, 58.7952, 0.0 ], [ 10.75119, 61.498764, 0.0 ], [ 9.312969, 63.50412, 0.0 ], [ 9.144785, 64.615005, 0.0 ], [ 10.263103, 64.72261, 0.0 ], [ 12.558462, 63.81637, 0.0 ], [ 15.8061905, 61.98501, 0.0 ], [ 19.688366, 59.407925, 0.0 ], [ 23.824968, 56.337273, 0.0 ], [ 27.81112, 53.073677, 0.0 ], [ 31.256607, 49.93648, 0.0 ], [ 33.824097, 47.232983, 0.0 ], [ 35.262238, 45.22765, 0.0 ]] 
boundary 0: [[ 33.39625, 86.2471, 0.0 ], [ 33.33584, 85.12526, 0.0 ], [ 32.097603, 82.99071, 0.0 ], [ 29.802471, 80.052444, 0.0 ], [ 26.67526, 76.597824, 0.0 ], [ 23.02213, 72.965454, 0.0 ], [ 19.200554, 69.510544, 0.0 ], [ 15.584755, 66.57144, 0.0 ], [ 12.528559, 64.435715, 0.0 ], [ 10.3311405, 63.312668, 0.0 ], [ 9.207679, 63.31196, 0.0 ], [ 9.268035, 64.433784, 0.0 ], [ 10.506406, 66.56838, 0.0 ], [ 12.801505, 69.506744, 0.0 ], [ 15.928725, 72.96118, 0.0 ], [ 19.581833, 76.59368, 0.0 ], [ 23.403362, 80.048584, 0.0 ], [ 27.019201, 82.98772, 0.0 ], [ 30.075344, 85.12336, 0.0 ], [ 32.27271, 86.2466, 0.0 ]] 
boundary 1: [[ 33.396236, 41.75284, 0.0 ], [ 32.27272, 41.75347, 0.0 ], [ 30.075329, 42.876617, 0.0 ], [ 27.019175, 45.012264, 0.0 ], [ 23.403378, 47.95141, 0.0 ], [ 19.581825, 51.406307, 0.0 ], [ 15.928677, 55.038765, 0.0 ], [ 12.801501, 58.49325, 0.0 ], [ 10.506408, 61.431602, 0.0 ], [ 9.26808, 63.566193, 0.0 ], [ 9.207704, 64.68811, 0.0 ], [ 10.331188, 64.687485, 0.0 ], [ 12.52856, 63.564312, 0.0 ], [ 15.584741, 61.428577, 0.0 ], [ 19.200573, 58.489452, 0.0 ], [ 23.022099, 55.034546, 0.0 ], [ 26.675274, 51.402103, 0.0 ], [ 29.802492, 47.94754, 0.0 ], [ 32.097572, 45.00927, 0.0 ], [ 33.335823, 42.874706, 0.0 ]] 
boundary 0: [[ 31.40711, 88.1727, 0.0 ], [ 31.442892, 87.049805, 0.0 ], [ 30.391794, 84.81715, 0.0 ], [ 28.356428, 81.693306, 0.0 ], [ 25.53621, 77.98384, 0.0 ], [ 22.207203, 74.05228, 0.0 ], [ 18.695183, 70.28312, 0.0 ], [ 15.344065, 67.04548, 0.0 ], [ 12.481772, 64.65613, 0.0 ], [ 10.388479, 63.34922, 0.0 ], [ 9.2691965, 63.252403, 0.0 ], [ 9.233366, 64.375275, 0.0 ], [ 10.284592, 66.607994, 0.0 ], [ 12.319917, 69.73191, 0.0 ], [ 15.140163, 73.44121, 0.0 ], [ 18.469135, 77.37291, 0.0 ], [ 21.981106, 81.14207, 0.0 ], [ 25.332264, 84.37973, 0.0 ], [ 28.19451, 86.769, 0.0 ], [ 30.287731, 88.07608, 0.0 ]] 
boundary 1: [[ 31.40709, 39.827244, 0.0 ], [ 30.287746, 39.923992, 0.0 ], [ 28.194494, 41.23099, 0.0 ], [ 25.332237, 43.620247, 0.0 ], [ 21.981121, 46.857937, 0.0 ], [ 18.469128, 50.627083, 0.0 ], [ 15.140106, 54.55874, 0.0 ], [ 12.319911, 58.268074, 0.0 ], [ 10.284594, 61.39199, 0.0 ], [ 9.233408, 63.624695, 0.0 ], [ 9.269229, 64.747665, 0.0 ], [ 10.388543, 64.65094, 0.0 ], [ 12.481775, 63.3439, 0.0 ], [ 15.344051, 60.95455, 0.0 ], [ 18.695202, 57.71688, 0.0 ], [ 22.207172, 53.94772, 0.0 ], [ 25.536213, 50.01609, 0.0 ], [ 28.35645, 46.30667, 0.0 ], [ 30.39176, 43.18283, 0.0 ], [ 31.44287, 40.950172, 0.0 ]] 
boundary 0: [[ 29.49572, 89.74405, 0.0 ], [ 29.617264, 88.627174, 0.0 ], [ 28.739979, 86.32068, 0.0 ], [ 26.949455, 83.05032, 0.0 ], [ 24.421158, 79.13608, 0.0 ], [ 21.402557, 74.96146, 0.0 ], [ 18.189053, 70.934746, 0.0 ], [ 15.095331, 67.45032, 0.0 ], [ 12.424133, 64.8491, 0.0 ], [ 10.436913, 63.385937, 0.0 ], [ 9.328312, 63.203808, 0.0 ], [ 9.2067175, 64.32065, 0.0 ], [ 10.084126, 66.62723, 0.0 ], [ 11.874603, 69.89764, 0.0 ], [ 14.402939, 73.81174, 0.0 ], [ 17.4215, 77.9865, 0.0 ], [ 20.634958, 82.01318, 0.0 ], [ 23.72871, 85.497635, 0.0 ], [ 26.399868, 88.09879, 0.0 ], [ 28.387, 89.562126, 0.0 ]] 
boundary 1: [[ 29.495693, 38.255898, 0.0 ], [ 28.38702, 38.437958, 0.0 ], [ 26.39985, 39.901207, 0.0 ], [ 23.728683, 42.502342, 0.0 ], [ 20.634974, 45.98682, 0.0 ], [ 17.421492, 50.0135, 0.0 ], [ 14.402876, 54.18821, 0.0 ], [ 11.874598, 58.102356, 0.0 ], [ 10.0841255, 61.37276, 0.0 ], [ 9.206757, 63.67932, 0.0 ], [ 9.328349, 64.796265, 0.0 ], [ 10.436989, 64.61424, 0.0 ], [ 12.424141, 63.15094, 0.0 ], [ 15.09532, 60.5497, 0.0 ], [ 18.189072, 57.065247, 0.0 ], [ 21.402527, 53.03855, 0.0 ], [ 24.421162, 48.863865, 0.0 ], [ 26.949476, 44.94964, 0.0 ], [ 28.739943, 41.6793, 0.0 ], [ 29.617239, 39.372803, 0.0 ]] 
boundary 0: [[ 27.75898, 90.97572, 0.0 ], [ 27.95377, 89.86927, 0.0 ], [ 27.230183, 87.51003, 0.0 ], [ 25.658775, 84.12893, 0.0 ], [ 23.393578, 80.05676, 0.0 ], [ 20.65627, 75.69253, 0.0 ], [ 17.71475, 71.46306, 0.0 ], [ 14.85706, 67.78257, 0.0 ], [ 12.36285, 65.011185, 0.0 ], [ 10.476236, 63.420406, 0.0 ], [ 9.382023, 63.165714, 0.0 ], [ 9.187189, 64.272125, 0.0 ], [ 9.910891, 66.63146, 0.0 ], [ 11.482245, 70.01262, 0.0 ], [ 13.747494, 74.08464, 0.0 ], [ 16.48475, 78.44902, 0.0 ], [ 19.426231, 82.678444, 0.0 ], [ 22.283949, 86.35896, 0.0 ], [ 24.778122, 89.13029, 0.0 ], [ 26.664635, 90.72123, 0.0 ]] 
boundary 1: [[ 27.758951, 37.02423, 0.0 ], [ 26.664661, 37.278854, 0.0 ], [ 24.778103, 38.869713, 0.0 ], [ 22.283916, 41.641014, 0.0 ], [ 19.426247, 45.321552, 0.0 ], [ 16.484743, 49.550987, 0.0 ], [ 13.747428, 53.91531, 0.0 ], [ 11.48224, 57.987373, 0.0 ], [ 9.910889, 61.368538, 0.0 ], [ 9.187228, 63.727833, 0.0 ], [ 9.382068, 64.83436, 0.0 ], [ 10.476323, 64.57976, 0.0 ], [ 12.362861, 62.98885, 0.0 ], [ 14.857051, 60.21745, 0.0 ], [ 17.71477, 56.53693, 0.0 ], [ 20.656239, 52.30748, 0.0 ], [ 23.393576, 47.943176, 0.0 ], [ 25.658794, 43.871033, 0.0 ], [ 27.230146, 40.489937, 0.0 ], [ 27.953745, 38.13071, 0.0 ]] 
boundary 0: [[ 27.979204, 90.8289, 0.0 ], [ 28.16493, 89.72089, 0.0 ], [ 27.422054, 87.36765, 0.0 ], [ 25.823023, 83.99953, 0.0 ], [ 23.524567, 79.94604, 0.0 ], [ 20.751623, 75.604355, 0.0 ], [ 17.775581, 71.39911, 0.0 ], [ 14.887859, 67.74214, 0.0 ], [ 12.371046, 64.991264, 0.0 ], [ 10.471474, 63.41598, 0.0 ], [ 9.375212, 63.170254, 0.0 ], [ 9.189442, 64.27822, 0.0 ], [ 9.932432, 66.63156, 0.0 ], [ 11.531412, 69.99974, 0.0 ], [ 13.829918, 74.05308, 0.0 ], [ 16.60281, 78.394905, 0.0 ], [ 19.578814, 82.60011, 0.0 ], [ 22.466564, 86.25711, 0.0 ], [ 24.98334, 89.00793, 0.0 ], [ 26.88281, 90.583374, 0.0 ]] 
boundary 1: [[ 27.979176, 37.171055, 0.0 ], [ 26.882837, 37.41671, 0.0 ], [ 24.98332, 38.992073, 0.0 ], [ 22.46653, 41.742867, 0.0 ], [ 19.578829, 45.399887, 0.0 ], [ 16.602802, 49.605103, 0.0 ], [ 13.829853, 53.94687, 0.0 ], [ 11.531406, 58.00025, 0.0 ], [ 9.93243, 61.368443, 0.0 ], [ 9.189481, 63.721733, 0.0 ], [ 9.375257, 64.82982, 0.0 ], [ 10.47156, 64.58418, 0.0 ], [ 12.371057, 63.00877, 0.0 ], [ 14.88785, 60.25788, 0.0 ], [ 17.7756, 56.60088, 0.0 ], [ 20.751593, 52.39565, 0.0 ], [ 23.524565, 48.053898, 0.0 ], [ 25.823042, 44.000435, 0.0 ], [ 27.422018, 40.632317, 0.0 ], [ 28.164906, 38.27909, 0.0 ]] 
boundary 0: [[ 30.182188, 89.20769, 0.0 ], [ 30.273602, 88.08794, 0.0 ], [ 29.334494, 85.805916, 0.0 ], [ 27.45651, 82.58498, 0.0 ], [ 24.82368, 78.74026, 0.0 ], [ 21.693703, 74.64848, 0.0 ], [ 18.37288, 70.709816, 0.0 ], [ 15.186415, 67.310005, 0.0 ], [ 12.446105, 64.781685, 0.0 ], [ 10.420187, 63.37259, 0.0 ], [ 9.307079, 63.220398, 0.0 ], [ 9.215616, 64.34009, 0.0 ], [ 10.154852, 66.62222, 0.0 ], [ 12.032785, 69.8432, 0.0 ], [ 14.665653, 73.68777, 0.0 ], [ 17.795588, 77.77969, 0.0 ], [ 21.116371, 81.71833, 0.0 ], [ 24.302874, 85.118164, 0.0 ], [ 27.043137, 87.64644, 0.0 ], [ 29.06897, 89.05571, 0.0 ]] 
boundary 1: [[ 30.182163, 38.792274, 0.0 ], [ 29.068983, 38.94438, 0.0 ], [ 27.043116, 40.35356, 0.0 ], [ 24.30284, 42.881805, 0.0 ], [ 21.116386, 46.28167, 0.0 ], [ 17.79558, 50.220303, 0.0 ], [ 14.665594, 54.312172, 0.0 ], [ 12.032782, 58.156784, 0.0 ], [ 10.15485, 61.37778, 0.0 ], [ 9.215663, 63.659855, 0.0 ], [ 9.3071165, 64.77969, 0.0 ], [ 10.4202585, 64.627594, 0.0 ], [ 12.446112, 63.218357, 0.0 ], [ 15.186401, 60.69003, 0.0 ], [ 18.372902, 57.290173, 0.0 ], [ 21.693672, 53.351517, 0.0 ], [ 24.82368, 49.259674, 0.0 ], [ 27.456532, 45.414978, 0.0 ], [ 29.334463, 42.194054, 0.0 ], [ 30.27358, 39.91204, 0.0 ]] 
boundary 0: [[ 32.88521, 86.774, 0.0 ], [ 32.850285, 85.65107, 0.0 ], [ 31.660822, 83.48895, 0.0 ], [ 29.432972, 80.49932, 0.0 ], [ 26.384985, 76.97461, 0.0 ], [ 22.815258, 73.260284, 0.0 ], [ 19.073078, 69.71949, 0.0 ], [ 15.524931, 66.699066, 0.0 ], [ 12.518001, 64.49452, 0.0 ], [ 10.346642, 63.32188, 0.0 ], [ 9.223483, 63.295662, 0.0 ], [ 9.258352, 64.41853, 0.0 ], [ 10.447958, 66.58075, 0.0 ], [ 12.675767, 69.57045, 0.0 ], [ 15.72377, 73.094986, 0.0 ], [ 19.293476, 76.80948, 0.0 ], [ 23.035604, 80.35022, 0.0 ], [ 26.583786, 83.37066, 0.0 ], [ 29.590677, 85.57518, 0.0 ], [ 31.761969, 86.74801, 0.0 ]] 
boundary 1: [[ 32.885185, 41.225967, 0.0 ], [ 31.761972, 41.252083, 0.0 ], [ 29.590656, 42.424816, 0.0 ], [ 26.58376, 44.629295, 0.0 ], [ 23.03562, 47.64978, 0.0 ], [ 19.293468, 51.190514, 0.0 ], [ 15.723717, 54.904964, 0.0 ], [ 12.675765, 58.42955, 0.0 ], [ 10.447956, 61.419247, 0.0 ], [ 9.258407, 63.5814, 0.0 ], [ 9.223511, 64.70442, 0.0 ], [ 10.346691, 64.678314, 0.0 ], [ 12.518002, 63.505516, 0.0 ], [ 15.524914, 61.300953, 0.0 ], [ 19.073101, 58.280495, 0.0 ], [ 22.815228, 54.739727, 0.0 ], [ 26.384995, 51.025307, 0.0 ], [ 29.432999, 47.50064, 0.0 ], [ 31.660791, 44.511013, 0.0 ], [ 32.85027, 42.348915, 0.0 ]] 
boundary 0: [[ 35.865425, 83.312416, 0.0 ], [ 35.6726, 82.20562, 0.0 ], [ 34.19034, 80.23268, 0.0 ], [ 31.56343, 77.58684, 0.0 ], [ 28.049166, 74.52682, 0.0 ], [ 23.99165, 71.3526, 0.0 ], [ 19.787853, 68.37447, 0.0 ], [ 15.849476, 65.88417, 0.0 ], [ 12.561895, 64.12537, 0.0 ], [ 10.246959, 63.27041, 0.0 ], [ 9.131313, 63.40272, 0.0 ], [ 9.324065, 64.50947, 0.0 ], [ 10.806497, 66.48248, 0.0 ], [ 13.433373, 69.12841, 0.0 ], [ 16.947632, 72.18825, 0.0 ], [ 21.005154, 75.36266, 0.0 ], [ 25.208893, 78.34073, 0.0 ], [ 29.147295, 80.83102, 0.0 ], [ 32.434837, 82.58981, 0.0 ], [ 34.749737, 83.44499, 0.0 ]] 
boundary 1: [[ 35.86541, 44.687534, 0.0 ], [ 34.749725, 44.555115, 0.0 ], [ 32.434814, 45.41018, 0.0 ], [ 29.147276, 47.168938, 0.0 ], [ 25.2089, 49.65928, 0.0 ], [ 21.005146, 52.637344, 0.0 ], [ 16.947584, 55.811687, 0.0 ], [ 13.433372, 58.87159, 0.0 ], [ 10.806495, 61.51752, 0.0 ], [ 9.324128, 63.49047, 0.0 ], [ 9.13133, 64.59735, 0.0 ], [ 10.24698, 64.7298, 0.0 ], [ 12.56189, 63.874676, 0.0 ], [ 15.849457, 62.115837, 0.0 ], [ 19.787876, 59.625523, 0.0 ], [ 23.991615, 56.647415, 0.0 ], [ 28.049189, 53.473103, 0.0 ], [ 31.563457, 50.41313, 0.0 ], [ 34.190315, 47.767265, 0.0 ], [ 35.672592, 45.794365, 0.0 ]] 
boundary 0: [[ 38.452076, 79.2356, 0.0 ], [ 38.096596, 78.16984, 0.0 ], [ 36.337067, 76.439644, 0.0 ], [ 33.34546, 74.214455, 0.0 ], [ 29.414717, 71.71187, 0.0 ], [ 24.929771, 69.17723, 0.0 ], [ 20.329378, 66.85829, 0.0 ], [ 16.064083, 64.9822, 0.0 ], [ 12.551258, 63.732548, 0.0 ], [ 10.134821, 63.231842, 0.0 ], [ 9.051314, 63.528812, 0.0 ], [ 9.406722, 64.59451, 0.0 ], [ 11.166423, 66.32478, 0.0 ], [ 14.158009, 68.55004, 0.0 ], [ 18.088726, 71.05246, 0.0 ], [ 22.573702, 73.587296, 0.0 ], [ 27.174036, 75.90618, 0.0 ], [ 31.43935, 77.78225, 0.0 ], [ 34.952137, 79.031906, 0.0 ], [ 37.36857, 79.53284, 0.0 ]] 
boundary 1: [[ 38.45208, 48.76435, 0.0 ], [ 37.36854, 48.467262, 0.0 ], [ 34.952114, 48.968086, 0.0 ], [ 31.43934, 50.2177, 0.0 ], [ 27.174042, 52.09382, 0.0 ], [ 22.57369, 54.412704, 0.0 ], [ 18.088688, 56.947456, 0.0 ], [ 14.158009, 59.449947, 0.0 ], [ 11.16642, 61.67522, 0.0 ], [ 9.406794, 63.405437, 0.0 ], [ 9.051319, 64.47127, 0.0 ], [ 10.134808, 64.76836, 0.0 ], [ 12.551247, 64.26749, 0.0 ], [ 16.064064, 63.017803, 0.0 ], [ 20.329405, 61.141716, 0.0 ], [ 24.929731, 58.822784, 0.0 ], [ 29.414751, 56.288067, 0.0 ], [ 33.345497, 53.785515, 0.0 ], [ 36.33706, 51.560307, 0.0 ], [ 38.09659, 49.830124, 0.0 ]] 
boundary 0: [[ 40.253914, 75.22966, 0.0 ], [ 39.757256, 74.2219, 0.0 ], [ 37.779457, 72.74616, 0.0 ], [ 34.513863, 70.94696, 0.0 ], [ 30.2802, 69.000244, 0.0 ], [ 25.4931, 67.09687, 0.0 ], [ 20.620855, 65.42287, 0.0 ], [ 16.140635, 64.14218, 0.0 ], [ 12.49085, 63.38019, 0.0 ], [ 10.028848, 63.211624, 0.0 ], [ 8.99559, 63.652714, 0.0 ], [ 9.492162, 64.66039, 0.0 ], [ 11.470139, 66.1362, 0.0 ], [ 14.735724, 67.93544, 0.0 ], [ 18.969341, 69.88201, 0.0 ], [ 23.7565, 71.78558, 0.0 ], [ 28.628675, 73.45955, 0.0 ], [ 33.108917, 74.74019, 0.0 ], [ 36.758648, 75.50221, 0.0 ], [ 39.22068, 75.671, 0.0 ]] 
boundary 1: [[ 40.25392, 52.770306, 0.0 ], [ 39.220646, 52.329094, 0.0 ], [ 36.758633, 52.497772, 0.0 ], [ 33.10891, 53.25975, 0.0 ], [ 28.628681, 54.540443, 0.0 ], [ 23.756489, 56.214413, 0.0 ], [ 18.969315, 58.11789, 0.0 ], [ 14.735725, 60.06453, 0.0 ], [ 11.470136, 61.863804, 0.0 ], [ 9.492237, 63.339558, 0.0 ], [ 8.995582, 64.34739, 0.0 ], [ 10.028806, 64.78857, 0.0 ], [ 12.490835, 64.61984, 0.0 ], [ 16.140615, 63.857803, 0.0 ], [ 20.62088, 62.577152, 0.0 ], [ 25.493057, 60.903133, 0.0 ], [ 30.28024, 58.9997, 0.0 ], [ 34.51391, 57.052994, 0.0 ], [ 37.779457, 55.25379, 0.0 ], [ 39.75725, 53.77806, 0.0 ]] 
boundary 0: [[ 41.267097, 71.97738, 0.0 ], [ 40.667168, 71.02746, 0.0 ], [ 38.545094, 69.768, 0.0 ], [ 35.108326, 68.32235, 0.0 ], [ 30.693346, 66.83183, 0.0 ], [ 25.732567, 65.442665, 0.0 ], [ 20.711239, 64.29056, 0.0 ], [ 16.121147, 63.488342, 0.0 ], [ 12.411449, 63.114563, 0.0 ], [ 9.945375, 63.205963, 0.0 ], [ 8.964256, 63.753296, 0.0 ], [ 9.564088, 64.70315, 0.0 ], [ 11.686355, 65.96266, 0.0 ], [ 15.123112, 67.40834, 0.0 ], [ 19.53803, 68.89871, 0.0 ], [ 24.498894, 70.28807, 0.0 ], [ 29.520147, 71.44016, 0.0 ], [ 34.11026, 72.24233, 0.0 ], [ 37.81991, 72.616135, 0.0 ], [ 40.28603, 72.52497, 0.0 ]] 
boundary 1: [[ 41.267113, 56.02259, 0.0 ], [ 40.285988, 55.47512, 0.0 ], [ 37.8199, 55.383835, 0.0 ], [ 34.11026, 55.757607, 0.0 ], [ 29.520155, 56.559837, 0.0 ], [ 24.498882, 57.71193, 0.0 ], [ 19.538013, 59.101192, 0.0 ], [ 15.123118, 60.591614, 0.0 ], [ 11.686352, 62.037342, 0.0 ], [ 9.56417, 63.296818, 0.0 ], [ 8.964237, 64.246796, 0.0 ], [ 9.945312, 64.79424, 0.0 ], [ 12.411429, 64.885475, 0.0 ], [ 16.121128, 64.51165, 0.0 ], [ 20.711262, 63.709465, 0.0 ], [ 25.732525, 62.557327, 0.0 ], [ 30.693396, 61.16811, 0.0 ], [ 35.10837, 59.677616, 0.0 ], [ 38.545094, 58.231964, 0.0 ], [ 40.667175, 56.972496, 0.0 ]] 
boundary 0: [[ 41.704945, 70.00062, 0.0 ], [ 41.046734, 69.0901, 0.0 ], [ 38.850002, 67.96593, 0.0 ], [ 35.32949, 66.73822, 0.0 ], [ 30.82988, 65.526955, 0.0 ], [ 25.791882, 64.45098, 0.0 ], [ 20.708294, 63.61543, 0.0 ], [ 16.07699, 63.102062, 0.0 ], [ 12.351172, 62.961193, 0.0 ], [ 9.895655, 63.206764, 0.0 ], [ 8.950716, 63.81443, 0.0 ], [ 9.608822, 64.72488, 0.0 ], [ 11.8057575, 65.8491, 0.0 ], [ 15.326256, 67.076836, 0.0 ], [ 19.825798, 68.287964, 0.0 ], [ 24.863894, 69.364105, 0.0 ], [ 29.947409, 70.19968, 0.0 ], [ 34.57873, 70.71297, 0.0 ], [ 38.304493, 70.853874, 0.0 ], [ 40.760075, 70.608536, 0.0 ]] 
boundary 1: [[ 41.70496, 57.999348, 0.0 ], [ 40.760036, 57.39155, 0.0 ], [ 38.304485, 57.14609, 0.0 ], [ 34.57873, 57.286953, 0.0 ], [ 29.947416, 57.80033, 0.0 ], [ 24.863882, 58.635887, 0.0 ], [ 19.825785, 59.711933, 0.0 ], [ 15.326267, 60.923115, 0.0 ], [ 11.805752, 62.15091, 0.0 ], [ 9.608905, 63.27509, 0.0 ], [ 8.950691, 64.18565, 0.0 ], [ 9.8955765, 64.793434, 0.0 ], [ 12.3511505, 65.03884, 0.0 ], [ 16.076971, 64.89793, 0.0 ], [ 20.708313, 64.3846, 0.0 ], [ 25.79184, 63.549, 0.0 ], [ 30.829931, 62.473, 0.0 ], [ 35.329536, 61.26175, 0.0 ], [ 38.85001, 60.034027, 0.0 ], [ 41.046745, 58.909847, 0.0 ]] 
boundary 0: [[ 41.805187, 69.443054, 0.0 ], [ 41.13112, 68.54421, 0.0 ], [ 38.91504, 67.4587, 0.0 ], [ 35.373573, 66.292854, 0.0 ], [ 30.853424, 65.16061, 0.0 ], [ 25.79734, 64.17307, 0.0 ], [ 20.699903, 63.426712, 0.0 ], [ 16.060316, 62.99456, 0.0 ], [ 12.332599, 62.91899, 0.0 ], [ 9.8817625, 63.207546, 0.0 ], [ 8.947615, 63.831673, 0.0 ], [ 9.621572, 64.73045, 0.0 ], [ 11.837867, 65.815994, 0.0 ], [ 15.3793335, 66.98189, 0.0 ], [ 19.899406, 68.11399, 0.0 ], [ 24.955572, 69.101685, 0.0 ], [ 30.052954, 69.84808, 0.0 ], [ 34.69255, 70.28015, 0.0 ], [ 38.42021, 70.35575, 0.0 ], [ 40.87111, 70.06744, 0.0 ]] 
boundary 1: [[ 41.8052, 58.55691, 0.0 ], [ 40.871063, 57.93265, 0.0 ], [ 38.420204, 57.64421, 0.0 ], [ 34.69255, 57.719776, 0.0 ], [ 30.052961, 58.151936, 0.0 ], [ 24.95556, 58.898308, 0.0 ], [ 19.899391, 59.88591, 0.0 ], [ 15.379347, 61.018074, 0.0 ], [ 11.837861, 62.184, 0.0 ], [ 9.621655, 63.269516, 0.0 ], [ 8.94759, 64.16841, 0.0 ], [ 9.881681, 64.792656, 0.0 ], [ 12.332577, 65.08105, 0.0 ], [ 16.060297, 65.005424, 0.0 ], [ 20.699923, 64.57332, 0.0 ], [ 25.7973, 63.826912, 0.0 ], [ 30.853476, 62.839348, 0.0 ], [ 35.37362, 61.707115, 0.0 ], [ 38.915047, 60.54126, 0.0 ], [ 41.131134, 59.45574, 0.0 ]] 
boundary 0: [[ 41.718353, 69.92912, 0.0 ], [ 41.058083, 69.02006, 0.0 ], [ 38.858833, 67.900856, 0.0 ], [ 35.33561, 66.68106, 0.0 ], [ 30.833271, 65.479935, 0.0 ], [ 25.792847, 64.41529, 0.0 ], [ 20.7074, 63.59119, 0.0 ], [ 16.074957, 63.08824, 0.0 ], [ 12.348824, 62.955753, 0.0 ], [ 9.893869, 63.206852, 0.0 ], [ 8.9503, 63.81664, 0.0 ], [ 9.610455, 64.72562, 0.0 ], [ 11.809915, 65.844864, 0.0 ], [ 15.333163, 67.064705, 0.0 ], [ 19.835424, 68.265686, 0.0 ], [ 24.87592, 69.33049, 0.0 ], [ 29.96131, 70.15463, 0.0 ], [ 34.593773, 70.6575, 0.0 ], [ 38.319824, 70.790016, 0.0 ], [ 40.774845, 70.539154, 0.0 ]] 
boundary 1: [[ 41.71837, 58.07085, 0.0 ], [ 40.7748, 57.460922, 0.0 ], [ 38.319817, 57.20994, 0.0 ], [ 34.59377, 57.34243, 0.0 ], [ 29.961317, 57.845383, 0.0 ], [ 24.875908, 58.66951, 0.0 ], [ 19.835405, 59.734207, 0.0 ], [ 15.333177, 60.935257, 0.0 ], [ 11.809909, 62.15513, 0.0 ], [ 9.6105385, 63.27436, 0.0 ], [ 8.950276, 64.183464, 0.0 ], [ 9.893792, 64.79335, 0.0 ], [ 12.348803, 65.04429, 0.0 ], [ 16.074938, 64.91174, 0.0 ], [ 20.707418, 64.40884, 0.0 ], [ 25.792809, 63.584682, 0.0 ], [ 30.833323, 62.520027, 0.0 ], [ 35.335655, 61.318893, 0.0 ], [ 38.85884, 60.099106, 0.0 ], [ 41.058098, 58.979866, 0.0 ]] 
boundary 0: [[ 41.4398, 71.265274, 0.0 ], [ 40.81848, 70.329155, 0.0 ], [ 38.668434, 69.11812, 0.0 ], [ 35.19984, 67.750725, 0.0 ], [ 30.752193, 66.36066, 0.0 ], [ 25.761189, 65.08424, 0.0 ], [ 20.715052, 64.04625, 0.0 ], [ 16.107964, 63.34825, 0.0 ], [ 12.390743, 63.058628, 0.0 ], [ 9.927379, 63.205894, 0.0 ], [ 8.958915, 63.775314, 0.0 ], [ 9.580119, 64.71135, 0.0 ], [ 11.730384, 65.922424, 0.0 ], [ 15.199012, 67.28986, 0.0 ], [ 19.646572, 68.67978, 0.0 ], [ 24.637646, 69.95637, 0.0 ], [ 29.683718, 70.9944, 0.0 ], [ 34.290833, 71.69233, 0.0 ], [ 38.00797, 71.98197, 0.0 ], [ 40.471397, 71.834946, 0.0 ]] 
boundary 1: [[ 41.439816, 56.734695, 0.0 ], [ 40.47135, 56.16513, 0.0 ], [ 38.00796, 56.017998, 0.0 ], [ 34.29083, 56.307606, 0.0 ], [ 29.683725, 57.005623, 0.0 ], [ 24.637634, 58.04363, 0.0 ], [ 19.646545, 59.320103, 0.0 ], [ 15.199023, 60.7101, 0.0 ], [ 11.730378, 62.07757, 0.0 ], [ 9.580202, 63.288643, 0.0 ], [ 8.958896, 64.224785, 0.0 ], [ 9.927309, 64.79432, 0.0 ], [ 12.390722, 64.94142, 0.0 ], [ 16.107944, 64.65174, 0.0 ], [ 20.71507, 63.95377, 0.0 ], [ 25.76115, 62.91573, 0.0 ], [ 30.752243, 61.63929, 0.0 ], [ 35.199886, 60.249214, 0.0 ], [ 38.66844, 58.881824, 0.0 ], [ 40.818497, 57.67077, 0.0 ]] 
boundary 0: [[ 40.908173, 73.273636, 0.0 ], [ 40.34826, 72.29956, 0.0 ], [ 38.280426, 70.952934, 0.0 ], [ 34.9068, 69.36563, 0.0 ], [ 30.557611, 67.69279, 0.0 ], [ 25.658884, 66.09849, 0.0 ], [ 20.689827, 64.73856, 0.0 ], [ 16.137072, 63.746136, 0.0 ], [ 12.446126, 63.218388, 0.0 ], [ 9.97839, 63.20715, 0.0 ], [ 8.975353, 63.7132, 0.0 ], [ 9.535166, 64.6872, 0.0 ], [ 11.603213, 66.033875, 0.0 ], [ 14.976864, 67.62125, 0.0 ], [ 19.325983, 69.2939, 0.0 ], [ 24.22477, 70.88839, 0.0 ], [ 29.19376, 72.24834, 0.0 ], [ 33.746536, 73.24071, 0.0 ], [ 37.437405, 73.76847, 0.0 ], [ 39.90519, 73.77995, 0.0 ]] 
boundary 1: [[ 40.908188, 54.726315, 0.0 ], [ 39.90515, 54.22013, 0.0 ], [ 37.437397, 54.2315, 0.0 ], [ 33.74653, 54.75923, 0.0 ], [ 29.19377, 55.751682, 0.0 ], [ 24.224758, 57.1116, 0.0 ], [ 19.32595, 58.705975, 0.0 ], [ 14.976875, 60.378723, 0.0 ], [ 11.603209, 61.96613, 0.0 ], [ 9.535245, 63.31279, 0.0 ], [ 8.975343, 64.2869, 0.0 ], [ 9.9783325, 64.79307, 0.0 ], [ 12.446108, 64.78166, 0.0 ], [ 16.137053, 64.25385, 0.0 ], [ 20.689846, 63.26146, 0.0 ], [ 25.658836, 61.901497, 0.0 ], [ 30.557657, 60.30715, 0.0 ], [ 34.906845, 58.63432, 0.0 ], [ 38.280434, 57.047005, 0.0 ], [ 40.348274, 55.700363, 0.0 ]] 
boundary 0: [[ 40.071083, 75.711395, 0.0 ], [ 39.590538, 74.695816, 0.0 ], [ 37.63655, 73.18875, 0.0 ], [ 34.400063, 71.3378, 0.0 ], [ 30.197943, 69.32384, 0.0 ], [ 25.441772, 67.3444, 0.0 ], [ 20.596817, 65.59299, 0.0 ], [ 16.137579, 64.24109, 0.0 ], [ 12.5004, 63.421013, 0.0 ], [ 10.041399, 63.213257, 0.0 ], [ 9.001242, 63.637802, 0.0 ], [ 9.481693, 64.6533, 0.0 ], [ 11.4359045, 66.160416, 0.0 ], [ 14.672399, 68.01147, 0.0 ], [ 18.874466, 70.02522, 0.0 ], [ 23.630684, 72.004845, 0.0 ], [ 28.475561, 73.75627, 0.0 ], [ 32.93482, 75.10812, 0.0 ], [ 36.571926, 75.92819, 0.0 ], [ 39.03096, 76.136215, 0.0 ]] 
boundary 1: [[ 40.0711, 52.28855, 0.0 ], [ 39.030926, 51.863876, 0.0 ], [ 36.57192, 52.071762, 0.0 ], [ 32.93481, 52.89181, 0.0 ], [ 28.47557, 54.243744, 0.0 ], [ 23.630669, 55.99514, 0.0 ], [ 18.874428, 57.974648, 0.0 ], [ 14.672407, 59.9885, 0.0 ], [ 11.435902, 61.839584, 0.0 ], [ 9.4817705, 63.34668, 0.0 ], [ 9.00124, 64.362305, 0.0 ], [ 10.04136, 64.786964, 0.0 ], [ 12.500385, 64.57902, 0.0 ], [ 16.13756, 63.7589, 0.0 ], [ 20.59684, 62.407017, 0.0 ], [ 25.441721, 60.655586, 0.0 ], [ 30.19798, 58.67611, 0.0 ], [ 34.4001, 56.662174, 0.0 ], [ 37.63655, 54.811176, 0.0 ], [ 39.590553, 53.304108, 0.0 ]] 
boundary 0: [[ 38.854095, 78.45787, 0.0 ], [ 38.46988, 77.402084, 0.0 ], [ 36.6642, 75.720184, 0.0 ], [ 33.613453, 73.57685, 0.0 ], [ 29.61639, 71.18159, 0.0 ], [ 25.064453, 68.76929, 0.0 ], [ 20.402952, 66.57577, 0.0 ], [ 16.088427, 64.81586, 0.0 ], [ 12.543055, 63.66176, 0.0 ], [ 10.11395, 63.22668, 0.0 ], [ 9.038879, 63.55286, 0.0 ], [ 9.423012, 64.60857, 0.0 ], [ 11.228915, 66.290535, 0.0 ], [ 14.279651, 68.43398, 0.0 ], [ 18.276688, 70.82903, 0.0 ], [ 22.828651, 73.24152, 0.0 ], [ 27.490074, 75.43504, 0.0 ], [ 31.80462, 77.194916, 0.0 ], [ 35.34993, 78.34899, 0.0 ], [ 37.779037, 78.78435, 0.0 ]] 
boundary 1: [[ 38.85411, 49.542065, 0.0 ], [ 37.77901, 49.21575, 0.0 ], [ 35.349907, 49.650963, 0.0 ], [ 31.804613, 50.805023, 0.0 ], [ 27.490086, 52.564983, 0.0 ], [ 22.828632, 54.758457, 0.0 ], [ 18.27664, 57.170837, 0.0 ], [ 14.279654, 59.56599, 0.0 ], [ 11.228912, 61.709457, 0.0 ], [ 9.423086, 63.391403, 0.0 ], [ 9.038886, 64.44725, 0.0 ], [ 10.113932, 64.773544, 0.0 ], [ 12.543044, 64.33829, 0.0 ], [ 16.088408, 63.184135, 0.0 ], [ 20.402975, 61.424232, 0.0 ], [ 25.0644, 59.23071, 0.0 ], [ 29.616423, 56.818356, 0.0 ], [ 33.61349, 54.42312, 0.0 ], [ 36.6642, 52.279747, 0.0 ], [ 38.469894, 50.59783, 0.0 ]] 
boundary 0: [[ 37.27584, 81.2577, 0.0 ], [ 36.998337, 80.16899, 0.0 ], [ 35.36856, 78.31613, 0.0 ], [ 32.545685, 75.880516, 0.0 ], [ 28.806162, 73.10025, 0.0 ], [ 24.516205, 70.24795, 0.0 ], [ 20.09551, 67.60248, 0.0 ], [ 15.977022, 65.422905, 0.0 ], [ 12.563744, 63.922523, 0.0 ], [ 10.189833, 63.248436, 0.0 ], [ 9.08769, 63.46627, 0.0 ], [ 9.365114, 64.55489, 0.0 ], [ 10.99511, 66.407845, 0.0 ], [ 13.817975, 68.84358, 0.0 ], [ 17.557487, 71.62363, 0.0 ], [ 21.847446, 74.47612, 0.0 ], [ 26.268066, 77.12158, 0.0 ], [ 30.386576, 79.301125, 0.0 ], [ 33.79979, 80.80147, 0.0 ], [ 36.173676, 81.47584, 0.0 ]] 
boundary 1: [[ 37.27585, 46.742233, 0.0 ], [ 36.173664, 46.52426, 0.0 ], [ 33.79976, 47.198494, 0.0 ], [ 30.386562, 48.698814, 0.0 ], [ 26.268082, 50.87844, 0.0 ], [ 21.847424, 53.523857, 0.0 ], [ 17.557423, 56.376247, 0.0 ], [ 13.817973, 59.1564, 0.0 ], [ 10.995106, 61.592144, 0.0 ], [ 9.365184, 63.44507, 0.0 ], [ 9.087708, 64.533844, 0.0 ], [ 10.189837, 64.7518, 0.0 ], [ 12.563735, 64.077515, 0.0 ], [ 15.976999, 62.577087, 0.0 ], [ 20.095533, 60.39753, 0.0 ], [ 24.516151, 57.752052, 0.0 ], [ 28.806189, 54.899693, 0.0 ], [ 32.545723, 52.119453, 0.0 ], [ 35.36855, 49.683804, 0.0 ], [ 36.99835, 47.83092, 0.0 ]] 
boundary 0: [[ 35.430454, 83.883095, 0.0 ], [ 35.262238, 82.77225, 0.0 ], [ 33.824158, 80.76697, 0.0 ], [ 31.256622, 78.063515, 0.0 ], [ 27.811115, 74.92626, 0.0 ], [ 23.825037, 71.66275, 0.0 ], [ 19.68835, 68.59209, 0.0 ], [ 15.806206, 66.015, 0.0 ], [ 12.558471, 64.18365, 0.0 ], [ 10.26307, 63.277565, 0.0 ], [ 9.144761, 63.385075, 0.0 ], [ 9.312908, 64.495834, 0.0 ], [ 10.751196, 66.50124, 0.0 ], [ 13.31871, 69.204796, 0.0 ], [ 16.764221, 72.34186, 0.0 ], [ 20.75029, 75.605545, 0.0 ], [ 24.886898, 78.676186, 0.0 ], [ 28.76907, 81.25323, 0.0 ], [ 32.016743, 83.08455, 0.0 ], [ 34.31209, 83.99091, 0.0 ]] 
boundary 1: [[ 35.43046, 44.11682, 0.0 ], [ 34.31209, 44.009186, 0.0 ], [ 32.016712, 44.915413, 0.0 ], [ 28.76905, 46.74669, 0.0 ], [ 24.886913, 49.32383, 0.0 ], [ 20.75026, 52.394436, 0.0 ], [ 16.764145, 55.65804, 0.0 ], [ 13.318706, 58.79518, 0.0 ], [ 10.75119, 61.49875, 0.0 ], [ 9.312972, 63.504124, 0.0 ], [ 9.144793, 64.615036, 0.0 ], [ 10.263098, 64.72267, 0.0 ], [ 12.558464, 63.81639, 0.0 ], [ 15.806183, 61.984997, 0.0 ], [ 19.688374, 59.407917, 0.0 ], [ 23.824984, 56.337257, 0.0 ], [ 27.811138, 53.073685, 0.0 ], [ 31.25666, 49.93645, 0.0 ], [ 33.824142, 47.232975, 0.0 ], [ 35.262238, 45.227657, 0.0 ]] 
boundary 0: [[ 33.396244, 86.247086, 0.0 ], [ 33.335827, 85.1252, 0.0 ], [ 32.097633, 82.99068, 0.0 ], [ 29.80251, 80.05245, 0.0 ], [ 26.675276, 76.59783, 0.0 ], [ 23.02216, 72.96548, 0.0 ], [ 19.200558, 69.51056, 0.0 ], [ 15.584753, 66.57146, 0.0 ], [ 12.528567, 64.43571, 0.0 ], [ 10.331138, 63.31269, 0.0 ], [ 9.207673, 63.311966, 0.0 ], [ 9.268025, 64.433754, 0.0 ], [ 10.506413, 66.5684, 0.0 ], [ 12.801515, 69.506744, 0.0 ], [ 15.928763, 72.96117, 0.0 ], [ 19.581856, 76.593704, 0.0 ], [ 23.403378, 80.0486, 0.0 ], [ 27.019217, 82.98768, 0.0 ], [ 30.075344, 85.12336, 0.0 ], [ 32.272694, 86.24666, 0.0 ]] 
boundary 1: [[ 33.396244, 41.75284, 0.0 ], [ 32.272705, 41.75345, 0.0 ], [ 30.075314, 42.876595, 0.0 ], [ 27.01919, 45.01224, 0.0 ], [ 23.403397, 47.951424, 0.0 ], [ 19.581825, 51.406284, 0.0 ], [ 15.928675, 55.038742, 0.0 ], [ 12.801508, 58.49323, 0.0 ], [ 10.506408, 61.431587, 0.0 ], [ 9.268083, 63.566196, 0.0 ], [ 9.207716, 64.68814, 0.0 ], [ 10.331189, 64.687546, 0.0 ], [ 12.528563, 63.564335, 0.0 ], [ 15.58473, 61.428566, 0.0 ], [ 19.20058, 58.489445, 0.0 ], [ 23.022106, 55.03453, 0.0 ], [ 26.675295, 51.40211, 0.0 ], [ 29.802542, 47.94751, 0.0 ], [ 32.09762, 45.00926, 0.0 ], [ 33.335823, 42.874714, 0.0 ]] 
boundary 0: [[ 31.407106, 88.17268, 0.0 ], [ 31.442883, 87.04974, 0.0 ], [ 30.391827, 84.817116, 0.0 ], [ 28.356466, 81.69332, 0.0 ], [ 25.536224, 77.98385, 0.0 ], [ 22.20723, 74.05229, 0.0 ], [ 18.695187, 70.283134, 0.0 ], [ 15.344061, 67.045494, 0.0 ], [ 12.481782, 64.65612, 0.0 ], [ 10.388475, 63.349243, 0.0 ], [ 9.26919, 63.25241, 0.0 ], [ 9.23336, 64.375244, 0.0 ], [ 10.284598, 66.60801, 0.0 ], [ 12.319926, 69.73191, 0.0 ], [ 15.140202, 73.4412, 0.0 ], [ 18.469158, 77.372925, 0.0 ], [ 21.981121, 81.14208, 0.0 ], [ 25.332285, 84.3797, 0.0 ], [ 28.19451, 86.769, 0.0 ], [ 30.287712, 88.07614, 0.0 ]] 
boundary 1: [[ 31.407095, 39.82724, 0.0 ], [ 30.287727, 39.92397, 0.0 ], [ 28.194473, 41.230972, 0.0 ], [ 25.332249, 43.620224, 0.0 ], [ 21.98114, 46.85795, 0.0 ], [ 18.469124, 50.62706, 0.0 ], [ 15.140104, 54.558716, 0.0 ], [ 12.319917, 58.26805, 0.0 ], [ 10.284592, 61.391975, 0.0 ], [ 9.233412, 63.6247, 0.0 ], [ 9.269242, 64.747696, 0.0 ], [ 10.388547, 64.651, 0.0 ], [ 12.481781, 63.34392, 0.0 ], [ 15.34404, 60.95454, 0.0 ], [ 18.69521, 57.716873, 0.0 ], [ 22.20718, 53.947704, 0.0 ], [ 25.536238, 50.016098, 0.0 ], [ 28.356491, 46.306633, 0.0 ], [ 30.391806, 43.182816, 0.0 ], [ 31.442877, 40.95018, 0.0 ]] 
boundary 0: [[ 29.495718, 89.74403, 0.0 ], [ 29.617258, 88.62711, 0.0 ], [ 28.740013, 86.32065, 0.0 ], [ 26.949493, 83.05034, 0.0 ], [ 24.421173, 79.13608, 0.0 ], [ 21.402578, 74.96147, 0.0 ], [ 18.189056, 70.93476, 0.0 ], [ 15.095326, 67.45033, 0.0 ], [ 12.424145, 64.84909, 0.0 ], [ 10.436908, 63.38596, 0.0 ], [ 9.328304, 63.203815, 0.0 ], [ 9.206714, 64.32062, 0.0 ], [ 10.08413, 66.62724, 0.0 ], [ 11.874613, 69.89764, 0.0 ], [ 14.402977, 73.81172, 0.0 ], [ 17.421522, 77.98652, 0.0 ], [ 20.634966, 82.0132, 0.0 ], [ 23.728733, 85.497604, 0.0 ], [ 26.399868, 88.09879, 0.0 ], [ 28.386978, 89.56218, 0.0 ]] 
boundary 1: [[ 29.495697, 38.25589, 0.0 ], [ 28.387001, 38.437935, 0.0 ], [ 26.399826, 39.901184, 0.0 ], [ 23.728695, 42.50232, 0.0 ], [ 20.634993, 45.986828, 0.0 ], [ 17.421488, 50.01348, 0.0 ], [ 14.40287, 54.188187, 0.0 ], [ 11.8746, 58.102325, 0.0 ], [ 10.084123, 61.372746, 0.0 ], [ 9.206761, 63.679325, 0.0 ], [ 9.328364, 64.796295, 0.0 ], [ 10.436998, 64.6143, 0.0 ], [ 12.424149, 63.150963, 0.0 ], [ 15.095306, 60.549686, 0.0 ], [ 18.18908, 57.06524, 0.0 ], [ 21.402529, 53.038536, 0.0 ], [ 24.421185, 48.863873, 0.0 ], [ 26.94951, 44.9496, 0.0 ], [ 28.739986, 41.679283, 0.0 ], [ 29.617247, 39.37281, 0.0 ]] 
boundary 0: [[ 27.758978, 90.97571, 0.0 ], [ 27.953766, 89.86921, 0.0 ], [ 27.230219, 87.51, 0.0 ], [ 25.658813, 84.128944, 0.0 ], [ 23.393593, 80.05676, 0.0 ], [ 20.656292, 75.69254, 0.0 ], [ 17.714754, 71.46307, 0.0 ], [ 14.857054, 67.782585, 0.0 ], [ 12.362862, 65.011185, 0.0 ], [ 10.476229, 63.42043, 0.0 ], [ 9.382014, 63.16572, 0.0 ], [ 9.187187, 64.272095, 0.0 ], [ 9.910893, 66.63148, 0.0 ], [ 11.482255, 70.01262, 0.0 ], [ 13.747534, 74.084625, 0.0 ], [ 16.484772, 78.449036, 0.0 ], [ 19.426239, 82.67846, 0.0 ], [ 22.283972, 86.35893, 0.0 ], [ 24.778122, 89.13029, 0.0 ], [ 26.664612, 90.721275, 0.0 ]] 
boundary 1: [[ 27.758955, 37.024223, 0.0 ], [ 26.66464, 37.27883, 0.0 ], [ 24.778076, 38.869694, 0.0 ], [ 22.283928, 41.64099, 0.0 ], [ 19.426266, 45.321556, 0.0 ], [ 16.484737, 49.550972, 0.0 ], [ 13.74742, 53.915287, 0.0 ], [ 11.482239, 57.987343, 0.0 ], [ 9.910886, 61.368523, 0.0 ], [ 9.187233, 63.727837, 0.0 ], [ 9.382083, 64.83439, 0.0 ], [ 10.476336, 64.57982, 0.0 ], [ 12.362868, 62.988873, 0.0 ], [ 14.857036, 60.217434, 0.0 ], [ 17.714775, 56.536922, 0.0 ], [ 20.656242, 52.307465, 0.0 ], [ 23.393599, 47.943184, 0.0 ], [ 25.658827, 43.870995, 0.0 ], [ 27.23019, 40.48992, 0.0 ], [ 27.953753, 38.13072, 0.0 ]] 
