boundary 0: [[ 37.39483, 81.06784, 0.0 ], [ 37.109863, 79.981094, 0.0 ], [ 35.467087, 78.13952, 0.0 ], [ 32.627396, 75.72349, 0.0 ], [ 28.86877, 72.96928, 0.0 ], [ 24.559078, 70.14668, 0.0 ], [ 20.120253, 67.53187, 0.0 ], [ 15.986698, 65.38096, 0.0 ], [ 12.563138, 63.90432, 0.0 ], [ 10.184621, 63.24659, 0.0 ], [ 9.084005, 63.47216, 0.0 ], [ 9.36903, 64.558846, 0.0 ], [ 11.01176, 66.40042, 0.0 ], [ 13.851433, 68.81656, 0.0 ], [ 17.610086, 71.57069, 0.0 ], [ 21.91973, 74.39325, 0.0 ], [ 26.358572, 77.00807, 0.0 ], [ 30.492144, 79.15906, 0.0 ], [ 33.915688, 80.63562, 0.0 ], [ 36.294228, 81.29337, 0.0 ]] 
boundary 1: [[ 37.394836, 46.93214, 0.0 ], [ 36.294205, 46.70662, 0.0 ], [ 33.915688, 47.36434, 0.0 ], [ 30.492147, 48.840958, 0.0 ], [ 26.358568, 50.991943, 0.0 ], [ 21.91973, 53.606674, 0.0 ], [ 17.610079, 56.429317, 0.0 ], [ 13.851437, 59.18349, 0.0 ], [ 11.0117655, 61.599598, 0.0 ], [ 9.369017, 63.441116, 0.0 ], [ 9.084019, 64.5279, 0.0 ], [ 10.184621, 64.75335, 0.0 ], [ 12.563145, 64.0957, 0.0 ], [ 15.986734, 62.6191, 0.0 ], [ 20.120256, 60.46809, 0.0 ], [ 24.559078, 57.85334, 0.0 ], [ 28.86877, 55.03073, 0.0 ], [ 32.627396, 52.276566, 0.0 ], [ 35.467087, 49.86047, 0.0 ], [ 37.109848, 48.01889, 0.0 ]] 
boundary 0: [[ 37.65792, 80.63706, 0.0 ], [ 37.356026, 79.55491, 0.0 ], [ 35.68472, 77.73921, 0.0 ], [ 32.807648, 75.367805, 0.0 ], [ 29.006474, 72.67259, 0.0 ], [ 24.653244, 69.91762, 0.0 ], [ 20.174149, 67.37242, 0.0 ], [ 16.007519, 65.2863, 0.0 ], [ 12.561322, 63.863277, 0.0 ], [ 10.172829, 63.242756, 0.0 ], [ 9.07587, 63.485485, 0.0 ], [ 9.377822, 64.56758, 0.0 ], [ 11.0491, 66.3833, 0.0 ], [ 13.926145, 68.75484, 0.0 ], [ 17.727333, 71.44992, 0.0 ], [ 22.080511, 74.20487, 0.0 ], [ 26.559628, 76.75008, 0.0 ], [ 30.726282, 78.836296, 0.0 ], [ 34.172447, 80.25921, 0.0 ], [ 36.56097, 80.87976, 0.0 ]] 
boundary 1: [[ 37.65793, 47.362907, 0.0 ], [ 36.560947, 47.120228, 0.0 ], [ 34.172447, 47.740746, 0.0 ], [ 30.726286, 49.163734, 0.0 ], [ 26.559622, 51.249924, 0.0 ], [ 22.080511, 53.79505, 0.0 ], [ 17.727325, 56.550076, 0.0 ], [ 13.926147, 59.24525, 0.0 ], [ 11.049105, 61.616734, 0.0 ], [ 9.3778105, 63.432373, 0.0 ], [ 9.075882, 64.51458, 0.0 ], [ 10.172831, 64.75718, 0.0 ], [ 12.56133, 64.13676, 0.0 ], [ 16.007555, 62.713764, 0.0 ], [ 20.174156, 60.627544, 0.0 ], [ 24.653242, 58.0824, 0.0 ], [ 29.006474, 55.32741, 0.0 ], [ 32.80764, 52.632256, 0.0 ], [ 35.68472, 50.260784, 0.0 ], [ 37.35601, 48.445065, 0.0 ]] 
boundary 0: [[ 38.372932, 79.382904, 0.0 ], [ 38.02303, 78.3153, 0.0 ], [ 36.272346, 76.57602, 0.0 ], [ 33.29228, 74.3354, 0.0 ], [ 29.374584, 71.81255, 0.0 ], [ 24.902718, 69.25465, 0.0 ], [ 20.31448, 66.91194, 0.0 ], [ 16.05888, 65.01387, 0.0 ], [ 12.5526, 63.746105, 0.0 ], [ 10.138787, 63.23282, 0.0 ], [ 9.053758, 63.524277, 0.0 ], [ 9.403711, 64.59181, 0.0 ], [ 11.154373, 66.331116, 0.0 ], [ 14.134411, 68.57187, 0.0 ], [ 18.052113, 71.09458, 0.0 ], [ 22.523928, 73.652466, 0.0 ], [ 27.112188, 75.99519, 0.0 ], [ 31.367813, 77.89334, 0.0 ], [ 34.874058, 79.16101, 0.0 ], [ 37.2879, 79.67432, 0.0 ]] 
boundary 1: [[ 38.37294, 48.61707, 0.0 ], [ 37.287876, 48.325665, 0.0 ], [ 34.874058, 48.838943, 0.0 ], [ 31.367817, 50.10669, 0.0 ], [ 27.112183, 52.004807, 0.0 ], [ 22.52393, 54.34745, 0.0 ], [ 18.052105, 56.90542, 0.0 ], [ 14.134408, 59.42823, 0.0 ], [ 11.154378, 61.668915, 0.0 ], [ 9.403702, 63.40814, 0.0 ], [ 9.053768, 64.47579, 0.0 ], [ 10.138792, 64.76711, 0.0 ], [ 12.552606, 64.25393, 0.0 ], [ 16.058916, 62.98619, 0.0 ], [ 20.314487, 61.088036, 0.0 ], [ 24.902718, 58.745373, 0.0 ], [ 29.374584, 56.187447, 0.0 ], [ 33.29227, 53.664658, 0.0 ], [ 36.272346, 51.423977, 0.0 ], [ 38.023014, 49.684677, 0.0 ]] 
boundary 0: [[ 39.19204, 77.76127, 0.0 ], [ 38.782726, 76.715004, 0.0 ], [ 36.93711, 75.0768, 0.0 ], [ 33.835907, 73.0071, 0.0 ], [ 29.782703, 70.70828, 0.0 ], [ 25.174225, 68.40558, 0.0 ], [ 20.461641, 66.324265, 0.0 ], [ 16.106157, 64.66823, 0.0 ], [ 12.5342045, 63.599392, 0.0 ], [ 10.095373, 63.22249, 0.0 ], [ 9.028426, 63.574432, 0.0 ], [ 9.437789, 64.62063, 0.0 ], [ 11.283377, 66.25886, 0.0 ], [ 14.384565, 68.328705, 0.0 ], [ 18.43777, 70.62738, 0.0 ], [ 23.046196, 72.93005, 0.0 ], [ 27.758797, 75.01138, 0.0 ], [ 32.11431, 76.66751, 0.0 ], [ 35.686234, 77.736244, 0.0 ], [ 38.12509, 78.11315, 0.0 ]] 
boundary 1: [[ 39.192055, 50.23871, 0.0 ], [ 38.12507, 49.886818, 0.0 ], [ 35.686234, 50.26371, 0.0 ], [ 32.11432, 51.332516, 0.0 ], [ 27.758791, 52.988617, 0.0 ], [ 23.0462, 55.06986, 0.0 ], [ 18.437763, 57.372616, 0.0 ], [ 14.384554, 59.671406, 0.0 ], [ 11.283379, 61.74118, 0.0 ], [ 9.437781, 63.379326, 0.0 ], [ 9.028434, 64.42564, 0.0 ], [ 10.095383, 64.77742, 0.0 ], [ 12.534209, 64.40065, 0.0 ], [ 16.106192, 63.33184, 0.0 ], [ 20.461649, 61.675705, 0.0 ], [ 25.174221, 59.594448, 0.0 ], [ 29.782703, 57.29173, 0.0 ], [ 33.835888, 54.992958, 0.0 ], [ 36.93711, 52.923206, 0.0 ], [ 38.78271, 51.284973, 0.0 ]] 
boundary 0: [[ 40.135147, 75.54534, 0.0 ], [ 39.6491, 74.53245, 0.0 ], [ 37.686676, 73.03615, 0.0 ], [ 34.440018, 71.20302, 0.0 ], [ 30.226954, 69.21225, 0.0 ], [ 25.459866, 67.258965, 0.0 ], [ 20.605434, 65.53419, 0.0 ], [ 16.138773, 64.20692, 0.0 ], [ 12.497172, 63.40692, 0.0 ], [ 10.037052, 63.21258, 0.0 ], [ 8.99926, 63.64297, 0.0 ], [ 9.485358, 64.65579, 0.0 ], [ 11.447761, 66.152115, 0.0 ], [ 14.694412, 67.98539, 0.0 ], [ 18.907463, 69.976006, 0.0 ], [ 23.674501, 71.92929, 0.0 ], [ 28.528942, 73.654076, 0.0 ], [ 32.99565, 74.98143, 0.0 ], [ 36.63721, 75.781334, 0.0 ], [ 39.09735, 75.97566, 0.0 ]] 
boundary 1: [[ 40.135162, 52.454636, 0.0 ], [ 39.09733, 52.02431, 0.0 ], [ 36.63721, 52.21863, 0.0 ], [ 32.99565, 53.01861, 0.0 ], [ 28.528936, 54.34593, 0.0 ], [ 23.674511, 56.07063, 0.0 ], [ 18.907455, 58.02399, 0.0 ], [ 14.694391, 60.014717, 0.0 ], [ 11.4477625, 61.847927, 0.0 ], [ 9.4853525, 63.344166, 0.0 ], [ 8.999262, 64.35712, 0.0 ], [ 10.037067, 64.78733, 0.0 ], [ 12.497175, 64.593124, 0.0 ], [ 16.138802, 63.793144, 0.0 ], [ 20.605452, 62.465786, 0.0 ], [ 25.459862, 60.741066, 0.0 ], [ 30.226954, 58.78775, 0.0 ], [ 34.439995, 56.797035, 0.0 ], [ 37.68667, 54.963852, 0.0 ], [ 39.649086, 53.467537, 0.0 ]] 
boundary 0: [[ 40.802124, 73.62095, 0.0 ], [ 40.25327, 72.640656, 0.0 ], [ 38.200523, 71.2709, 0.0 ], [ 34.844894, 69.64581, 0.0 ], [ 30.514854, 67.92425, 0.0 ], [ 25.634243, 66.274956, 0.0 ], [ 20.680855, 64.859245, 0.0 ], [ 16.13949, 63.81582, 0.0 ], [ 12.454744, 63.24668, 0.0 ], [ 9.987272, 63.207615, 0.0 ], [ 8.978634, 63.70249, 0.0 ], [ 9.527536, 64.6827, 0.0 ], [ 11.580251, 66.0525, 0.0 ], [ 14.935884, 67.67773, 0.0 ], [ 19.265903, 69.39915, 0.0 ], [ 24.146461, 71.04842, 0.0 ], [ 29.099869, 72.46415, 0.0 ], [ 33.64128, 73.50766, 0.0 ], [ 37.32598, 74.076706, 0.0 ], [ 39.79347, 74.11577, 0.0 ]] 
boundary 1: [[ 40.802147, 54.37903, 0.0 ], [ 39.793446, 53.88422, 0.0 ], [ 37.32598, 53.923264, 0.0 ], [ 33.64128, 54.492374, 0.0 ], [ 29.099863, 55.53584, 0.0 ], [ 24.14648, 56.951492, 0.0 ], [ 19.265896, 58.600853, 0.0 ], [ 14.935858, 60.322372, 0.0 ], [ 11.580252, 61.947536, 0.0 ], [ 9.527532, 63.31726, 0.0 ], [ 8.97863, 64.29759, 0.0 ], [ 9.987291, 64.7923, 0.0 ], [ 12.454745, 64.753365, 0.0 ], [ 16.139513, 64.18425, 0.0 ], [ 20.68087, 63.140743, 0.0 ], [ 25.63424, 61.725075, 0.0 ], [ 30.514854, 60.075756, 0.0 ], [ 34.84487, 58.35425, 0.0 ], [ 38.200516, 56.72912, 0.0 ], [ 40.253254, 55.359318, 0.0 ]] 
boundary 0: [[ 41.21353, 72.18501, 0.0 ], [ 40.619987, 71.231125, 0.0 ], [ 38.50617, 69.95763, 0.0 ], [ 35.07907, 68.48925, 0.0 ], [ 30.674133, 66.96951, 0.0 ], [ 25.722557, 65.547386, 0.0 ], [ 20.709072, 64.36196, 0.0 ], [ 16.124361, 63.52939, 0.0 ], [ 12.417262, 63.131035, 0.0 ], [ 9.950618, 63.205967, 0.0 ], [ 8.965912, 63.746902, 0.0 ], [ 9.559499, 64.70071, 0.0 ], [ 11.673286, 65.97425, 0.0 ], [ 15.100403, 67.44276, 0.0 ], [ 19.505302, 68.962364, 0.0 ], [ 24.456825, 70.38447, 0.0 ], [ 29.470333, 71.569916, 0.0 ], [ 34.05509, 72.40257, 0.0 ], [ 37.762154, 72.80085, 0.0 ], [ 40.2288, 72.72591, 0.0 ]] 
boundary 1: [[ 41.213554, 55.81495, 0.0 ], [ 40.22878, 55.274086, 0.0 ], [ 37.762154, 55.19913, 0.0 ], [ 34.05509, 55.597454, 0.0 ], [ 29.470327, 56.430065, 0.0 ], [ 24.45685, 57.61544, 0.0 ], [ 19.505295, 59.037636, 0.0 ], [ 15.10037, 60.557335, 0.0 ], [ 11.673286, 62.02579, 0.0 ], [ 9.559497, 63.299248, 0.0 ], [ 8.965905, 64.253174, 0.0 ], [ 9.950644, 64.793945, 0.0 ], [ 12.417261, 64.86902, 0.0 ], [ 16.12438, 64.47069, 0.0 ], [ 20.709087, 63.63803, 0.0 ], [ 25.722553, 62.452644, 0.0 ], [ 30.674133, 61.03049, 0.0 ], [ 35.079033, 59.510803, 0.0 ], [ 38.50616, 58.04238, 0.0 ], [ 40.619972, 56.768856, 0.0 ]] 
boundary 0: [[ 41.384018, 71.50332, 0.0 ], [ 40.769894, 70.56256, 0.0 ], [ 38.628887, 69.3353, 0.0 ], [ 35.1707, 67.941734, 0.0 ], [ 30.733778, 66.51809, 0.0 ], [ 25.752462, 65.203896, 0.0 ], [ 20.714386, 64.1277, 0.0 ], [ 16.11267, 63.394962, 0.0 ], [ 12.397793, 63.077255, 0.0 ], [ 9.933357, 63.205784, 0.0 ], [ 8.960639, 63.767986, 0.0 ], [ 9.574814, 64.708664, 0.0 ], [ 11.715778, 65.93597, 0.0 ], [ 15.174, 67.32966, 0.0 ], [ 19.610884, 68.75319, 0.0 ], [ 24.59214, 70.06735, 0.0 ], [ 29.630222, 71.14356, 0.0 ], [ 34.232002, 71.876396, 0.0 ], [ 37.94684, 72.194016, 0.0 ], [ 40.411285, 72.06548, 0.0 ]] 
boundary 1: [[ 41.38405, 56.49664, 0.0 ], [ 40.411263, 55.93451, 0.0 ], [ 37.946846, 55.805965, 0.0 ], [ 34.232002, 56.12363, 0.0 ], [ 29.630217, 56.856415, 0.0 ], [ 24.592167, 57.93256, 0.0 ], [ 19.610876, 59.246815, 0.0 ], [ 15.173964, 60.670433, 0.0 ], [ 11.715776, 62.064064, 0.0 ], [ 9.574814, 63.291286, 0.0 ], [ 8.960632, 64.23209, 0.0 ], [ 9.933385, 64.79413, 0.0 ], [ 12.397789, 64.92279, 0.0 ], [ 16.11269, 64.605125, 0.0 ], [ 20.714401, 63.87229, 0.0 ], [ 25.752459, 62.796127, 0.0 ], [ 30.733778, 61.48192, 0.0 ], [ 35.170662, 60.05831, 0.0 ], [ 38.62888, 58.664715, 0.0 ], [ 40.76988, 57.437424, 0.0 ]] 
boundary 0: [[ 41.352055, 71.63603, 0.0 ], [ 40.74191, 70.692696, 0.0 ], [ 38.606102, 69.456406, 0.0 ], [ 35.15383, 68.048256, 0.0 ], [ 30.722956, 66.60587, 0.0 ], [ 25.747238, 65.270676, 0.0 ], [ 20.713749, 64.173195, 0.0 ], [ 16.11517, 63.421066, 0.0 ], [ 12.401668, 63.087673, 0.0 ], [ 9.93671, 63.205788, 0.0 ], [ 8.961628, 63.763893, 0.0 ], [ 9.571823, 64.70713, 0.0 ], [ 11.707589, 65.94347, 0.0 ], [ 15.159894, 67.35176, 0.0 ], [ 19.590729, 68.79401, 0.0 ], [ 24.566391, 70.12919, 0.0 ], [ 29.59988, 71.226654, 0.0 ], [ 34.19853, 71.97891, 0.0 ], [ 37.911995, 72.31222, 0.0 ], [ 40.37696, 72.19408, 0.0 ]] 
boundary 1: [[ 41.352085, 56.36392, 0.0 ], [ 40.376938, 55.80591, 0.0 ], [ 37.912003, 55.687775, 0.0 ], [ 34.19853, 56.021114, 0.0 ], [ 29.599874, 56.77332, 0.0 ], [ 24.566418, 57.870724, 0.0 ], [ 19.590721, 59.205997, 0.0 ], [ 15.159858, 60.648335, 0.0 ], [ 11.707587, 62.056564, 0.0 ], [ 9.571823, 63.292816, 0.0 ], [ 8.96162, 64.23622, 0.0 ], [ 9.936738, 64.79413, 0.0 ], [ 12.401664, 64.9124, 0.0 ], [ 16.115189, 64.579056, 0.0 ], [ 20.713764, 63.826767, 0.0 ], [ 25.747234, 62.72935, 0.0 ], [ 30.722956, 61.394127, 0.0 ], [ 35.153793, 59.951794, 0.0 ], [ 38.606094, 58.543613, 0.0 ], [ 40.741894, 57.307293, 0.0 ]] 
boundary 0: [[ 41.24888, 72.0487, 0.0 ], [ 40.651196, 71.09743, 0.0 ], [ 38.531837, 69.833145, 0.0 ], [ 35.098396, 68.3797, 0.0 ], [ 30.686872, 66.87915, 0.0 ], [ 25.72916, 65.47861, 0.0 ], [ 20.71054, 64.31498, 0.0 ], [ 16.122253, 63.502445, 0.0 ], [ 12.413457, 63.120228, 0.0 ], [ 9.947157, 63.205902, 0.0 ], [ 8.964819, 63.751133, 0.0 ], [ 9.5625515, 64.70232, 0.0 ], [ 11.681868, 65.96664, 0.0 ], [ 15.115347, 67.420235, 0.0 ], [ 19.526827, 68.920654, 0.0 ], [ 24.484491, 70.32117, 0.0 ], [ 29.503119, 71.48475, 0.0 ], [ 34.09147, 72.297455, 0.0 ], [ 37.800232, 72.67958, 0.0 ], [ 40.266533, 72.59388, 0.0 ]] 
boundary 1: [[ 41.24891, 55.95124, 0.0 ], [ 40.26651, 55.40611, 0.0 ], [ 37.80024, 55.32041, 0.0 ], [ 34.09147, 55.70258, 0.0 ], [ 29.503113, 56.51522, 0.0 ], [ 24.484518, 57.678745, 0.0 ], [ 19.526821, 59.07936, 0.0 ], [ 15.115312, 60.57987, 0.0 ], [ 11.681866, 62.03339, 0.0 ], [ 9.562551, 63.297634, 0.0 ], [ 8.964813, 64.248985, 0.0 ], [ 9.947185, 64.79401, 0.0 ], [ 12.413454, 64.879845, 0.0 ], [ 16.122274, 64.49768, 0.0 ], [ 20.710552, 63.68496, 0.0 ], [ 25.729156, 62.521423, 0.0 ], [ 30.686872, 61.120857, 0.0 ], [ 35.09836, 59.620354, 0.0 ], [ 38.53183, 58.166878, 0.0 ], [ 40.65118, 56.90256, 0.0 ]] 
boundary 0: [[ 41.051895, 72.77953, 0.0 ], [ 40.47665, 71.81453, 0.0 ], [ 38.38746, 70.50097, 0.0 ], [ 34.988983, 68.96757, 0.0 ], [ 30.613794, 67.36414, 0.0 ], [ 25.690224, 65.84795, 0.0 ], [ 20.700209, 64.56717, 0.0 ], [ 16.132204, 63.64745, 0.0 ], [ 12.4333725, 63.178528, 0.0 ], [ 9.965741, 63.206444, 0.0 ], [ 8.97091, 63.728527, 0.0 ], [ 9.546213, 64.693436, 0.0 ], [ 11.635354, 66.00703, 0.0 ], [ 15.03387, 67.5406, 0.0 ], [ 19.40902, 69.14387, 0.0 ], [ 24.332533, 70.66006, 0.0 ], [ 29.322552, 71.94078, 0.0 ], [ 33.89063, 72.86068, 0.0 ], [ 37.58944, 73.3295, 0.0 ], [ 40.057053, 73.301575, 0.0 ]] 
boundary 1: [[ 41.051926, 55.220413, 0.0 ], [ 40.057022, 54.698433, 0.0 ], [ 37.589447, 54.670483, 0.0 ], [ 33.89063, 55.139366, 0.0 ], [ 29.322544, 56.05919, 0.0 ], [ 24.332558, 57.339867, 0.0 ], [ 19.409016, 58.856144, 0.0 ], [ 15.033834, 60.459507, 0.0 ], [ 11.635352, 61.992996, 0.0 ], [ 9.546211, 63.3065, 0.0 ], [ 8.970907, 64.27159, 0.0 ], [ 9.965767, 64.793465, 0.0 ], [ 12.433372, 64.821556, 0.0 ], [ 16.132229, 64.35267, 0.0 ], [ 20.70022, 63.432777, 0.0 ], [ 25.69022, 62.152077, 0.0 ], [ 30.613794, 60.63585, 0.0 ], [ 34.988945, 59.032494, 0.0 ], [ 38.38745, 57.499046, 0.0 ], [ 40.476635, 56.185463, 0.0 ]] 
boundary 0: [[ 40.7853, 73.67477, 0.0 ], [ 40.238167, 72.69353, 0.0 ], [ 38.18779, 71.32019, 0.0 ], [ 34.835033, 69.68925, 0.0 ], [ 30.50798, 67.96011, 0.0 ], [ 25.630262, 66.30233, 0.0 ], [ 20.679329, 64.87793, 0.0 ], [ 16.139801, 63.826656, 0.0 ], [ 12.456058, 63.251083, 0.0 ], [ 9.98865, 63.20771, 0.0 ], [ 8.979153, 63.70084, 0.0 ], [ 9.526344, 64.68196, 0.0 ], [ 11.576668, 66.05534, 0.0 ], [ 14.929468, 67.686455, 0.0 ], [ 19.256474, 69.41543, 0.0 ], [ 24.134136, 71.07321, 0.0 ], [ 29.08508, 72.49754, 0.0 ], [ 33.624676, 73.54902, 0.0 ], [ 37.308395, 74.12447, 0.0 ], [ 39.775795, 74.16785, 0.0 ]] 
boundary 1: [[ 40.78533, 54.325188, 0.0 ], [ 39.775764, 53.83217, 0.0 ], [ 37.308403, 53.875504, 0.0 ], [ 33.624676, 54.45104, 0.0 ], [ 29.085072, 55.50243, 0.0 ], [ 24.13416, 56.926712, 0.0 ], [ 19.25647, 58.58458, 0.0 ], [ 14.929434, 60.313652, 0.0 ], [ 11.576666, 61.94467, 0.0 ], [ 9.5263405, 63.31797, 0.0 ], [ 8.979155, 64.29928, 0.0 ], [ 9.988672, 64.79219, 0.0 ], [ 12.4560585, 64.74899, 0.0 ], [ 16.139826, 64.17347, 0.0 ], [ 20.679335, 63.122, 0.0 ], [ 25.63026, 61.697704, 0.0 ], [ 30.507978, 60.039875, 0.0 ], [ 34.834995, 58.31082, 0.0 ], [ 38.187782, 56.67984, 0.0 ], [ 40.23815, 55.306446, 0.0 ]] 
boundary 0: [[ 40.37224, 74.90496, 0.0 ], [ 39.86492, 73.90254, 0.0 ], [ 37.8713, 72.44804, 0.0 ], [ 34.586693, 70.68387, 0.0 ], [ 30.332504, 68.78251, 0.0 ], [ 25.525236, 66.930336, 0.0 ], [ 20.635448, 65.308426, 0.0 ], [ 16.141758, 64.075836, 0.0 ], [ 12.4840765, 63.35291, 0.0 ], [ 10.020398, 63.210567, 0.0 ], [ 8.991926, 63.662792, 0.0 ], [ 9.499307, 64.665085, 0.0 ], [ 11.492869, 66.11964, 0.0 ], [ 14.777519, 67.88396, 0.0 ], [ 19.031664, 69.78517, 0.0 ], [ 23.838879, 71.637344, 0.0 ], [ 28.728676, 73.25919, 0.0 ], [ 33.222435, 74.491974, 0.0 ], [ 36.880096, 75.21478, 0.0 ], [ 39.34376, 75.35713, 0.0 ]] 
boundary 1: [[ 40.37227, 53.09501, 0.0 ], [ 39.34373, 52.6429, 0.0 ], [ 36.880104, 52.7852, 0.0 ], [ 33.222435, 53.508083, 0.0 ], [ 28.728668, 54.740784, 0.0 ], [ 23.838896, 56.362583, 0.0 ], [ 19.031664, 58.214844, 0.0 ], [ 14.777491, 60.116142, 0.0 ], [ 11.492869, 61.880386, 0.0 ], [ 9.499301, 63.33485, 0.0 ], [ 8.991931, 64.33732, 0.0 ], [ 10.020416, 64.78933, 0.0 ], [ 12.484081, 64.647156, 0.0 ], [ 16.141788, 63.924282, 0.0 ], [ 20.635448, 62.691513, 0.0 ], [ 25.525232, 61.069702, 0.0 ], [ 30.3325, 59.217487, 0.0 ], [ 34.586655, 57.31619, 0.0 ], [ 37.871292, 55.551987, 0.0 ], [ 39.864906, 54.09743, 0.0 ]] 
boundary 0: [[ 39.827393, 76.32033, 0.0 ], [ 39.367653, 75.29522, 0.0 ], [ 37.444427, 73.74885, 0.0 ], [ 34.24615, 71.83259, 0.0 ], [ 30.085804, 69.73383, 0.0 ], [ 25.370678, 67.658264, 0.0 ], [ 20.562325, 65.808846, 0.0 ], [ 16.131372, 64.36688, 0.0 ], [ 12.511615, 63.47323, 0.0 ], [ 10.057321, 63.21552, 0.0 ], [ 9.008772, 63.619015, 0.0 ], [ 9.468596, 64.644005, 0.0 ], [ 11.391758, 66.190445, 0.0 ], [ 14.590061, 68.10684, 0.0 ], [ 18.750366, 70.20545, 0.0 ], [ 23.46545, 72.281006, 0.0 ], [ 28.273815, 74.13037, 0.0 ], [ 32.70483, 75.572525, 0.0 ], [ 36.32457, 76.46606, 0.0 ], [ 38.778847, 76.723785, 0.0 ]] 
boundary 1: [[ 39.827423, 51.679638, 0.0 ], [ 38.778816, 51.276257, 0.0 ], [ 36.324577, 51.53392, 0.0 ], [ 32.70483, 52.427525, 0.0 ], [ 28.273808, 53.869602, 0.0 ], [ 23.465462, 55.71891, 0.0 ], [ 18.750366, 57.794556, 0.0 ], [ 14.590038, 59.893253, 0.0 ], [ 11.391758, 61.80958, 0.0 ], [ 9.468587, 63.355934, 0.0 ], [ 9.008785, 64.38107, 0.0 ], [ 10.057335, 64.78438, 0.0 ], [ 12.511622, 64.526825, 0.0 ], [ 16.131409, 63.633232, 0.0 ], [ 20.56232, 62.1911, 0.0 ], [ 25.370674, 60.341774, 0.0 ], [ 30.0858, 58.266174, 0.0 ], [ 34.246117, 56.16748, 0.0 ], [ 37.44442, 54.251186, 0.0 ], [ 39.367638, 52.704742, 0.0 ]] 
boundary 0: [[ 39.309074, 77.50964, 0.0 ], [ 38.890835, 76.46691, 0.0 ], [ 37.03119, 74.84463, 0.0 ], [ 33.91237, 72.80161, 0.0 ], [ 29.839558, 70.53765, 0.0 ], [ 25.211489, 68.2746, 0.0 ], [ 20.481203, 66.233795, 0.0 ], [ 16.11166, 64.61522, 0.0 ], [ 12.530669, 63.577087, 0.0 ], [ 10.088691, 63.221127, 0.0 ], [ 9.024801, 63.582233, 0.0 ], [ 9.443134, 64.62484, 0.0 ], [ 11.3027115, 66.247185, 0.0 ], [ 14.42156, 68.29035, 0.0 ], [ 18.494328, 70.55417, 0.0 ], [ 23.122349, 72.81721, 0.0 ], [ 27.852655, 74.85798, 0.0 ], [ 32.22225, 76.476715, 0.0 ], [ 35.803223, 77.51475, 0.0 ], [ 38.245193, 77.8707, 0.0 ]] 
boundary 1: [[ 39.309105, 50.490322, 0.0 ], [ 38.245163, 50.12933, 0.0 ], [ 35.80323, 50.485245, 0.0 ], [ 32.22225, 51.523335, 0.0 ], [ 27.852648, 53.14201, 0.0 ], [ 23.122358, 55.182716, 0.0 ], [ 18.494328, 57.44585, 0.0 ], [ 14.421539, 59.70975, 0.0 ], [ 11.302712, 61.75284, 0.0 ], [ 9.443123, 63.375084, 0.0 ], [ 9.024817, 64.41787, 0.0 ], [ 10.0887, 64.77877, 0.0 ], [ 12.53068, 64.422966, 0.0 ], [ 16.111706, 63.384888, 0.0 ], [ 20.481192, 61.766155, 0.0 ], [ 25.211489, 59.725433, 0.0 ], [ 29.839554, 57.46235, 0.0 ], [ 33.91234, 55.198452, 0.0 ], [ 37.03119, 53.1554, 0.0 ], [ 38.890812, 51.53305, 0.0 ]] 
boundary 0: [[ 38.991974, 78.178856, 0.0 ], [ 38.59771, 77.12682, 0.0 ], [ 36.77572, 75.46237, 0.0 ], [ 33.704514, 73.34847, 0.0 ], [ 29.6846, 70.99184, 0.0 ], [ 25.109575, 68.6234, 0.0 ], [ 20.427269, 66.47476, 0.0 ], [ 16.095947, 64.75655, 0.0 ], [ 12.539673, 63.63668, 0.0 ], [ 10.106488, 63.22489, 0.0 ], [ 9.034608, 63.56154, 0.0 ], [ 9.428953, 64.61345, 0.0 ], [ 11.250888, 66.27794, 0.0 ], [ 14.3221245, 68.392, 0.0 ], [ 18.341976, 70.74851, 0.0 ], [ 22.916952, 73.11695, 0.0 ], [ 27.59928, 75.26552, 0.0 ], [ 31.93066, 76.9839, 0.0 ], [ 35.48691, 78.10367, 0.0 ], [ 37.920113, 78.51546, 0.0 ]] 
boundary 1: [[ 38.992004, 49.82111, 0.0 ], [ 37.920082, 49.48458, 0.0 ], [ 35.48692, 49.896324, 0.0 ], [ 31.930668, 51.01615, 0.0 ], [ 27.599272, 52.734474, 0.0 ], [ 22.916962, 54.88298, 0.0 ], [ 18.341976, 57.25151, 0.0 ], [ 14.322107, 59.6081, 0.0 ], [ 11.250892, 61.722065, 0.0 ], [ 9.42894, 63.38648, 0.0 ], [ 9.034625, 64.43856, 0.0 ], [ 10.106495, 64.77501, 0.0 ], [ 12.539685, 64.36337, 0.0 ], [ 16.095995, 63.243553, 0.0 ], [ 20.427258, 61.525173, 0.0 ], [ 25.109577, 59.376648, 0.0 ], [ 29.684597, 57.00817, 0.0 ], [ 33.704483, 54.651596, 0.0 ], [ 36.77572, 52.537655, 0.0 ], [ 38.597687, 50.873142, 0.0 ]] 
boundary 0: [[ 38.145515, 79.79614, 0.0 ], [ 37.81125, 78.723526, 0.0 ], [ 36.08609, 76.95889, 0.0 ], [ 33.139076, 74.67507, 0.0 ], [ 29.258556, 72.095314, 0.0 ], [ 24.824478, 69.47247, 0.0 ], [ 20.27089, 67.06303, 0.0 ], [ 16.043434, 65.103134, 0.0 ], [ 12.556025, 63.784348, 0.0 ], [ 10.149953, 63.2359, 0.0 ], [ 9.060783, 63.511517, 0.0 ], [ 9.39514, 64.584, 0.0 ], [ 11.120237, 66.34866, 0.0 ], [ 14.067278, 68.632675, 0.0 ], [ 17.947735, 71.212296, 0.0 ], [ 22.381763, 73.83511, 0.0 ], [ 26.93538, 76.244514, 0.0 ], [ 31.16289, 78.20457, 0.0 ], [ 34.650276, 79.52327, 0.0 ], [ 37.056366, 80.07171, 0.0 ]] 
boundary 1: [[ 38.145546, 48.20384, 0.0 ], [ 37.056335, 47.928337, 0.0 ], [ 34.650284, 48.476734, 0.0 ], [ 31.162899, 49.79547, 0.0 ], [ 26.935373, 51.755486, 0.0 ], [ 22.38177, 54.164803, 0.0 ], [ 17.947739, 56.787743, 0.0 ], [ 14.067267, 59.367424, 0.0 ], [ 11.120243, 61.65135, 0.0 ], [ 9.395121, 63.41592, 0.0 ], [ 9.060806, 64.48858, 0.0 ], [ 10.149956, 64.764, 0.0 ], [ 12.556037, 64.21571, 0.0 ], [ 16.043486, 62.89698, 0.0 ], [ 20.270872, 60.936913, 0.0 ], [ 24.824482, 58.527576, 0.0 ], [ 29.258553, 55.904686, 0.0 ], [ 33.139053, 53.32502, 0.0 ], [ 36.08609, 51.041122, 0.0 ], [ 37.811226, 49.276447, 0.0 ]] 
boundary 0: [[ 37.769875, 80.44908, 0.0 ], [ 37.460686, 79.36898, 0.0 ], [ 35.77711, 77.56463, 0.0 ], [ 32.884094, 75.21278, 0.0 ], [ 29.06473, 72.54331, 0.0 ], [ 24.692947, 69.817894, 0.0 ], [ 20.196732, 67.30302, 0.0 ], [ 16.016075, 65.24518, 0.0 ], [ 12.560335, 63.8455, 0.0 ], [ 10.167694, 63.241154, 0.0 ], [ 9.072401, 63.49132, 0.0 ], [ 9.381681, 64.571304, 0.0 ], [ 11.065201, 66.37568, 0.0 ], [ 13.958232, 68.72772, 0.0 ], [ 17.777542, 71.39704, 0.0 ], [ 22.149265, 74.122444, 0.0 ], [ 26.645514, 76.637276, 0.0 ], [ 30.826218, 78.69527, 0.0 ], [ 34.281944, 80.094864, 0.0 ], [ 36.674595, 80.6992, 0.0 ]] 
boundary 1: [[ 37.769905, 47.550903, 0.0 ], [ 36.674564, 47.300846, 0.0 ], [ 34.28195, 47.905144, 0.0 ], [ 30.826231, 49.304764, 0.0 ], [ 26.645506, 51.362736, 0.0 ], [ 22.14927, 53.877472, 0.0 ], [ 17.77755, 56.602997, 0.0 ], [ 13.958223, 59.272377, 0.0 ], [ 11.065208, 61.624336, 0.0 ], [ 9.3816595, 63.42862, 0.0 ], [ 9.072425, 64.508766, 0.0 ], [ 10.167695, 64.75874, 0.0 ], [ 12.56035, 64.15456, 0.0 ], [ 16.016132, 62.754936, 0.0 ], [ 20.196712, 60.69692, 0.0 ], [ 24.692951, 58.182167, 0.0 ], [ 29.064726, 55.456684, 0.0 ], [ 32.88407, 52.78732, 0.0 ], [ 35.77711, 50.435387, 0.0 ], [ 37.460655, 48.631004, 0.0 ]] 
boundary 0: [[ 37.45671, 80.96787, 0.0 ], [ 37.167824, 79.88216, 0.0 ], [ 35.51837, 78.04659, 0.0 ], [ 32.66994, 75.640945, 0.0 ], [ 28.901266, 72.90035, 0.0 ], [ 24.581326, 70.09349, 0.0 ], [ 20.133034, 67.49478, 0.0 ], [ 15.991669, 65.358955, 0.0 ], [ 12.562771, 63.894764, 0.0 ], [ 10.181871, 63.245674, 0.0 ], [ 9.082085, 63.475277, 0.0 ], [ 9.371072, 64.56087, 0.0 ], [ 11.02048, 66.39648, 0.0 ], [ 13.868922, 68.80232, 0.0 ], [ 17.637543, 71.542755, 0.0 ], [ 21.957418, 74.3496, 0.0 ], [ 26.405743, 76.948265, 0.0 ], [ 30.54715, 79.08426, 0.0 ], [ 33.97604, 80.548355, 0.0 ], [ 36.35695, 81.19743, 0.0 ]] 
boundary 1: [[ 37.45674, 47.032116, 0.0 ], [ 36.35692, 46.802616, 0.0 ], [ 33.976048, 47.451653, 0.0 ], [ 30.547165, 48.91579, 0.0 ], [ 26.405735, 51.05175, 0.0 ], [ 21.957422, 53.65031, 0.0 ], [ 17.63755, 56.457287, 0.0 ], [ 13.868916, 59.197777, 0.0 ], [ 11.020488, 61.603542, 0.0 ], [ 9.371049, 63.43906, 0.0 ], [ 9.082111, 64.52481, 0.0 ], [ 10.181872, 64.75421, 0.0 ], [ 12.562788, 64.10529, 0.0 ], [ 15.991731, 62.64116, 0.0 ], [ 20.133015, 60.505154, 0.0 ], [ 24.58133, 57.90658, 0.0 ], [ 28.901262, 55.099648, 0.0 ], [ 32.669918, 52.35917, 0.0 ], [ 35.51837, 49.95343, 0.0 ], [ 37.167793, 48.117813, 0.0 ]] 
boundary 0: [[ 37.373306, 81.10242, 0.0 ], [ 37.08975, 80.01531, 0.0 ], [ 35.449295, 78.171684, 0.0 ], [ 32.612686, 75.75214, 0.0 ], [ 28.857475, 72.99312, 0.0 ], [ 24.55132, 70.16513, 0.0 ], [ 20.115803, 67.54468, 0.0 ], [ 15.984941, 65.38862, 0.0 ], [ 12.563255, 63.90764, 0.0 ], [ 10.185562, 63.246906, 0.0 ], [ 9.084664, 63.471123, 0.0 ], [ 9.368332, 64.55812, 0.0 ], [ 11.008734, 66.401764, 0.0 ], [ 13.845364, 68.82153, 0.0 ], [ 17.600525, 71.58038, 0.0 ], [ 21.906607, 74.40835, 0.0 ], [ 26.342155, 77.028755, 0.0 ], [ 30.47306, 79.185005, 0.0 ], [ 33.89473, 80.66587, 0.0 ], [ 36.272423, 81.326614, 0.0 ]] 
boundary 1: [[ 37.373337, 46.897552, 0.0 ], [ 36.272392, 46.67346, 0.0 ], [ 33.894737, 47.33414, 0.0 ], [ 30.473076, 48.81504, 0.0 ], [ 26.342148, 50.97126, 0.0 ], [ 21.906609, 53.591557, 0.0 ], [ 17.600533, 56.41966, 0.0 ], [ 13.845358, 59.178566, 0.0 ], [ 11.008741, 61.598244, 0.0 ], [ 9.368309, 63.441814, 0.0 ], [ 9.084692, 64.529, 0.0 ], [ 10.185563, 64.752975, 0.0 ], [ 12.563272, 64.09241, 0.0 ], [ 15.985003, 62.61151, 0.0 ], [ 20.115784, 60.45526, 0.0 ], [ 24.551323, 57.834938, 0.0 ], [ 28.857471, 55.006886, 0.0 ], [ 32.612663, 52.247986, 0.0 ], [ 35.449295, 49.828335, 0.0 ], [ 37.089718, 47.984657, 0.0 ]] 
boundary 0: [[ 37.39466, 81.0681, 0.0 ], [ 37.10975, 79.98135, 0.0 ], [ 35.46699, 78.13978, 0.0 ], [ 32.627357, 75.72378, 0.0 ], [ 28.868702, 72.96946, 0.0 ], [ 24.559013, 70.14685, 0.0 ], [ 20.120226, 67.531944, 0.0 ], [ 15.986671, 65.38105, 0.0 ], [ 12.563138, 63.90435, 0.0 ], [ 10.184621, 63.24659, 0.0 ], [ 9.084003, 63.472183, 0.0 ], [ 9.36903, 64.55883, 0.0 ], [ 11.011735, 66.40042, 0.0 ], [ 13.851387, 68.81664, 0.0 ], [ 17.609995, 71.57079, 0.0 ], [ 21.919607, 74.39337, 0.0 ], [ 26.358429, 77.00823, 0.0 ], [ 30.492027, 79.15932, 0.0 ], [ 33.915543, 80.63591, 0.0 ], [ 36.29406, 81.29368, 0.0 ]] 
boundary 1: [[ 37.39469, 46.931866, 0.0 ], [ 36.29403, 46.706398, 0.0 ], [ 33.91555, 47.364105, 0.0 ], [ 30.492043, 48.84073, 0.0 ], [ 26.358421, 50.991783, 0.0 ], [ 21.91961, 53.60653, 0.0 ], [ 17.610003, 56.42925, 0.0 ], [ 13.851381, 59.18346, 0.0 ], [ 11.011743, 61.59959, 0.0 ], [ 9.369007, 63.44111, 0.0 ], [ 9.084031, 64.52794, 0.0 ], [ 10.184622, 64.75329, 0.0 ], [ 12.563155, 64.095695, 0.0 ], [ 15.986734, 62.619076, 0.0 ], [ 20.120207, 60.46799, 0.0 ], [ 24.559017, 57.853214, 0.0 ], [ 28.868698, 55.03055, 0.0 ], [ 32.627335, 52.276344, 0.0 ], [ 35.46699, 49.86024, 0.0 ], [ 37.10972, 48.018616, 0.0 ]] 
boundary 0: [[ 37.657753, 80.63732, 0.0 ], [ 37.35592, 79.555176, 0.0 ], [ 35.68463, 77.73947, 0.0 ], [ 32.807613, 75.368095, 0.0 ], [ 29.006409, 72.672775, 0.0 ], [ 24.65318, 69.917786, 0.0 ], [ 20.174126, 67.3725, 0.0 ], [ 16.007496, 65.28639, 0.0 ], [ 12.561324, 63.863308, 0.0 ], [ 10.172829, 63.242756, 0.0 ], [ 9.075868, 63.485508, 0.0 ], [ 9.377822, 64.567566, 0.0 ], [ 11.049075, 66.3833, 0.0 ], [ 13.926099, 68.75492, 0.0 ], [ 17.727243, 71.45003, 0.0 ], [ 22.080389, 74.204994, 0.0 ], [ 26.559488, 76.750244, 0.0 ], [ 30.72617, 78.836555, 0.0 ], [ 34.172302, 80.2595, 0.0 ], [ 36.560806, 80.88007, 0.0 ]] 
boundary 1: [[ 37.657784, 47.362633, 0.0 ], [ 36.560776, 47.120003, 0.0 ], [ 34.17231, 47.74051, 0.0 ], [ 30.726185, 49.163498, 0.0 ], [ 26.55948, 51.249763, 0.0 ], [ 22.080395, 53.794903, 0.0 ], [ 17.72725, 56.550007, 0.0 ], [ 13.926092, 59.24522, 0.0 ], [ 11.049082, 61.616726, 0.0 ], [ 9.377801, 63.432365, 0.0 ], [ 9.075893, 64.51462, 0.0 ], [ 10.172832, 64.75712, 0.0 ], [ 12.561339, 64.13675, 0.0 ], [ 16.007555, 62.71374, 0.0 ], [ 20.174107, 60.62744, 0.0 ], [ 24.653183, 58.082275, 0.0 ], [ 29.006405, 55.32723, 0.0 ], [ 32.80759, 52.632034, 0.0 ], [ 35.68463, 50.260555, 0.0 ], [ 37.35589, 48.44479, 0.0 ]] 
boundary 0: [[ 38.37277, 79.38316, 0.0 ], [ 38.02294, 78.31557, 0.0 ], [ 36.272255, 76.57628, 0.0 ], [ 33.29226, 74.33569, 0.0 ], [ 29.374527, 71.81274, 0.0 ], [ 24.902664, 69.254814, 0.0 ], [ 20.314457, 66.91202, 0.0 ], [ 16.05886, 65.01396, 0.0 ], [ 12.552603, 63.746136, 0.0 ], [ 10.138787, 63.23282, 0.0 ], [ 9.053756, 63.5243, 0.0 ], [ 9.403711, 64.5918, 0.0 ], [ 11.154348, 66.331116, 0.0 ], [ 14.134368, 68.57196, 0.0 ], [ 18.05203, 71.09469, 0.0 ], [ 22.523811, 73.6526, 0.0 ], [ 27.112059, 75.99536, 0.0 ], [ 31.367716, 77.8936, 0.0 ], [ 34.87393, 79.1613, 0.0 ], [ 37.28775, 79.674644, 0.0 ]] 
boundary 1: [[ 38.372807, 48.61679, 0.0 ], [ 37.28772, 48.32543, 0.0 ], [ 34.87394, 48.8387, 0.0 ], [ 31.367723, 50.10645, 0.0 ], [ 27.112051, 52.004646, 0.0 ], [ 22.523817, 54.3473, 0.0 ], [ 18.052034, 56.905342, 0.0 ], [ 14.134356, 59.42819, 0.0 ], [ 11.154355, 61.668903, 0.0 ], [ 9.403692, 63.40813, 0.0 ], [ 9.053777, 64.47583, 0.0 ], [ 10.138798, 64.76705, 0.0 ], [ 12.552615, 64.25392, 0.0 ], [ 16.058918, 62.986168, 0.0 ], [ 20.314445, 61.087936, 0.0 ], [ 24.902664, 58.745243, 0.0 ], [ 29.374523, 56.18726, 0.0 ], [ 33.292233, 53.66443, 0.0 ], [ 36.272255, 51.423748, 0.0 ], [ 38.02291, 49.684395, 0.0 ]] 
boundary 0: [[ 39.19189, 77.76154, 0.0 ], [ 38.782654, 76.71526, 0.0 ], [ 36.937046, 75.07706, 0.0 ], [ 33.835903, 73.00739, 0.0 ], [ 29.782652, 70.708466, 0.0 ], [ 25.174185, 68.40575, 0.0 ], [ 20.461628, 66.32434, 0.0 ], [ 16.106144, 64.66832, 0.0 ], [ 12.534208, 63.599422, 0.0 ], [ 10.095373, 63.22249, 0.0 ], [ 9.028425, 63.574455, 0.0 ], [ 9.437788, 64.62061, 0.0 ], [ 11.283352, 66.25886, 0.0 ], [ 14.384527, 68.3288, 0.0 ], [ 18.437695, 70.627495, 0.0 ], [ 23.046093, 72.93021, 0.0 ], [ 27.758677, 75.01156, 0.0 ], [ 32.11423, 76.66778, 0.0 ], [ 35.686108, 77.73654, 0.0 ], [ 38.124954, 78.1135, 0.0 ]] 
boundary 1: [[ 39.191933, 50.238415, 0.0 ], [ 38.124924, 49.88658, 0.0 ], [ 35.686115, 50.26346, 0.0 ], [ 32.11424, 51.332268, 0.0 ], [ 27.758669, 52.98845, 0.0 ], [ 23.0461, 55.0697, 0.0 ], [ 18.437698, 57.372536, 0.0 ], [ 14.384505, 59.671364, 0.0 ], [ 11.283357, 61.74117, 0.0 ], [ 9.437772, 63.37932, 0.0 ], [ 9.028438, 64.42568, 0.0 ], [ 10.09539, 64.77736, 0.0 ], [ 12.53422, 64.40064, 0.0 ], [ 16.106195, 63.33182, 0.0 ], [ 20.461617, 61.6756, 0.0 ], [ 25.17418, 59.594307, 0.0 ], [ 29.782648, 57.291542, 0.0 ], [ 33.83586, 54.99273, 0.0 ], [ 36.937046, 52.922974, 0.0 ], [ 38.782623, 51.28469, 0.0 ]] 
boundary 0: [[ 40.13502, 75.54563, 0.0 ], [ 39.649044, 74.53271, 0.0 ], [ 37.68663, 73.03641, 0.0 ], [ 34.440033, 71.20331, 0.0 ], [ 30.226917, 69.21245, 0.0 ], [ 25.459839, 67.25913, 0.0 ], [ 20.605429, 65.53426, 0.0 ], [ 16.138765, 64.20701, 0.0 ], [ 12.497181, 63.406948, 0.0 ], [ 10.037052, 63.21258, 0.0 ], [ 8.999263, 63.642994, 0.0 ], [ 9.485356, 64.65578, 0.0 ], [ 11.447736, 66.152115, 0.0 ], [ 14.694379, 67.98548, 0.0 ], [ 18.907396, 69.97612, 0.0 ], [ 23.674408, 71.92944, 0.0 ], [ 28.528841, 73.65426, 0.0 ], [ 32.995594, 74.981705, 0.0 ], [ 36.637108, 75.78163, 0.0 ], [ 39.097244, 75.97602, 0.0 ]] 
boundary 1: [[ 40.13508, 52.454334, 0.0 ], [ 39.097214, 52.024067, 0.0 ], [ 36.637115, 52.218365, 0.0 ], [ 32.995586, 53.018356, 0.0 ], [ 28.528833, 54.34575, 0.0 ], [ 23.674425, 56.07046, 0.0 ], [ 18.907398, 58.023903, 0.0 ], [ 14.694347, 60.014675, 0.0 ], [ 11.447741, 61.847916, 0.0 ], [ 9.485343, 63.344154, 0.0 ], [ 8.999263, 64.35716, 0.0 ], [ 10.037083, 64.78727, 0.0 ], [ 12.497185, 64.59312, 0.0 ], [ 16.138811, 63.793125, 0.0 ], [ 20.605423, 62.465675, 0.0 ], [ 25.459824, 60.74092, 0.0 ], [ 30.226913, 58.78756, 0.0 ], [ 34.43998, 56.796806, 0.0 ], [ 37.686623, 54.96361, 0.0 ], [ 39.649017, 53.467247, 0.0 ]] 
boundary 0: [[ 40.802017, 73.62124, 0.0 ], [ 40.253223, 72.64092, 0.0 ], [ 38.20049, 71.27116, 0.0 ], [ 34.844925, 69.6461, 0.0 ], [ 30.514832, 67.924446, 0.0 ], [ 25.634232, 66.27513, 0.0 ], [ 20.680855, 64.85932, 0.0 ], [ 16.139482, 63.81591, 0.0 ], [ 12.454757, 63.246708, 0.0 ], [ 9.987272, 63.207615, 0.0 ], [ 8.97864, 63.702515, 0.0 ], [ 9.527534, 64.682686, 0.0 ], [ 11.580226, 66.0525, 0.0 ], [ 14.935856, 67.67782, 0.0 ], [ 19.265846, 69.39926, 0.0 ], [ 24.146381, 71.04859, 0.0 ], [ 29.099777, 72.46434, 0.0 ], [ 33.64125, 73.507935, 0.0 ], [ 37.325897, 74.07701, 0.0 ], [ 39.79339, 74.11613, 0.0 ]] 
boundary 1: [[ 40.80207, 54.378723, 0.0 ], [ 39.793358, 53.883965, 0.0 ], [ 37.325905, 53.922997, 0.0 ], [ 33.641243, 54.492123, 0.0 ], [ 29.09977, 55.535656, 0.0 ], [ 24.146404, 56.951324, 0.0 ], [ 19.265846, 58.600754, 0.0 ], [ 14.935814, 60.32233, 0.0 ], [ 11.58023, 61.947525, 0.0 ], [ 9.527523, 63.31725, 0.0 ], [ 8.978629, 64.29764, 0.0 ], [ 9.987312, 64.79224, 0.0 ], [ 12.454755, 64.75336, 0.0 ], [ 16.139524, 64.18423, 0.0 ], [ 20.680851, 63.140633, 0.0 ], [ 25.634209, 61.724926, 0.0 ], [ 30.514826, 60.075565, 0.0 ], [ 34.84487, 58.354023, 0.0 ], [ 38.20048, 56.728878, 0.0 ], [ 40.253193, 55.359016, 0.0 ]] 
boundary 0: [[ 41.213436, 72.1853, 0.0 ], [ 40.61995, 71.23139, 0.0 ], [ 38.50615, 69.9579, 0.0 ], [ 35.07911, 68.48954, 0.0 ], [ 30.674124, 66.96971, 0.0 ], [ 25.722553, 65.54756, 0.0 ], [ 20.70908, 64.36204, 0.0 ], [ 16.124355, 63.52948, 0.0 ], [ 12.417276, 63.13106, 0.0 ], [ 9.950618, 63.205967, 0.0 ], [ 8.965919, 63.746925, 0.0 ], [ 9.559496, 64.70069, 0.0 ], [ 11.673262, 65.97425, 0.0 ], [ 15.100376, 67.44285, 0.0 ], [ 19.505249, 68.96249, 0.0 ], [ 24.456755, 70.384636, 0.0 ], [ 29.470247, 71.570114, 0.0 ], [ 34.05507, 72.40285, 0.0 ], [ 37.762077, 72.801155, 0.0 ], [ 40.228737, 72.72626, 0.0 ]] 
boundary 1: [[ 41.21349, 55.814644, 0.0 ], [ 40.228703, 55.27383, 0.0 ], [ 37.762085, 55.198856, 0.0 ], [ 34.05506, 55.597202, 0.0 ], [ 29.47024, 56.429874, 0.0 ], [ 24.456781, 57.615273, 0.0 ], [ 19.505249, 59.037537, 0.0 ], [ 15.100328, 60.557297, 0.0 ], [ 11.673265, 62.02578, 0.0 ], [ 9.559489, 63.299232, 0.0 ], [ 8.965901, 64.25322, 0.0 ], [ 9.950666, 64.793884, 0.0 ], [ 12.417271, 64.86901, 0.0 ], [ 16.124395, 64.470665, 0.0 ], [ 20.709076, 63.63792, 0.0 ], [ 25.72253, 62.452496, 0.0 ], [ 30.674118, 61.030296, 0.0 ], [ 35.079056, 59.510574, 0.0 ], [ 38.50614, 58.04214, 0.0 ], [ 40.61992, 56.76855, 0.0 ]] 
boundary 0: [[ 41.383934, 71.50361, 0.0 ], [ 40.769867, 70.56283, 0.0 ], [ 38.628876, 69.33557, 0.0 ], [ 35.17074, 67.942024, 0.0 ], [ 30.733774, 66.51829, 0.0 ], [ 25.752462, 65.20407, 0.0 ], [ 20.714394, 64.12778, 0.0 ], [ 16.112667, 63.395054, 0.0 ], [ 12.397806, 63.077282, 0.0 ], [ 9.933357, 63.205784, 0.0 ], [ 8.960647, 63.76801, 0.0 ], [ 9.574811, 64.70865, 0.0 ], [ 11.715754, 65.93597, 0.0 ], [ 15.173973, 67.32975, 0.0 ], [ 19.61083, 68.75331, 0.0 ], [ 24.592075, 70.06752, 0.0 ], [ 29.630136, 71.14376, 0.0 ], [ 34.23198, 71.87667, 0.0 ], [ 37.946785, 72.19432, 0.0 ], [ 40.411224, 72.065834, 0.0 ]] 
boundary 1: [[ 41.383987, 56.496326, 0.0 ], [ 40.411186, 55.93425, 0.0 ], [ 37.946793, 55.80569, 0.0 ], [ 34.23197, 56.123375, 0.0 ], [ 29.63013, 56.856224, 0.0 ], [ 24.59211, 57.932392, 0.0 ], [ 19.61083, 59.246716, 0.0 ], [ 15.173925, 60.670395, 0.0 ], [ 11.715756, 62.064053, 0.0 ], [ 9.574806, 63.29127, 0.0 ], [ 8.960627, 64.23214, 0.0 ], [ 9.93341, 64.794075, 0.0 ], [ 12.3978, 64.92278, 0.0 ], [ 16.112705, 64.6051, 0.0 ], [ 20.71439, 63.87218, 0.0 ], [ 25.75244, 62.795982, 0.0 ], [ 30.733768, 61.481724, 0.0 ], [ 35.170685, 60.058083, 0.0 ], [ 38.62887, 58.664474, 0.0 ], [ 40.769836, 57.43712, 0.0 ]] 
boundary 0: [[ 41.35197, 71.63632, 0.0 ], [ 40.741886, 70.69296, 0.0 ], [ 38.606087, 69.45668, 0.0 ], [ 35.15387, 68.048546, 0.0 ], [ 30.72295, 66.60607, 0.0 ], [ 25.747238, 65.27086, 0.0 ], [ 20.713757, 64.17327, 0.0 ], [ 16.115166, 63.421158, 0.0 ], [ 12.401681, 63.087704, 0.0 ], [ 9.93671, 63.205788, 0.0 ], [ 8.961635, 63.763916, 0.0 ], [ 9.57182, 64.707115, 0.0 ], [ 11.707564, 65.94347, 0.0 ], [ 15.159867, 67.35185, 0.0 ], [ 19.590675, 68.79413, 0.0 ], [ 24.566326, 70.12936, 0.0 ], [ 29.599794, 71.22685, 0.0 ], [ 34.198505, 71.97919, 0.0 ], [ 37.911934, 72.31252, 0.0 ], [ 40.3769, 72.19443, 0.0 ]] 
boundary 1: [[ 41.352024, 56.363605, 0.0 ], [ 40.37686, 55.80565, 0.0 ], [ 37.91194, 55.6875, 0.0 ], [ 34.198498, 56.020855, 0.0 ], [ 29.599787, 56.773132, 0.0 ], [ 24.56636, 57.870556, 0.0 ], [ 19.590675, 59.2059, 0.0 ], [ 15.15982, 60.648296, 0.0 ], [ 11.707567, 62.05655, 0.0 ], [ 9.5718155, 63.2928, 0.0 ], [ 8.961615, 64.23627, 0.0 ], [ 9.936763, 64.794075, 0.0 ], [ 12.401675, 64.91239, 0.0 ], [ 16.115204, 64.57903, 0.0 ], [ 20.713753, 63.826656, 0.0 ], [ 25.747215, 62.729206, 0.0 ], [ 30.722944, 61.393936, 0.0 ], [ 35.153816, 59.951565, 0.0 ], [ 38.60608, 58.54337, 0.0 ], [ 40.741856, 57.306988, 0.0 ]] 
boundary 0: [[ 41.248795, 72.04899, 0.0 ], [ 40.651173, 71.097694, 0.0 ], [ 38.531822, 69.83342, 0.0 ], [ 35.098427, 68.38, 0.0 ], [ 30.686865, 66.87935, 0.0 ], [ 25.72916, 65.47879, 0.0 ], [ 20.710545, 64.315056, 0.0 ], [ 16.12225, 63.502537, 0.0 ], [ 12.41347, 63.12026, 0.0 ], [ 9.947157, 63.205902, 0.0 ], [ 8.964825, 63.751156, 0.0 ], [ 9.562549, 64.7023, 0.0 ], [ 11.681843, 65.96664, 0.0 ], [ 15.11532, 67.42033, 0.0 ], [ 19.526772, 68.92078, 0.0 ], [ 24.484425, 70.32133, 0.0 ], [ 29.503033, 71.48495, 0.0 ], [ 34.091446, 72.29773, 0.0 ], [ 37.800163, 72.67988, 0.0 ], [ 40.26647, 72.59423, 0.0 ]] 
boundary 1: [[ 41.248848, 55.950928, 0.0 ], [ 40.266434, 55.40585, 0.0 ], [ 37.80017, 55.320137, 0.0 ], [ 34.09144, 55.70232, 0.0 ], [ 29.503025, 56.515034, 0.0 ], [ 24.484459, 57.678577, 0.0 ], [ 19.526773, 59.07926, 0.0 ], [ 15.1152725, 60.57983, 0.0 ], [ 11.681845, 62.033375, 0.0 ], [ 9.562543, 63.29762, 0.0 ], [ 8.9648075, 64.24903, 0.0 ], [ 9.947209, 64.79395, 0.0 ], [ 12.4134655, 64.87984, 0.0 ], [ 16.12229, 64.49766, 0.0 ], [ 20.71054, 63.68485, 0.0 ], [ 25.729137, 62.52128, 0.0 ], [ 30.68686, 61.120667, 0.0 ], [ 35.09838, 59.620125, 0.0 ], [ 38.531815, 58.166634, 0.0 ], [ 40.651134, 56.902256, 0.0 ]] 
boundary 0: [[ 41.051807, 72.77982, 0.0 ], [ 40.476624, 71.8148, 0.0 ], [ 38.387444, 70.50124, 0.0 ], [ 34.98901, 68.96786, 0.0 ], [ 30.61378, 67.36434, 0.0 ], [ 25.690212, 65.84814, 0.0 ], [ 20.70021, 64.567245, 0.0 ], [ 16.132198, 63.64754, 0.0 ], [ 12.433386, 63.17856, 0.0 ], [ 9.965741, 63.206444, 0.0 ], [ 8.970915, 63.72855, 0.0 ], [ 9.546212, 64.69342, 0.0 ], [ 11.635329, 66.00703, 0.0 ], [ 15.03384, 67.540695, 0.0 ], [ 19.408962, 69.14399, 0.0 ], [ 24.332462, 70.6602, 0.0 ], [ 29.322464, 71.94098, 0.0 ], [ 33.890594, 72.860954, 0.0 ], [ 37.589355, 73.32979, 0.0 ], [ 40.056984, 73.301926, 0.0 ]] 
boundary 1: [[ 41.051853, 55.2201, 0.0 ], [ 40.056946, 54.698174, 0.0 ], [ 37.589363, 54.670208, 0.0 ], [ 33.890587, 55.139107, 0.0 ], [ 29.322456, 56.059002, 0.0 ], [ 24.332493, 57.3397, 0.0 ], [ 19.408964, 58.856045, 0.0 ], [ 15.033796, 60.45947, 0.0 ], [ 11.635331, 61.99298, 0.0 ], [ 9.546203, 63.306484, 0.0 ], [ 8.9709015, 64.27164, 0.0 ], [ 9.965791, 64.79341, 0.0 ], [ 12.433383, 64.82155, 0.0 ], [ 16.132242, 64.352646, 0.0 ], [ 20.700203, 63.432667, 0.0 ], [ 25.690197, 62.15193, 0.0 ], [ 30.613773, 60.63566, 0.0 ], [ 34.988964, 59.032265, 0.0 ], [ 38.387436, 57.498802, 0.0 ], [ 40.476585, 56.18516, 0.0 ]] 
boundary 0: [[ 40.785202, 73.67505, 0.0 ], [ 40.238117, 72.693794, 0.0 ], [ 38.18776, 71.320465, 0.0 ], [ 34.835045, 69.68954, 0.0 ], [ 30.50796, 67.96031, 0.0 ], [ 25.630241, 66.30251, 0.0 ], [ 20.679323, 64.878006, 0.0 ], [ 16.139793, 63.826744, 0.0 ], [ 12.456071, 63.251114, 0.0 ], [ 9.98865, 63.20771, 0.0 ], [ 8.979157, 63.700863, 0.0 ], [ 9.526343, 64.681946, 0.0 ], [ 11.576643, 66.05534, 0.0 ], [ 14.929435, 67.68655, 0.0 ], [ 19.256413, 69.41555, 0.0 ], [ 24.134064, 71.07336, 0.0 ], [ 29.08499, 72.497734, 0.0 ], [ 33.624634, 73.54929, 0.0 ], [ 37.3083, 74.12476, 0.0 ], [ 39.775715, 74.16819, 0.0 ]] 
boundary 1: [[ 40.78524, 54.32488, 0.0 ], [ 39.775684, 53.83191, 0.0 ], [ 37.308308, 53.875237, 0.0 ], [ 33.62463, 54.45078, 0.0 ], [ 29.084982, 55.502247, 0.0 ], [ 24.13409, 56.926548, 0.0 ], [ 19.256418, 58.58448, 0.0 ], [ 14.929396, 60.313618, 0.0 ], [ 11.576645, 61.944656, 0.0 ], [ 9.526332, 63.317955, 0.0 ], [ 8.979151, 64.299324, 0.0 ], [ 9.988696, 64.79214, 0.0 ], [ 12.45607, 64.748985, 0.0 ], [ 16.13984, 64.17345, 0.0 ], [ 20.679316, 63.121895, 0.0 ], [ 25.63023, 61.69756, 0.0 ], [ 30.507954, 60.039684, 0.0 ], [ 34.835, 58.310593, 0.0 ], [ 38.18776, 56.679596, 0.0 ], [ 40.23808, 55.30615, 0.0 ]] 
boundary 0: [[ 40.37213, 74.90521, 0.0 ], [ 39.86486, 73.9028, 0.0 ], [ 37.871254, 72.44831, 0.0 ], [ 34.5867, 70.68416, 0.0 ], [ 30.332476, 68.78271, 0.0 ], [ 25.525208, 66.93052, 0.0 ], [ 20.635437, 65.3085, 0.0 ], [ 16.141745, 64.07592, 0.0 ], [ 12.484089, 63.35294, 0.0 ], [ 10.020398, 63.210567, 0.0 ], [ 8.991929, 63.662815, 0.0 ], [ 9.499307, 64.66507, 0.0 ], [ 11.492845, 66.11963, 0.0 ], [ 14.777481, 67.88405, 0.0 ], [ 19.031597, 69.78529, 0.0 ], [ 23.838795, 71.63748, 0.0 ], [ 28.728579, 73.25938, 0.0 ], [ 33.222374, 74.49225, 0.0 ], [ 36.879982, 75.21507, 0.0 ], [ 39.343674, 75.35746, 0.0 ]] 
boundary 1: [[ 40.37216, 53.094704, 0.0 ], [ 39.343643, 52.64264, 0.0 ], [ 36.87999, 52.78494, 0.0 ], [ 33.222374, 53.507824, 0.0 ], [ 28.728569, 54.74061, 0.0 ], [ 23.838818, 56.36242, 0.0 ], [ 19.031605, 58.21475, 0.0 ], [ 14.777451, 60.116116, 0.0 ], [ 11.4928465, 61.88037, 0.0 ], [ 9.499292, 63.334835, 0.0 ], [ 8.991931, 64.337364, 0.0 ], [ 10.020435, 64.789276, 0.0 ], [ 12.484093, 64.64715, 0.0 ], [ 16.141796, 63.92426, 0.0 ], [ 20.635427, 62.691406, 0.0 ], [ 25.525202, 61.069557, 0.0 ], [ 30.33247, 59.217297, 0.0 ], [ 34.586655, 57.31596, 0.0 ], [ 37.871254, 55.55175, 0.0 ], [ 39.864822, 54.097134, 0.0 ]] 
boundary 0: [[ 39.82727, 76.320564, 0.0 ], [ 39.367573, 75.29548, 0.0 ], [ 37.44436, 73.74912, 0.0 ], [ 34.246155, 71.83288, 0.0 ], [ 30.08576, 69.73403, 0.0 ], [ 25.370638, 67.65845, 0.0 ], [ 20.562302, 65.80892, 0.0 ], [ 16.131355, 64.36697, 0.0 ], [ 12.511628, 63.47326, 0.0 ], [ 10.057321, 63.21552, 0.0 ], [ 9.008775, 63.619038, 0.0 ], [ 9.468597, 64.64399, 0.0 ], [ 11.391733, 66.19043, 0.0 ], [ 14.590017, 68.10693, 0.0 ], [ 18.750301, 70.205574, 0.0 ], [ 23.465359, 72.28114, 0.0 ], [ 28.27371, 74.13055, 0.0 ], [ 32.704742, 75.5728, 0.0 ], [ 36.324444, 76.46634, 0.0 ], [ 38.778748, 76.724106, 0.0 ]] 
boundary 1: [[ 39.8273, 51.679337, 0.0 ], [ 38.778725, 51.275997, 0.0 ], [ 36.32445, 51.53367, 0.0 ], [ 32.70475, 52.427273, 0.0 ], [ 28.273699, 53.869434, 0.0 ], [ 23.465378, 55.71875, 0.0 ], [ 18.750309, 57.79447, 0.0 ], [ 14.589996, 59.893227, 0.0 ], [ 11.391735, 61.809566, 0.0 ], [ 9.468578, 63.35592, 0.0 ], [ 9.008786, 64.38112, 0.0 ], [ 10.05735, 64.78432, 0.0 ], [ 12.511634, 64.52682, 0.0 ], [ 16.131416, 63.63321, 0.0 ], [ 20.562294, 62.190994, 0.0 ], [ 25.370638, 60.34164, 0.0 ], [ 30.085754, 58.265984, 0.0 ], [ 34.24611, 56.16725, 0.0 ], [ 37.44436, 54.25095, 0.0 ], [ 39.367527, 52.704453, 0.0 ]] 
boundary 0: [[ 39.308952, 77.50989, 0.0 ], [ 38.89073, 76.46717, 0.0 ], [ 37.031113, 74.8449, 0.0 ], [ 33.912346, 72.8019, 0.0 ], [ 29.839504, 70.53784, 0.0 ], [ 25.211441, 68.27478, 0.0 ], [ 20.481169, 66.23387, 0.0 ], [ 16.11164, 64.6153, 0.0 ], [ 12.530683, 63.577118, 0.0 ], [ 10.088691, 63.221127, 0.0 ], [ 9.024801, 63.582256, 0.0 ], [ 9.443135, 64.624825, 0.0 ], [ 11.302688, 66.24717, 0.0 ], [ 14.4215145, 68.29044, 0.0 ], [ 18.494255, 70.55428, 0.0 ], [ 23.122255, 72.81733, 0.0 ], [ 27.852543, 74.85815, 0.0 ], [ 32.22214, 76.47698, 0.0 ], [ 35.803093, 77.51502, 0.0 ], [ 38.24508, 77.87102, 0.0 ]] 
boundary 1: [[ 39.308975, 50.49003, 0.0 ], [ 38.245064, 50.129074, 0.0 ], [ 35.8031, 50.484993, 0.0 ], [ 32.222157, 51.52309, 0.0 ], [ 27.85253, 53.14184, 0.0 ], [ 23.122265, 55.182568, 0.0 ], [ 18.49427, 57.445766, 0.0 ], [ 14.421497, 59.70973, 0.0 ], [ 11.30269, 61.752823, 0.0 ], [ 9.443114, 63.37507, 0.0 ], [ 9.02482, 64.417915, 0.0 ], [ 10.088715, 64.77871, 0.0 ], [ 12.530691, 64.42296, 0.0 ], [ 16.11171, 63.384865, 0.0 ], [ 20.481161, 61.766052, 0.0 ], [ 25.211447, 59.725296, 0.0 ], [ 29.839499, 57.462162, 0.0 ], [ 33.912308, 55.198223, 0.0 ], [ 37.031113, 53.155167, 0.0 ], [ 38.890686, 51.53276, 0.0 ]] 
boundary 0: [[ 38.991844, 78.1791, 0.0 ], [ 38.59761, 77.12708, 0.0 ], [ 36.77564, 75.46265, 0.0 ], [ 33.704487, 73.34876, 0.0 ], [ 29.684542, 70.99202, 0.0 ], [ 25.109524, 68.62358, 0.0 ], [ 20.427235, 66.47484, 0.0 ], [ 16.095928, 64.75664, 0.0 ], [ 12.539685, 63.63671, 0.0 ], [ 10.106488, 63.22489, 0.0 ], [ 9.034607, 63.56156, 0.0 ], [ 9.428954, 64.613434, 0.0 ], [ 11.250867, 66.27792, 0.0 ], [ 14.322077, 68.39209, 0.0 ], [ 18.3419, 70.74862, 0.0 ], [ 22.916859, 73.11706, 0.0 ], [ 27.599167, 75.265686, 0.0 ], [ 31.930544, 76.98418, 0.0 ], [ 35.486782, 78.103935, 0.0 ], [ 37.91999, 78.51578, 0.0 ]] 
boundary 1: [[ 38.991856, 49.820812, 0.0 ], [ 37.919983, 49.48432, 0.0 ], [ 35.48679, 49.89608, 0.0 ], [ 31.93056, 51.015907, 0.0 ], [ 27.59915, 52.734306, 0.0 ], [ 22.916866, 54.882828, 0.0 ], [ 18.341915, 57.251427, 0.0 ], [ 14.322064, 59.608078, 0.0 ], [ 11.250867, 61.72205, 0.0 ], [ 9.428931, 63.386463, 0.0 ], [ 9.03463, 64.43861, 0.0 ], [ 10.106508, 64.77495, 0.0 ], [ 12.539696, 64.363365, 0.0 ], [ 16.095999, 63.24353, 0.0 ], [ 20.427223, 61.525074, 0.0 ], [ 25.109533, 59.37651, 0.0 ], [ 29.684536, 57.007988, 0.0 ], [ 33.704453, 54.651367, 0.0 ], [ 36.77564, 52.53742, 0.0 ], [ 38.597565, 50.872856, 0.0 ]] 
boundary 0: [[ 38.14537, 79.79637, 0.0 ], [ 37.811127, 78.723785, 0.0 ], [ 36.086, 76.95917, 0.0 ], [ 33.13903, 74.67535, 0.0 ], [ 29.258486, 72.0955, 0.0 ], [ 24.824417, 69.47266, 0.0 ], [ 20.27085, 67.063095, 0.0 ], [ 16.043411, 65.10322, 0.0 ], [ 12.556035, 63.784378, 0.0 ], [ 10.149953, 63.2359, 0.0 ], [ 9.060781, 63.51154, 0.0 ], [ 9.395141, 64.583984, 0.0 ], [ 11.120218, 66.34865, 0.0 ], [ 14.0672245, 68.63275, 0.0 ], [ 17.947655, 71.212395, 0.0 ], [ 22.381664, 73.83522, 0.0 ], [ 26.935255, 76.24468, 0.0 ], [ 31.162758, 78.20484, 0.0 ], [ 34.65014, 79.52352, 0.0 ], [ 37.05622, 80.072014, 0.0 ]] 
boundary 1: [[ 38.14538, 48.20355, 0.0 ], [ 37.05622, 47.92808, 0.0 ], [ 34.650146, 48.476498, 0.0 ], [ 31.162777, 49.79523, 0.0 ], [ 26.935238, 51.75532, 0.0 ], [ 22.381668, 54.164658, 0.0 ], [ 17.94767, 56.787663, 0.0 ], [ 14.067223, 59.3674, 0.0 ], [ 11.120216, 61.651333, 0.0 ], [ 9.395112, 63.415905, 0.0 ], [ 9.060815, 64.488625, 0.0 ], [ 10.149963, 64.76394, 0.0 ], [ 12.556047, 64.215706, 0.0 ], [ 16.04349, 62.896957, 0.0 ], [ 20.270832, 60.936817, 0.0 ], [ 24.82443, 58.527443, 0.0 ], [ 29.25848, 55.904503, 0.0 ], [ 33.139, 53.32479, 0.0 ], [ 36.086, 51.040894, 0.0 ], [ 37.81108, 49.276165, 0.0 ]] 
boundary 0: [[ 37.76973, 80.44931, 0.0 ], [ 37.46055, 79.36923, 0.0 ], [ 35.77701, 77.5649, 0.0 ], [ 32.884045, 75.21306, 0.0 ], [ 29.064653, 72.543495, 0.0 ], [ 24.692883, 69.81808, 0.0 ], [ 20.19669, 67.303085, 0.0 ], [ 16.016052, 65.245255, 0.0 ], [ 12.560347, 63.84553, 0.0 ], [ 10.167694, 63.241154, 0.0 ], [ 9.072397, 63.491344, 0.0 ], [ 9.381681, 64.57129, 0.0 ], [ 11.065184, 66.37566, 0.0 ], [ 13.9581785, 68.7278, 0.0 ], [ 17.77746, 71.39714, 0.0 ], [ 22.149166, 74.12255, 0.0 ], [ 26.645386, 76.637436, 0.0 ], [ 30.82608, 78.69554, 0.0 ], [ 34.281807, 80.0951, 0.0 ], [ 36.674442, 80.69951, 0.0 ]] 
boundary 1: [[ 37.769737, 47.550613, 0.0 ], [ 36.674442, 47.300587, 0.0 ], [ 34.281815, 47.904907, 0.0 ], [ 30.8261, 49.304527, 0.0 ], [ 26.645369, 51.362576, 0.0 ], [ 22.149166, 53.877327, 0.0 ], [ 17.777477, 56.60292, 0.0 ], [ 13.958178, 59.272354, 0.0 ], [ 11.06518, 61.62432, 0.0 ], [ 9.381651, 63.428604, 0.0 ], [ 9.072433, 64.50881, 0.0 ], [ 10.167701, 64.75868, 0.0 ], [ 12.56036, 64.15455, 0.0 ], [ 16.016132, 62.754913, 0.0 ], [ 20.19667, 60.696827, 0.0 ], [ 24.692898, 58.18203, 0.0 ], [ 29.064648, 55.456505, 0.0 ], [ 32.884014, 52.78709, 0.0 ], [ 35.77701, 50.43516, 0.0 ], [ 37.460503, 48.630722, 0.0 ]] 
boundary 0: [[ 37.456566, 80.9681, 0.0 ], [ 37.167686, 79.882416, 0.0 ], [ 35.518257, 78.04685, 0.0 ], [ 32.669895, 75.64122, 0.0 ], [ 28.901188, 72.900536, 0.0 ], [ 24.581257, 70.093666, 0.0 ], [ 20.132992, 67.49484, 0.0 ], [ 15.991644, 65.35903, 0.0 ], [ 12.562782, 63.894794, 0.0 ], [ 10.181871, 63.245674, 0.0 ], [ 9.082081, 63.4753, 0.0 ], [ 9.371072, 64.56085, 0.0 ], [ 11.020463, 66.39646, 0.0 ], [ 13.868869, 68.8024, 0.0 ], [ 17.637455, 71.54285, 0.0 ], [ 21.95732, 74.34971, 0.0 ], [ 26.405613, 76.94842, 0.0 ], [ 30.547009, 79.084526, 0.0 ], [ 33.975903, 80.5486, 0.0 ], [ 36.356796, 81.19774, 0.0 ]] 
boundary 1: [[ 37.456573, 47.031826, 0.0 ], [ 36.356796, 46.802357, 0.0 ], [ 33.97591, 47.451416, 0.0 ], [ 30.54703, 48.915558, 0.0 ], [ 26.405596, 51.051598, 0.0 ], [ 21.95732, 53.650166, 0.0 ], [ 17.637474, 56.45721, 0.0 ], [ 13.86887, 59.197754, 0.0 ], [ 11.020459, 61.603527, 0.0 ], [ 9.371039, 63.439045, 0.0 ], [ 9.08212, 64.52486, 0.0 ], [ 10.181878, 64.75415, 0.0 ], [ 12.562798, 64.105286, 0.0 ], [ 15.99173, 62.641136, 0.0 ], [ 20.132973, 60.505062, 0.0 ], [ 24.581276, 57.906445, 0.0 ], [ 28.901182, 55.099464, 0.0 ], [ 32.669865, 52.35894, 0.0 ], [ 35.51826, 49.95321, 0.0 ], [ 37.167637, 48.11754, 0.0 ]] 
boundary 0: [[ 37.373154, 81.10264, 0.0 ], [ 37.08961, 80.015564, 0.0 ], [ 35.44918, 78.17194, 0.0 ], [ 32.61264, 75.7524, 0.0 ], [ 28.857395, 72.9933, 0.0 ], [ 24.55125, 70.165306, 0.0 ], [ 20.11576, 67.54474, 0.0 ], [ 15.984915, 65.388695, 0.0 ], [ 12.563267, 63.90767, 0.0 ], [ 10.185562, 63.246906, 0.0 ], [ 9.084661, 63.471146, 0.0 ], [ 9.368332, 64.558105, 0.0 ], [ 11.008717, 66.40175, 0.0 ], [ 13.84531, 68.82161, 0.0 ], [ 17.600437, 71.580475, 0.0 ], [ 21.906506, 74.408455, 0.0 ], [ 26.342026, 77.02891, 0.0 ], [ 30.47292, 79.18528, 0.0 ], [ 33.894592, 80.666115, 0.0 ], [ 36.27227, 81.32692, 0.0 ]] 
boundary 1: [[ 37.37316, 46.897266, 0.0 ], [ 36.27227, 46.6732, 0.0 ], [ 33.8946, 47.333904, 0.0 ], [ 30.47294, 48.81481, 0.0 ], [ 26.342009, 50.971107, 0.0 ], [ 21.906502, 53.59141, 0.0 ], [ 17.600456, 56.419582, 0.0 ], [ 13.845312, 59.178543, 0.0 ], [ 11.008713, 61.59823, 0.0 ], [ 9.3682995, 63.4418, 0.0 ], [ 9.0847, 64.529045, 0.0 ], [ 10.185569, 64.752914, 0.0 ], [ 12.563282, 64.0924, 0.0 ], [ 15.985002, 62.61149, 0.0 ], [ 20.115742, 60.45517, 0.0 ], [ 24.55127, 57.8348, 0.0 ], [ 28.85739, 55.006702, 0.0 ], [ 32.61261, 52.247757, 0.0 ], [ 35.449184, 49.828114, 0.0 ], [ 37.089558, 47.984383, 0.0 ]] 
