boundary 0: [[ 26.619093, 91.695274, 0.0 ], [ 26.859781, 90.5979, 0.0 ], [ 26.2351, 88.2105, 0.0 ], [ 24.806015, 84.76677, 0.0 ], [ 22.71259, 80.60387, 0.0 ], [ 20.1596, 76.12918, 0.0 ], [ 17.396954, 71.780846, 0.0 ], [ 14.695089, 67.98445, 0.0 ], [ 12.318584, 65.11158, 0.0 ], [ 10.499972, 63.44346, 0.0 ], [ 9.4172945, 63.14343, 0.0 ], [ 9.176521, 64.24079, 0.0 ], [ 9.801228, 66.62824, 0.0 ], [ 11.230283, 70.07191, 0.0 ], [ 13.323816, 74.23484, 0.0 ], [ 15.87678, 78.70953, 0.0 ], [ 18.639402, 83.05792, 0.0 ], [ 21.341217, 86.85428, 0.0 ], [ 23.71775, 89.727165, 0.0 ], [ 25.53637, 91.39527, 0.0 ]] 
boundary 1: [[ 26.619076, 36.304718, 0.0 ], [ 25.536364, 36.60473, 0.0 ], [ 23.717766, 38.27279, 0.0 ], [ 21.341206, 41.145714, 0.0 ], [ 18.63942, 44.94214, 0.0 ], [ 15.876792, 49.290493, 0.0 ], [ 13.32378, 53.765118, 0.0 ], [ 11.230278, 57.928062, 0.0 ], [ 9.801214, 61.37176, 0.0 ], [ 9.176506, 63.75916, 0.0 ], [ 9.417291, 64.85656, 0.0 ], [ 10.499966, 64.55652, 0.0 ], [ 12.318601, 62.888435, 0.0 ], [ 14.695131, 60.015583, 0.0 ], [ 17.396921, 56.2191, 0.0 ], [ 20.159561, 51.870758, 0.0 ], [ 22.712563, 47.396095, 0.0 ], [ 24.806034, 43.233208, 0.0 ], [ 26.2351, 39.789505, 0.0 ], [ 26.859802, 37.402096, 0.0 ]] 
boundary 0: [[ 30.264984, 89.14092, 0.0 ], [ 30.352663, 88.02088, 0.0 ], [ 29.405989, 85.741936, 0.0 ], [ 27.517439, 82.52713, 0.0 ], [ 24.872068, 78.69122, 0.0 ], [ 21.72866, 74.609604, 0.0 ], [ 18.394936, 70.68194, 0.0 ], [ 15.197233, 67.29264, 0.0 ], [ 12.448659, 64.77343, 0.0 ], [ 10.4181595, 63.370903, 0.0 ], [ 9.304532, 63.22243, 0.0 ], [ 9.216765, 64.34245, 0.0 ], [ 10.163476, 66.62147, 0.0 ], [ 12.051989, 69.83622, 0.0 ], [ 14.697472, 73.672134, 0.0 ], [ 17.840855, 77.75377, 0.0 ], [ 21.17456, 81.68148, 0.0 ], [ 24.372204, 85.070755, 0.0 ], [ 27.120813, 87.59, 0.0 ], [ 29.15132, 88.99249, 0.0 ]] 
boundary 1: [[ 30.264969, 38.859062, 0.0 ], [ 29.151314, 39.007507, 0.0 ], [ 27.12084, 40.409954, 0.0 ], [ 24.372196, 42.92923, 0.0 ], [ 21.174564, 46.318573, 0.0 ], [ 17.840862, 50.246265, 0.0 ], [ 14.697441, 54.32782, 0.0 ], [ 12.051986, 58.163754, 0.0 ], [ 10.163463, 61.37852, 0.0 ], [ 9.216759, 63.657486, 0.0 ], [ 9.304529, 64.777565, 0.0 ], [ 10.418155, 64.629074, 0.0 ], [ 12.448669, 63.226597, 0.0 ], [ 15.197273, 60.707394, 0.0 ], [ 18.394915, 57.318, 0.0 ], [ 21.72863, 53.39033, 0.0 ], [ 24.872047, 49.308727, 0.0 ], [ 27.51746, 45.472855, 0.0 ], [ 29.405987, 42.25807, 0.0 ], [ 30.352684, 39.979103, 0.0 ]] 
boundary 0: [[ 33.32991, 86.31686, 0.0 ], [ 33.27279, 85.194855, 0.0 ], [ 32.040848, 83.0566, 0.0 ], [ 29.754465, 80.11141, 0.0 ], [ 26.637669, 76.64765, 0.0 ], [ 22.995365, 73.00426, 0.0 ], [ 19.184128, 69.538025, 0.0 ], [ 15.577031, 66.588196, 0.0 ], [ 12.527248, 64.44346, 0.0 ], [ 10.333212, 63.31377, 0.0 ], [ 9.209741, 63.309772, 0.0 ], [ 9.266766, 64.43178, 0.0 ], [ 10.498759, 66.57008, 0.0 ], [ 12.7850895, 69.51522, 0.0 ], [ 15.901999, 72.97899, 0.0 ], [ 19.544285, 76.62239, 0.0 ], [ 23.355507, 80.08866, 0.0 ], [ 26.962545, 83.03848, 0.0 ], [ 30.012362, 85.18324, 0.0 ], [ 32.206398, 86.31291, 0.0 ]] 
boundary 1: [[ 33.329895, 41.68313, 0.0 ], [ 32.206394, 41.68708, 0.0 ], [ 30.012396, 42.816708, 0.0 ], [ 26.962538, 44.9615, 0.0 ], [ 23.355505, 47.911385, 0.0 ], [ 19.544285, 51.377644, 0.0 ], [ 15.901975, 55.020954, 0.0 ], [ 12.7850895, 58.484753, 0.0 ], [ 10.498746, 61.429893, 0.0 ], [ 9.2667675, 63.568157, 0.0 ], [ 9.209736, 64.69024, 0.0 ], [ 10.33321, 64.68621, 0.0 ], [ 12.527258, 63.556553, 0.0 ], [ 15.5770645, 61.411835, 0.0 ], [ 19.184113, 58.4619, 0.0 ], [ 22.995342, 54.99567, 0.0 ], [ 26.63766, 51.352295, 0.0 ], [ 29.754488, 47.888565, 0.0 ], [ 32.040844, 44.943413, 0.0 ], [ 33.27281, 42.805138, 0.0 ]] 
boundary 0: [[ 36.44127, 82.514084, 0.0 ], [ 36.214798, 81.4137, 0.0 ], [ 34.673096, 79.486786, 0.0 ], [ 31.966846, 76.92205, 0.0 ], [ 28.361198, 73.97054, 0.0 ], [ 24.208899, 70.921104, 0.0 ], [ 19.91645, 68.07237, 0.0 ], [ 15.904039, 65.70317, 0.0 ], [ 12.564491, 64.04529, 0.0 ], [ 10.224617, 63.261105, 0.0 ], [ 9.113509, 63.42738, 0.0 ], [ 9.339885, 64.52779, 0.0 ], [ 10.881656, 66.45474, 0.0 ], [ 13.587842, 69.019424, 0.0 ], [ 17.193596, 71.97092, 0.0 ], [ 21.34589, 75.020386, 0.0 ], [ 25.638323, 77.86915, 0.0 ], [ 29.650679, 80.23836, 0.0 ], [ 32.99026, 81.89624, 0.0 ], [ 35.330143, 82.680435, 0.0 ]] 
boundary 1: [[ 36.441257, 45.485893, 0.0 ], [ 35.330143, 45.319572, 0.0 ], [ 32.9903, 46.10371, 0.0 ], [ 29.650675, 47.761616, 0.0 ], [ 25.638317, 50.130905, 0.0 ], [ 21.345882, 52.979656, 0.0 ], [ 17.193586, 56.029003, 0.0 ], [ 13.587845, 58.980537, 0.0 ], [ 10.881645, 61.545242, 0.0 ], [ 9.339898, 63.472145, 0.0 ], [ 9.113504, 64.57263, 0.0 ], [ 10.224617, 64.73889, 0.0 ], [ 12.564501, 63.954712, 0.0 ], [ 15.904066, 62.296867, 0.0 ], [ 19.916447, 59.927536, 0.0 ], [ 24.208885, 57.07882, 0.0 ], [ 28.361195, 54.0294, 0.0 ], [ 31.966871, 51.077934, 0.0 ], [ 34.673088, 48.513218, 0.0 ], [ 36.21482, 46.5863, 0.0 ]] 
boundary 0: [[ 38.93818, 78.28847, 0.0 ], [ 38.547768, 77.23505, 0.0 ], [ 36.73217, 75.5637, 0.0 ], [ 33.6689, 73.43812, 0.0 ], [ 29.658043, 71.06638, 0.0 ], [ 25.092022, 68.68058, 0.0 ], [ 20.417831, 66.51438, 0.0 ], [ 16.093042, 64.77981, 0.0 ], [ 12.54103, 63.646507, 0.0 ], [ 10.109422, 63.225525, 0.0 ], [ 9.036282, 63.55807, 0.0 ], [ 9.426607, 64.61153, 0.0 ], [ 11.242285, 66.28292, 0.0 ], [ 14.305487, 68.40845, 0.0 ], [ 18.31644, 70.78017, 0.0 ], [ 22.882465, 73.166, 0.0 ], [ 27.556643, 75.33222, 0.0 ], [ 31.881376, 77.06682, 0.0 ], [ 35.43342, 78.20011, 0.0 ], [ 37.865044, 78.62109, 0.0 ]] 
boundary 1: [[ 38.93817, 49.711494, 0.0 ], [ 37.865044, 49.378914, 0.0 ], [ 35.433468, 49.79985, 0.0 ], [ 31.881376, 50.933167, 0.0 ], [ 27.556625, 52.66784, 0.0 ], [ 22.882454, 54.834053, 0.0 ], [ 18.31644, 57.219772, 0.0 ], [ 14.305495, 59.59153, 0.0 ], [ 11.242277, 61.717064, 0.0 ], [ 9.426631, 63.388405, 0.0 ], [ 9.036276, 64.44194, 0.0 ], [ 10.109422, 64.77447, 0.0 ], [ 12.5410385, 64.3535, 0.0 ], [ 16.093061, 63.22023, 0.0 ], [ 20.417843, 61.48551, 0.0 ], [ 25.092014, 59.31934, 0.0 ], [ 29.658043, 56.933556, 0.0 ], [ 33.668922, 54.56186, 0.0 ], [ 36.732162, 52.436306, 0.0 ], [ 38.54779, 50.76495, 0.0 ]] 
boundary 0: [[ 40.53482, 74.43983, 0.0 ], [ 40.012184, 73.445366, 0.0 ], [ 37.996735, 72.02139, 0.0 ], [ 34.685547, 70.30739, 0.0 ], [ 30.402992, 68.47113, 0.0 ], [ 25.568077, 66.69232, 0.0 ], [ 20.654125, 65.1452, 0.0 ], [ 16.142176, 63.9812, 0.0 ], [ 12.473918, 63.314095, 0.0 ], [ 10.008365, 63.209316, 0.0 ], [ 8.986898, 63.67711, 0.0 ], [ 9.509455, 64.671616, 0.0 ], [ 11.524996, 66.095634, 0.0 ], [ 14.836105, 67.809586, 0.0 ], [ 19.118755, 69.64581, 0.0 ], [ 23.953682, 71.42465, 0.0 ], [ 28.867624, 72.9718, 0.0 ], [ 33.379517, 74.13582, 0.0 ], [ 37.0478, 74.80292, 0.0 ], [ 39.51338, 74.9077, 0.0 ]] 
boundary 1: [[ 40.53482, 53.56013, 0.0 ], [ 39.51338, 53.092308, 0.0 ], [ 37.047855, 53.197052, 0.0 ], [ 33.379517, 53.86416, 0.0 ], [ 28.867594, 55.02827, 0.0 ], [ 23.953667, 56.575405, 0.0 ], [ 19.118767, 58.35413, 0.0 ], [ 14.836115, 60.19039, 0.0 ], [ 11.524991, 61.904343, 0.0 ], [ 9.509488, 63.328323, 0.0 ], [ 8.986893, 64.32291, 0.0 ], [ 10.008365, 64.79069, 0.0 ], [ 12.473926, 64.68591, 0.0 ], [ 16.142193, 64.01884, 0.0 ], [ 20.654148, 62.854683, 0.0 ], [ 25.568077, 61.307587, 0.0 ], [ 30.402996, 59.528805, 0.0 ], [ 34.68557, 57.692596, 0.0 ], [ 37.996727, 55.97863, 0.0 ], [ 40.012207, 54.55463, 0.0 ]] 
boundary 0: [[ 41.348648, 71.64977, 0.0 ], [ 40.738823, 70.70625, 0.0 ], [ 38.603645, 69.46902, 0.0 ], [ 35.15193, 68.059265, 0.0 ], [ 30.721785, 66.614975, 0.0 ], [ 25.746674, 65.27751, 0.0 ], [ 20.71365, 64.177895, 0.0 ], [ 16.115402, 63.42375, 0.0 ], [ 12.402063, 63.088737, 0.0 ], [ 9.93706, 63.20577, 0.0 ], [ 8.961726, 63.763397, 0.0 ], [ 9.571475, 64.70696, 0.0 ], [ 11.706745, 65.944244, 0.0 ], [ 15.158383, 67.35395, 0.0 ], [ 19.588623, 68.79819, 0.0 ], [ 24.563744, 70.13568, 0.0 ], [ 29.596762, 71.23534, 0.0 ], [ 34.194954, 71.98951, 0.0 ], [ 37.90831, 72.32451, 0.0 ], [ 40.373337, 72.20746, 0.0 ]] 
boundary 1: [[ 41.348648, 56.350197, 0.0 ], [ 40.373337, 55.79254, 0.0 ], [ 37.90837, 55.675465, 0.0 ], [ 34.194954, 56.010475, 0.0 ], [ 29.596724, 56.76474, 0.0 ], [ 24.563725, 57.864365, 0.0 ], [ 19.588634, 59.201748, 0.0 ], [ 15.158394, 60.646034, 0.0 ], [ 11.706743, 62.05573, 0.0 ], [ 9.571514, 63.29298, 0.0 ], [ 8.96172, 64.236626, 0.0 ], [ 9.93706, 64.794235, 0.0 ], [ 12.402069, 64.911285, 0.0 ], [ 16.115417, 64.57629, 0.0 ], [ 20.713682, 63.821995, 0.0 ], [ 25.74668, 62.722397, 0.0 ], [ 30.721794, 61.384953, 0.0 ], [ 35.151955, 59.940723, 0.0 ], [ 38.603638, 58.531013, 0.0 ], [ 40.738846, 57.29375, 0.0 ]] 
boundary 0: [[ 41.684216, 70.109215, 0.0 ], [ 41.029106, 69.196556, 0.0 ], [ 38.836166, 68.06487, 0.0 ], [ 35.319824, 66.825066, 0.0 ], [ 30.824543, 65.59846, 0.0 ], [ 25.790146, 64.50511, 0.0 ], [ 20.709505, 63.652157, 0.0 ], [ 16.07996, 63.123074, 0.0 ], [ 12.354704, 62.96947, 0.0 ], [ 9.898338, 63.20653, 0.0 ], [ 8.951347, 63.81104, 0.0 ], [ 9.606368, 64.72377, 0.0 ], [ 11.799416, 65.85548, 0.0 ], [ 15.315674, 67.095245, 0.0 ], [ 19.81105, 68.32179, 0.0 ], [ 24.845453, 69.41518, 0.0 ], [ 29.926096, 70.26817, 0.0 ], [ 34.55558, 70.79729, 0.0 ], [ 38.28086, 70.950874, 0.0 ], [ 40.73725, 70.71379, 0.0 ]] 
boundary 1: [[ 41.684216, 57.890747, 0.0 ], [ 40.73725, 57.286213, 0.0 ], [ 38.280922, 57.049107, 0.0 ], [ 34.555588, 57.202694, 0.0 ], [ 29.926058, 57.731907, 0.0 ], [ 24.845432, 58.58487, 0.0 ], [ 19.811066, 59.678135, 0.0 ], [ 15.315685, 60.90474, 0.0 ], [ 11.799415, 62.144493, 0.0 ], [ 9.60641, 63.276184, 0.0 ], [ 8.951341, 64.18898, 0.0 ], [ 9.898338, 64.79347, 0.0 ], [ 12.354709, 65.030556, 0.0 ], [ 16.079975, 64.876976, 0.0 ], [ 20.709545, 64.34773, 0.0 ], [ 25.790157, 63.494797, 0.0 ], [ 30.824556, 62.40147, 0.0 ], [ 35.319847, 61.174923, 0.0 ], [ 38.83616, 59.935154, 0.0 ], [ 41.02913, 58.80345, 0.0 ]] 
boundary 0: [[ 41.76574, 69.66912, 0.0 ], [ 41.09805, 68.76562, 0.0 ], [ 38.88967, 67.66439, 0.0 ], [ 35.35648, 66.47337, 0.0 ], [ 30.844666, 65.309105, 0.0 ], [ 25.795618, 64.28556, 0.0 ], [ 20.703661, 63.50302, 0.0 ], [ 16.067228, 63.038074, 0.0 ], [ 12.340204, 62.936054, 0.0 ], [ 9.887358, 63.20709, 0.0 ], [ 8.948826, 63.82465, 0.0 ], [ 9.616419, 64.728226, 0.0 ], [ 11.824922, 65.82947, 0.0 ], [ 15.358002, 67.02044, 0.0 ], [ 19.86993, 68.18465, 0.0 ], [ 24.91898, 69.20824, 0.0 ], [ 30.01095, 69.99082, 0.0 ], [ 34.647293, 70.455795, 0.0 ], [ 38.37437, 70.5578, 0.0 ], [ 40.82723, 70.286736, 0.0 ]] 
boundary 1: [[ 41.76574, 58.33085, 0.0 ], [ 40.82723, 57.71326, 0.0 ], [ 38.37443, 57.442177, 0.0 ], [ 34.6473, 57.54418, 0.0 ], [ 30.010912, 58.009262, 0.0 ], [ 24.91896, 58.791813, 0.0 ], [ 19.869946, 59.815292, 0.0 ], [ 15.358013, 60.97954, 0.0 ], [ 11.824921, 62.170498, 0.0 ], [ 9.616462, 63.27172, 0.0 ], [ 8.948819, 64.17536, 0.0 ], [ 9.887358, 64.79291, 0.0 ], [ 12.34021, 65.06397, 0.0 ], [ 16.067244, 64.961975, 0.0 ], [ 20.7037, 64.49687, 0.0 ], [ 25.79563, 63.714344, 0.0 ], [ 30.84468, 62.690807, 0.0 ], [ 35.356503, 61.52661, 0.0 ], [ 38.889664, 60.335632, 0.0 ], [ 41.098072, 59.234394, 0.0 ]] 
boundary 0: [[ 41.69814, 70.03632, 0.0 ], [ 41.040924, 69.12518, 0.0 ], [ 38.84542, 67.99852, 0.0 ], [ 35.326218, 66.76679, 0.0 ], [ 30.828154, 65.55051, 0.0 ], [ 25.791256, 64.468704, 0.0 ], [ 20.708685, 63.627426, 0.0 ], [ 16.077925, 63.108974, 0.0 ], [ 12.35233, 62.963917, 0.0 ], [ 9.896517, 63.20661, 0.0 ], [ 8.950917, 63.813286, 0.0 ], [ 9.60803, 64.72452, 0.0 ], [ 11.803669, 65.85119, 0.0 ], [ 15.322762, 67.082886, 0.0 ], [ 19.820946, 68.2991, 0.0 ], [ 24.857838, 69.38094, 0.0 ], [ 29.940426, 70.22228, 0.0 ], [ 34.571083, 70.74075, 0.0 ], [ 38.29674, 70.88579, 0.0 ], [ 40.752556, 70.64307, 0.0 ]] 
boundary 1: [[ 41.698135, 57.963634, 0.0 ], [ 40.752556, 57.356926, 0.0 ], [ 38.296803, 57.11419, 0.0 ], [ 34.57109, 57.259228, 0.0 ], [ 29.940392, 57.777813, 0.0 ], [ 24.857819, 58.61911, 0.0 ], [ 19.82096, 59.70082, 0.0 ], [ 15.322773, 60.9171, 0.0 ], [ 11.803667, 62.148777, 0.0 ], [ 9.608073, 63.275425, 0.0 ], [ 8.95091, 64.18673, 0.0 ], [ 9.896518, 64.79339, 0.0 ], [ 12.352336, 65.03611, 0.0 ], [ 16.077944, 64.89108, 0.0 ], [ 20.70872, 64.37246, 0.0 ], [ 25.791267, 63.53119, 0.0 ], [ 30.828167, 62.449417, 0.0 ], [ 35.32624, 61.233196, 0.0 ], [ 38.845413, 60.001495, 0.0 ], [ 41.040947, 58.87483, 0.0 ]] 
boundary 0: [[ 41.49084, 71.04019, 0.0 ], [ 40.862823, 70.10867, 0.0 ], [ 38.704132, 68.91299, 0.0 ], [ 35.225746, 67.57032, 0.0 ], [ 30.768509, 66.21207, 0.0 ], [ 25.768433, 64.97115, 0.0 ], [ 20.71508, 63.96918, 0.0 ], [ 16.10308, 63.304203, 0.0 ], [ 12.383959, 63.041115, 0.0 ], [ 9.921684, 63.20584, 0.0 ], [ 8.957331, 63.782238, 0.0 ], [ 9.585228, 64.713844, 0.0 ], [ 11.744049, 65.90954, 0.0 ], [ 15.22233, 67.25217, 0.0 ], [ 19.679697, 68.61037, 0.0 ], [ 24.679771, 69.851326, 0.0 ], [ 29.733135, 70.85334, 0.0 ], [ 34.345024, 71.51833, 0.0 ], [ 38.064217, 71.78141, 0.0 ], [ 40.526497, 71.61666, 0.0 ]] 
boundary 1: [[ 41.490833, 56.959766, 0.0 ], [ 40.526497, 56.38333, 0.0 ], [ 38.064278, 56.218563, 0.0 ], [ 34.34503, 56.48163, 0.0 ], [ 29.733105, 57.14674, 0.0 ], [ 24.679752, 58.148727, 0.0 ], [ 19.67971, 59.389553, 0.0 ], [ 15.22234, 60.74781, 0.0 ], [ 11.744045, 62.090416, 0.0 ], [ 9.585268, 63.286095, 0.0 ], [ 8.957323, 64.21778, 0.0 ], [ 9.921685, 64.79415, 0.0 ], [ 12.383965, 64.95891, 0.0 ], [ 16.103106, 64.69587, 0.0 ], [ 20.715115, 64.030716, 0.0 ], [ 25.76844, 63.02875, 0.0 ], [ 30.76852, 61.787853, 0.0 ], [ 35.22577, 60.429665, 0.0 ], [ 38.704132, 59.08703, 0.0 ], [ 40.862846, 57.89133, 0.0 ]] 
boundary 0: [[ 41.086323, 72.65628, 0.0 ], [ 40.507126, 71.69365, 0.0 ], [ 38.412876, 70.38837, 0.0 ], [ 35.00827, 68.86833, 0.0 ], [ 30.626917, 67.28229, 0.0 ], [ 25.6974, 65.78547, 0.0 ], [ 20.702358, 64.52454, 0.0 ], [ 16.13073, 63.62291, 0.0 ], [ 12.430096, 63.168613, 0.0 ], [ 9.962605, 63.206295, 0.0 ], [ 8.969843, 63.732254, 0.0 ], [ 9.548921, 64.69496, 0.0 ], [ 11.6432905, 66.00027, 0.0 ], [ 15.047798, 67.52028, 0.0 ], [ 19.429293, 69.10625, 0.0 ], [ 24.358807, 70.6031, 0.0 ], [ 29.353857, 71.86409, 0.0 ], [ 33.92536, 72.76572, 0.0 ], [ 37.62607, 73.22003, 0.0 ], [ 40.09357, 73.18233, 0.0 ]] 
boundary 1: [[ 41.086315, 55.34367, 0.0 ], [ 40.09357, 54.81767, 0.0 ], [ 37.62613, 54.779953, 0.0 ], [ 33.92537, 55.234238, 0.0 ], [ 29.35383, 56.136005, 0.0 ], [ 24.358797, 57.39695, 0.0 ], [ 19.429298, 58.89367, 0.0 ], [ 15.047808, 60.479706, 0.0 ], [ 11.643285, 61.99968, 0.0 ], [ 9.548959, 63.30497, 0.0 ], [ 8.969835, 64.26776, 0.0 ], [ 9.962605, 64.79369, 0.0 ], [ 12.430102, 64.83143, 0.0 ], [ 16.130756, 64.37717, 0.0 ], [ 20.702389, 63.475334, 0.0 ], [ 25.697393, 62.214417, 0.0 ], [ 30.626919, 60.717625, 0.0 ], [ 35.008293, 59.131664, 0.0 ], [ 38.412876, 57.61165, 0.0 ], [ 40.50715, 56.306347, 0.0 ]] 
boundary 0: [[ 40.402946, 74.81862, 0.0 ], [ 39.892654, 73.81774, 0.0 ], [ 37.895046, 72.3689, 0.0 ], [ 34.605354, 70.61395, 0.0 ], [ 30.345951, 68.72469, 0.0 ], [ 25.533478, 66.88603, 0.0 ], [ 20.6391, 65.27808, 0.0 ], [ 16.141918, 64.058235, 0.0 ], [ 12.482229, 63.345665, 0.0 ], [ 10.0181675, 63.210297, 0.0 ], [ 8.99098, 63.66538, 0.0 ], [ 9.501153, 64.666306, 0.0 ], [ 11.4988785, 66.11521, 0.0 ], [ 14.788471, 67.87012, 0.0 ], [ 19.04802, 69.759285, 0.0 ], [ 23.860493, 71.598, 0.0 ], [ 28.754873, 73.20599, 0.0 ], [ 33.25193, 74.42585, 0.0 ], [ 36.911694, 75.13843, 0.0 ], [ 39.37577, 75.273766, 0.0 ]] 
boundary 1: [[ 40.40294, 53.18134, 0.0 ], [ 39.375763, 52.72621, 0.0 ], [ 36.911747, 52.861546, 0.0 ], [ 33.25193, 53.574116, 0.0 ], [ 28.75485, 54.794094, 0.0 ], [ 23.860487, 56.402065, 0.0 ], [ 19.048023, 58.240623, 0.0 ], [ 14.788481, 60.129875, 0.0 ], [ 11.498871, 61.88475, 0.0 ], [ 9.501187, 63.33362, 0.0 ], [ 8.990975, 64.33464, 0.0 ], [ 10.018167, 64.78969, 0.0 ], [ 12.482238, 64.65437, 0.0 ], [ 16.141953, 63.94185, 0.0 ], [ 20.639122, 62.72178, 0.0 ], [ 25.53346, 61.11385, 0.0 ], [ 30.345943, 59.275208, 0.0 ], [ 34.605377, 57.386044, 0.0 ], [ 37.895046, 55.631134, 0.0 ], [ 39.892677, 54.18225, 0.0 ]] 
boundary 0: [[ 39.352905, 77.41375, 0.0 ], [ 38.9311, 76.372475, 0.0 ], [ 37.0663, 74.756256, 0.0 ], [ 33.94075, 72.72333, 0.0 ], [ 29.860737, 70.47271, 0.0 ], [ 25.225351, 68.22465, 0.0 ], [ 20.48841, 66.19937, 0.0 ], [ 16.113607, 64.59506, 0.0 ], [ 12.529276, 63.568604, 0.0 ], [ 10.08616, 63.2206, 0.0 ], [ 9.0234585, 63.585114, 0.0 ], [ 9.445136, 64.62642, 0.0 ], [ 11.310041, 66.24269, 0.0 ], [ 14.435501, 68.27559, 0.0 ], [ 18.51567, 70.52614, 0.0 ], [ 23.151047, 72.77425, 0.0 ], [ 27.887983, 74.79959, 0.0 ], [ 32.262665, 76.40387, 0.0 ], [ 35.847076, 77.43034, 0.0 ], [ 38.2902, 77.77833, 0.0 ]] 
boundary 1: [[ 39.352882, 50.58622, 0.0 ], [ 38.29019, 50.221657, 0.0 ], [ 35.84713, 50.56962, 0.0 ], [ 32.262665, 51.5961, 0.0 ], [ 27.887974, 53.20051, 0.0 ], [ 23.15105, 55.22582, 0.0 ], [ 18.515665, 57.473778, 0.0 ], [ 14.435511, 59.7244, 0.0 ], [ 11.31003, 61.75726, 0.0 ], [ 9.445165, 63.373497, 0.0 ], [ 9.023455, 64.4149, 0.0 ], [ 10.086159, 64.7794, 0.0 ], [ 12.529289, 64.43145, 0.0 ], [ 16.11365, 63.40501, 0.0 ], [ 20.48842, 61.800503, 0.0 ], [ 25.225323, 59.775227, 0.0 ], [ 29.860723, 57.527195, 0.0 ], [ 33.940765, 55.27666, 0.0 ], [ 37.066303, 53.24377, 0.0 ], [ 38.93112, 51.627518, 0.0 ]] 
boundary 0: [[ 37.906357, 80.21571, 0.0 ], [ 37.587986, 79.13832, 0.0 ], [ 35.88949, 77.34813, 0.0 ], [ 32.97683, 75.020424, 0.0 ], [ 29.135458, 72.38306, 0.0 ], [ 24.7411, 69.694145, 0.0 ], [ 20.223972, 67.21707, 0.0 ], [ 16.026247, 65.19426, 0.0 ], [ 12.558953, 63.823524, 0.0 ], [ 10.161355, 63.23918, 0.0 ], [ 9.068199, 63.498455, 0.0 ], [ 9.386437, 64.57588, 0.0 ], [ 11.085032, 66.366135, 0.0 ], [ 13.997603, 68.69381, 0.0 ], [ 17.839142, 71.33111, 0.0 ], [ 22.233479, 74.02006, 0.0 ], [ 26.750605, 76.49721, 0.0 ], [ 30.948204, 78.51998, 0.0 ], [ 34.415573, 79.89073, 0.0 ], [ 36.81318, 80.47505, 0.0 ]] 
boundary 1: [[ 37.906334, 47.784245, 0.0 ], [ 36.81317, 47.52493, 0.0 ], [ 34.415627, 48.109222, 0.0 ], [ 30.948202, 49.479984, 0.0 ], [ 26.7506, 51.502907, 0.0 ], [ 22.23349, 53.98001, 0.0 ], [ 17.839128, 56.66881, 0.0 ], [ 13.997611, 59.306175, 0.0 ], [ 11.085014, 61.63382, 0.0 ], [ 9.386459, 63.42403, 0.0 ], [ 9.068197, 64.50157, 0.0 ], [ 10.161354, 64.7608, 0.0 ], [ 12.55897, 64.17652, 0.0 ], [ 16.026299, 62.80582, 0.0 ], [ 20.223972, 60.782787, 0.0 ], [ 24.741058, 58.305717, 0.0 ], [ 29.135439, 55.616844, 0.0 ], [ 32.976845, 52.979576, 0.0 ], [ 35.8895, 50.651897, 0.0 ], [ 37.58801, 48.86167, 0.0 ]] 
boundary 0: [[ 36.08974, 83.007416, 0.0 ], [ 35.88389, 81.902985, 0.0 ], [ 34.37857, 79.94757, 0.0 ], [ 31.720833, 77.33256, 0.0 ], [ 28.171167, 74.31401, 0.0 ], [ 24.076744, 71.187294, 0.0 ], [ 19.838413, 68.25867, 0.0 ], [ 15.871059, 65.814735, 0.0 ], [ 12.563177, 64.09458, 0.0 ], [ 10.238416, 63.266666, 0.0 ], [ 9.124386, 63.41211, 0.0 ], [ 9.330095, 64.51656, 0.0 ], [ 10.8355055, 66.47207, 0.0 ], [ 13.49316, 69.08701, 0.0 ], [ 17.043003, 72.10553, 0.0 ], [ 21.137402, 75.23227, 0.0 ], [ 25.375721, 78.16099, 0.0 ], [ 29.342957, 80.604866, 0.0 ], [ 32.65091, 82.32504, 0.0 ], [ 34.975677, 83.15291, 0.0 ]] 
boundary 1: [[ 36.089714, 44.99254, 0.0 ], [ 34.975666, 44.84706, 0.0 ], [ 32.650963, 45.674896, 0.0 ], [ 29.342949, 47.395103, 0.0 ], [ 25.375725, 49.83913, 0.0 ], [ 21.137417, 52.767784, 0.0 ], [ 17.042984, 55.894394, 0.0 ], [ 13.493166, 58.91296, 0.0 ], [ 10.835481, 61.527897, 0.0 ], [ 9.330108, 63.483345, 0.0 ], [ 9.124388, 64.5879, 0.0 ], [ 10.238414, 64.7333, 0.0 ], [ 12.5632, 63.905476, 0.0 ], [ 15.871119, 62.18534, 0.0 ], [ 19.8384, 59.741196, 0.0 ], [ 24.07669, 56.812572, 0.0 ], [ 28.171131, 53.68589, 0.0 ], [ 31.720848, 50.667435, 0.0 ], [ 34.378586, 48.05246, 0.0 ], [ 35.88391, 46.097004, 0.0 ]] 
boundary 0: [[ 34.000015, 85.592476, 0.0 ], [ 33.908646, 84.47274, 0.0 ], [ 32.612034, 82.37311, 0.0 ], [ 30.236837, 79.49904, 0.0 ], [ 27.015842, 76.13201, 0.0 ], [ 23.264076, 72.60141, 0.0 ], [ 19.348831, 69.25312, 0.0 ], [ 15.653361, 66.41477, 0.0 ], [ 12.53957, 64.3641, 0.0 ], [ 10.312097, 63.30186, 0.0 ], [ 9.189018, 63.332165, 0.0 ], [ 9.280247, 64.4519, 0.0 ], [ 10.576929, 66.551636, 0.0 ], [ 12.952061, 69.42562, 0.0 ], [ 16.173233, 72.79265, 0.0 ], [ 19.924973, 76.32325, 0.0 ], [ 23.840199, 79.67163, 0.0 ], [ 27.535555, 82.50992, 0.0 ], [ 30.649416, 84.56064, 0.0 ], [ 32.8769, 85.622826, 0.0 ]] 
boundary 1: [[ 33.99999, 42.407486, 0.0 ], [ 32.876892, 42.37715, 0.0 ], [ 30.649462, 43.439293, 0.0 ], [ 27.53554, 45.49005, 0.0 ], [ 23.840218, 48.32848, 0.0 ], [ 19.924988, 51.67681, 0.0 ], [ 16.173206, 55.20727, 0.0 ], [ 12.952063, 58.57435, 0.0 ], [ 10.5769, 61.448334, 0.0 ], [ 9.28025, 63.548008, 0.0 ], [ 9.189022, 64.66785, 0.0 ], [ 10.312089, 64.69809, 0.0 ], [ 12.5395975, 63.635967, 0.0 ], [ 15.653428, 61.585293, 0.0 ], [ 19.348806, 58.746735, 0.0 ], [ 23.264011, 55.398445, 0.0 ], [ 27.015797, 51.867905, 0.0 ], [ 30.236847, 48.50095, 0.0 ], [ 32.61205, 45.62692, 0.0 ], [ 33.90867, 43.527245, 0.0 ]] 
boundary 0: [[ 31.80755, 87.810905, 0.0 ], [ 31.824501, 86.68756, 0.0 ], [ 30.736225, 84.47276, 0.0 ], [ 28.648998, 81.38322, 0.0 ], [ 25.767422, 77.72151, 0.0 ], [ 22.373285, 73.84582, 0.0 ], [ 18.79887, 70.13589, 0.0 ], [ 15.394079, 66.954666, 0.0 ], [ 12.492363, 64.613525, 0.0 ], [ 10.377602, 63.341602, 0.0 ], [ 9.256828, 63.263554, 0.0 ], [ 9.239743, 64.38686, 0.0 ], [ 10.328079, 66.60178, 0.0 ], [ 12.415244, 69.69124, 0.0 ], [ 15.29701, 73.352974, 0.0 ], [ 18.691113, 77.22862, 0.0 ], [ 22.2655, 80.93868, 0.0 ], [ 25.670185, 84.11981, 0.0 ], [ 28.571966, 86.46103, 0.0 ], [ 30.686735, 87.732895, 0.0 ]] 
boundary 1: [[ 31.80752, 40.18907, 0.0 ], [ 30.686726, 40.267086, 0.0 ], [ 28.572006, 41.5389, 0.0 ], [ 25.67017, 43.880165, 0.0 ], [ 22.26553, 47.06144, 0.0 ], [ 18.691132, 50.771427, 0.0 ], [ 15.296974, 54.646954, 0.0 ], [ 12.415243, 58.30873, 0.0 ], [ 10.328048, 61.3982, 0.0 ], [ 9.239737, 63.61304, 0.0 ], [ 9.256832, 64.73645, 0.0 ], [ 10.377589, 64.658356, 0.0 ], [ 12.492397, 63.386543, 0.0 ], [ 15.394151, 61.045383, 0.0 ], [ 18.798832, 57.863976, 0.0 ], [ 22.37321, 54.154022, 0.0 ], [ 25.767365, 50.278408, 0.0 ], [ 28.649008, 46.616776, 0.0 ], [ 30.736244, 43.52726, 0.0 ], [ 31.824516, 41.31242, 0.0 ]] 
boundary 0: [[ 29.445024, 89.78245, 0.0 ], [ 29.568684, 88.66581, 0.0 ], [ 28.695871, 86.35756, 0.0 ], [ 26.911793, 83.0836, 0.0 ], [ 24.391348, 79.16456, 0.0 ], [ 21.381014, 74.98377, 0.0 ], [ 18.175446, 70.95085, 0.0 ], [ 15.088478, 67.460396, 0.0 ], [ 12.422451, 64.85401, 0.0 ], [ 10.438177, 63.386818, 0.0 ], [ 9.329901, 63.202576, 0.0 ], [ 9.206108, 64.31917, 0.0 ], [ 10.078964, 66.62753, 0.0 ], [ 11.862995, 69.9014, 0.0 ], [ 14.383623, 73.820496, 0.0 ], [ 17.393934, 78.001236, 0.0 ], [ 20.59946, 82.03427, 0.0 ], [ 23.686323, 85.52466, 0.0 ], [ 26.35241, 88.13111, 0.0 ], [ 28.3367, 89.59825, 0.0 ]] 
boundary 1: [[ 29.44499, 38.21752, 0.0 ], [ 28.33669, 38.40174, 0.0 ], [ 26.352446, 39.868813, 0.0 ], [ 23.686308, 42.475327, 0.0 ], [ 20.5995, 45.965847, 0.0 ], [ 17.393963, 49.998814, 0.0 ], [ 14.383582, 54.179436, 0.0 ], [ 11.862989, 58.098576, 0.0 ], [ 10.078932, 61.372463, 0.0 ], [ 9.206093, 63.680733, 0.0 ], [ 9.329905, 64.79742, 0.0 ], [ 10.43816, 64.61314, 0.0 ], [ 12.422493, 63.146053, 0.0 ], [ 15.088556, 60.539658, 0.0 ], [ 18.175388, 57.04901, 0.0 ], [ 21.380917, 53.016068, 0.0 ], [ 24.391285, 48.835358, 0.0 ], [ 26.911802, 44.91638, 0.0 ], [ 28.695896, 41.642452, 0.0 ], [ 29.568695, 39.334175, 0.0 ]] 
boundary 0: [[ 26.232391, 91.92456, 0.0 ], [ 26.488285, 90.83062, 0.0 ], [ 25.896858, 88.434784, 0.0 ], [ 24.515783, 84.9715, 0.0 ], [ 22.4805, 80.77994, 0.0 ], [ 19.99002, 76.27011, 0.0 ], [ 17.28807, 71.88382, 0.0 ], [ 14.639209, 68.05026, 0.0 ], [ 12.3028965, 65.144646, 0.0 ], [ 10.507675, 63.451366, 0.0 ], [ 9.429264, 63.136326, 0.0 ], [ 9.173246, 64.23021, 0.0 ], [ 9.7647, 66.62616, 0.0 ], [ 11.145736, 70.08934, 0.0 ], [ 13.181199, 74.28098, 0.0 ], [ 15.671662, 78.790764, 0.0 ], [ 18.373554, 83.17716, 0.0 ], [ 21.022324, 87.01065, 0.0 ], [ 23.358685, 89.91633, 0.0 ], [ 25.153927, 91.60956, 0.0 ]] 
boundary 1: [[ 26.232353, 36.075417, 0.0 ], [ 25.153915, 36.390438, 0.0 ], [ 23.358707, 38.083588, 0.0 ], [ 21.022308, 40.989334, 0.0 ], [ 18.373613, 44.822945, 0.0 ], [ 15.671697, 49.209282, 0.0 ], [ 13.181149, 53.718956, 0.0 ], [ 11.145727, 57.910618, 0.0 ], [ 9.7646675, 61.37384, 0.0 ], [ 9.173221, 63.7697, 0.0 ], [ 9.429267, 64.86366, 0.0 ], [ 10.507649, 64.548584, 0.0 ], [ 12.302946, 62.855415, 0.0 ], [ 14.639292, 59.949787, 0.0 ], [ 17.287994, 56.11605, 0.0 ], [ 19.989904, 51.72974, 0.0 ], [ 22.480423, 47.219986, 0.0 ], [ 24.515789, 43.02848, 0.0 ], [ 25.896885, 39.565216, 0.0 ], [ 26.488295, 37.169365, 0.0 ]] 
boundary 0: [[ 26.619095, 91.69523, 0.0 ], [ 26.859753, 90.59784, 0.0 ], [ 26.23507, 88.21046, 0.0 ], [ 24.805973, 84.76671, 0.0 ], [ 22.712605, 80.60385, 0.0 ], [ 20.15966, 76.12909, 0.0 ], [ 17.39698, 71.78079, 0.0 ], [ 14.69507, 67.984436, 0.0 ], [ 12.3185835, 65.11159, 0.0 ], [ 10.499991, 63.44343, 0.0 ], [ 9.417304, 63.143417, 0.0 ], [ 9.176521, 64.24075, 0.0 ], [ 9.801231, 66.62825, 0.0 ], [ 11.2302885, 70.07189, 0.0 ], [ 13.323837, 74.23483, 0.0 ], [ 15.876766, 78.70955, 0.0 ], [ 18.639389, 83.05795, 0.0 ], [ 21.341206, 86.85424, 0.0 ], [ 23.717743, 89.72715, 0.0 ], [ 25.536354, 91.395256, 0.0 ]] 
boundary 1: [[ 26.619057, 36.30475, 0.0 ], [ 25.536343, 36.604744, 0.0 ], [ 23.717766, 38.272766, 0.0 ], [ 21.34119, 41.145744, 0.0 ], [ 18.639446, 44.942158, 0.0 ], [ 15.876801, 49.2905, 0.0 ], [ 13.323788, 53.76511, 0.0 ], [ 11.23028, 57.928062, 0.0 ], [ 9.801199, 61.37175, 0.0 ], [ 9.1764965, 63.75915, 0.0 ], [ 9.417307, 64.85657, 0.0 ], [ 10.499966, 64.55652, 0.0 ], [ 12.318632, 62.888474, 0.0 ], [ 14.695153, 60.015614, 0.0 ], [ 17.396906, 56.219078, 0.0 ], [ 20.159546, 51.870758, 0.0 ], [ 22.712528, 47.396072, 0.0 ], [ 24.805979, 43.23327, 0.0 ], [ 26.235096, 39.789543, 0.0 ], [ 26.859762, 37.402145, 0.0 ]] 
boundary 0: [[ 30.264984, 89.14088, 0.0 ], [ 30.352633, 88.02086, 0.0 ], [ 29.405954, 85.74189, 0.0 ], [ 27.517387, 82.52708, 0.0 ], [ 24.872082, 78.69121, 0.0 ], [ 21.728706, 74.60951, 0.0 ], [ 18.394958, 70.68189, 0.0 ], [ 15.197214, 67.29263, 0.0 ], [ 12.448657, 64.77344, 0.0 ], [ 10.418175, 63.370876, 0.0 ], [ 9.304541, 63.22242, 0.0 ], [ 9.2167635, 64.342415, 0.0 ], [ 10.163482, 66.621475, 0.0 ], [ 12.051992, 69.836205, 0.0 ], [ 14.69749, 73.67212, 0.0 ], [ 17.840843, 77.753784, 0.0 ], [ 21.174545, 81.68151, 0.0 ], [ 24.37219, 85.070724, 0.0 ], [ 27.120806, 87.58998, 0.0 ], [ 29.151304, 88.99248, 0.0 ]] 
boundary 1: [[ 30.264948, 38.859085, 0.0 ], [ 29.151293, 39.00751, 0.0 ], [ 27.120844, 40.40993, 0.0 ], [ 24.372177, 42.92926, 0.0 ], [ 21.17459, 46.318604, 0.0 ], [ 17.840868, 50.246273, 0.0 ], [ 14.697451, 54.327812, 0.0 ], [ 12.051988, 58.163754, 0.0 ], [ 10.163451, 61.37851, 0.0 ], [ 9.21675, 63.65748, 0.0 ], [ 9.304545, 64.77757, 0.0 ], [ 10.418155, 64.629074, 0.0 ], [ 12.448696, 63.22664, 0.0 ], [ 15.197292, 60.707424, 0.0 ], [ 18.394905, 57.317978, 0.0 ], [ 21.728617, 53.390324, 0.0 ], [ 24.872017, 49.308704, 0.0 ], [ 27.517399, 45.4729, 0.0 ], [ 29.40598, 42.25811, 0.0 ], [ 30.352644, 39.97914, 0.0 ]] 
boundary 0: [[ 33.3299, 86.31681, 0.0 ], [ 33.27275, 85.194824, 0.0 ], [ 32.040802, 83.05656, 0.0 ], [ 29.754412, 80.11139, 0.0 ], [ 26.637678, 76.64764, 0.0 ], [ 22.995398, 73.004166, 0.0 ], [ 19.184147, 69.53798, 0.0 ], [ 15.577012, 66.588196, 0.0 ], [ 12.527246, 64.44347, 0.0 ], [ 10.333226, 63.313744, 0.0 ], [ 9.209747, 63.30976, 0.0 ], [ 9.266761, 64.43174, 0.0 ], [ 10.498765, 66.57009, 0.0 ], [ 12.78509, 69.515205, 0.0 ], [ 15.902016, 72.978966, 0.0 ], [ 19.544275, 76.622406, 0.0 ], [ 23.355495, 80.08869, 0.0 ], [ 26.962526, 83.03845, 0.0 ], [ 30.012354, 85.18324, 0.0 ], [ 32.206383, 86.312904, 0.0 ]] 
boundary 1: [[ 33.329872, 41.683144, 0.0 ], [ 32.206375, 41.687088, 0.0 ], [ 30.012405, 42.816685, 0.0 ], [ 26.962515, 44.96153, 0.0 ], [ 23.355526, 47.911415, 0.0 ], [ 19.544292, 51.37765, 0.0 ], [ 15.901988, 55.020947, 0.0 ], [ 12.78509, 58.48476, 0.0 ], [ 10.498735, 61.429882, 0.0 ], [ 9.26676, 63.568146, 0.0 ], [ 9.209751, 64.69025, 0.0 ], [ 10.33321, 64.68621, 0.0 ], [ 12.527277, 63.556606, 0.0 ], [ 15.577082, 61.41187, 0.0 ], [ 19.184105, 58.461876, 0.0 ], [ 22.995335, 54.995663, 0.0 ], [ 26.63763, 51.352272, 0.0 ], [ 29.754423, 47.888603, 0.0 ], [ 32.040825, 44.943443, 0.0 ], [ 33.272766, 42.805172, 0.0 ]] 
boundary 0: [[ 36.441254, 82.51404, 0.0 ], [ 36.214752, 81.413666, 0.0 ], [ 34.673035, 79.48676, 0.0 ], [ 31.966791, 76.92203, 0.0 ], [ 28.361202, 73.97053, 0.0 ], [ 24.208916, 70.92101, 0.0 ], [ 19.916462, 68.07233, 0.0 ], [ 15.90402, 65.70317, 0.0 ], [ 12.56449, 64.045296, 0.0 ], [ 10.224626, 63.261078, 0.0 ], [ 9.113516, 63.42737, 0.0 ], [ 9.339874, 64.52775, 0.0 ], [ 10.881661, 66.454735, 0.0 ], [ 13.587837, 69.01941, 0.0 ], [ 17.193615, 71.9709, 0.0 ], [ 21.345884, 75.0204, 0.0 ], [ 25.63832, 77.86918, 0.0 ], [ 29.650654, 80.23834, 0.0 ], [ 32.990253, 81.89625, 0.0 ], [ 35.330116, 82.68042, 0.0 ]] 
boundary 1: [[ 36.44123, 45.485905, 0.0 ], [ 35.33012, 45.31958, 0.0 ], [ 32.99032, 46.103687, 0.0 ], [ 29.650646, 47.761646, 0.0 ], [ 25.638332, 50.130936, 0.0 ], [ 21.34589, 52.979664, 0.0 ], [ 17.193602, 56.029003, 0.0 ], [ 13.587845, 58.980545, 0.0 ], [ 10.881637, 61.545227, 0.0 ], [ 9.339891, 63.472134, 0.0 ], [ 9.113518, 64.57264, 0.0 ], [ 10.224617, 64.73889, 0.0 ], [ 12.564511, 63.95477, 0.0 ], [ 15.904076, 62.2969, 0.0 ], [ 19.916443, 59.927513, 0.0 ], [ 24.208878, 57.07881, 0.0 ], [ 28.361172, 54.029377, 0.0 ], [ 31.966803, 51.077965, 0.0 ], [ 34.673058, 48.51324, 0.0 ], [ 36.214767, 46.58633, 0.0 ]] 
boundary 0: [[ 38.938164, 78.28844, 0.0 ], [ 38.54772, 77.23503, 0.0 ], [ 36.73211, 75.56368, 0.0 ], [ 33.66884, 73.43813, 0.0 ], [ 29.658045, 71.06637, 0.0 ], [ 25.092022, 68.68049, 0.0 ], [ 20.41784, 66.514336, 0.0 ], [ 16.093023, 64.779816, 0.0 ], [ 12.54103, 63.646515, 0.0 ], [ 10.109425, 63.2255, 0.0 ], [ 9.036288, 63.55806, 0.0 ], [ 9.426594, 64.611496, 0.0 ], [ 11.242289, 66.28291, 0.0 ], [ 14.305481, 68.40844, 0.0 ], [ 18.316458, 70.78014, 0.0 ], [ 22.882462, 73.166016, 0.0 ], [ 27.556644, 75.33225, 0.0 ], [ 31.88135, 77.0668, 0.0 ], [ 35.43341, 78.20011, 0.0 ], [ 37.865013, 78.62109, 0.0 ]] 
boundary 1: [[ 38.93814, 49.7115, 0.0 ], [ 37.86502, 49.37892, 0.0 ], [ 35.433487, 49.799828, 0.0 ], [ 31.881344, 50.93319, 0.0 ], [ 27.556637, 52.66787, 0.0 ], [ 22.882462, 54.83406, 0.0 ], [ 18.316456, 57.219772, 0.0 ], [ 14.305492, 59.591537, 0.0 ], [ 11.24227, 61.71705, 0.0 ], [ 9.426626, 63.388393, 0.0 ], [ 9.036285, 64.441956, 0.0 ], [ 10.109422, 64.77447, 0.0 ], [ 12.54104, 64.35356, 0.0 ], [ 16.09307, 63.220264, 0.0 ], [ 20.41784, 61.48549, 0.0 ], [ 25.092009, 59.319332, 0.0 ], [ 29.658024, 56.933533, 0.0 ], [ 33.668854, 54.561882, 0.0 ], [ 36.732132, 52.436325, 0.0 ], [ 38.547737, 50.764973, 0.0 ]] 
boundary 0: [[ 40.534805, 74.4398, 0.0 ], [ 40.01214, 73.44535, 0.0 ], [ 37.996666, 72.021385, 0.0 ], [ 34.685486, 70.3074, 0.0 ], [ 30.402992, 68.471115, 0.0 ], [ 25.56806, 66.69223, 0.0 ], [ 20.654125, 65.14516, 0.0 ], [ 16.142157, 63.98121, 0.0 ], [ 12.47392, 63.314102, 0.0 ], [ 10.008361, 63.20929, 0.0 ], [ 8.986905, 63.677097, 0.0 ], [ 9.509439, 64.671585, 0.0 ], [ 11.525, 66.09563, 0.0 ], [ 14.8361, 67.809586, 0.0 ], [ 19.118767, 69.64579, 0.0 ], [ 23.953678, 71.42467, 0.0 ], [ 28.86763, 72.97182, 0.0 ], [ 33.379486, 74.13581, 0.0 ], [ 37.04779, 74.80292, 0.0 ], [ 39.513348, 74.90771, 0.0 ]] 
boundary 1: [[ 40.53479, 53.560127, 0.0 ], [ 39.513355, 53.092316, 0.0 ], [ 37.04788, 53.19703, 0.0 ], [ 33.379486, 53.86418, 0.0 ], [ 28.867605, 55.0283, 0.0 ], [ 23.953674, 56.575413, 0.0 ], [ 19.118782, 58.354134, 0.0 ], [ 14.836111, 60.1904, 0.0 ], [ 11.524988, 61.904327, 0.0 ], [ 9.509483, 63.32831, 0.0 ], [ 8.9869, 64.32292, 0.0 ], [ 10.008365, 64.79069, 0.0 ], [ 12.47392, 64.685974, 0.0 ], [ 16.142197, 64.018875, 0.0 ], [ 20.654144, 62.85466, 0.0 ], [ 25.568073, 61.30758, 0.0 ], [ 30.40298, 59.52878, 0.0 ], [ 34.6855, 57.692604, 0.0 ], [ 37.99669, 55.97864, 0.0 ], [ 40.012154, 54.55465, 0.0 ]] 
boundary 0: [[ 41.348625, 71.64974, 0.0 ], [ 40.738777, 70.70624, 0.0 ], [ 38.603577, 69.46901, 0.0 ], [ 35.15187, 68.05928, 0.0 ], [ 30.721785, 66.61496, 0.0 ], [ 25.746647, 65.27743, 0.0 ], [ 20.713646, 64.17785, 0.0 ], [ 16.115383, 63.42376, 0.0 ], [ 12.402065, 63.088745, 0.0 ], [ 9.937055, 63.20574, 0.0 ], [ 8.961732, 63.763386, 0.0 ], [ 9.571456, 64.70693, 0.0 ], [ 11.706748, 65.94424, 0.0 ], [ 15.158378, 67.35395, 0.0 ], [ 19.588634, 68.79816, 0.0 ], [ 24.56374, 70.1357, 0.0 ], [ 29.59677, 71.23535, 0.0 ], [ 34.194923, 71.989494, 0.0 ], [ 37.908302, 72.32451, 0.0 ], [ 40.373306, 72.207466, 0.0 ]] 
boundary 1: [[ 41.348618, 56.350197, 0.0 ], [ 40.373314, 55.79255, 0.0 ], [ 37.9084, 55.67545, 0.0 ], [ 34.194923, 56.010498, 0.0 ], [ 29.596733, 56.76477, 0.0 ], [ 24.563732, 57.864372, 0.0 ], [ 19.58865, 59.201756, 0.0 ], [ 15.15839, 60.64604, 0.0 ], [ 11.706741, 62.055714, 0.0 ], [ 9.57151, 63.292965, 0.0 ], [ 8.961726, 64.23664, 0.0 ], [ 9.93706, 64.794235, 0.0 ], [ 12.402057, 64.91135, 0.0 ], [ 16.115417, 64.576324, 0.0 ], [ 20.713678, 63.82197, 0.0 ], [ 25.746675, 62.72239, 0.0 ], [ 30.721779, 61.38493, 0.0 ], [ 35.151886, 59.940727, 0.0 ], [ 38.603592, 58.531025, 0.0 ], [ 40.738792, 57.29376, 0.0 ]] 
boundary 0: [[ 41.684193, 70.109184, 0.0 ], [ 41.02906, 69.19654, 0.0 ], [ 38.836098, 68.06487, 0.0 ], [ 35.319763, 66.82509, 0.0 ], [ 30.824537, 65.59844, 0.0 ], [ 25.79012, 64.50503, 0.0 ], [ 20.7095, 63.65211, 0.0 ], [ 16.07994, 63.12308, 0.0 ], [ 12.35471, 62.96948, 0.0 ], [ 9.898331, 63.206505, 0.0 ], [ 8.951353, 63.811028, 0.0 ], [ 9.606348, 64.72374, 0.0 ], [ 11.799418, 65.85547, 0.0 ], [ 15.315668, 67.095245, 0.0 ], [ 19.811056, 68.32176, 0.0 ], [ 24.84545, 69.41519, 0.0 ], [ 29.926104, 70.26819, 0.0 ], [ 34.55555, 70.79727, 0.0 ], [ 38.280853, 70.950874, 0.0 ], [ 40.73722, 70.713806, 0.0 ]] 
boundary 1: [[ 41.684185, 57.890743, 0.0 ], [ 40.73723, 57.286217, 0.0 ], [ 38.280952, 57.04909, 0.0 ], [ 34.55555, 57.202717, 0.0 ], [ 29.926067, 57.731937, 0.0 ], [ 24.84544, 58.584877, 0.0 ], [ 19.81108, 59.678143, 0.0 ], [ 15.315681, 60.904747, 0.0 ], [ 11.799414, 62.144478, 0.0 ], [ 9.606407, 63.27617, 0.0 ], [ 8.951346, 64.188995, 0.0 ], [ 9.898338, 64.79347, 0.0 ], [ 12.354695, 65.03062, 0.0 ], [ 16.079971, 64.877014, 0.0 ], [ 20.709541, 64.34771, 0.0 ], [ 25.790154, 63.49479, 0.0 ], [ 30.824543, 62.40144, 0.0 ], [ 35.31978, 61.174927, 0.0 ], [ 38.836113, 59.93516, 0.0 ], [ 41.029076, 58.80346, 0.0 ]] 
boundary 0: [[ 41.76571, 69.6691, 0.0 ], [ 41.098003, 68.7656, 0.0 ], [ 38.889603, 67.66439, 0.0 ], [ 35.35642, 66.4734, 0.0 ], [ 30.84466, 65.30909, 0.0 ], [ 25.795591, 64.28548, 0.0 ], [ 20.703653, 63.502975, 0.0 ], [ 16.06721, 63.038082, 0.0 ], [ 12.34021, 62.93606, 0.0 ], [ 9.887349, 63.20706, 0.0 ], [ 8.948832, 63.82464, 0.0 ], [ 9.616399, 64.728195, 0.0 ], [ 11.824924, 65.82946, 0.0 ], [ 15.357996, 67.02044, 0.0 ], [ 19.869934, 68.184616, 0.0 ], [ 24.918976, 69.20825, 0.0 ], [ 30.010958, 69.99084, 0.0 ], [ 34.647263, 70.45578, 0.0 ], [ 38.374363, 70.5578, 0.0 ], [ 40.827198, 70.28675, 0.0 ]] 
boundary 1: [[ 41.76571, 58.330845, 0.0 ], [ 40.827206, 57.71326, 0.0 ], [ 38.374462, 57.44216, 0.0 ], [ 34.647263, 57.544205, 0.0 ], [ 30.010921, 58.009293, 0.0 ], [ 24.918968, 58.79182, 0.0 ], [ 19.86996, 59.8153, 0.0 ], [ 15.358009, 60.97955, 0.0 ], [ 11.82492, 62.170483, 0.0 ], [ 9.616459, 63.271706, 0.0 ], [ 8.948825, 64.17538, 0.0 ], [ 9.887358, 64.79291, 0.0 ], [ 12.340197, 65.06403, 0.0 ], [ 16.06724, 64.96201, 0.0 ], [ 20.703695, 64.49685, 0.0 ], [ 25.795626, 63.714336, 0.0 ], [ 30.844667, 62.690777, 0.0 ], [ 35.356434, 61.526615, 0.0 ], [ 38.889618, 60.33564, 0.0 ], [ 41.09802, 59.2344, 0.0 ]] 
boundary 0: [[ 41.69811, 70.03631, 0.0 ], [ 41.04088, 69.12517, 0.0 ], [ 38.845352, 67.99852, 0.0 ], [ 35.326157, 66.76681, 0.0 ], [ 30.828148, 65.55049, 0.0 ], [ 25.79123, 64.46862, 0.0 ], [ 20.70868, 63.62738, 0.0 ], [ 16.077906, 63.108982, 0.0 ], [ 12.352336, 62.963924, 0.0 ], [ 9.89651, 63.206585, 0.0 ], [ 8.950923, 63.813274, 0.0 ], [ 9.608011, 64.72449, 0.0 ], [ 11.803671, 65.85118, 0.0 ], [ 15.322756, 67.082886, 0.0 ], [ 19.82095, 68.29907, 0.0 ], [ 24.857834, 69.38096, 0.0 ], [ 29.940434, 70.2223, 0.0 ], [ 34.571053, 70.74074, 0.0 ], [ 38.296734, 70.88579, 0.0 ], [ 40.752525, 70.64308, 0.0 ]] 
boundary 1: [[ 41.698105, 57.963634, 0.0 ], [ 40.752533, 57.356926, 0.0 ], [ 38.296833, 57.114174, 0.0 ], [ 34.571053, 57.25925, 0.0 ], [ 29.940401, 57.777843, 0.0 ], [ 24.857826, 58.619118, 0.0 ], [ 19.820974, 59.70083, 0.0 ], [ 15.322769, 60.917107, 0.0 ], [ 11.803665, 62.14876, 0.0 ], [ 9.60807, 63.27541, 0.0 ], [ 8.950915, 64.186745, 0.0 ], [ 9.896518, 64.79339, 0.0 ], [ 12.352323, 65.03617, 0.0 ], [ 16.07794, 64.89112, 0.0 ], [ 20.708712, 64.37244, 0.0 ], [ 25.791264, 63.53118, 0.0 ], [ 30.828154, 62.449387, 0.0 ], [ 35.32617, 61.2332, 0.0 ], [ 38.845367, 60.001503, 0.0 ], [ 41.040894, 58.874836, 0.0 ]] 
boundary 0: [[ 41.49081, 71.04018, 0.0 ], [ 40.862778, 70.10866, 0.0 ], [ 38.704063, 68.91299, 0.0 ], [ 35.225685, 67.570335, 0.0 ], [ 30.768505, 66.21205, 0.0 ], [ 25.768406, 64.97106, 0.0 ], [ 20.715076, 63.969135, 0.0 ], [ 16.103062, 63.30421, 0.0 ], [ 12.383965, 63.041122, 0.0 ], [ 9.9216795, 63.205814, 0.0 ], [ 8.957336, 63.782227, 0.0 ], [ 9.58521, 64.71381, 0.0 ], [ 11.744052, 65.90953, 0.0 ], [ 15.222324, 67.25217, 0.0 ], [ 19.679705, 68.61034, 0.0 ], [ 24.679768, 69.85134, 0.0 ], [ 29.733143, 70.853355, 0.0 ], [ 34.344994, 71.51831, 0.0 ], [ 38.06421, 71.78141, 0.0 ], [ 40.526466, 71.61668, 0.0 ]] 
boundary 1: [[ 41.490803, 56.959766, 0.0 ], [ 40.526474, 56.38333, 0.0 ], [ 38.06431, 56.218548, 0.0 ], [ 34.344994, 56.48165, 0.0 ], [ 29.733114, 57.14677, 0.0 ], [ 24.67976, 58.148735, 0.0 ], [ 19.679726, 59.38956, 0.0 ], [ 15.222336, 60.747818, 0.0 ], [ 11.744043, 62.0904, 0.0 ], [ 9.585265, 63.286083, 0.0 ], [ 8.957329, 64.2178, 0.0 ], [ 9.921685, 64.79415, 0.0 ], [ 12.383953, 64.95897, 0.0 ], [ 16.103102, 64.69591, 0.0 ], [ 20.715107, 64.03069, 0.0 ], [ 25.768433, 63.028744, 0.0 ], [ 30.768505, 61.787823, 0.0 ], [ 35.2257, 60.42967, 0.0 ], [ 38.704086, 59.087036, 0.0 ], [ 40.862793, 57.89134, 0.0 ]] 
boundary 0: [[ 41.086292, 72.656265, 0.0 ], [ 40.50708, 71.693634, 0.0 ], [ 38.412807, 70.38837, 0.0 ], [ 35.00821, 68.86835, 0.0 ], [ 30.626913, 67.28227, 0.0 ], [ 25.697372, 65.78538, 0.0 ], [ 20.702354, 64.5245, 0.0 ], [ 16.13071, 63.622917, 0.0 ], [ 12.430101, 63.168625, 0.0 ], [ 9.962602, 63.20627, 0.0 ], [ 8.969849, 63.732246, 0.0 ], [ 9.548906, 64.69493, 0.0 ], [ 11.643294, 66.00026, 0.0 ], [ 15.047792, 67.52028, 0.0 ], [ 19.4293, 69.10622, 0.0 ], [ 24.358803, 70.60312, 0.0 ], [ 29.35386, 71.864105, 0.0 ], [ 33.92533, 72.7657, 0.0 ], [ 37.62606, 73.22003, 0.0 ], [ 40.09354, 73.182335, 0.0 ]] 
boundary 1: [[ 41.086285, 55.343678, 0.0 ], [ 40.093548, 54.81767, 0.0 ], [ 37.62616, 54.77993, 0.0 ], [ 33.92533, 55.23426, 0.0 ], [ 29.353842, 56.136036, 0.0 ], [ 24.358805, 57.396957, 0.0 ], [ 19.429314, 58.89367, 0.0 ], [ 15.047804, 60.479713, 0.0 ], [ 11.643281, 61.999664, 0.0 ], [ 9.548956, 63.30496, 0.0 ], [ 8.969841, 64.26778, 0.0 ], [ 9.962605, 64.79369, 0.0 ], [ 12.430093, 64.83149, 0.0 ], [ 16.130753, 64.377205, 0.0 ], [ 20.702374, 63.47531, 0.0 ], [ 25.697386, 62.21441, 0.0 ], [ 30.626904, 60.717594, 0.0 ], [ 35.008224, 59.13167, 0.0 ], [ 38.41283, 57.61166, 0.0 ], [ 40.507095, 56.306355, 0.0 ]] 
boundary 0: [[ 40.40293, 74.8186, 0.0 ], [ 39.89261, 73.817726, 0.0 ], [ 37.894978, 72.36889, 0.0 ], [ 34.605293, 70.61396, 0.0 ], [ 30.345947, 68.72468, 0.0 ], [ 25.53346, 66.88594, 0.0 ], [ 20.639103, 65.27804, 0.0 ], [ 16.1419, 64.058235, 0.0 ], [ 12.482235, 63.345676, 0.0 ], [ 10.018166, 63.210274, 0.0 ], [ 8.990988, 63.66537, 0.0 ], [ 9.5011425, 64.666275, 0.0 ], [ 11.498882, 66.115204, 0.0 ], [ 14.7884655, 67.87012, 0.0 ], [ 19.04803, 69.759254, 0.0 ], [ 23.860489, 71.598015, 0.0 ], [ 28.754871, 73.20601, 0.0 ], [ 33.251904, 74.425835, 0.0 ], [ 36.911686, 75.13843, 0.0 ], [ 39.375732, 75.27378, 0.0 ]] 
boundary 1: [[ 40.40291, 53.181347, 0.0 ], [ 39.37574, 52.72622, 0.0 ], [ 36.911777, 52.861523, 0.0 ], [ 33.251892, 53.57414, 0.0 ], [ 28.754862, 54.794125, 0.0 ], [ 23.860495, 56.40207, 0.0 ], [ 19.048038, 58.240623, 0.0 ], [ 14.788477, 60.129883, 0.0 ], [ 11.498865, 61.884735, 0.0 ], [ 9.5011835, 63.33361, 0.0 ], [ 8.990981, 64.334656, 0.0 ], [ 10.018167, 64.78969, 0.0 ], [ 12.482233, 64.654434, 0.0 ], [ 16.141949, 63.941887, 0.0 ], [ 20.639107, 62.721756, 0.0 ], [ 25.533453, 61.113846, 0.0 ], [ 30.345928, 59.275177, 0.0 ], [ 34.60531, 57.38606, 0.0 ], [ 37.895, 55.63115, 0.0 ], [ 39.892624, 54.18226, 0.0 ]] 
boundary 0: [[ 39.35289, 77.413734, 0.0 ], [ 38.931053, 76.37246, 0.0 ], [ 37.06623, 74.75625, 0.0 ], [ 33.94068, 72.72333, 0.0 ], [ 29.860735, 70.472694, 0.0 ], [ 25.225346, 68.224556, 0.0 ], [ 20.488415, 66.199326, 0.0 ], [ 16.113588, 64.59506, 0.0 ], [ 12.52928, 63.568615, 0.0 ], [ 10.086161, 63.220577, 0.0 ], [ 9.023466, 63.585106, 0.0 ], [ 9.44513, 64.62639, 0.0 ], [ 11.310045, 66.24269, 0.0 ], [ 14.435495, 68.27559, 0.0 ], [ 18.515682, 70.52611, 0.0 ], [ 23.15104, 72.77426, 0.0 ], [ 27.887981, 74.79961, 0.0 ], [ 32.262634, 76.403854, 0.0 ], [ 35.84707, 77.43034, 0.0 ], [ 38.29016, 77.77834, 0.0 ]] 
boundary 1: [[ 39.352856, 50.586227, 0.0 ], [ 38.29017, 50.221664, 0.0 ], [ 35.847157, 50.56959, 0.0 ], [ 32.262627, 51.596127, 0.0 ], [ 27.887985, 53.20054, 0.0 ], [ 23.151058, 55.225826, 0.0 ], [ 18.51568, 57.473778, 0.0 ], [ 14.435507, 59.724407, 0.0 ], [ 11.310024, 61.757244, 0.0 ], [ 9.445161, 63.37349, 0.0 ], [ 9.023462, 64.41492, 0.0 ], [ 10.086159, 64.7794, 0.0 ], [ 12.529289, 64.43151, 0.0 ], [ 16.113646, 63.40505, 0.0 ], [ 20.488403, 61.800484, 0.0 ], [ 25.225315, 59.775223, 0.0 ], [ 29.860706, 57.52717, 0.0 ], [ 33.940704, 55.276688, 0.0 ], [ 37.066257, 53.24379, 0.0 ], [ 38.93107, 51.627533, 0.0 ]] 
boundary 0: [[ 37.90634, 80.2157, 0.0 ], [ 37.58794, 79.1383, 0.0 ], [ 35.88942, 77.34812, 0.0 ], [ 32.97676, 75.0204, 0.0 ], [ 29.13546, 72.38304, 0.0 ], [ 24.741104, 69.69405, 0.0 ], [ 20.22398, 67.217026, 0.0 ], [ 16.026228, 65.19426, 0.0 ], [ 12.558956, 63.823536, 0.0 ], [ 10.161359, 63.239162, 0.0 ], [ 9.068208, 63.498447, 0.0 ], [ 9.386436, 64.57585, 0.0 ], [ 11.085036, 66.366135, 0.0 ], [ 13.997598, 68.69381, 0.0 ], [ 17.839157, 71.33108, 0.0 ], [ 22.23347, 74.02007, 0.0 ], [ 26.750603, 76.49722, 0.0 ], [ 30.948174, 78.51996, 0.0 ], [ 34.415565, 79.89073, 0.0 ], [ 36.81314, 80.47507, 0.0 ]] 
boundary 1: [[ 37.906303, 47.784252, 0.0 ], [ 36.81315, 47.524937, 0.0 ], [ 34.415657, 48.10919, 0.0 ], [ 30.948166, 49.480015, 0.0 ], [ 26.750616, 51.502937, 0.0 ], [ 22.233498, 53.98002, 0.0 ], [ 17.839142, 56.6688, 0.0 ], [ 13.997609, 59.306183, 0.0 ], [ 11.085009, 61.63381, 0.0 ], [ 9.386454, 63.424026, 0.0 ], [ 9.068209, 64.50159, 0.0 ], [ 10.161354, 64.7608, 0.0 ], [ 12.558976, 64.17658, 0.0 ], [ 16.026299, 62.80586, 0.0 ], [ 20.223953, 60.78277, 0.0 ], [ 24.74105, 58.305717, 0.0 ], [ 29.135418, 55.61682, 0.0 ], [ 32.976784, 52.979607, 0.0 ], [ 35.889454, 50.651917, 0.0 ], [ 37.587955, 48.861702, 0.0 ]] 
boundary 0: [[ 36.089725, 83.0074, 0.0 ], [ 35.883842, 81.90297, 0.0 ], [ 34.3785, 79.94755, 0.0 ], [ 31.720764, 77.332535, 0.0 ], [ 28.17117, 74.313995, 0.0 ], [ 24.07676, 71.1872, 0.0 ], [ 19.838425, 68.25862, 0.0 ], [ 15.87104, 65.814735, 0.0 ], [ 12.563179, 64.09459, 0.0 ], [ 10.238421, 63.266647, 0.0 ], [ 9.124395, 63.412106, 0.0 ], [ 9.330095, 64.51653, 0.0 ], [ 10.835509, 66.47207, 0.0 ], [ 13.493155, 69.08701, 0.0 ], [ 17.04302, 72.1055, 0.0 ], [ 21.137392, 75.232285, 0.0 ], [ 25.375717, 78.161, 0.0 ], [ 29.34293, 80.604836, 0.0 ], [ 32.6509, 82.32504, 0.0 ], [ 34.97564, 83.15292, 0.0 ]] 
boundary 1: [[ 36.089684, 44.992546, 0.0 ], [ 34.975643, 44.84707, 0.0 ], [ 32.650993, 45.674866, 0.0 ], [ 29.342918, 47.39514, 0.0 ], [ 25.375744, 49.839153, 0.0 ], [ 21.137424, 52.76779, 0.0 ], [ 17.042995, 55.89438, 0.0 ], [ 13.493164, 58.912968, 0.0 ], [ 10.835474, 61.52789, 0.0 ], [ 9.330102, 63.48334, 0.0 ], [ 9.1244, 64.58791, 0.0 ], [ 10.238414, 64.7333, 0.0 ], [ 12.563213, 63.905537, 0.0 ], [ 15.871124, 62.18538, 0.0 ], [ 19.838377, 59.741177, 0.0 ], [ 24.076683, 56.812576, 0.0 ], [ 28.171108, 53.68587, 0.0 ], [ 31.720787, 50.667473, 0.0 ], [ 34.378548, 48.052483, 0.0 ], [ 35.883858, 46.097042, 0.0 ]] 
boundary 0: [[ 34.000004, 85.59246, 0.0 ], [ 33.9086, 84.472725, 0.0 ], [ 32.611965, 82.373085, 0.0 ], [ 30.236769, 79.49902, 0.0 ], [ 27.015848, 76.131996, 0.0 ], [ 23.264103, 72.60132, 0.0 ], [ 19.34885, 69.253075, 0.0 ], [ 15.653342, 66.41477, 0.0 ], [ 12.53957, 64.364105, 0.0 ], [ 10.312103, 63.301846, 0.0 ], [ 9.18903, 63.33216, 0.0 ], [ 9.2802515, 64.451866, 0.0 ], [ 10.576933, 66.551636, 0.0 ], [ 12.952055, 69.42562, 0.0 ], [ 16.173254, 72.79262, 0.0 ], [ 19.924957, 76.323265, 0.0 ], [ 23.840195, 79.671646, 0.0 ], [ 27.535528, 82.50989, 0.0 ], [ 30.649408, 84.56064, 0.0 ], [ 32.87686, 85.62283, 0.0 ]] 
boundary 1: [[ 33.999958, 42.407494, 0.0 ], [ 32.87687, 42.37716, 0.0 ], [ 30.649487, 43.439262, 0.0 ], [ 27.535517, 45.49009, 0.0 ], [ 23.840237, 48.328503, 0.0 ], [ 19.924995, 51.67682, 0.0 ], [ 16.173214, 55.207256, 0.0 ], [ 12.952063, 58.574356, 0.0 ], [ 10.576893, 61.448326, 0.0 ], [ 9.280244, 63.548004, 0.0 ], [ 9.189036, 64.667854, 0.0 ], [ 10.312089, 64.69809, 0.0 ], [ 12.539618, 63.63602, 0.0 ], [ 15.653438, 61.58533, 0.0 ], [ 19.34878, 58.74672, 0.0 ], [ 23.26401, 55.39846, 0.0 ], [ 27.015772, 51.86789, 0.0 ], [ 30.236792, 48.500996, 0.0 ], [ 32.612026, 45.62694, 0.0 ], [ 33.908615, 43.52729, 0.0 ]] 
boundary 0: [[ 31.807543, 87.81088, 0.0 ], [ 31.824461, 86.687546, 0.0 ], [ 30.736158, 84.47275, 0.0 ], [ 28.648933, 81.383194, 0.0 ], [ 25.767427, 77.7215, 0.0 ], [ 22.373325, 73.84573, 0.0 ], [ 18.798899, 70.13584, 0.0 ], [ 15.39406, 66.954666, 0.0 ], [ 12.492362, 64.61353, 0.0 ], [ 10.37761, 63.341587, 0.0 ], [ 9.25684, 63.263554, 0.0 ], [ 9.239754, 64.38683, 0.0 ], [ 10.328083, 66.60178, 0.0 ], [ 12.415238, 69.69124, 0.0 ], [ 15.297034, 73.35294, 0.0 ], [ 18.691097, 77.22864, 0.0 ], [ 22.265488, 80.9387, 0.0 ], [ 25.67016, 84.119774, 0.0 ], [ 28.571959, 86.46103, 0.0 ], [ 30.686697, 87.732895, 0.0 ]] 
boundary 1: [[ 31.80749, 40.189083, 0.0 ], [ 30.686705, 40.2671, 0.0 ], [ 28.572031, 41.538868, 0.0 ], [ 25.670147, 43.880203, 0.0 ], [ 22.265549, 47.061462, 0.0 ], [ 18.69114, 50.771435, 0.0 ], [ 15.296982, 54.64694, 0.0 ], [ 12.415243, 58.30874, 0.0 ], [ 10.328038, 61.398193, 0.0 ], [ 9.239731, 63.613037, 0.0 ], [ 9.256846, 64.73646, 0.0 ], [ 10.377589, 64.658356, 0.0 ], [ 12.49242, 63.386593, 0.0 ], [ 15.394165, 61.04542, 0.0 ], [ 18.798805, 57.863964, 0.0 ], [ 22.373207, 54.154037, 0.0 ], [ 25.767342, 50.278393, 0.0 ], [ 28.64896, 46.61682, 0.0 ], [ 30.736223, 43.527283, 0.0 ], [ 31.824476, 41.31247, 0.0 ]] 
boundary 0: [[ 29.445019, 89.78243, 0.0 ], [ 29.568644, 88.665794, 0.0 ], [ 28.695808, 86.357544, 0.0 ], [ 26.911732, 83.08357, 0.0 ], [ 24.391356, 79.16454, 0.0 ], [ 21.381062, 74.983696, 0.0 ], [ 18.175474, 70.95081, 0.0 ], [ 15.088459, 67.460396, 0.0 ], [ 12.42245, 64.85402, 0.0 ], [ 10.438188, 63.386803, 0.0 ], [ 9.329912, 63.202576, 0.0 ], [ 9.206122, 64.31914, 0.0 ], [ 10.078968, 66.62753, 0.0 ], [ 11.862989, 69.9014, 0.0 ], [ 14.383651, 73.820465, 0.0 ], [ 17.393915, 78.00125, 0.0 ], [ 20.599445, 82.03429, 0.0 ], [ 23.686306, 85.52463, 0.0 ], [ 26.352402, 88.13111, 0.0 ], [ 28.336662, 89.59824, 0.0 ]] 
boundary 1: [[ 29.444962, 38.217537, 0.0 ], [ 28.33667, 38.401756, 0.0 ], [ 26.352465, 39.868782, 0.0 ], [ 23.686289, 42.475365, 0.0 ], [ 20.599522, 45.96587, 0.0 ], [ 17.39397, 49.99882, 0.0 ], [ 14.383589, 54.17942, 0.0 ], [ 11.862991, 58.09858, 0.0 ], [ 10.078921, 61.372456, 0.0 ], [ 9.206087, 63.68073, 0.0 ], [ 9.329919, 64.797424, 0.0 ], [ 10.43816, 64.61314, 0.0 ], [ 12.422522, 63.146103, 0.0 ], [ 15.088573, 60.539696, 0.0 ], [ 18.175362, 57.049, 0.0 ], [ 21.380917, 53.016083, 0.0 ], [ 24.391258, 48.835342, 0.0 ], [ 26.911758, 44.916424, 0.0 ], [ 28.695875, 41.642475, 0.0 ], [ 29.568663, 39.33422, 0.0 ]] 
boundary 0: [[ 26.23239, 91.924545, 0.0 ], [ 26.488245, 90.8306, 0.0 ], [ 25.896797, 88.43477, 0.0 ], [ 24.515728, 84.971466, 0.0 ], [ 22.480507, 80.77994, 0.0 ], [ 19.990074, 76.270035, 0.0 ], [ 17.288101, 71.8838, 0.0 ], [ 14.63919, 68.050255, 0.0 ], [ 12.302895, 65.14465, 0.0 ], [ 10.507686, 63.451355, 0.0 ], [ 9.429275, 63.13633, 0.0 ], [ 9.173261, 64.23018, 0.0 ], [ 9.764704, 66.62616, 0.0 ], [ 11.14573, 70.08934, 0.0 ], [ 13.181231, 74.28095, 0.0 ], [ 15.671639, 78.79078, 0.0 ], [ 18.373539, 83.17718, 0.0 ], [ 21.02231, 87.01062, 0.0 ], [ 23.358677, 89.91632, 0.0 ], [ 25.153893, 91.60954, 0.0 ]] 
boundary 1: [[ 26.232328, 36.07543, 0.0 ], [ 25.1539, 36.390453, 0.0 ], [ 23.358727, 38.083557, 0.0 ], [ 21.022295, 40.989384, 0.0 ], [ 18.373636, 44.822968, 0.0 ], [ 15.671704, 49.20929, 0.0 ], [ 13.181154, 53.71894, 0.0 ], [ 11.145729, 57.91062, 0.0 ], [ 9.764656, 61.373833, 0.0 ], [ 9.173214, 63.7697, 0.0 ], [ 9.429281, 64.86366, 0.0 ], [ 10.507649, 64.548584, 0.0 ], [ 12.302978, 62.855453, 0.0 ], [ 14.639313, 59.949825, 0.0 ], [ 17.287968, 56.116043, 0.0 ], [ 19.989904, 51.729755, 0.0 ], [ 22.480396, 47.21997, 0.0 ], [ 24.515755, 43.02852, 0.0 ], [ 25.896866, 39.565243, 0.0 ], [ 26.488264, 37.16941, 0.0 ]] 
