boundary 0: [[ 35.914, 83.24696, 0.0 ], [ 35.71851, 82.14057, 0.0 ], [ 34.231117, 80.17142, 0.0 ], [ 31.597622, 77.53216, 0.0 ], [ 28.075645, 74.481094, 0.0 ], [ 24.010109, 71.317, 0.0 ], [ 19.798872, 68.34954, 0.0 ], [ 15.854174, 65.8692, 0.0 ], [ 12.562202, 64.11873, 0.0 ], [ 10.245131, 63.269558, 0.0 ], [ 9.129805, 63.404724, 0.0 ], [ 9.325382, 64.5111, 0.0 ], [ 10.812761, 66.48025, 0.0 ], [ 13.446298, 69.11953, 0.0 ], [ 16.968197, 72.17055, 0.0 ], [ 21.033787, 75.334656, 0.0 ], [ 25.245007, 78.30213, 0.0 ], [ 29.18972, 80.78245, 0.0 ], [ 32.48168, 82.5329, 0.0 ], [ 34.79875, 83.382126, 0.0 ]] 
boundary 1: [[ 35.91404, 44.753098, 0.0 ], [ 34.798744, 44.61787, 0.0 ], [ 32.481674, 45.467064, 0.0 ], [ 29.18969, 47.21752, 0.0 ], [ 25.244982, 49.69786, 0.0 ], [ 21.033794, 52.66533, 0.0 ], [ 16.968185, 55.829468, 0.0 ], [ 13.44628, 58.88046, 0.0 ], [ 10.812752, 61.519745, 0.0 ], [ 9.325394, 63.488945, 0.0 ], [ 9.129781, 64.59522, 0.0 ], [ 10.245157, 64.73049, 0.0 ], [ 12.562201, 63.881256, 0.0 ], [ 15.854179, 62.130806, 0.0 ], [ 19.798908, 59.6505, 0.0 ], [ 24.010103, 56.682976, 0.0 ], [ 28.075645, 53.518875, 0.0 ], [ 31.597628, 50.467823, 0.0 ], [ 34.23111, 47.828594, 0.0 ], [ 35.718502, 45.859398, 0.0 ]] 
boundary 0: [[ 39.241512, 77.65546, 0.0 ], [ 38.828476, 76.61061, 0.0 ], [ 36.97693, 74.97913, 0.0 ], [ 33.868324, 72.92058, 0.0 ], [ 29.80679, 70.63646, 0.0 ], [ 25.19007, 68.35042, 0.0 ], [ 20.469967, 66.28621, 0.0 ], [ 16.108534, 64.6459, 0.0 ], [ 12.532743, 63.589985, 0.0 ], [ 10.09257, 63.22192, 0.0 ], [ 9.02689, 63.57766, 0.0 ], [ 9.440022, 64.622475, 0.0 ], [ 11.291544, 66.253944, 0.0 ], [ 14.400187, 68.31251, 0.0 ], [ 18.46164, 70.59661, 0.0 ], [ 23.078419, 72.88264, 0.0 ], [ 27.798512, 74.94688, 0.0 ], [ 32.15995, 76.587166, 0.0 ], [ 35.735733, 77.64306, 0.0 ], [ 38.175915, 78.01118, 0.0 ]] 
boundary 1: [[ 39.241547, 50.34461, 0.0 ], [ 38.175907, 49.988815, 0.0 ], [ 35.735725, 50.3569, 0.0 ], [ 32.159927, 51.412804, 0.0 ], [ 27.798489, 53.053116, 0.0 ], [ 23.07843, 55.11735, 0.0 ], [ 18.461628, 57.403408, 0.0 ], [ 14.400172, 59.68747, 0.0 ], [ 11.291537, 61.74604, 0.0 ], [ 9.440025, 63.37757, 0.0 ], [ 9.026878, 64.42228, 0.0 ], [ 10.092586, 64.77813, 0.0 ], [ 12.532745, 64.41, 0.0 ], [ 16.108538, 63.354107, 0.0 ], [ 20.469992, 61.713844, 0.0 ], [ 25.190065, 59.649555, 0.0 ], [ 29.8068, 57.363506, 0.0 ], [ 33.86834, 55.0794, 0.0 ], [ 36.97692, 53.020885, 0.0 ], [ 38.82847, 51.389366, 0.0 ]] 
boundary 0: [[ 40.71548, 73.89443, 0.0 ], [ 40.175392, 72.90924, 0.0 ], [ 38.134872, 71.52137, 0.0 ], [ 34.79384, 69.86649, 0.0 ], [ 30.479195, 68.106636, 0.0 ], [ 25.613453, 66.414085, 0.0 ], [ 20.672802, 64.954544, 0.0 ], [ 16.140875, 63.87086, 0.0 ], [ 12.461331, 63.26906, 0.0 ], [ 9.994308, 63.208138, 0.0 ], [ 8.981303, 63.693985, 0.0 ], [ 9.521489, 64.67914, 0.0 ], [ 11.561992, 66.06701, 0.0 ], [ 14.903054, 67.72187, 0.0 ], [ 19.217613, 69.48173, 0.0 ], [ 24.083408, 71.174255, 0.0 ], [ 29.024057, 72.63382, 0.0 ], [ 33.555992, 73.717476, 0.0 ], [ 37.23553, 74.319275, 0.0 ], [ 39.70256, 74.38024, 0.0 ]] 
boundary 1: [[ 40.715508, 54.105637, 0.0 ], [ 39.702553, 53.619743, 0.0 ], [ 37.235527, 53.680687, 0.0 ], [ 33.555977, 54.28249, 0.0 ], [ 29.024036, 55.366165, 0.0 ], [ 24.083424, 56.82575, 0.0 ], [ 19.217602, 58.518288, 0.0 ], [ 14.903046, 60.2781, 0.0 ], [ 11.561985, 61.93299, 0.0 ], [ 9.521485, 63.320923, 0.0 ], [ 8.981297, 64.305954, 0.0 ], [ 9.994316, 64.791916, 0.0 ], [ 12.461334, 64.73093, 0.0 ], [ 16.140879, 64.12914, 0.0 ], [ 20.672817, 63.045506, 0.0 ], [ 25.613457, 61.585873, 0.0 ], [ 30.479212, 59.893333, 0.0 ], [ 34.793854, 58.133488, 0.0 ], [ 38.134857, 56.47865, 0.0 ], [ 40.175385, 55.090736, 0.0 ]] 
boundary 0: [[ 41.3163, 71.78138, 0.0 ], [ 40.710564, 70.83514, 0.0 ], [ 38.580517, 69.58903, 0.0 ], [ 35.13482, 68.164825, 0.0 ], [ 30.710627, 66.70203, 0.0 ], [ 25.741182, 65.34378, 0.0 ], [ 20.712826, 64.2231, 0.0 ], [ 16.117779, 63.449646, 0.0 ], [ 12.405863, 63.099083, 0.0 ], [ 9.940396, 63.205826, 0.0 ], [ 8.962721, 63.75934, 0.0 ], [ 9.568556, 64.705536, 0.0 ], [ 11.698589, 65.951645, 0.0 ], [ 15.144312, 67.37582, 0.0 ], [ 19.568409, 68.838646, 0.0 ], [ 24.537903, 70.19686, 0.0 ], [ 29.566261, 71.31756, 0.0 ], [ 34.161312, 72.09099, 0.0 ], [ 37.873234, 72.44154, 0.0 ], [ 40.338707, 72.33484, 0.0 ]] 
boundary 1: [[ 41.316322, 56.2187, 0.0 ], [ 40.3387, 55.665146, 0.0 ], [ 37.873226, 55.558422, 0.0 ], [ 34.161304, 55.90899, 0.0 ], [ 29.56624, 56.68242, 0.0 ], [ 24.537918, 57.803154, 0.0 ], [ 19.568398, 59.161373, 0.0 ], [ 15.144304, 60.62415, 0.0 ], [ 11.698584, 62.04835, 0.0 ], [ 9.568548, 63.29452, 0.0 ], [ 8.96272, 64.24059, 0.0 ], [ 9.940402, 64.794235, 0.0 ], [ 12.405867, 64.9009, 0.0 ], [ 16.117783, 64.55036, 0.0 ], [ 20.712837, 63.77696, 0.0 ], [ 25.741194, 62.656178, 0.0 ], [ 30.710646, 61.29795, 0.0 ], [ 35.134834, 59.835144, 0.0 ], [ 38.5805, 58.411003, 0.0 ], [ 40.710556, 57.164845, 0.0 ]] 
boundary 0: [[ 41.64525, 70.30829, 0.0 ], [ 40.99601, 69.39134, 0.0 ], [ 38.810135, 68.246, 0.0 ], [ 35.30173, 66.98416, 0.0 ], [ 30.81409, 65.729416, 0.0 ], [ 25.786667, 64.604576, 0.0 ], [ 20.711489, 63.719788, 0.0 ], [ 16.085356, 63.16162, 0.0 ], [ 12.361123, 62.984676, 0.0 ], [ 9.903324, 63.206364, 0.0 ], [ 8.952547, 63.804897, 0.0 ], [ 9.60188, 64.72179, 0.0 ], [ 11.787748, 65.867134, 0.0 ], [ 15.296177, 67.12893, 0.0 ], [ 19.783724, 68.38371, 0.0 ], [ 24.811188, 69.50854, 0.0 ], [ 29.88637, 70.39334, 0.0 ], [ 34.512505, 70.95146, 0.0 ], [ 38.23674, 71.12842, 0.0 ], [ 40.694557, 70.90676, 0.0 ]] 
boundary 1: [[ 41.64527, 57.69179, 0.0 ], [ 40.69455, 57.09322, 0.0 ], [ 38.23674, 56.871544, 0.0 ], [ 34.512505, 57.048496, 0.0 ], [ 29.88635, 57.606644, 0.0 ], [ 24.8112, 58.491493, 0.0 ], [ 19.783712, 59.61631, 0.0 ], [ 15.296171, 60.87102, 0.0 ], [ 11.787743, 62.132862, 0.0 ], [ 9.60187, 63.278263, 0.0 ], [ 8.952549, 64.19504, 0.0 ], [ 9.903328, 64.79369, 0.0 ], [ 12.361128, 65.01531, 0.0 ], [ 16.085356, 64.838394, 0.0 ], [ 20.7115, 64.28027, 0.0 ], [ 25.786678, 63.395374, 0.0 ], [ 30.81411, 62.270554, 0.0 ], [ 35.30175, 61.015812, 0.0 ], [ 38.810112, 59.75403, 0.0 ], [ 40.996002, 58.608643, 0.0 ]] 
boundary 0: [[ 41.838753, 69.242546, 0.0 ], [ 41.159172, 68.34784, 0.0 ], [ 38.936165, 67.27638, 0.0 ], [ 35.38746, 66.13275, 0.0 ], [ 30.86031, 65.02903, 0.0 ], [ 25.798023, 64.07323, 0.0 ], [ 20.696058, 63.35892, 0.0 ], [ 16.05382, 62.95602, 0.0 ], [ 12.325752, 62.903923, 0.0 ], [ 9.876758, 63.20781, 0.0 ], [ 8.946561, 63.83786, 0.0 ], [ 9.626241, 64.73249, 0.0 ], [ 11.849248, 65.80397, 0.0 ], [ 15.397972, 66.94754, 0.0 ], [ 19.925035, 68.051315, 0.0 ], [ 24.98735, 69.007095, 0.0 ], [ 30.089327, 69.72141, 0.0 ], [ 34.731564, 70.12426, 0.0 ], [ 38.459633, 70.17636, 0.0 ], [ 40.908646, 69.87251, 0.0 ]] 
boundary 1: [[ 41.838776, 58.757545, 0.0 ], [ 40.908638, 58.12747, 0.0 ], [ 38.459633, 57.82358, 0.0 ], [ 34.731564, 57.875694, 0.0 ], [ 30.089308, 58.278572, 0.0 ], [ 24.987362, 58.99293, 0.0 ], [ 19.92502, 59.948715, 0.0 ], [ 15.39797, 61.052406, 0.0 ], [ 11.849244, 62.196022, 0.0 ], [ 9.62623, 63.26757, 0.0 ], [ 8.946566, 64.16207, 0.0 ], [ 9.876759, 64.79225, 0.0 ], [ 12.325756, 65.09606, 0.0 ], [ 16.05382, 65.04398, 0.0 ], [ 20.696064, 64.641136, 0.0 ], [ 25.798035, 63.926735, 0.0 ], [ 30.860329, 62.97094, 0.0 ], [ 35.387474, 61.867218, 0.0 ], [ 38.936142, 60.723663, 0.0 ], [ 41.159164, 59.652134, 0.0 ]] 
boundary 0: [[ 41.945896, 68.54265, 0.0 ], [ 41.2469, 67.66303, 0.0 ], [ 39.000946, 66.64051, 0.0 ], [ 35.428062, 65.57487, 0.0 ], [ 30.877821, 64.57053, 0.0 ], [ 25.795818, 63.72581, 0.0 ], [ 20.67944, 63.123398, 0.0 ], [ 16.02949, 62.82225, 0.0 ], [ 12.30118, 62.851795, 0.0 ], [ 9.859425, 63.20924, 0.0 ], [ 8.943247, 63.859505, 0.0 ], [ 9.642354, 64.73904, 0.0 ], [ 11.88829, 65.76159, 0.0 ], [ 15.461208, 66.82718, 0.0 ], [ 20.011349, 67.83155, 0.0 ], [ 25.09339, 68.67625, 0.0 ], [ 30.209772, 69.27868, 0.0 ], [ 34.85973, 69.57977, 0.0 ], [ 38.58805, 69.55024, 0.0 ], [ 41.029808, 69.19284, 0.0 ]] 
boundary 1: [[ 41.94592, 59.45744, 0.0 ], [ 41.0298, 58.807148, 0.0 ], [ 38.58805, 58.449707, 0.0 ], [ 34.85973, 58.420174, 0.0 ], [ 30.209753, 58.721302, 0.0 ], [ 25.093401, 59.323776, 0.0 ], [ 20.011333, 60.168476, 0.0 ], [ 15.461206, 61.172775, 0.0 ], [ 11.888287, 62.238407, 0.0 ], [ 9.642342, 63.26102, 0.0 ], [ 8.9432535, 64.14042, 0.0 ], [ 9.859425, 64.790825, 0.0 ], [ 12.301184, 65.14818, 0.0 ], [ 16.02949, 65.17776, 0.0 ], [ 20.679443, 64.87666, 0.0 ], [ 25.795834, 64.27414, 0.0 ], [ 30.877842, 63.42943, 0.0 ], [ 35.428078, 62.4251, 0.0 ], [ 39.000916, 61.35953, 0.0 ], [ 41.246895, 60.33694, 0.0 ]] 
boundary 0: [[ 41.981834, 68.28157, 0.0 ], [ 41.275707, 67.40767, 0.0 ], [ 39.0215, 66.403496, 0.0 ], [ 35.44006, 65.367004, 0.0 ], [ 30.881771, 64.39982, 0.0 ], [ 25.793056, 63.596523, 0.0 ], [ 20.671938, 63.035843, 0.0 ], [ 16.019691, 62.772602, 0.0 ], [ 12.29174, 62.832535, 0.0 ], [ 9.852983, 63.209866, 0.0 ], [ 8.942135, 63.867565, 0.0 ], [ 9.648388, 64.74137, 0.0 ], [ 11.902583, 65.74558, 0.0 ], [ 15.484068, 66.78203, 0.0 ], [ 20.042238, 67.749275, 0.0 ], [ 25.131, 68.55253, 0.0 ], [ 30.252117, 69.113235, 0.0 ], [ 34.90438, 69.37641, 0.0 ], [ 38.63233, 69.3165, 0.0 ], [ 41.071106, 68.9392, 0.0 ]] 
boundary 1: [[ 41.981857, 59.71853, 0.0 ], [ 41.0711, 59.060783, 0.0 ], [ 38.63233, 58.683456, 0.0 ], [ 34.90438, 58.623535, 0.0 ], [ 30.252098, 58.88675, 0.0 ], [ 25.131012, 59.4475, 0.0 ], [ 20.042223, 60.25075, 0.0 ], [ 15.484066, 61.21793, 0.0 ], [ 11.902579, 62.254402, 0.0 ], [ 9.648375, 63.25868, 0.0 ], [ 8.942142, 64.132324, 0.0 ], [ 9.852983, 64.790184, 0.0 ], [ 12.291744, 65.16744, 0.0 ], [ 16.019691, 65.227394, 0.0 ], [ 20.671938, 64.96423, 0.0 ], [ 25.793072, 64.403404, 0.0 ], [ 30.881792, 63.60017, 0.0 ], [ 35.440075, 62.632957, 0.0 ], [ 39.02147, 61.59655, 0.0 ], [ 41.275707, 60.592297, 0.0 ]] 
boundary 0: [[ 42.084568, 67.42575, 0.0 ], [ 41.35541, 66.57096, 0.0 ], [ 39.075233, 65.627235, 0.0 ], [ 35.467434, 64.68658, 0.0 ], [ 30.884989, 63.84126, 0.0 ], [ 25.776672, 63.173893, 0.0 ], [ 20.64243, 62.749928, 0.0 ], [ 15.98481, 62.610798, 0.0 ], [ 12.259782, 62.770073, 0.0 ], [ 9.831949, 63.212303, 0.0 ], [ 8.938956, 63.894035, 0.0 ], [ 9.668252, 64.74871, 0.0 ], [ 11.948414, 65.69247, 0.0 ], [ 15.556257, 66.63307, 0.0 ], [ 20.138588, 67.47847, 0.0 ], [ 25.246962, 68.14579, 0.0 ], [ 30.381197, 68.56977, 0.0 ], [ 35.038822, 68.70885, 0.0 ], [ 38.763855, 68.549576, 0.0 ], [ 41.19171, 68.10742, 0.0 ]] 
boundary 1: [[ 42.08459, 60.574364, 0.0 ], [ 41.191704, 59.89257, 0.0 ], [ 38.763855, 59.450375, 0.0 ], [ 35.03883, 59.291092, 0.0 ], [ 30.38118, 59.4302, 0.0 ], [ 25.24697, 59.85424, 0.0 ], [ 20.138569, 60.521553, 0.0 ], [ 15.556255, 61.36688, 0.0 ], [ 11.94841, 62.307514, 0.0 ], [ 9.668238, 63.251347, 0.0 ], [ 8.938967, 64.105865, 0.0 ], [ 9.831947, 64.78778, 0.0 ], [ 12.259787, 65.22989, 0.0 ], [ 15.984812, 65.3892, 0.0 ], [ 20.64243, 65.250145, 0.0 ], [ 25.776691, 64.82602, 0.0 ], [ 30.88501, 64.15874, 0.0 ], [ 35.46745, 63.313374, 0.0 ], [ 39.075203, 62.372795, 0.0 ], [ 41.35541, 61.42899, 0.0 ]] 
boundary 0: [[ 42.03461, 67.86582, 0.0 ], [ 41.317234, 67.00113, 0.0 ], [ 39.0502, 66.02625, 0.0 ], [ 35.455635, 65.03627, 0.0 ], [ 30.885195, 64.12825, 0.0 ], [ 25.7865, 63.39098, 0.0 ], [ 20.658543, 62.896732, 0.0 ], [ 16.003271, 62.693817, 0.0 ], [ 12.276411, 62.80205, 0.0 ], [ 9.842749, 63.21099, 0.0 ], [ 8.940501, 63.880417, 0.0 ], [ 9.658023, 64.74501, 0.0 ], [ 11.925041, 65.7199, 0.0 ], [ 15.519663, 66.70985, 0.0 ], [ 20.089975, 67.617935, 0.0 ], [ 25.188744, 68.35515, 0.0 ], [ 30.316677, 68.84943, 0.0 ], [ 34.971962, 69.05229, 0.0 ], [ 38.69883, 68.94405, 0.0 ], [ 41.13251, 68.53523, 0.0 ]] 
boundary 1: [[ 42.034634, 60.13429, 0.0 ], [ 41.132504, 59.464794, 0.0 ], [ 38.69883, 59.055897, 0.0 ], [ 34.97197, 58.947647, 0.0 ], [ 30.316656, 59.150543, 0.0 ], [ 25.188751, 59.644882, 0.0 ], [ 20.089956, 60.382095, 0.0 ], [ 15.519661, 61.290104, 0.0 ], [ 11.925037, 62.28007, 0.0 ], [ 9.658009, 63.25505, 0.0 ], [ 8.940511, 64.11945, 0.0 ], [ 9.842748, 64.7891, 0.0 ], [ 12.276415, 65.19791, 0.0 ], [ 16.003273, 65.306175, 0.0 ], [ 20.658543, 65.10333, 0.0 ], [ 25.786518, 64.608925, 0.0 ], [ 30.885216, 63.87175, 0.0 ], [ 35.45565, 62.96368, 0.0 ], [ 39.05017, 61.97377, 0.0 ], [ 41.317234, 60.99882, 0.0 ]] 
boundary 0: [[ 41.965683, 68.40039, 0.0 ], [ 41.262833, 67.52385, 0.0 ], [ 39.012375, 66.51132, 0.0 ], [ 35.434822, 65.461555, 0.0 ], [ 30.880142, 64.477486, 0.0 ], [ 25.794449, 63.655323, 0.0 ], [ 20.675446, 63.07567, 0.0 ], [ 16.024204, 62.79518, 0.0 ], [ 12.296053, 62.841274, 0.0 ], [ 9.855914, 63.20959, 0.0 ], [ 8.942633, 63.863884, 0.0 ], [ 9.645643, 64.74032, 0.0 ], [ 11.896095, 65.75287, 0.0 ], [ 15.473713, 66.802605, 0.0 ], [ 20.028254, 67.786736, 0.0 ], [ 25.11402, 68.60883, 0.0 ], [ 30.233006, 69.18852, 0.0 ], [ 34.88426, 69.468956, 0.0 ], [ 38.612415, 69.42287, 0.0 ], [ 41.052574, 69.05467, 0.0 ]] 
boundary 1: [[ 41.965714, 59.599724, 0.0 ], [ 41.052567, 58.94536, 0.0 ], [ 38.612415, 58.577087, 0.0 ], [ 34.884266, 58.53097, 0.0 ], [ 30.232983, 58.811443, 0.0 ], [ 25.114027, 59.39119, 0.0 ], [ 20.028234, 60.213295, 0.0 ], [ 15.473711, 61.197365, 0.0 ], [ 11.896091, 62.247112, 0.0 ], [ 9.645629, 63.259743, 0.0 ], [ 8.94264, 64.13598, 0.0 ], [ 9.855914, 64.7905, 0.0 ], [ 12.296057, 65.15868, 0.0 ], [ 16.024204, 65.20482, 0.0 ], [ 20.675446, 64.9244, 0.0 ], [ 25.794464, 64.344574, 0.0 ], [ 30.880163, 63.522514, 0.0 ], [ 35.434837, 62.538383, 0.0 ], [ 39.012344, 61.4887, 0.0 ], [ 41.262833, 60.476093, 0.0 ]] 
boundary 0: [[ 41.887577, 68.93563, 0.0 ], [ 41.19951, 68.04744, 0.0 ], [ 38.966293, 66.997406, 0.0 ], [ 35.4068, 65.88794, 0.0 ], [ 30.869219, 64.82783, 0.0 ], [ 25.797993, 63.9207, 0.0 ], [ 20.689407, 63.255497, 0.0 ], [ 16.043505, 62.897247, 0.0 ], [ 12.315107, 62.880974, 0.0 ], [ 9.869146, 63.20841, 0.0 ], [ 8.945048, 63.847332, 0.0 ], [ 9.6333, 64.73541, 0.0 ], [ 11.866501, 65.78545, 0.0 ], [ 15.426054, 66.89489, 0.0 ], [ 19.963497, 67.95507, 0.0 ], [ 25.034798, 68.86214, 0.0 ], [ 30.143373, 69.52737, 0.0 ], [ 34.78927, 69.885574, 0.0 ], [ 38.517677, 69.901855, 0.0 ], [ 40.963657, 69.57453, 0.0 ]] 
boundary 1: [[ 41.887608, 59.0645, 0.0 ], [ 40.96365, 58.4255, 0.0 ], [ 38.517677, 58.0981, 0.0 ], [ 34.789276, 58.114357, 0.0 ], [ 30.14335, 58.472588, 0.0 ], [ 25.034805, 59.137886, 0.0 ], [ 19.963478, 60.044956, 0.0 ], [ 15.42605, 61.105076, 0.0 ], [ 11.866497, 62.214523, 0.0 ], [ 9.6332855, 63.26466, 0.0 ], [ 8.945054, 64.152534, 0.0 ], [ 9.869148, 64.79168, 0.0 ], [ 12.315109, 65.119, 0.0 ], [ 16.043505, 65.10277, 0.0 ], [ 20.689407, 64.744576, 0.0 ], [ 25.798004, 64.0792, 0.0 ], [ 30.86924, 63.172176, 0.0 ], [ 35.406815, 62.111996, 0.0 ], [ 38.966263, 61.002613, 0.0 ], [ 41.19951, 59.952503, 0.0 ]] 
boundary 0: [[ 41.864548, 69.08247, 0.0 ], [ 41.180588, 68.1911, 0.0 ], [ 38.952194, 67.13081, 0.0 ], [ 35.39786, 66.00503, 0.0 ], [ 30.865194, 64.92407, 0.0 ], [ 25.798191, 63.993637, 0.0 ], [ 20.692719, 63.304955, 0.0 ], [ 16.048508, 62.925354, 0.0 ], [ 12.320225, 62.89193, 0.0 ], [ 9.8727865, 63.208115, 0.0 ], [ 8.945761, 63.842808, 0.0 ], [ 9.62992, 64.73404, 0.0 ], [ 11.8582735, 65.794334, 0.0 ], [ 15.412689, 66.92009, 0.0 ], [ 19.94521, 68.001114, 0.0 ], [ 25.012295, 68.93152, 0.0 ], [ 30.117752, 69.62023, 0.0 ], [ 34.761948, 69.999756, 0.0 ], [ 38.490257, 70.03319, 0.0 ], [ 40.9377, 69.71711, 0.0 ]] 
boundary 1: [[ 41.86458, 58.917652, 0.0 ], [ 40.93769, 58.282917, 0.0 ], [ 38.490257, 57.966766, 0.0 ], [ 34.761955, 58.000145, 0.0 ], [ 30.11773, 58.379723, 0.0 ], [ 25.012302, 59.0685, 0.0 ], [ 19.94519, 59.99888, 0.0 ], [ 15.412685, 61.07984, 0.0 ], [ 11.85827, 62.205647, 0.0 ], [ 9.629906, 63.266037, 0.0 ], [ 8.9457655, 64.1571, 0.0 ], [ 9.872788, 64.79198, 0.0 ], [ 12.320227, 65.10805, 0.0 ], [ 16.048508, 65.07466, 0.0 ], [ 20.69272, 64.69515, 0.0 ], [ 25.798203, 64.0063, 0.0 ], [ 30.865215, 63.075935, 0.0 ], [ 35.397877, 61.994907, 0.0 ], [ 38.952164, 60.86917, 0.0 ], [ 41.180584, 59.808807, 0.0 ]] 
boundary 0: [[ 41.660137, 70.23251, 0.0 ], [ 41.00882, 69.317024, 0.0 ], [ 38.820183, 68.17693, 0.0 ], [ 35.30883, 66.92351, 0.0 ], [ 30.818155, 65.67952, 0.0 ], [ 25.788074, 64.56667, 0.0 ], [ 20.710804, 63.694042, 0.0 ], [ 16.083334, 63.14694, 0.0 ], [ 12.358692, 62.978867, 0.0 ], [ 9.901429, 63.206448, 0.0 ], [ 8.952084, 63.807236, 0.0 ], [ 9.603604, 64.722595, 0.0 ], [ 11.792206, 65.862686, 0.0 ], [ 15.303641, 67.116104, 0.0 ], [ 19.794159, 68.36013, 0.0 ], [ 24.82433, 69.47295, 0.0 ], [ 29.901579, 70.34563, 0.0 ], [ 34.529037, 70.892654, 0.0 ], [ 38.2537, 71.06073, 0.0 ], [ 40.710968, 70.83326, 0.0 ]] 
boundary 1: [[ 41.660175, 57.767605, 0.0 ], [ 40.71096, 57.16676, 0.0 ], [ 38.2537, 56.93922, 0.0 ], [ 34.52903, 57.107246, 0.0 ], [ 29.901556, 57.654327, 0.0 ], [ 24.82434, 58.52706, 0.0 ], [ 19.79414, 59.639862, 0.0 ], [ 15.303633, 60.88383, 0.0 ], [ 11.792201, 62.137287, 0.0 ], [ 9.603594, 63.277477, 0.0 ], [ 8.952084, 64.192665, 0.0 ], [ 9.901434, 64.79365, 0.0 ], [ 12.358693, 65.02111, 0.0 ], [ 16.083334, 64.85307, 0.0 ], [ 20.710808, 64.30608, 0.0 ], [ 25.788082, 63.43325, 0.0 ], [ 30.818176, 62.320473, 0.0 ], [ 35.308846, 61.076427, 0.0 ], [ 38.820152, 59.82305, 0.0 ], [ 41.008812, 58.682888, 0.0 ]] 
boundary 0: [[ 41.44252, 71.252945, 0.0 ], [ 40.82108, 70.31691, 0.0 ], [ 38.67036, 69.10681, 0.0 ], [ 35.201298, 67.74074, 0.0 ], [ 30.753088, 66.3525, 0.0 ], [ 25.761532, 65.07795, 0.0 ], [ 20.715063, 64.04194, 0.0 ], [ 16.107653, 63.345814, 0.0 ], [ 12.390377, 63.05766, 0.0 ], [ 9.927051, 63.205833, 0.0 ], [ 8.958815, 63.775673, 0.0 ], [ 9.580459, 64.711586, 0.0 ], [ 11.731136, 65.92169, 0.0 ], [ 15.200304, 67.28775, 0.0 ], [ 19.64834, 68.67602, 0.0 ], [ 24.639984, 69.95057, 0.0 ], [ 29.686436, 70.98661, 0.0 ], [ 34.29383, 71.682655, 0.0 ], [ 38.01113, 71.970825, 0.0 ], [ 40.474457, 71.822754, 0.0 ]] 
boundary 1: [[ 41.44256, 56.747177, 0.0 ], [ 40.47445, 56.17727, 0.0 ], [ 38.011124, 56.02913, 0.0 ], [ 34.293816, 56.317253, 0.0 ], [ 29.686413, 57.013344, 0.0 ], [ 24.64, 58.049442, 0.0 ], [ 19.648321, 59.32397, 0.0 ], [ 15.200291, 60.712177, 0.0 ], [ 11.731131, 62.07828, 0.0 ], [ 9.580453, 63.28849, 0.0 ], [ 8.958811, 64.22422, 0.0 ], [ 9.927057, 64.79426, 0.0 ], [ 12.390377, 64.94232, 0.0 ], [ 16.107653, 64.65419, 0.0 ], [ 20.71507, 63.958187, 0.0 ], [ 25.76154, 62.921993, 0.0 ], [ 30.753109, 61.64749, 0.0 ], [ 35.201313, 60.2592, 0.0 ], [ 38.67033, 58.893185, 0.0 ], [ 40.82107, 57.682995, 0.0 ]] 
boundary 0: [[ 41.256805, 72.01718, 0.0 ], [ 40.658287, 71.06632, 0.0 ], [ 38.53764, 69.80426, 0.0 ], [ 35.10283, 68.35421, 0.0 ], [ 30.6897, 66.85819, 0.0 ], [ 25.730625, 65.462616, 0.0 ], [ 20.710842, 64.30417, 0.0 ], [ 16.121735, 63.49618, 0.0 ], [ 12.412572, 63.1177, 0.0 ], [ 9.946371, 63.205917, 0.0 ], [ 8.964558, 63.752037, 0.0 ], [ 9.563256, 64.70279, 0.0 ], [ 11.683864, 65.96485, 0.0 ], [ 15.118778, 67.41489, 0.0 ], [ 19.531733, 68.91091, 0.0 ], [ 24.490898, 70.30652, 0.0 ], [ 29.510666, 71.46498, 0.0 ], [ 34.099762, 72.2729, 0.0 ], [ 37.80895, 72.65139, 0.0 ], [ 40.27515, 72.56326, 0.0 ]] 
boundary 1: [[ 41.25685, 55.982933, 0.0 ], [ 40.275143, 55.43674, 0.0 ], [ 37.808933, 55.348564, 0.0 ], [ 34.099747, 55.72702, 0.0 ], [ 29.510637, 56.534966, 0.0 ], [ 24.490913, 57.693504, 0.0 ], [ 19.531713, 59.089058, 0.0 ], [ 15.118763, 60.585045, 0.0 ], [ 11.683858, 62.035122, 0.0 ], [ 9.5632515, 63.297283, 0.0 ], [ 8.964553, 64.247856, 0.0 ], [ 9.946378, 64.79419, 0.0 ], [ 12.412572, 64.882286, 0.0 ], [ 16.121735, 64.50382, 0.0 ], [ 20.710855, 63.69596, 0.0 ], [ 25.730633, 62.53733, 0.0 ], [ 30.68972, 61.141804, 0.0 ], [ 35.102844, 59.645725, 0.0 ], [ 38.53761, 58.19574, 0.0 ], [ 40.65828, 56.933594, 0.0 ]] 
boundary 0: [[ 40.88102, 73.36356, 0.0 ], [ 40.324158, 72.387726, 0.0 ], [ 38.26004, 71.035194, 0.0 ], [ 34.89111, 69.43803, 0.0 ], [ 30.546766, 67.75267, 0.0 ], [ 25.652649, 66.14405, 0.0 ], [ 20.68763, 64.76971, 0.0 ], [ 16.137733, 63.76413, 0.0 ], [ 12.448391, 63.225685, 0.0 ], [ 9.980681, 63.207222, 0.0 ], [ 8.976179, 63.710392, 0.0 ], [ 9.533227, 64.686134, 0.0 ], [ 11.597302, 66.03867, 0.0 ], [ 14.9663315, 67.635826, 0.0 ], [ 19.310497, 69.32119, 0.0 ], [ 24.204714, 70.92983, 0.0 ], [ 29.169716, 72.304184, 0.0 ], [ 33.719604, 73.30971, 0.0 ], [ 37.408966, 73.84815, 0.0 ], [ 39.87668, 73.86671, 0.0 ]] 
boundary 1: [[ 40.881073, 54.636543, 0.0 ], [ 39.87667, 54.13329, 0.0 ], [ 37.408943, 54.151794, 0.0 ], [ 33.71959, 54.69022, 0.0 ], [ 29.169685, 55.69576, 0.0 ], [ 24.204733, 57.070175, 0.0 ], [ 19.310478, 58.67878, 0.0 ], [ 14.966312, 60.364105, 0.0 ], [ 11.597295, 61.961296, 0.0 ], [ 9.533224, 63.31394, 0.0 ], [ 8.976171, 64.28949, 0.0 ], [ 9.980693, 64.792885, 0.0 ], [ 12.448389, 64.77431, 0.0 ], [ 16.137733, 64.23587, 0.0 ], [ 20.687647, 63.23041, 0.0 ], [ 25.652657, 61.855896, 0.0 ], [ 30.546787, 60.247326, 0.0 ], [ 34.891113, 58.56191, 0.0 ], [ 38.26001, 56.964817, 0.0 ], [ 40.324142, 55.612186, 0.0 ]] 
boundary 0: [[ 40.539566, 74.42561, 0.0 ], [ 40.0167, 73.43117, 0.0 ], [ 38.000473, 72.008224, 0.0 ], [ 34.688644, 70.295784, 0.0 ], [ 30.405027, 68.461555, 0.0 ], [ 25.569324, 66.68505, 0.0 ], [ 20.65468, 65.14025, 0.0 ], [ 16.142174, 63.97831, 0.0 ], [ 12.473607, 63.31291, 0.0 ], [ 10.008001, 63.209324, 0.0 ], [ 8.986738, 63.677547, 0.0 ], [ 9.509795, 64.67192, 0.0 ], [ 11.525982, 66.09486, 0.0 ], [ 14.837904, 67.80729, 0.0 ], [ 19.121342, 69.641525, 0.0 ], [ 23.957153, 71.418045, 0.0 ], [ 28.871784, 72.96287, 0.0 ], [ 33.384285, 74.124756, 0.0 ], [ 37.05287, 74.790146, 0.0 ], [ 39.51846, 74.89382, 0.0 ]] 
boundary 1: [[ 40.53962, 53.57447, 0.0 ], [ 39.51845, 53.10617, 0.0 ], [ 37.05285, 53.209797, 0.0 ], [ 33.384262, 53.87517, 0.0 ], [ 28.871748, 55.037086, 0.0 ], [ 23.957172, 56.581963, 0.0 ], [ 19.121323, 58.358448, 0.0 ], [ 14.837883, 60.19264, 0.0 ], [ 11.525974, 61.90511, 0.0 ], [ 9.509796, 63.328148, 0.0 ], [ 8.986727, 64.32234, 0.0 ], [ 10.0080185, 64.79078, 0.0 ], [ 12.473602, 64.68708, 0.0 ], [ 16.142174, 64.02169, 0.0 ], [ 20.654697, 62.85987, 0.0 ], [ 25.56933, 61.314884, 0.0 ], [ 30.405048, 59.538433, 0.0 ], [ 34.688652, 57.70415, 0.0 ], [ 38.000443, 55.991787, 0.0 ], [ 40.016685, 54.56876, 0.0 ]] 
boundary 0: [[ 39.104214, 77.94612, 0.0 ], [ 38.70169, 76.89718, 0.0 ], [ 36.866425, 75.2474, 0.0 ], [ 33.778496, 73.15806, 0.0 ], [ 29.739803, 70.83367, 0.0 ], [ 25.146053, 68.50186, 0.0 ], [ 20.446716, 66.39085, 0.0 ], [ 16.101795, 64.70726, 0.0 ], [ 12.536699, 63.615833, 0.0 ], [ 10.100297, 63.223557, 0.0 ], [ 9.031132, 63.56866, 0.0 ], [ 9.433851, 64.61756, 0.0 ], [ 11.269075, 66.26733, 0.0 ], [ 14.357097, 68.356674, 0.0 ], [ 18.395618, 70.68102, 0.0 ], [ 22.98947, 73.01288, 0.0 ], [ 27.68879, 75.123924, 0.0 ], [ 32.033714, 76.80745, 0.0 ], [ 35.598827, 77.89886, 0.0 ], [ 38.03521, 78.29123, 0.0 ]] 
boundary 1: [[ 39.10428, 50.05395, 0.0 ], [ 38.035202, 49.708755, 0.0 ], [ 35.5988, 50.10108, 0.0 ], [ 32.03368, 51.192482, 0.0 ], [ 27.688747, 52.876045, 0.0 ], [ 22.989489, 54.987118, 0.0 ], [ 18.395594, 57.318954, 0.0 ], [ 14.357066, 59.64326, 0.0 ], [ 11.269064, 61.732643, 0.0 ], [ 9.433861, 63.382515, 0.0 ], [ 9.031107, 64.43122, 0.0 ], [ 10.100325, 64.776535, 0.0 ], [ 12.536692, 64.38415, 0.0 ], [ 16.101795, 63.292744, 0.0 ], [ 20.446747, 61.609264, 0.0 ], [ 25.146053, 59.498085, 0.0 ], [ 29.739819, 57.166286, 0.0 ], [ 33.778503, 54.841873, 0.0 ], [ 36.866394, 52.752613, 0.0 ], [ 38.701668, 51.102757, 0.0 ]] 
boundary 0: [[ 35.505184, 83.78673, 0.0 ], [ 35.333023, 82.67648, 0.0 ], [ 33.887146, 80.67662, 0.0 ], [ 31.309546, 77.98282, 0.0 ], [ 27.85217, 74.85865, 0.0 ], [ 23.853796, 71.610146, 0.0 ], [ 19.705631, 68.55517, 0.0 ], [ 15.813721, 65.992775, 0.0 ], [ 12.559149, 64.17375, 0.0 ], [ 10.260356, 63.27626, 0.0 ], [ 9.142446, 63.388023, 0.0 ], [ 9.3148, 64.498276, 0.0 ], [ 10.760642, 66.4981, 0.0 ], [ 13.338334, 69.19194, 0.0 ], [ 16.795551, 72.31603, 0.0 ], [ 20.794012, 75.564606, 0.0 ], [ 24.942154, 78.61961, 0.0 ], [ 28.83408, 81.18194, 0.0 ], [ 32.08867, 83.00095, 0.0 ], [ 34.387432, 83.89852, 0.0 ]] 
boundary 1: [[ 35.505264, 44.213314, 0.0 ], [ 34.387424, 44.101456, 0.0 ], [ 32.08864, 44.998993, 0.0 ], [ 28.834036, 46.818, 0.0 ], [ 24.942104, 49.380367, 0.0 ], [ 20.794031, 52.43538, 0.0 ], [ 16.795525, 55.683956, 0.0 ], [ 13.338292, 58.808, 0.0 ], [ 10.760622, 61.501865, 0.0 ], [ 9.314827, 63.5018, 0.0 ], [ 9.142398, 64.61187, 0.0 ], [ 10.260401, 64.723816, 0.0 ], [ 12.559137, 63.826237, 0.0 ], [ 15.813723, 62.00723, 0.0 ], [ 19.705683, 59.44493, 0.0 ], [ 23.853786, 56.389805, 0.0 ], [ 27.852179, 53.141296, 0.0 ], [ 31.30954, 50.017113, 0.0 ], [ 33.887115, 47.323395, 0.0 ], [ 35.332985, 45.323463, 0.0 ]] 
boundary 0: [[ 35.913902, 83.24693, 0.0 ], [ 35.71853, 82.14053, 0.0 ], [ 34.231094, 80.17139, 0.0 ], [ 31.597652, 77.53215, 0.0 ], [ 28.075617, 74.48106, 0.0 ], [ 24.010098, 71.316986, 0.0 ], [ 19.798872, 68.34954, 0.0 ], [ 15.854158, 65.86921, 0.0 ], [ 12.562212, 64.11873, 0.0 ], [ 10.24513, 63.269573, 0.0 ], [ 9.129805, 63.404716, 0.0 ], [ 9.32537, 64.511116, 0.0 ], [ 10.81277, 66.48023, 0.0 ], [ 13.446304, 69.11951, 0.0 ], [ 16.96818, 72.17052, 0.0 ], [ 21.033787, 75.334656, 0.0 ], [ 25.244991, 78.30213, 0.0 ], [ 29.189718, 80.7824, 0.0 ], [ 32.48168, 82.53287, 0.0 ], [ 34.798737, 83.3821, 0.0 ]] 
boundary 1: [[ 35.91398, 44.753113, 0.0 ], [ 34.79873, 44.617874, 0.0 ], [ 32.48165, 45.46708, 0.0 ], [ 29.189674, 47.217537, 0.0 ], [ 25.244942, 49.69785, 0.0 ], [ 21.033806, 52.66533, 0.0 ], [ 16.968155, 55.82947, 0.0 ], [ 13.446263, 58.880436, 0.0 ], [ 10.81275, 61.519737, 0.0 ], [ 9.325395, 63.48896, 0.0 ], [ 9.129759, 64.59518, 0.0 ], [ 10.2451725, 64.73051, 0.0 ], [ 12.562201, 63.881256, 0.0 ], [ 15.85416, 62.1308, 0.0 ], [ 19.798922, 59.65056, 0.0 ], [ 24.010088, 56.68296, 0.0 ], [ 28.075624, 53.518887, 0.0 ], [ 31.597649, 50.467785, 0.0 ], [ 34.231064, 47.82863, 0.0 ], [ 35.718494, 45.859413, 0.0 ]] 
boundary 0: [[ 39.241413, 77.65546, 0.0 ], [ 38.828476, 76.61058, 0.0 ], [ 36.976906, 74.9791, 0.0 ], [ 33.868355, 72.92056, 0.0 ], [ 29.806755, 70.63642, 0.0 ], [ 25.190058, 68.3504, 0.0 ], [ 20.469967, 66.28621, 0.0 ], [ 16.108524, 64.645905, 0.0 ], [ 12.532753, 63.58998, 0.0 ], [ 10.092572, 63.221935, 0.0 ], [ 9.026887, 63.577652, 0.0 ], [ 9.440013, 64.62249, 0.0 ], [ 11.291547, 66.25393, 0.0 ], [ 14.400188, 68.31249, 0.0 ], [ 18.461617, 70.59658, 0.0 ], [ 23.078419, 72.88264, 0.0 ], [ 27.798496, 74.94688, 0.0 ], [ 32.159943, 76.58712, 0.0 ], [ 35.735725, 77.64303, 0.0 ], [ 38.1759, 78.011154, 0.0 ]] 
boundary 1: [[ 39.241486, 50.344616, 0.0 ], [ 38.17589, 49.988815, 0.0 ], [ 35.735703, 50.35691, 0.0 ], [ 32.159912, 51.41281, 0.0 ], [ 27.79845, 53.05311, 0.0 ], [ 23.078442, 55.11735, 0.0 ], [ 18.461597, 57.403404, 0.0 ], [ 14.40016, 59.687447, 0.0 ], [ 11.291536, 61.746033, 0.0 ], [ 9.440023, 63.377583, 0.0 ], [ 9.026868, 64.422226, 0.0 ], [ 10.092598, 64.77815, 0.0 ], [ 12.532745, 64.41, 0.0 ], [ 16.108519, 63.3541, 0.0 ], [ 20.469992, 61.7139, 0.0 ], [ 25.19006, 59.64953, 0.0 ], [ 29.806778, 57.36352, 0.0 ], [ 33.868362, 55.07937, 0.0 ], [ 36.97687, 53.02091, 0.0 ], [ 38.82846, 51.38938, 0.0 ]] 
boundary 0: [[ 40.71538, 73.89444, 0.0 ], [ 40.175392, 72.90921, 0.0 ], [ 38.134842, 71.52135, 0.0 ], [ 34.79387, 69.86648, 0.0 ], [ 30.479155, 68.1066, 0.0 ], [ 25.613441, 66.41408, 0.0 ], [ 20.672802, 64.954544, 0.0 ], [ 16.140867, 63.87087, 0.0 ], [ 12.46134, 63.269054, 0.0 ], [ 9.99431, 63.208153, 0.0 ], [ 8.981298, 63.693977, 0.0 ], [ 9.5214815, 64.67915, 0.0 ], [ 11.561992, 66.06699, 0.0 ], [ 14.903056, 67.721855, 0.0 ], [ 19.217587, 69.481705, 0.0 ], [ 24.083408, 71.174255, 0.0 ], [ 29.024042, 72.63382, 0.0 ], [ 33.555973, 73.71744, 0.0 ], [ 37.235516, 74.319244, 0.0 ], [ 39.702545, 74.380226, 0.0 ]] 
boundary 1: [[ 40.715446, 54.10564, 0.0 ], [ 39.702538, 53.619743, 0.0 ], [ 37.235504, 53.680695, 0.0 ], [ 33.55596, 54.282497, 0.0 ], [ 29.023998, 55.366158, 0.0 ], [ 24.083435, 56.82575, 0.0 ], [ 19.217571, 58.51828, 0.0 ], [ 14.903036, 60.278076, 0.0 ], [ 11.561984, 61.932983, 0.0 ], [ 9.521482, 63.320934, 0.0 ], [ 8.981295, 64.3059, 0.0 ], [ 9.994328, 64.79194, 0.0 ], [ 12.461334, 64.73093, 0.0 ], [ 16.14086, 64.12913, 0.0 ], [ 20.672813, 63.045563, 0.0 ], [ 25.61345, 61.585846, 0.0 ], [ 30.479185, 59.89334, 0.0 ], [ 34.793877, 58.133457, 0.0 ], [ 38.134804, 56.47867, 0.0 ], [ 40.175377, 55.09075, 0.0 ]] 
boundary 0: [[ 41.3162, 71.781395, 0.0 ], [ 40.710564, 70.835106, 0.0 ], [ 38.580486, 69.589005, 0.0 ], [ 35.13485, 68.16481, 0.0 ], [ 30.710585, 66.70199, 0.0 ], [ 25.74117, 65.34377, 0.0 ], [ 20.712826, 64.2231, 0.0 ], [ 16.117771, 63.449654, 0.0 ], [ 12.40587, 63.09908, 0.0 ], [ 9.940398, 63.20584, 0.0 ], [ 8.962716, 63.75933, 0.0 ], [ 9.56855, 64.70555, 0.0 ], [ 11.698589, 65.95163, 0.0 ], [ 15.144314, 67.3758, 0.0 ], [ 19.56838, 68.83862, 0.0 ], [ 24.537903, 70.19686, 0.0 ], [ 29.566246, 71.31756, 0.0 ], [ 34.161297, 72.09096, 0.0 ], [ 37.87321, 72.44151, 0.0 ], [ 40.338688, 72.33482, 0.0 ]] 
boundary 1: [[ 41.31626, 56.218708, 0.0 ], [ 40.338684, 55.665146, 0.0 ], [ 37.873203, 55.558426, 0.0 ], [ 34.16128, 55.908997, 0.0 ], [ 29.566202, 56.68241, 0.0 ], [ 24.53793, 57.803154, 0.0 ], [ 19.568367, 59.16136, 0.0 ], [ 15.144297, 60.624126, 0.0 ], [ 11.698584, 62.048344, 0.0 ], [ 9.568544, 63.294533, 0.0 ], [ 8.962722, 64.24054, 0.0 ], [ 9.940413, 64.79426, 0.0 ], [ 12.405867, 64.9009, 0.0 ], [ 16.117764, 64.55035, 0.0 ], [ 20.712833, 63.777016, 0.0 ], [ 25.741186, 62.65615, 0.0 ], [ 30.710619, 61.29796, 0.0 ], [ 35.134857, 59.83512, 0.0 ], [ 38.58045, 58.41101, 0.0 ], [ 40.71055, 57.164856, 0.0 ]] 
boundary 0: [[ 41.64515, 70.30831, 0.0 ], [ 40.99601, 69.39131, 0.0 ], [ 38.810104, 68.24599, 0.0 ], [ 35.30176, 66.984146, 0.0 ], [ 30.814045, 65.729385, 0.0 ], [ 25.786655, 64.60457, 0.0 ], [ 20.711489, 63.719788, 0.0 ], [ 16.085348, 63.16163, 0.0 ], [ 12.36113, 62.984673, 0.0 ], [ 9.903327, 63.20638, 0.0 ], [ 8.952541, 63.80489, 0.0 ], [ 9.601875, 64.7218, 0.0 ], [ 11.787746, 65.86712, 0.0 ], [ 15.296179, 67.128914, 0.0 ], [ 19.783693, 68.3837, 0.0 ], [ 24.811188, 69.50854, 0.0 ], [ 29.886354, 70.39334, 0.0 ], [ 34.512486, 70.95143, 0.0 ], [ 38.236717, 71.12839, 0.0 ], [ 40.694534, 70.906746, 0.0 ]] 
boundary 1: [[ 41.64521, 57.6918, 0.0 ], [ 40.694534, 57.09322, 0.0 ], [ 38.236717, 56.87155, 0.0 ], [ 34.51248, 57.048504, 0.0 ], [ 29.886314, 57.606632, 0.0 ], [ 24.81121, 58.491493, 0.0 ], [ 19.783682, 59.616295, 0.0 ], [ 15.296164, 60.871, 0.0 ], [ 11.787744, 62.132854, 0.0 ], [ 9.601866, 63.278275, 0.0 ], [ 8.952554, 64.194984, 0.0 ], [ 9.903339, 64.79372, 0.0 ], [ 12.361128, 65.01531, 0.0 ], [ 16.08534, 64.83837, 0.0 ], [ 20.71149, 64.28033, 0.0 ], [ 25.78667, 63.395348, 0.0 ], [ 30.814083, 62.27056, 0.0 ], [ 35.301773, 61.01579, 0.0 ], [ 38.81006, 59.754036, 0.0 ], [ 40.995995, 58.608658, 0.0 ]] 
boundary 0: [[ 41.838654, 69.24257, 0.0 ], [ 41.159164, 68.34781, 0.0 ], [ 38.936134, 67.27637, 0.0 ], [ 35.38749, 66.13274, 0.0 ], [ 30.860264, 65.029, 0.0 ], [ 25.798012, 64.07322, 0.0 ], [ 20.696058, 63.35892, 0.0 ], [ 16.053814, 62.956028, 0.0 ], [ 12.325758, 62.903923, 0.0 ], [ 9.876761, 63.207825, 0.0 ], [ 8.946555, 63.837852, 0.0 ], [ 9.626236, 64.732506, 0.0 ], [ 11.849246, 65.803955, 0.0 ], [ 15.397974, 66.947525, 0.0 ], [ 19.925005, 68.0513, 0.0 ], [ 24.98735, 69.007095, 0.0 ], [ 30.089312, 69.72141, 0.0 ], [ 34.73155, 70.12423, 0.0 ], [ 38.45961, 70.17633, 0.0 ], [ 40.908623, 69.8725, 0.0 ]] 
boundary 1: [[ 41.838715, 58.757553, 0.0 ], [ 40.908623, 58.12747, 0.0 ], [ 38.45961, 57.82359, 0.0 ], [ 34.73154, 57.8757, 0.0 ], [ 30.089272, 58.278557, 0.0 ], [ 24.987373, 58.99293, 0.0 ], [ 19.924994, 59.9487, 0.0 ], [ 15.397963, 61.052383, 0.0 ], [ 11.849246, 62.196014, 0.0 ], [ 9.626226, 63.267582, 0.0 ], [ 8.946573, 64.16202, 0.0 ], [ 9.87677, 64.792274, 0.0 ], [ 12.325756, 65.09606, 0.0 ], [ 16.053806, 65.04396, 0.0 ], [ 20.696053, 64.64119, 0.0 ], [ 25.798027, 63.92671, 0.0 ], [ 30.860302, 62.970947, 0.0 ], [ 35.387497, 61.8672, 0.0 ], [ 38.93609, 60.72367, 0.0 ], [ 41.159157, 59.65215, 0.0 ]] 
boundary 0: [[ 41.945797, 68.54267, 0.0 ], [ 41.24689, 67.663, 0.0 ], [ 39.000916, 66.640495, 0.0 ], [ 35.428093, 65.57485, 0.0 ], [ 30.877773, 64.5705, 0.0 ], [ 25.795807, 63.725803, 0.0 ], [ 20.67944, 63.123398, 0.0 ], [ 16.029484, 62.822258, 0.0 ], [ 12.301186, 62.851795, 0.0 ], [ 9.859429, 63.209255, 0.0 ], [ 8.94324, 63.859497, 0.0 ], [ 9.642349, 64.73905, 0.0 ], [ 11.888288, 65.76157, 0.0 ], [ 15.461208, 66.82716, 0.0 ], [ 20.011318, 67.831535, 0.0 ], [ 25.09339, 68.67625, 0.0 ], [ 30.209757, 69.27868, 0.0 ], [ 34.859715, 69.57976, 0.0 ], [ 38.58802, 69.55021, 0.0 ], [ 41.029785, 69.192825, 0.0 ]] 
boundary 1: [[ 41.945858, 59.457443, 0.0 ], [ 41.029785, 58.807148, 0.0 ], [ 38.588028, 58.449715, 0.0 ], [ 34.859707, 58.42018, 0.0 ], [ 30.209717, 58.721287, 0.0 ], [ 25.093412, 59.323776, 0.0 ], [ 20.011307, 60.16846, 0.0 ], [ 15.4612, 61.172752, 0.0 ], [ 11.8882885, 62.2384, 0.0 ], [ 9.642338, 63.261032, 0.0 ], [ 8.943262, 64.140366, 0.0 ], [ 9.859436, 64.79085, 0.0 ], [ 12.301184, 65.14818, 0.0 ], [ 16.029476, 65.17773, 0.0 ], [ 20.679428, 64.87672, 0.0 ], [ 25.795826, 64.27411, 0.0 ], [ 30.877815, 63.429436, 0.0 ], [ 35.4281, 62.42508, 0.0 ], [ 39.000862, 61.35954, 0.0 ], [ 41.246887, 60.336956, 0.0 ]] 
boundary 0: [[ 41.981735, 68.28159, 0.0 ], [ 41.2757, 67.40764, 0.0 ], [ 39.02147, 66.40348, 0.0 ], [ 35.44009, 65.36699, 0.0 ], [ 30.881723, 64.39979, 0.0 ], [ 25.793045, 63.596516, 0.0 ], [ 20.671938, 63.035843, 0.0 ], [ 16.019688, 62.77261, 0.0 ], [ 12.291746, 62.832535, 0.0 ], [ 9.852988, 63.20988, 0.0 ], [ 8.942128, 63.867558, 0.0 ], [ 9.648382, 64.74139, 0.0 ], [ 11.902579, 65.74557, 0.0 ], [ 15.484068, 66.78201, 0.0 ], [ 20.042208, 67.74926, 0.0 ], [ 25.131, 68.55253, 0.0 ], [ 30.252102, 69.113235, 0.0 ], [ 34.904366, 69.376396, 0.0 ], [ 38.6323, 69.31647, 0.0 ], [ 41.071083, 68.939186, 0.0 ]] 
boundary 1: [[ 41.981796, 59.71853, 0.0 ], [ 41.071083, 59.060783, 0.0 ], [ 38.63231, 58.683464, 0.0 ], [ 34.904358, 58.623543, 0.0 ], [ 30.252064, 58.886734, 0.0 ], [ 25.131023, 59.4475, 0.0 ], [ 20.042196, 60.250736, 0.0 ], [ 15.48406, 61.217907, 0.0 ], [ 11.902581, 62.254395, 0.0 ], [ 9.648371, 63.258686, 0.0 ], [ 8.94215, 64.13227, 0.0 ], [ 9.852995, 64.79021, 0.0 ], [ 12.291744, 65.16744, 0.0 ], [ 16.01968, 65.22736, 0.0 ], [ 20.67192, 64.96429, 0.0 ], [ 25.793064, 64.40337, 0.0 ], [ 30.881765, 63.600178, 0.0 ], [ 35.440098, 62.63294, 0.0 ], [ 39.021416, 61.596558, 0.0 ], [ 41.2757, 60.59231, 0.0 ]] 
boundary 0: [[ 42.08447, 67.42577, 0.0 ], [ 41.355404, 66.57093, 0.0 ], [ 39.075203, 65.62722, 0.0 ], [ 35.467464, 64.68656, 0.0 ], [ 30.88494, 63.84123, 0.0 ], [ 25.77666, 63.173885, 0.0 ], [ 20.64243, 62.749928, 0.0 ], [ 15.984808, 62.610806, 0.0 ], [ 12.259788, 62.770073, 0.0 ], [ 9.831954, 63.21232, 0.0 ], [ 8.93895, 63.894028, 0.0 ], [ 9.668247, 64.748726, 0.0 ], [ 11.94841, 65.69245, 0.0 ], [ 15.556255, 66.63306, 0.0 ], [ 20.138557, 67.478455, 0.0 ], [ 25.246962, 68.14579, 0.0 ], [ 30.381182, 68.56977, 0.0 ], [ 35.038807, 68.70883, 0.0 ], [ 38.763824, 68.549545, 0.0 ], [ 41.19169, 68.10741, 0.0 ]] 
boundary 1: [[ 42.08453, 60.574364, 0.0 ], [ 41.19169, 59.89257, 0.0 ], [ 38.763832, 59.450382, 0.0 ], [ 35.038807, 59.2911, 0.0 ], [ 30.381145, 59.430183, 0.0 ], [ 25.24698, 59.85424, 0.0 ], [ 20.138546, 60.521538, 0.0 ], [ 15.556252, 61.366856, 0.0 ], [ 11.948414, 62.307507, 0.0 ], [ 9.668234, 63.251354, 0.0 ], [ 8.938978, 64.10581, 0.0 ], [ 9.831958, 64.7878, 0.0 ], [ 12.259787, 65.22989, 0.0 ], [ 15.9848, 65.38917, 0.0 ], [ 20.642403, 65.2502, 0.0 ], [ 25.776684, 64.82599, 0.0 ], [ 30.884983, 64.158745, 0.0 ], [ 35.467472, 63.313354, 0.0 ], [ 39.07515, 62.372807, 0.0 ], [ 41.355404, 61.429005, 0.0 ]] 
boundary 0: [[ 42.03451, 67.86584, 0.0 ], [ 41.317234, 67.0011, 0.0 ], [ 39.05017, 66.02624, 0.0 ], [ 35.455666, 65.036255, 0.0 ], [ 30.885145, 64.12822, 0.0 ], [ 25.78649, 63.390972, 0.0 ], [ 20.658543, 62.896732, 0.0 ], [ 16.00327, 62.693825, 0.0 ], [ 12.276417, 62.80205, 0.0 ], [ 9.8427515, 63.211006, 0.0 ], [ 8.940495, 63.88041, 0.0 ], [ 9.658017, 64.745026, 0.0 ], [ 11.925037, 65.71989, 0.0 ], [ 15.519663, 66.70983, 0.0 ], [ 20.089945, 67.61792, 0.0 ], [ 25.188744, 68.35515, 0.0 ], [ 30.316662, 68.84943, 0.0 ], [ 34.971947, 69.05228, 0.0 ], [ 38.6988, 68.94402, 0.0 ], [ 41.13249, 68.53522, 0.0 ]] 
boundary 1: [[ 42.034573, 60.13429, 0.0 ], [ 41.13249, 59.464794, 0.0 ], [ 38.698807, 59.055904, 0.0 ], [ 34.971947, 58.947655, 0.0 ], [ 30.316622, 59.150528, 0.0 ], [ 25.188763, 59.644882, 0.0 ], [ 20.089933, 60.38208, 0.0 ], [ 15.519657, 61.29008, 0.0 ], [ 11.925041, 62.280064, 0.0 ], [ 9.658005, 63.25506, 0.0 ], [ 8.940521, 64.1194, 0.0 ], [ 9.842758, 64.78912, 0.0 ], [ 12.276415, 65.19791, 0.0 ], [ 16.003262, 65.306145, 0.0 ], [ 20.658516, 65.10339, 0.0 ], [ 25.78651, 64.608894, 0.0 ], [ 30.88519, 63.871758, 0.0 ], [ 35.455673, 62.96366, 0.0 ], [ 39.050125, 61.973785, 0.0 ], [ 41.317226, 60.998837, 0.0 ]] 
boundary 0: [[ 41.965584, 68.40039, 0.0 ], [ 41.262833, 67.52382, 0.0 ], [ 39.012344, 66.51131, 0.0 ], [ 35.434853, 65.46154, 0.0 ], [ 30.880093, 64.477455, 0.0 ], [ 25.794437, 63.655315, 0.0 ], [ 20.675446, 63.07567, 0.0 ], [ 16.0242, 62.79519, 0.0 ], [ 12.296059, 62.841274, 0.0 ], [ 9.855916, 63.209606, 0.0 ], [ 8.942627, 63.863876, 0.0 ], [ 9.645637, 64.74033, 0.0 ], [ 11.896091, 65.75285, 0.0 ], [ 15.473713, 66.80259, 0.0 ], [ 20.028223, 67.78672, 0.0 ], [ 25.11402, 68.60883, 0.0 ], [ 30.23299, 69.18852, 0.0 ], [ 34.884243, 69.46894, 0.0 ], [ 38.612385, 69.42284, 0.0 ], [ 41.05255, 69.05466, 0.0 ]] 
boundary 1: [[ 41.965652, 59.599724, 0.0 ], [ 41.05255, 58.94536, 0.0 ], [ 38.612392, 58.577095, 0.0 ], [ 34.884243, 58.53098, 0.0 ], [ 30.232946, 58.811428, 0.0 ], [ 25.114038, 59.39119, 0.0 ], [ 20.028212, 60.21328, 0.0 ], [ 15.473707, 61.197342, 0.0 ], [ 11.896095, 62.247105, 0.0 ], [ 9.645625, 63.25975, 0.0 ], [ 8.94265, 64.135925, 0.0 ], [ 9.855925, 64.79052, 0.0 ], [ 12.296057, 65.15868, 0.0 ], [ 16.024193, 65.20479, 0.0 ], [ 20.675419, 64.92446, 0.0 ], [ 25.794456, 64.34454, 0.0 ], [ 30.880136, 63.522522, 0.0 ], [ 35.43486, 62.538364, 0.0 ], [ 39.0123, 61.488716, 0.0 ], [ 41.262825, 60.47611, 0.0 ]] 
boundary 0: [[ 41.887478, 68.93562, 0.0 ], [ 41.19951, 68.04741, 0.0 ], [ 38.966263, 66.99739, 0.0 ], [ 35.40683, 65.887924, 0.0 ], [ 30.86917, 64.8278, 0.0 ], [ 25.797981, 63.920692, 0.0 ], [ 20.689407, 63.255497, 0.0 ], [ 16.0435, 62.897255, 0.0 ], [ 12.315113, 62.880974, 0.0 ], [ 9.869148, 63.208424, 0.0 ], [ 8.945043, 63.847324, 0.0 ], [ 9.633293, 64.73543, 0.0 ], [ 11.866497, 65.78544, 0.0 ], [ 15.426054, 66.894875, 0.0 ], [ 19.963467, 67.955055, 0.0 ], [ 25.034798, 68.86214, 0.0 ], [ 30.143358, 69.52737, 0.0 ], [ 34.789253, 69.88556, 0.0 ], [ 38.517647, 69.901825, 0.0 ], [ 40.963634, 69.57452, 0.0 ]] 
boundary 1: [[ 41.887547, 59.064503, 0.0 ], [ 40.963634, 58.4255, 0.0 ], [ 38.517654, 58.098106, 0.0 ], [ 34.789253, 58.114365, 0.0 ], [ 30.143314, 58.472572, 0.0 ], [ 25.034817, 59.137886, 0.0 ], [ 19.963455, 60.04494, 0.0 ], [ 15.426046, 61.105053, 0.0 ], [ 11.866501, 62.214516, 0.0 ], [ 9.633282, 63.264668, 0.0 ], [ 8.945063, 64.15248, 0.0 ], [ 9.869159, 64.79171, 0.0 ], [ 12.315109, 65.119, 0.0 ], [ 16.043493, 65.10274, 0.0 ], [ 20.68938, 64.74464, 0.0 ], [ 25.797997, 64.07917, 0.0 ], [ 30.869213, 63.172184, 0.0 ], [ 35.406837, 62.111973, 0.0 ], [ 38.966217, 61.00263, 0.0 ], [ 41.1995, 59.95252, 0.0 ]] 
boundary 0: [[ 41.86445, 69.082466, 0.0 ], [ 41.180588, 68.19107, 0.0 ], [ 38.952164, 67.1308, 0.0 ], [ 35.397892, 66.00501, 0.0 ], [ 30.865145, 64.92404, 0.0 ], [ 25.79818, 63.99363, 0.0 ], [ 20.692719, 63.304955, 0.0 ], [ 16.048504, 62.92536, 0.0 ], [ 12.3202305, 62.89193, 0.0 ], [ 9.872787, 63.20813, 0.0 ], [ 8.945755, 63.8428, 0.0 ], [ 9.629913, 64.734055, 0.0 ], [ 11.85827, 65.79432, 0.0 ], [ 15.412689, 66.920074, 0.0 ], [ 19.945179, 68.0011, 0.0 ], [ 25.012295, 68.93152, 0.0 ], [ 30.117737, 69.62023, 0.0 ], [ 34.761932, 69.99974, 0.0 ], [ 38.490227, 70.03316, 0.0 ], [ 40.937675, 69.717094, 0.0 ]] 
boundary 1: [[ 41.864517, 58.917656, 0.0 ], [ 40.937675, 58.282917, 0.0 ], [ 38.490234, 57.966774, 0.0 ], [ 34.761932, 58.000153, 0.0 ], [ 30.117693, 58.379707, 0.0 ], [ 25.012314, 59.0685, 0.0 ], [ 19.945168, 59.998863, 0.0 ], [ 15.412682, 61.07982, 0.0 ], [ 11.8582735, 62.20564, 0.0 ], [ 9.629902, 63.266045, 0.0 ], [ 8.945774, 64.15704, 0.0 ], [ 9.872799, 64.79201, 0.0 ], [ 12.320227, 65.10805, 0.0 ], [ 16.048496, 65.07463, 0.0 ], [ 20.692694, 64.69521, 0.0 ], [ 25.798195, 64.00627, 0.0 ], [ 30.865189, 63.075943, 0.0 ], [ 35.397896, 61.994884, 0.0 ], [ 38.952118, 60.869186, 0.0 ], [ 41.180576, 59.808823, 0.0 ]] 
boundary 0: [[ 41.660038, 70.23251, 0.0 ], [ 41.008827, 69.31699, 0.0 ], [ 38.820152, 68.17692, 0.0 ], [ 35.30886, 66.92349, 0.0 ], [ 30.818106, 65.67949, 0.0 ], [ 25.788063, 64.566666, 0.0 ], [ 20.710804, 63.694042, 0.0 ], [ 16.08333, 63.146946, 0.0 ], [ 12.358698, 62.978867, 0.0 ], [ 9.90143, 63.206463, 0.0 ], [ 8.952078, 63.807228, 0.0 ], [ 9.603598, 64.72261, 0.0 ], [ 11.792202, 65.86267, 0.0 ], [ 15.303641, 67.11609, 0.0 ], [ 19.794128, 68.360115, 0.0 ], [ 24.82433, 69.47295, 0.0 ], [ 29.901564, 70.34563, 0.0 ], [ 34.529022, 70.89264, 0.0 ], [ 38.25367, 71.0607, 0.0 ], [ 40.710945, 70.833244, 0.0 ]] 
boundary 1: [[ 41.660114, 57.767612, 0.0 ], [ 40.710945, 57.166763, 0.0 ], [ 38.253677, 56.939228, 0.0 ], [ 34.529007, 57.107254, 0.0 ], [ 29.90152, 57.654312, 0.0 ], [ 24.824352, 58.52706, 0.0 ], [ 19.794117, 59.639847, 0.0 ], [ 15.303629, 60.88381, 0.0 ], [ 11.792204, 62.13728, 0.0 ], [ 9.60359, 63.277485, 0.0 ], [ 8.952091, 64.19261, 0.0 ], [ 9.901445, 64.79368, 0.0 ], [ 12.358693, 65.02111, 0.0 ], [ 16.083323, 64.85305, 0.0 ], [ 20.710787, 64.306145, 0.0 ], [ 25.788074, 63.43322, 0.0 ], [ 30.81815, 62.32048, 0.0 ], [ 35.30887, 61.076405, 0.0 ], [ 38.820107, 59.823067, 0.0 ], [ 41.008804, 58.682903, 0.0 ]] 
boundary 0: [[ 41.44242, 71.252945, 0.0 ], [ 40.821087, 70.31688, 0.0 ], [ 38.670338, 69.1068, 0.0 ], [ 35.20133, 67.74072, 0.0 ], [ 30.753042, 66.35247, 0.0 ], [ 25.76152, 65.07794, 0.0 ], [ 20.715063, 64.04194, 0.0 ], [ 16.107649, 63.34582, 0.0 ], [ 12.390383, 63.05766, 0.0 ], [ 9.927052, 63.20585, 0.0 ], [ 8.958809, 63.775665, 0.0 ], [ 9.580452, 64.7116, 0.0 ], [ 11.7311325, 65.92168, 0.0 ], [ 15.200304, 67.287735, 0.0 ], [ 19.648312, 68.676, 0.0 ], [ 24.639984, 69.95057, 0.0 ], [ 29.68642, 70.98661, 0.0 ], [ 34.293816, 71.68264, 0.0 ], [ 38.0111, 71.97079, 0.0 ], [ 40.474434, 71.82274, 0.0 ]] 
boundary 1: [[ 41.442497, 56.747185, 0.0 ], [ 40.474434, 56.17727, 0.0 ], [ 38.0111, 56.029137, 0.0 ], [ 34.293793, 56.31726, 0.0 ], [ 29.686377, 57.013332, 0.0 ], [ 24.64001, 58.049442, 0.0 ], [ 19.648298, 59.323956, 0.0 ], [ 15.200286, 60.712154, 0.0 ], [ 11.731134, 62.078274, 0.0 ], [ 9.58045, 63.288498, 0.0 ], [ 8.958817, 64.22417, 0.0 ], [ 9.927071, 64.79429, 0.0 ], [ 12.390377, 64.94232, 0.0 ], [ 16.107641, 64.65417, 0.0 ], [ 20.715054, 63.95825, 0.0 ], [ 25.761528, 62.921963, 0.0 ], [ 30.753082, 61.647503, 0.0 ], [ 35.201336, 60.25918, 0.0 ], [ 38.670284, 58.8932, 0.0 ], [ 40.821064, 57.68301, 0.0 ]] 
boundary 0: [[ 41.256706, 72.01718, 0.0 ], [ 40.658302, 71.06629, 0.0 ], [ 38.537617, 69.804245, 0.0 ], [ 35.10286, 68.354195, 0.0 ], [ 30.689655, 66.85816, 0.0 ], [ 25.730614, 65.46261, 0.0 ], [ 20.710842, 64.30417, 0.0 ], [ 16.12173, 63.496185, 0.0 ], [ 12.412578, 63.1177, 0.0 ], [ 9.946372, 63.205933, 0.0 ], [ 8.964552, 63.75203, 0.0 ], [ 9.563249, 64.702805, 0.0 ], [ 11.68386, 65.964836, 0.0 ], [ 15.118778, 67.41487, 0.0 ], [ 19.531706, 68.91089, 0.0 ], [ 24.490898, 70.30652, 0.0 ], [ 29.51065, 71.46498, 0.0 ], [ 34.099747, 72.27289, 0.0 ], [ 37.808918, 72.65135, 0.0 ], [ 40.275127, 72.56325, 0.0 ]] 
boundary 1: [[ 41.25679, 55.98294, 0.0 ], [ 40.275127, 55.43674, 0.0 ], [ 37.80891, 55.34857, 0.0 ], [ 34.099724, 55.727028, 0.0 ], [ 29.5106, 56.53495, 0.0 ], [ 24.490925, 57.693504, 0.0 ], [ 19.53169, 59.089046, 0.0 ], [ 15.118757, 60.585022, 0.0 ], [ 11.683862, 62.035114, 0.0 ], [ 9.56325, 63.29729, 0.0 ], [ 8.964559, 64.2478, 0.0 ], [ 9.946392, 64.79422, 0.0 ], [ 12.412572, 64.882286, 0.0 ], [ 16.121723, 64.5038, 0.0 ], [ 20.71084, 63.696022, 0.0 ], [ 25.73062, 62.5373, 0.0 ], [ 30.689693, 61.14181, 0.0 ], [ 35.102867, 59.6457, 0.0 ], [ 38.537563, 58.195755, 0.0 ], [ 40.65827, 56.93361, 0.0 ]] 
boundary 0: [[ 40.88092, 73.363556, 0.0 ], [ 40.324173, 72.387695, 0.0 ], [ 38.260017, 71.03518, 0.0 ], [ 34.89114, 69.43802, 0.0 ], [ 30.546724, 67.75264, 0.0 ], [ 25.652637, 66.14404, 0.0 ], [ 20.68763, 64.76971, 0.0 ], [ 16.13773, 63.764133, 0.0 ], [ 12.448397, 63.225685, 0.0 ], [ 9.980681, 63.207237, 0.0 ], [ 8.976173, 63.710384, 0.0 ], [ 9.533217, 64.68615, 0.0 ], [ 11.5973, 66.03866, 0.0 ], [ 14.9663315, 67.63581, 0.0 ], [ 19.310474, 69.321175, 0.0 ], [ 24.204714, 70.92983, 0.0 ], [ 29.1697, 72.30418, 0.0 ], [ 33.71959, 73.30969, 0.0 ], [ 37.408936, 73.84812, 0.0 ], [ 39.876656, 73.86669, 0.0 ]] 
boundary 1: [[ 40.881012, 54.63655, 0.0 ], [ 39.876656, 54.133297, 0.0 ], [ 37.408924, 54.151802, 0.0 ], [ 33.719566, 54.690228, 0.0 ], [ 29.169645, 55.695744, 0.0 ], [ 24.204744, 57.070175, 0.0 ], [ 19.310455, 58.678772, 0.0 ], [ 14.966307, 60.364082, 0.0 ], [ 11.597299, 61.96129, 0.0 ], [ 9.533222, 63.313946, 0.0 ], [ 8.976175, 64.28944, 0.0 ], [ 9.980707, 64.792915, 0.0 ], [ 12.448389, 64.77431, 0.0 ], [ 16.137722, 64.23585, 0.0 ], [ 20.687635, 63.230473, 0.0 ], [ 25.652641, 61.855865, 0.0 ], [ 30.54676, 60.247334, 0.0 ], [ 34.891136, 58.56187, 0.0 ], [ 38.259964, 56.964836, 0.0 ], [ 40.324135, 55.6122, 0.0 ]] 
boundary 0: [[ 40.539467, 74.42561, 0.0 ], [ 40.01672, 73.43114, 0.0 ], [ 38.00045, 72.00821, 0.0 ], [ 34.688675, 70.295784, 0.0 ], [ 30.404985, 68.461525, 0.0 ], [ 25.569313, 66.68504, 0.0 ], [ 20.65468, 65.14025, 0.0 ], [ 16.14217, 63.978313, 0.0 ], [ 12.473611, 63.312912, 0.0 ], [ 10.008001, 63.20934, 0.0 ], [ 8.986734, 63.67754, 0.0 ], [ 9.509785, 64.671936, 0.0 ], [ 11.52598, 66.09484, 0.0 ], [ 14.837905, 67.807274, 0.0 ], [ 19.121319, 69.64151, 0.0 ], [ 23.957153, 71.418045, 0.0 ], [ 28.871769, 72.96286, 0.0 ], [ 33.38427, 74.12473, 0.0 ], [ 37.05284, 74.790115, 0.0 ], [ 39.518436, 74.89381, 0.0 ]] 
boundary 1: [[ 40.53956, 53.574493, 0.0 ], [ 39.518436, 53.10618, 0.0 ], [ 37.052826, 53.209805, 0.0 ], [ 33.38424, 53.87518, 0.0 ], [ 28.871708, 55.03707, 0.0 ], [ 23.957184, 56.581963, 0.0 ], [ 19.1213, 58.35844, 0.0 ], [ 14.837877, 60.192616, 0.0 ], [ 11.525978, 61.9051, 0.0 ], [ 9.509794, 63.328156, 0.0 ], [ 8.986731, 64.32229, 0.0 ], [ 10.008033, 64.79081, 0.0 ], [ 12.473602, 64.68708, 0.0 ], [ 16.142162, 64.02167, 0.0 ], [ 20.65469, 62.859932, 0.0 ], [ 25.569315, 61.314854, 0.0 ], [ 30.405022, 59.538445, 0.0 ], [ 34.688675, 57.704113, 0.0 ], [ 38.000397, 55.991806, 0.0 ], [ 40.016678, 54.568775, 0.0 ]] 
boundary 0: [[ 39.104115, 77.94612, 0.0 ], [ 38.701714, 76.89715, 0.0 ], [ 36.8664, 75.24738, 0.0 ], [ 33.778526, 73.15807, 0.0 ], [ 29.739765, 70.83363, 0.0 ], [ 25.146042, 68.50185, 0.0 ], [ 20.446716, 66.39085, 0.0 ], [ 16.101791, 64.70726, 0.0 ], [ 12.536702, 63.615837, 0.0 ], [ 10.100293, 63.22357, 0.0 ], [ 9.03113, 63.568653, 0.0 ], [ 9.433838, 64.61758, 0.0 ], [ 11.269076, 66.26731, 0.0 ], [ 14.357097, 68.35666, 0.0 ], [ 18.3956, 70.681, 0.0 ], [ 22.98947, 73.01288, 0.0 ], [ 27.688778, 75.12389, 0.0 ], [ 32.0337, 76.80742, 0.0 ], [ 35.598812, 77.89883, 0.0 ], [ 38.035187, 78.291214, 0.0 ]] 
boundary 1: [[ 39.104218, 50.053986, 0.0 ], [ 38.035187, 49.70877, 0.0 ], [ 35.598778, 50.101093, 0.0 ], [ 32.03366, 51.192497, 0.0 ], [ 27.688707, 52.876034, 0.0 ], [ 22.9895, 54.987118, 0.0 ], [ 18.395569, 57.318947, 0.0 ], [ 14.3570595, 59.643238, 0.0 ], [ 11.269068, 61.732635, 0.0 ], [ 9.433861, 63.382523, 0.0 ], [ 9.031104, 64.43117, 0.0 ], [ 10.100342, 64.776566, 0.0 ], [ 12.536692, 64.38415, 0.0 ], [ 16.10178, 63.292725, 0.0 ], [ 20.446753, 61.609325, 0.0 ], [ 25.146034, 59.498055, 0.0 ], [ 29.739792, 57.1663, 0.0 ], [ 33.77852, 54.841835, 0.0 ], [ 36.866356, 52.752636, 0.0 ], [ 38.70166, 51.10277, 0.0 ]] 
boundary 0: [[ 35.505085, 83.78671, 0.0 ], [ 35.333054, 82.67646, 0.0 ], [ 33.887123, 80.676605, 0.0 ], [ 31.309576, 77.982834, 0.0 ], [ 27.852146, 74.85861, 0.0 ], [ 23.853788, 71.61013, 0.0 ], [ 19.705631, 68.55517, 0.0 ], [ 15.813717, 65.992775, 0.0 ], [ 12.559151, 64.17375, 0.0 ], [ 10.260347, 63.276276, 0.0 ], [ 9.1424465, 63.388016, 0.0 ], [ 9.314784, 64.49828, 0.0 ], [ 10.760645, 66.498085, 0.0 ], [ 13.338339, 69.191925, 0.0 ], [ 16.795536, 72.31602, 0.0 ], [ 20.794012, 75.564606, 0.0 ], [ 24.94215, 78.61958, 0.0 ], [ 28.834076, 81.18191, 0.0 ], [ 32.088657, 83.00092, 0.0 ], [ 34.38741, 83.898506, 0.0 ]] 
boundary 1: [[ 35.50521, 44.213367, 0.0 ], [ 34.38741, 44.10147, 0.0 ], [ 32.088615, 44.99901, 0.0 ], [ 28.83402, 46.818016, 0.0 ], [ 24.942062, 49.380363, 0.0 ], [ 20.794043, 52.435375, 0.0 ], [ 16.795498, 55.683952, 0.0 ], [ 13.338279, 58.807976, 0.0 ], [ 10.760626, 61.501858, 0.0 ], [ 9.314828, 63.50181, 0.0 ], [ 9.142381, 64.61182, 0.0 ], [ 10.260425, 64.72385, 0.0 ], [ 12.559137, 63.826237, 0.0 ], [ 15.8137045, 62.00721, 0.0 ], [ 19.7057, 59.444992, 0.0 ], [ 23.85376, 56.38978, 0.0 ], [ 27.852158, 53.14131, 0.0 ], [ 31.309546, 50.017067, 0.0 ], [ 33.887085, 47.323425, 0.0 ], [ 35.332977, 45.32348, 0.0 ]] 
