boundary 0: [[ 26.596125, 91.7092, 0.0 ], [ 26.83786, 90.61197, 0.0 ], [ 26.21508, 88.22407, 0.0 ], [ 24.788906, 84.779175, 0.0 ], [ 22.698856, 80.6145, 0.0 ], [ 20.149517, 76.13777, 0.0 ], [ 17.390524, 71.787094, 0.0 ], [ 14.691819, 67.98839, 0.0 ], [ 12.317662, 65.11357, 0.0 ], [ 10.500411, 63.44398, 0.0 ], [ 9.417994, 63.143017, 0.0 ], [ 9.176303, 64.24021, 0.0 ], [ 9.799041, 66.62816, 0.0 ], [ 11.22527, 70.073006, 0.0 ], [ 13.315288, 74.23772, 0.0 ], [ 15.86466, 78.7144, 0.0 ], [ 18.623665, 83.06508, 0.0 ], [ 21.32233, 86.863754, 0.0 ], [ 23.696522, 89.73857, 0.0 ], [ 25.513744, 91.40819, 0.0 ]] 
boundary 1: [[ 26.596163, 36.290848, 0.0 ], [ 25.51373, 36.591797, 0.0 ], [ 23.696507, 38.26136, 0.0 ], [ 21.32233, 41.136253, 0.0 ], [ 18.62363, 44.93489, 0.0 ], [ 15.864616, 49.285545, 0.0 ], [ 13.31531, 53.762344, 0.0 ], [ 11.225237, 57.926975, 0.0 ], [ 9.799061, 61.371876, 0.0 ], [ 9.176319, 63.759804, 0.0 ], [ 9.417984, 64.85698, 0.0 ], [ 10.500444, 64.55609, 0.0 ], [ 12.317676, 62.886448, 0.0 ], [ 14.69183, 60.01161, 0.0 ], [ 17.390484, 56.212883, 0.0 ], [ 20.14954, 51.862274, 0.0 ], [ 22.698833, 47.385483, 0.0 ], [ 24.788914, 43.2208, 0.0 ], [ 26.215069, 39.775948, 0.0 ], [ 26.837837, 37.388023, 0.0 ]] 
boundary 0: [[ 29.999037, 89.353806, 0.0 ], [ 30.098637, 88.23468, 0.0 ], [ 29.175943, 85.94589, 0.0 ], [ 27.321424, 82.711395, 0.0 ], [ 24.716522, 78.8478, 0.0 ], [ 21.616238, 74.73339, 0.0 ], [ 18.324116, 70.77076, 0.0 ], [ 15.1622925, 67.3479, 0.0 ], [ 12.4403715, 64.7999, 0.0 ], [ 10.424742, 63.3761, 0.0 ], [ 9.31275, 63.215862, 0.0 ], [ 9.213187, 64.334946, 0.0 ], [ 10.135846, 66.623795, 0.0 ], [ 11.990416, 69.85824, 0.0 ], [ 14.595289, 73.721855, 0.0 ], [ 17.695604, 77.836235, 0.0 ], [ 20.987736, 81.79884, 0.0 ], [ 24.149511, 85.2217, 0.0 ], [ 26.871468, 87.76969, 0.0 ], [ 28.887074, 89.19352, 0.0 ]] 
boundary 1: [[ 29.999065, 38.646244, 0.0 ], [ 28.88706, 38.80646, 0.0 ], [ 26.871462, 40.230232, 0.0 ], [ 24.149511, 42.778297, 0.0 ], [ 20.987705, 46.20111, 0.0 ], [ 17.695564, 50.16371, 0.0 ], [ 14.595303, 54.278202, 0.0 ], [ 11.990387, 58.141743, 0.0 ], [ 10.135862, 61.37625, 0.0 ], [ 9.2132015, 63.66507, 0.0 ], [ 9.312741, 64.78413, 0.0 ], [ 10.424767, 64.623985, 0.0 ], [ 12.440381, 63.20013, 0.0 ], [ 15.162302, 60.652103, 0.0 ], [ 18.324078, 57.2292, 0.0 ], [ 21.616253, 53.266663, 0.0 ], [ 24.716503, 49.152176, 0.0 ], [ 27.321434, 45.28858, 0.0 ], [ 29.175932, 42.054123, 0.0 ], [ 30.098614, 39.765305, 0.0 ]] 
boundary 0: [[ 32.632553, 87.02594, 0.0 ], [ 32.61009, 85.902596, 0.0 ], [ 31.4444, 83.72751, 0.0 ], [ 29.249746, 80.71343, 0.0 ], [ 26.24085, 77.15542, 0.0 ], [ 22.712288, 73.401825, 0.0 ], [ 19.009483, 69.81996, 0.0 ], [ 15.494801, 66.76053, 0.0 ], [ 12.512385, 64.52304, 0.0 ], [ 10.354116, 63.32645, 0.0 ], [ 9.231301, 63.28786, 0.0 ], [ 9.2537985, 64.41113, 0.0 ], [ 10.419455, 66.5863, 0.0 ], [ 12.614155, 69.60034, 0.0 ], [ 15.623018, 73.15836, 0.0 ], [ 19.151617, 76.9119, 0.0 ], [ 22.854431, 80.493744, 0.0 ], [ 26.369062, 83.55321, 0.0 ], [ 29.351507, 85.79068, 0.0 ], [ 31.509758, 86.987305, 0.0 ]] 
boundary 1: [[ 32.632572, 40.974125, 0.0 ], [ 31.509748, 41.01268, 0.0 ], [ 29.351511, 42.209244, 0.0 ], [ 26.369062, 44.446804, 0.0 ], [ 22.8544, 47.506195, 0.0 ], [ 19.15158, 51.088036, 0.0 ], [ 15.623026, 54.841682, 0.0 ], [ 12.614128, 58.399643, 0.0 ], [ 10.419465, 61.413734, 0.0 ], [ 9.253812, 63.58888, 0.0 ], [ 9.231294, 64.71213, 0.0 ], [ 10.354131, 64.67365, 0.0 ], [ 12.512389, 63.476982, 0.0 ], [ 15.49481, 61.23947, 0.0 ], [ 19.009445, 58.179993, 0.0 ], [ 22.712296, 54.598225, 0.0 ], [ 26.240835, 50.844574, 0.0 ], [ 29.249758, 47.28656, 0.0 ], [ 31.444387, 44.272507, 0.0 ], [ 32.610065, 42.097374, 0.0 ]] 
boundary 0: [[ 36.04144, 83.07397, 0.0 ], [ 35.83853, 81.96886, 0.0 ], [ 34.33809, 80.00965, 0.0 ], [ 31.687098, 77.387924, 0.0 ], [ 28.144955, 74.36037, 0.0 ], [ 24.058456, 71.223366, 0.0 ], [ 19.82761, 68.283905, 0.0 ], [ 15.8664875, 65.829796, 0.0 ], [ 12.56294, 64.1013, 0.0 ], [ 10.24027, 63.267525, 0.0 ], [ 9.125873, 63.410088, 0.0 ], [ 9.328797, 64.515114, 0.0 ], [ 10.829227, 66.4744, 0.0 ], [ 13.480257, 69.09606, 0.0 ], [ 17.02237, 72.12367, 0.0 ], [ 21.108898, 75.2606, 0.0 ], [ 25.339748, 78.20002, 0.0 ], [ 29.300825, 80.65418, 0.0 ], [ 32.6044, 82.38267, 0.0 ], [ 34.927055, 83.21647, 0.0 ]] 
boundary 1: [[ 36.04144, 44.926113, 0.0 ], [ 34.927048, 44.783516, 0.0 ], [ 32.60441, 45.617264, 0.0 ], [ 29.300823, 47.345833, 0.0 ], [ 25.33973, 49.799904, 0.0 ], [ 21.108866, 52.73934, 0.0 ], [ 17.022367, 55.87639, 0.0 ], [ 13.480234, 58.903904, 0.0 ], [ 10.829231, 61.52564, 0.0 ], [ 9.328806, 63.484905, 0.0 ], [ 9.125867, 64.589905, 0.0 ], [ 10.240266, 64.73258, 0.0 ], [ 12.562938, 63.898735, 0.0 ], [ 15.866497, 62.170204, 0.0 ], [ 19.827581, 59.71604, 0.0 ], [ 24.058456, 56.776676, 0.0 ], [ 28.144943, 53.639633, 0.0 ], [ 31.687109, 50.612064, 0.0 ], [ 34.338074, 47.990364, 0.0 ], [ 35.83851, 46.031113, 0.0 ]] 
boundary 0: [[ 38.88903, 78.38809, 0.0 ], [ 38.502296, 77.33316, 0.0 ], [ 36.692383, 75.65567, 0.0 ], [ 33.63652, 73.51959, 0.0 ], [ 29.633717, 71.13409, 0.0 ], [ 25.075905, 68.73273, 0.0 ], [ 20.409206, 66.55042, 0.0 ], [ 16.09036, 64.800934, 0.0 ], [ 12.542246, 63.65551, 0.0 ], [ 10.112086, 63.2262, 0.0 ], [ 9.037803, 63.555008, 0.0 ], [ 9.424532, 64.60986, 0.0 ], [ 11.234456, 66.28744, 0.0 ], [ 14.290359, 68.42344, 0.0 ], [ 18.293121, 70.80899, 0.0 ], [ 22.850952, 73.21029, 0.0 ], [ 27.517653, 75.39255, 0.0 ], [ 31.836462, 77.14209, 0.0 ], [ 35.384598, 78.287506, 0.0 ], [ 37.81475, 78.71684, 0.0 ]] 
boundary 1: [[ 38.889023, 49.611984, 0.0 ], [ 37.814743, 49.28314, 0.0 ], [ 35.384617, 49.71242, 0.0 ], [ 31.836456, 50.857925, 0.0 ], [ 27.517643, 52.60738, 0.0 ], [ 22.850924, 54.789642, 0.0 ], [ 18.293114, 57.191067, 0.0 ], [ 14.29034, 59.57652, 0.0 ], [ 11.234451, 61.712605, 0.0 ], [ 9.424536, 63.390167, 0.0 ], [ 9.037799, 64.44498, 0.0 ], [ 10.112063, 64.77391, 0.0 ], [ 12.542236, 64.34453, 0.0 ], [ 16.090372, 63.19907, 0.0 ], [ 20.409191, 61.449512, 0.0 ], [ 25.075901, 59.26733, 0.0 ], [ 29.633709, 56.865906, 0.0 ], [ 33.636524, 54.48041, 0.0 ], [ 36.692368, 52.34435, 0.0 ], [ 38.50228, 50.66681, 0.0 ]] 
boundary 0: [[ 40.729897, 73.849976, 0.0 ], [ 40.188267, 72.86555, 0.0 ], [ 38.145775, 71.48065, 0.0 ], [ 34.802357, 69.83058, 0.0 ], [ 30.485188, 68.07696, 0.0 ], [ 25.616983, 66.39151, 0.0 ], [ 20.674225, 64.93904, 0.0 ], [ 16.140697, 63.861862, 0.0 ], [ 12.460295, 63.265446, 0.0 ], [ 9.993172, 63.208088, 0.0 ], [ 8.980868, 63.695362, 0.0 ], [ 9.522473, 64.6797, 0.0 ], [ 11.564996, 66.0647, 0.0 ], [ 14.908442, 67.71467, 0.0 ], [ 19.225576, 69.468346, 0.0 ], [ 24.093786, 71.15373, 0.0 ], [ 29.03654, 72.60618, 0.0 ], [ 33.570034, 73.68339, 0.0 ], [ 37.250465, 74.27979, 0.0 ], [ 39.717583, 74.3372, 0.0 ]] 
boundary 1: [[ 40.729874, 54.150105, 0.0 ], [ 39.71758, 53.662785, 0.0 ], [ 37.25049, 53.72013, 0.0 ], [ 33.570026, 54.31662, 0.0 ], [ 29.036541, 55.39376, 0.0 ], [ 24.093765, 56.846188, 0.0 ], [ 19.225555, 58.53172, 0.0 ], [ 14.908428, 60.285282, 0.0 ], [ 11.564987, 61.935345, 0.0 ], [ 9.522473, 63.320316, 0.0 ], [ 8.980868, 64.30463, 0.0 ], [ 9.993133, 64.79203, 0.0 ], [ 12.460279, 64.7346, 0.0 ], [ 16.140709, 64.13814, 0.0 ], [ 20.674225, 63.060905, 0.0 ], [ 25.616972, 61.608547, 0.0 ], [ 30.485184, 59.923016, 0.0 ], [ 34.802364, 58.16942, 0.0 ], [ 38.14576, 56.519363, 0.0 ], [ 40.188263, 55.134426, 0.0 ]] 
boundary 0: [[ 41.547775, 70.78069, 0.0 ], [ 40.912155, 69.85416, 0.0 ], [ 38.743637, 68.67635, 0.0 ], [ 35.254456, 67.362305, 0.0 ], [ 30.786049, 66.04073, 0.0 ], [ 25.775959, 64.841095, 0.0 ], [ 20.714539, 63.88061, 0.0 ], [ 16.09719, 63.253464, 0.0 ], [ 12.376028, 63.02104, 0.0 ], [ 9.91518, 63.206036, 0.0 ], [ 8.955574, 63.790287, 0.0 ], [ 9.59115, 64.71675, 0.0 ], [ 11.759709, 65.89463, 0.0 ], [ 15.248919, 67.20858, 0.0 ], [ 19.717293, 68.530205, 0.0 ], [ 24.727383, 69.72979, 0.0 ], [ 29.788797, 70.690254, 0.0 ], [ 34.406113, 71.317444, 0.0 ], [ 38.127293, 71.54983, 0.0 ], [ 40.588142, 71.364876, 0.0 ]] 
boundary 1: [[ 41.547737, 57.219383, 0.0 ], [ 40.588158, 56.635094, 0.0 ], [ 38.12733, 56.450092, 0.0 ], [ 34.406105, 56.682575, 0.0 ], [ 29.788805, 57.309696, 0.0 ], [ 24.727367, 58.270126, 0.0 ], [ 19.717266, 59.469856, 0.0 ], [ 15.248907, 60.79136, 0.0 ], [ 11.759699, 62.105404, 0.0 ], [ 9.591146, 63.28329, 0.0 ], [ 8.955574, 64.20971, 0.0 ], [ 9.915131, 64.794075, 0.0 ], [ 12.376007, 64.97899, 0.0 ], [ 16.097202, 64.74654, 0.0 ], [ 20.714539, 64.11932, 0.0 ], [ 25.775944, 63.158962, 0.0 ], [ 30.786047, 61.959232, 0.0 ], [ 35.254463, 60.637695, 0.0 ], [ 38.74362, 59.323654, 0.0 ], [ 40.912155, 58.145817, 0.0 ]] 
boundary 0: [[ 41.806046, 69.43886, 0.0 ], [ 41.131847, 68.53999, 0.0 ], [ 38.915497, 67.45486, 0.0 ], [ 35.373917, 66.28943, 0.0 ], [ 30.85366, 65.15783, 0.0 ], [ 25.797352, 64.17095, 0.0 ], [ 20.699867, 63.425182, 0.0 ], [ 16.060144, 62.99369, 0.0 ], [ 12.332482, 62.9187, 0.0 ], [ 9.881649, 63.20751, 0.0 ], [ 8.947585, 63.831783, 0.0 ], [ 9.621739, 64.73057, 0.0 ], [ 11.838131, 65.815765, 0.0 ], [ 15.379742, 66.98112, 0.0 ], [ 19.899971, 68.11277, 0.0 ], [ 24.956268, 69.09958, 0.0 ], [ 30.053747, 69.84534, 0.0 ], [ 34.69344, 70.27687, 0.0 ], [ 38.421112, 70.35182, 0.0 ], [ 40.871952, 70.06306, 0.0 ]] 
boundary 1: [[ 41.806, 58.561222, 0.0 ], [ 40.871967, 57.936913, 0.0 ], [ 38.42115, 57.648098, 0.0 ], [ 34.69343, 57.723145, 0.0 ], [ 30.053759, 58.15461, 0.0 ], [ 24.956257, 58.90033, 0.0 ], [ 19.899937, 59.8873, 0.0 ], [ 15.379734, 61.018826, 0.0 ], [ 11.838118, 62.18426, 0.0 ], [ 9.621735, 63.26947, 0.0 ], [ 8.947585, 64.16821, 0.0 ], [ 9.881596, 64.792595, 0.0 ], [ 12.33246, 65.08133, 0.0 ], [ 16.060156, 65.0063, 0.0 ], [ 20.69987, 64.57475, 0.0 ], [ 25.797337, 63.82911, 0.0 ], [ 30.853659, 62.84213, 0.0 ], [ 35.373924, 61.71058, 0.0 ], [ 38.91548, 60.545135, 0.0 ], [ 41.13185, 59.459972, 0.0 ]] 
boundary 0: [[ 41.74401, 69.790695, 0.0 ], [ 41.07979, 68.88442, 0.0 ], [ 38.875557, 67.774864, 0.0 ], [ 35.347076, 66.57038, 0.0 ], [ 30.839602, 65.3889, 0.0 ], [ 25.794497, 64.346214, 0.0 ], [ 20.705563, 63.544174, 0.0 ], [ 16.07089, 63.061447, 0.0 ], [ 12.344283, 62.94527, 0.0 ], [ 9.890407, 63.20699, 0.0 ], [ 8.949503, 63.8209, 0.0 ], [ 9.613687, 64.72709, 0.0 ], [ 11.817954, 65.8367, 0.0 ], [ 15.346474, 67.04111, 0.0 ], [ 19.853924, 68.22264, 0.0 ], [ 24.89901, 69.26525, 0.0 ], [ 29.987942, 70.06728, 0.0 ], [ 34.62258, 70.550064, 0.0 ], [ 38.34921, 70.66618, 0.0 ], [ 40.803078, 70.40452, 0.0 ]] 
boundary 1: [[ 41.743965, 58.209404, 0.0 ], [ 40.803093, 57.595448, 0.0 ], [ 38.349243, 57.33373, 0.0 ], [ 34.622574, 57.449963, 0.0 ], [ 29.987953, 57.932663, 0.0 ], [ 24.898998, 58.734657, 0.0 ], [ 19.85389, 59.777428, 0.0 ], [ 15.346466, 60.95883, 0.0 ], [ 11.817941, 62.163326, 0.0 ], [ 9.613682, 63.272957, 0.0 ], [ 8.949503, 64.17908, 0.0 ], [ 9.890355, 64.793106, 0.0 ], [ 12.344261, 65.05475, 0.0 ], [ 16.070902, 64.93855, 0.0 ], [ 20.705566, 64.45575, 0.0 ], [ 25.794481, 63.653847, 0.0 ], [ 30.8396, 62.611053, 0.0 ], [ 35.347084, 61.42963, 0.0 ], [ 38.87554, 60.22513, 0.0 ], [ 41.07979, 59.115547, 0.0 ]] 
boundary 0: [[ 41.485878, 71.06314, 0.0 ], [ 40.858585, 70.13091, 0.0 ], [ 38.700676, 68.93377, 0.0 ], [ 35.22341, 67.588585, 0.0 ], [ 30.766983, 66.22711, 0.0 ], [ 25.76781, 64.98272, 0.0 ], [ 20.71518, 63.97701, 0.0 ], [ 16.10362, 63.308605, 0.0 ], [ 12.384682, 63.04291, 0.0 ], [ 9.922279, 63.20591, 0.0 ], [ 8.957487, 63.781548, 0.0 ], [ 9.584753, 64.71366, 0.0 ], [ 11.742696, 65.91088, 0.0 ], [ 15.220018, 67.25598, 0.0 ], [ 19.676395, 68.61753, 0.0 ], [ 24.67556, 69.861824, 0.0 ], [ 29.72819, 70.86753, 0.0 ], [ 34.339706, 71.53599, 0.0 ], [ 38.058674, 71.80161, 0.0 ], [ 40.521065, 71.63869, 0.0 ]] 
boundary 1: [[ 41.48584, 56.936966, 0.0 ], [ 40.52108, 56.36127, 0.0 ], [ 38.0587, 56.19828, 0.0 ], [ 34.339706, 56.46404, 0.0 ], [ 29.7282, 57.132416, 0.0 ], [ 24.675547, 58.138065, 0.0 ], [ 19.67637, 59.382553, 0.0 ], [ 15.22001, 60.74396, 0.0 ], [ 11.742683, 62.089146, 0.0 ], [ 9.584749, 63.286377, 0.0 ], [ 8.957486, 64.21843, 0.0 ], [ 9.92223, 64.7942, 0.0 ], [ 12.384661, 64.95711, 0.0 ], [ 16.103632, 64.69138, 0.0 ], [ 20.715183, 64.0229, 0.0 ], [ 25.767796, 63.017345, 0.0 ], [ 30.76698, 61.77285, 0.0 ], [ 35.22342, 60.411404, 0.0 ], [ 38.70066, 59.06623, 0.0 ], [ 40.858585, 57.869034, 0.0 ]] 
boundary 0: [[ 40.972347, 73.057076, 0.0 ], [ 40.405663, 72.086815, 0.0 ], [ 38.328316, 70.754745, 0.0 ], [ 34.94373, 69.19097, 0.0 ], [ 30.582993, 67.54861, 0.0 ], [ 25.673157, 65.98856, 0.0 ], [ 20.694786, 64.66329, 0.0 ], [ 16.135115, 63.702736, 0.0 ], [ 12.440629, 63.20088, 0.0 ], [ 9.972843, 63.206818, 0.0 ], [ 8.97337, 63.719875, 0.0 ], [ 9.540037, 64.69003, 0.0 ], [ 11.617404, 66.02218, 0.0 ], [ 15.002064, 67.58588, 0.0 ], [ 19.362743, 69.2283, 0.0 ], [ 24.272575, 70.788246, 0.0 ], [ 29.250952, 72.1135, 0.0 ], [ 33.81057, 73.07411, 0.0 ], [ 37.505093, 73.57591, 0.0 ], [ 39.972862, 73.57005, 0.0 ]] 
boundary 1: [[ 40.97233, 54.94303, 0.0 ], [ 39.97287, 54.42991, 0.0 ], [ 37.505116, 54.42398, 0.0 ], [ 33.81057, 54.92591, 0.0 ], [ 29.25096, 55.886433, 0.0 ], [ 24.272552, 57.21164, 0.0 ], [ 19.362722, 58.77179, 0.0 ], [ 15.00205, 60.414074, 0.0 ], [ 11.6173935, 61.977863, 0.0 ], [ 9.540034, 63.310013, 0.0 ], [ 8.973368, 64.2801, 0.0 ], [ 9.972802, 64.793304, 0.0 ], [ 12.440609, 64.79915, 0.0 ], [ 16.135126, 64.29726, 0.0 ], [ 20.694788, 63.33661, 0.0 ], [ 25.67315, 62.01151, 0.0 ], [ 30.582989, 60.451347, 0.0 ], [ 34.943737, 58.80902, 0.0 ], [ 38.3283, 57.245255, 0.0 ], [ 40.405663, 55.91313, 0.0 ]] 
boundary 0: [[ 40.187325, 75.4082, 0.0 ], [ 39.696617, 74.397385, 0.0 ], [ 37.727432, 72.91009, 0.0 ], [ 34.472584, 71.09164, 0.0 ], [ 30.250471, 69.12004, 0.0 ], [ 25.474571, 67.18846, 0.0 ], [ 20.612356, 65.485725, 0.0 ], [ 16.139664, 64.178696, 0.0 ], [ 12.494478, 63.395298, 0.0 ], [ 10.033488, 63.21217, 0.0 ], [ 8.997648, 63.647156, 0.0 ], [ 9.488334, 64.65787, 0.0 ], [ 11.457548, 66.14525, 0.0 ], [ 14.712475, 67.96363, 0.0 ], [ 18.93452, 69.93528, 0.0 ], [ 23.71043, 71.86675, 0.0 ], [ 28.572653, 73.56947, 0.0 ], [ 33.04528, 74.87657, 0.0 ], [ 36.690514, 75.6599, 0.0 ], [ 39.151478, 75.8431, 0.0 ]] 
boundary 1: [[ 40.1873, 52.591908, 0.0 ], [ 39.151485, 52.156853, 0.0 ], [ 36.69053, 52.33999, 0.0 ], [ 33.04528, 53.12346, 0.0 ], [ 28.572653, 54.43045, 0.0 ], [ 23.710392, 56.13313, 0.0 ], [ 18.93451, 58.064816, 0.0 ], [ 14.712457, 60.036316, 0.0 ], [ 11.4575405, 61.8548, 0.0 ], [ 9.488335, 63.342167, 0.0 ], [ 8.997644, 64.352806, 0.0 ], [ 10.033457, 64.78795, 0.0 ], [ 12.49446, 64.60474, 0.0 ], [ 16.139675, 63.8213, 0.0 ], [ 20.61235, 62.514175, 0.0 ], [ 25.474571, 60.81161, 0.0 ], [ 30.250467, 58.87991, 0.0 ], [ 34.47259, 56.90836, 0.0 ], [ 37.727417, 55.089912, 0.0 ], [ 39.696617, 53.602562, 0.0 ]] 
boundary 0: [[ 38.973366, 78.217155, 0.0 ], [ 38.580414, 77.16448, 0.0 ], [ 36.76065, 75.49768, 0.0 ], [ 33.692284, 73.379684, 0.0 ], [ 29.67546, 71.017784, 0.0 ], [ 25.103552, 68.64337, 0.0 ], [ 20.424076, 66.4886, 0.0 ], [ 16.09498, 64.76461, 0.0 ], [ 12.5401745, 63.640125, 0.0 ], [ 10.107516, 63.225166, 0.0 ], [ 9.035194, 63.56028, 0.0 ], [ 9.428134, 64.612854, 0.0 ], [ 11.247921, 66.27974, 0.0 ], [ 14.316372, 68.39768, 0.0 ], [ 18.33312, 70.75963, 0.0 ], [ 22.905048, 73.13393, 0.0 ], [ 27.584534, 75.28869, 0.0 ], [ 31.913563, 77.01273, 0.0 ], [ 35.468426, 78.13716, 0.0 ], [ 37.901047, 78.552185, 0.0 ]] 
boundary 1: [[ 38.973343, 49.782948, 0.0 ], [ 37.901054, 49.447765, 0.0 ], [ 35.468422, 49.86273, 0.0 ], [ 31.91357, 50.987286, 0.0 ], [ 27.584526, 52.71125, 0.0 ], [ 22.905005, 54.865948, 0.0 ], [ 18.333115, 57.24047, 0.0 ], [ 14.316349, 59.602272, 0.0 ], [ 11.247919, 61.720318, 0.0 ], [ 9.428141, 63.387188, 0.0 ], [ 9.035187, 64.43968, 0.0 ], [ 10.107494, 64.774956, 0.0 ], [ 12.540158, 64.35991, 0.0 ], [ 16.094992, 63.23539, 0.0 ], [ 20.424065, 61.511295, 0.0 ], [ 25.103558, 59.356705, 0.0 ], [ 29.675451, 56.982166, 0.0 ], [ 33.69229, 54.62031, 0.0 ], [ 36.760635, 52.50231, 0.0 ], [ 38.580406, 50.83546, 0.0 ]] 
boundary 0: [[ 37.386723, 81.08104, 0.0 ], [ 37.10224, 79.994026, 0.0 ], [ 35.460358, 78.15175, 0.0 ], [ 32.621925, 75.734314, 0.0 ], [ 28.86454, 72.9783, 0.0 ], [ 24.556198, 70.15371, 0.0 ], [ 20.118622, 67.53675, 0.0 ], [ 15.986067, 65.38381, 0.0 ], [ 12.563203, 63.905594, 0.0 ], [ 10.18498, 63.246754, 0.0 ], [ 9.084268, 63.47171, 0.0 ], [ 9.368747, 64.55862, 0.0 ], [ 11.010633, 66.40101, 0.0 ], [ 13.849168, 68.818375, 0.0 ], [ 17.60646, 71.57444, 0.0 ], [ 21.91484, 74.39891, 0.0 ], [ 26.352427, 77.01587, 0.0 ], [ 30.48491, 79.168846, 0.0 ], [ 33.90783, 80.64702, 0.0 ], [ 36.28602, 81.30593, 0.0 ]] 
boundary 1: [[ 37.3867, 46.919052, 0.0 ], [ 36.286026, 46.69403, 0.0 ], [ 33.90782, 47.35287, 0.0 ], [ 30.48492, 48.83117, 0.0 ], [ 26.352411, 50.98408, 0.0 ], [ 21.91479, 53.600964, 0.0 ], [ 17.606462, 56.425667, 0.0 ], [ 13.84914, 59.18157, 0.0 ], [ 11.010638, 61.599064, 0.0 ], [ 9.368759, 63.44142, 0.0 ], [ 9.084256, 64.52827, 0.0 ], [ 10.184972, 64.75338, 0.0 ], [ 12.56319, 64.094444, 0.0 ], [ 15.986078, 62.616184, 0.0 ], [ 20.118599, 60.46314, 0.0 ], [ 24.55621, 57.846363, 0.0 ], [ 28.864529, 55.021652, 0.0 ], [ 32.621933, 52.265686, 0.0 ], [ 35.460342, 49.84824, 0.0 ], [ 37.102222, 48.005913, 0.0 ]] 
boundary 0: [[ 35.61575, 83.64343, 0.0 ], [ 35.437195, 82.53408, 0.0 ], [ 33.980198, 80.54236, 0.0 ], [ 31.387535, 77.86303, 0.0 ], [ 27.91278, 74.758255, 0.0 ], [ 23.896225, 71.53223, 0.0 ], [ 19.731045, 68.500404, 0.0 ], [ 15.824827, 65.95981, 0.0 ], [ 12.560085, 64.15909, 0.0 ], [ 10.256292, 63.274464, 0.0 ], [ 9.139041, 63.39246, 0.0 ], [ 9.317615, 64.5017, 0.0 ], [ 10.774604, 66.49352, 0.0 ], [ 13.367361, 69.172806, 0.0 ], [ 16.842018, 72.27762, 0.0 ], [ 20.858631, 75.503555, 0.0 ], [ 25.023815, 78.53537, 0.0 ], [ 28.92996, 81.07599, 0.0 ], [ 32.194763, 82.87666, 0.0 ], [ 34.49852, 83.76135, 0.0 ]] 
boundary 1: [[ 35.615746, 44.356663, 0.0 ], [ 34.498528, 44.238594, 0.0 ], [ 32.19475, 45.123222, 0.0 ], [ 28.929972, 46.92402, 0.0 ], [ 25.023794, 49.46458, 0.0 ], [ 20.858566, 52.49632, 0.0 ], [ 16.842035, 55.72248, 0.0 ], [ 13.367327, 58.82713, 0.0 ], [ 10.774614, 61.506542, 0.0 ], [ 9.317631, 63.49834, 0.0 ], [ 9.139027, 64.607506, 0.0 ], [ 10.256297, 64.72567, 0.0 ], [ 12.560076, 63.840954, 0.0 ], [ 15.824839, 62.040195, 0.0 ], [ 19.731014, 59.499496, 0.0 ], [ 23.896236, 56.467865, 0.0 ], [ 27.912766, 53.2417, 0.0 ], [ 31.387543, 50.136963, 0.0 ], [ 33.98017, 47.457615, 0.0 ], [ 35.437164, 45.46586, 0.0 ]] 
boundary 0: [[ 33.479107, 86.15958, 0.0 ], [ 33.414585, 85.03781, 0.0 ], [ 32.168266, 82.90792, 0.0 ], [ 29.862291, 79.97821, 0.0 ], [ 26.722197, 76.53532, 0.0 ], [ 23.055496, 72.916595, 0.0 ], [ 19.221136, 69.47591, 0.0 ], [ 15.594307, 66.55028, 0.0 ], [ 12.530174, 64.42608, 0.0 ], [ 10.328584, 63.311172, 0.0 ], [ 9.205122, 63.31464, 0.0 ], [ 9.269671, 64.4363, 0.0 ], [ 10.5159855, 66.5663, 0.0 ], [ 12.82206, 69.49597, 0.0 ], [ 15.9620495, 72.93887, 0.0 ], [ 19.628824, 76.557526, 0.0 ], [ 23.463184, 79.99821, 0.0 ], [ 27.089941, 82.92384, 0.0 ], [ 30.15413, 85.04801, 0.0 ], [ 32.355682, 86.16297, 0.0 ]] 
boundary 1: [[ 33.479107, 41.84052, 0.0 ], [ 32.355686, 41.836967, 0.0 ], [ 30.154114, 42.95188, 0.0 ], [ 27.089952, 45.076157, 0.0 ], [ 23.463156, 48.001755, 0.0 ], [ 19.628742, 51.442364, 0.0 ], [ 15.962075, 55.061226, 0.0 ], [ 12.822019, 58.50396, 0.0 ], [ 10.516004, 61.433758, 0.0 ], [ 9.269692, 63.563732, 0.0 ], [ 9.205106, 64.68533, 0.0 ], [ 10.3286, 64.688965, 0.0 ], [ 12.530171, 63.57397, 0.0 ], [ 15.594318, 61.449726, 0.0 ], [ 19.221096, 58.524006, 0.0 ], [ 23.055517, 55.083496, 0.0 ], [ 26.722178, 51.46463, 0.0 ], [ 29.862299, 48.02179, 0.0 ], [ 32.168232, 45.09207, 0.0 ], [ 33.414555, 42.962143, 0.0 ]] 
boundary 0: [[ 31.335295, 88.23648, 0.0 ], [ 31.374489, 87.11354, 0.0 ], [ 30.329899, 84.87779, 0.0 ], [ 28.303919, 81.747925, 0.0 ], [ 25.494692, 78.03012, 0.0 ], [ 22.177324, 74.08869, 0.0 ], [ 18.67659, 70.30907, 0.0 ], [ 15.335008, 67.06145, 0.0 ], [ 12.479817, 64.66374, 0.0 ], [ 10.39042, 63.35056, 0.0 ], [ 9.271425, 63.25041, 0.0 ], [ 9.232266, 64.37324, 0.0 ], [ 10.276845, 66.6091, 0.0 ], [ 12.302929, 69.73895, 0.0 ], [ 15.112047, 73.45674, 0.0 ], [ 18.429502, 77.39811, 0.0 ], [ 21.930231, 81.177704, 0.0 ], [ 25.27174, 84.42534, 0.0 ], [ 28.126991, 86.82301, 0.0 ], [ 30.216347, 88.13625, 0.0 ]] 
boundary 1: [[ 31.335306, 39.76361, 0.0 ], [ 30.216345, 39.863678, 0.0 ], [ 28.126963, 41.176872, 0.0 ], [ 25.271751, 43.574654, 0.0 ], [ 21.930199, 46.82225, 0.0 ], [ 18.429409, 50.60179, 0.0 ], [ 15.112084, 54.543358, 0.0 ], [ 12.302885, 58.260994, 0.0 ], [ 10.276872, 61.39096, 0.0 ], [ 9.232287, 63.626785, 0.0 ], [ 9.271407, 64.74957, 0.0 ], [ 10.390451, 64.6496, 0.0 ], [ 12.47982, 63.33632, 0.0 ], [ 15.335019, 60.938553, 0.0 ], [ 18.676544, 57.690853, 0.0 ], [ 22.177357, 53.911396, 0.0 ], [ 25.494669, 49.969826, 0.0 ], [ 28.303926, 46.252087, 0.0 ], [ 30.329865, 43.122204, 0.0 ], [ 31.374456, 40.88642, 0.0 ]] 
boundary 0: [[ 29.812809, 89.50014, 0.0 ], [ 29.920616, 88.381714, 0.0 ], [ 29.014727, 86.086266, 0.0 ], [ 27.183979, 82.83833, 0.0 ], [ 24.607407, 78.955666, 0.0 ], [ 21.53733, 74.81871, 0.0 ], [ 18.274326, 70.83204, 0.0 ], [ 15.137644, 67.38611, 0.0 ], [ 12.434452, 64.81826, 0.0 ], [ 10.429286, 63.379738, 0.0 ], [ 9.318514, 63.211327, 0.0 ], [ 9.21075, 64.32966, 0.0 ], [ 10.116616, 66.62523, 0.0 ], [ 11.947472, 69.87315, 0.0 ], [ 14.5239315, 73.75579, 0.0 ], [ 17.594097, 77.892685, 0.0 ], [ 20.857098, 81.879326, 0.0 ], [ 23.993711, 85.325264, 0.0 ], [ 26.696966, 87.893105, 0.0 ], [ 28.702087, 89.33168, 0.0 ]] 
boundary 1: [[ 29.81283, 38.49994, 0.0 ], [ 28.70208, 38.66826, 0.0 ], [ 26.69693, 40.10679, 0.0 ], [ 23.993721, 42.67472, 0.0 ], [ 20.857067, 46.12062, 0.0 ], [ 17.594004, 50.107212, 0.0 ], [ 14.523975, 54.244305, 0.0 ], [ 11.947424, 58.12681, 0.0 ], [ 10.116649, 61.374832, 0.0 ], [ 9.210772, 63.67036, 0.0 ], [ 9.318496, 64.78866, 0.0 ], [ 10.429328, 64.62043, 0.0 ], [ 12.434458, 63.18181, 0.0 ], [ 15.137655, 60.61389, 0.0 ], [ 18.27428, 57.167885, 0.0 ], [ 21.537369, 53.181385, 0.0 ], [ 24.607384, 49.04428, 0.0 ], [ 27.183987, 45.16168, 0.0 ], [ 29.014692, 41.91375, 0.0 ], [ 29.92058, 39.61825, 0.0 ]] 
boundary 0: [[ 28.671188, 90.350395, 0.0 ], [ 28.828114, 89.23781, 0.0 ], [ 28.024136, 86.904724, 0.0 ], [ 26.338116, 83.57934, 0.0 ], [ 23.934927, 79.587036, 0.0 ], [ 21.049911, 75.31896, 0.0 ], [ 17.965538, 71.19254, 0.0 ], [ 14.983565, 67.611885, 0.0 ], [ 12.396013, 64.92754, 0.0 ], [ 10.456106, 63.40217, 0.0 ], [ 9.353821, 63.18504, 0.0 ], [ 9.19694, 64.29754, 0.0 ], [ 10.000892, 66.63077, 0.0 ], [ 11.68702, 69.956116, 0.0 ], [ 14.090092, 73.94839, 0.0 ], [ 16.975204, 78.216415, 0.0 ], [ 20.059574, 82.342804, 0.0 ], [ 23.041481, 85.92345, 0.0 ], [ 25.629097, 88.60779, 0.0 ], [ 27.568958, 90.13322, 0.0 ]] 
boundary 1: [[ 28.671215, 37.64968, 0.0 ], [ 27.568947, 37.866726, 0.0 ], [ 25.629051, 39.392105, 0.0 ], [ 23.041492, 42.076538, 0.0 ], [ 20.059542, 45.657143, 0.0 ], [ 16.975105, 49.7835, 0.0 ], [ 14.090141, 54.051712, 0.0 ], [ 11.686972, 58.043854, 0.0 ], [ 10.000929, 61.36931, 0.0 ], [ 9.196962, 63.702484, 0.0 ], [ 9.353802, 64.81496, 0.0 ], [ 10.456155, 64.59799, 0.0 ], [ 12.396022, 63.072514, 0.0 ], [ 14.983577, 60.38811, 0.0 ], [ 17.965492, 56.80739, 0.0 ], [ 21.049957, 52.681133, 0.0 ], [ 23.934902, 48.41291, 0.0 ], [ 26.338125, 44.42067, 0.0 ], [ 28.024103, 41.09531, 0.0 ], [ 28.828075, 38.76216, 0.0 ]] 
boundary 0: [[ 26.231785, 91.925095, 0.0 ], [ 26.487892, 90.83107, 0.0 ], [ 25.89645, 88.43526, 0.0 ], [ 24.515549, 84.97206, 0.0 ], [ 22.48019, 80.78026, 0.0 ], [ 19.989681, 76.27058, 0.0 ], [ 17.287922, 71.88411, 0.0 ], [ 14.639189, 68.05038, 0.0 ], [ 12.3028755, 65.144714, 0.0 ], [ 10.507628, 63.451477, 0.0 ], [ 9.429266, 63.136333, 0.0 ], [ 9.173218, 64.23028, 0.0 ], [ 9.764618, 66.62621, 0.0 ], [ 11.1456375, 70.08942, 0.0 ], [ 13.180878, 74.28117, 0.0 ], [ 15.671484, 78.790794, 0.0 ], [ 18.373243, 83.177246, 0.0 ], [ 21.021915, 87.010956, 0.0 ], [ 23.358294, 89.916595, 0.0 ], [ 25.153482, 91.60991, 0.0 ]] 
boundary 1: [[ 26.23182, 36.074986, 0.0 ], [ 25.15347, 36.390038, 0.0 ], [ 23.35823, 38.083294, 0.0 ], [ 21.021927, 40.98902, 0.0 ], [ 18.373207, 44.822693, 0.0 ], [ 15.671376, 49.209118, 0.0 ], [ 13.180938, 53.718925, 0.0 ], [ 11.145585, 57.91056, 0.0 ], [ 9.764663, 61.37385, 0.0 ], [ 9.173241, 63.76975, 0.0 ], [ 9.429246, 64.863655, 0.0 ], [ 10.507692, 64.548676, 0.0 ], [ 12.30289, 62.855328, 0.0 ], [ 14.6392, 59.949627, 0.0 ], [ 17.287872, 56.11583, 0.0 ], [ 19.98974, 51.729523, 0.0 ], [ 22.480156, 47.2197, 0.0 ], [ 24.515556, 43.02797, 0.0 ], [ 25.89642, 39.564766, 0.0 ], [ 26.487852, 37.168907, 0.0 ]] 
boundary 0: [[ 26.595835, 91.70941, 0.0 ], [ 26.837603, 90.61213, 0.0 ], [ 26.214857, 88.22426, 0.0 ], [ 24.788754, 84.779434, 0.0 ], [ 22.698711, 80.614624, 0.0 ], [ 20.1494, 76.137924, 0.0 ], [ 17.390469, 71.787186, 0.0 ], [ 14.691792, 67.98845, 0.0 ], [ 12.317654, 65.11361, 0.0 ], [ 10.500401, 63.444008, 0.0 ], [ 9.418007, 63.143005, 0.0 ], [ 9.176296, 64.240204, 0.0 ], [ 9.799001, 66.6282, 0.0 ], [ 11.225224, 70.07303, 0.0 ], [ 13.3151455, 74.23779, 0.0 ], [ 15.864553, 78.71443, 0.0 ], [ 18.623486, 83.065155, 0.0 ], [ 21.322102, 86.86388, 0.0 ], [ 23.696304, 89.738686, 0.0 ], [ 25.5135, 91.40836, 0.0 ]] 
boundary 1: [[ 26.595867, 36.290672, 0.0 ], [ 25.513487, 36.591583, 0.0 ], [ 23.696243, 38.2612, 0.0 ], [ 21.322113, 41.136105, 0.0 ], [ 18.623451, 44.934784, 0.0 ], [ 15.864448, 49.285477, 0.0 ], [ 13.315205, 53.762306, 0.0 ], [ 11.225171, 57.92695, 0.0 ], [ 9.799045, 61.37187, 0.0 ], [ 9.176319, 63.759823, 0.0 ], [ 9.417987, 64.85699, 0.0 ], [ 10.500463, 64.556145, 0.0 ], [ 12.317667, 62.886436, 0.0 ], [ 14.691803, 60.01156, 0.0 ], [ 17.390419, 56.21275, 0.0 ], [ 20.149458, 51.86218, 0.0 ], [ 22.698679, 47.385334, 0.0 ], [ 24.788761, 43.220596, 0.0 ], [ 26.214827, 39.77576, 0.0 ], [ 26.837563, 37.387848, 0.0 ]] 
boundary 0: [[ 29.998774, 89.35406, 0.0 ], [ 30.0984, 88.234886, 0.0 ], [ 29.175747, 85.946106, 0.0 ], [ 27.321308, 82.71169, 0.0 ], [ 24.71639, 78.84795, 0.0 ], [ 21.616138, 74.73355, 0.0 ], [ 18.324072, 70.77085, 0.0 ], [ 15.162273, 67.34796, 0.0 ], [ 12.440368, 64.799934, 0.0 ], [ 10.424737, 63.376125, 0.0 ], [ 9.312759, 63.21585, 0.0 ], [ 9.21318, 64.33494, 0.0 ], [ 10.135813, 66.62385, 0.0 ], [ 11.990374, 69.85826, 0.0 ], [ 14.595158, 73.721954, 0.0 ], [ 17.6955, 77.83628, 0.0 ], [ 20.987568, 81.79895, 0.0 ], [ 24.149303, 85.22185, 0.0 ], [ 26.871275, 87.76984, 0.0 ], [ 28.886852, 89.19372, 0.0 ]] 
boundary 1: [[ 29.9988, 38.646023, 0.0 ], [ 28.88685, 38.80623, 0.0 ], [ 26.871223, 40.230034, 0.0 ], [ 24.149319, 42.778126, 0.0 ], [ 20.987541, 46.20098, 0.0 ], [ 17.695408, 50.163628, 0.0 ], [ 14.595205, 54.27815, 0.0 ], [ 11.990324, 58.141705, 0.0 ], [ 10.135846, 61.376244, 0.0 ], [ 9.2132, 63.66509, 0.0 ], [ 9.312743, 64.784134, 0.0 ], [ 10.424776, 64.62404, 0.0 ], [ 12.440374, 63.200115, 0.0 ], [ 15.162281, 60.65205, 0.0 ], [ 18.324028, 57.22906, 0.0 ], [ 21.616184, 53.26656, 0.0 ], [ 24.716368, 49.152, 0.0 ], [ 27.321306, 45.288353, 0.0 ], [ 29.175714, 42.05389, 0.0 ], [ 30.098364, 39.76509, 0.0 ]] 
boundary 0: [[ 32.632317, 87.02622, 0.0 ], [ 32.60987, 85.90285, 0.0 ], [ 31.44423, 83.72774, 0.0 ], [ 29.249662, 80.71374, 0.0 ], [ 26.240738, 77.15557, 0.0 ], [ 22.712198, 73.402, 0.0 ], [ 19.009445, 69.82005, 0.0 ], [ 15.494787, 66.76059, 0.0 ], [ 12.512383, 64.52308, 0.0 ], [ 10.354115, 63.326477, 0.0 ], [ 9.231311, 63.28785, 0.0 ], [ 9.253791, 64.411125, 0.0 ], [ 10.419426, 66.58636, 0.0 ], [ 12.614115, 69.600365, 0.0 ], [ 15.622896, 73.15849, 0.0 ], [ 19.151516, 76.91196, 0.0 ], [ 22.854275, 80.4939, 0.0 ], [ 26.36887, 83.553375, 0.0 ], [ 29.351334, 85.79083, 0.0 ], [ 31.50956, 86.98752, 0.0 ]] 
boundary 1: [[ 32.632336, 40.973866, 0.0 ], [ 31.509563, 41.012432, 0.0 ], [ 29.351295, 42.20903, 0.0 ], [ 26.368889, 44.446613, 0.0 ], [ 22.854252, 47.506046, 0.0 ], [ 19.15144, 51.08792, 0.0 ], [ 15.622936, 54.841625, 0.0 ], [ 12.614069, 58.3996, 0.0 ], [ 10.419449, 61.413727, 0.0 ], [ 9.253809, 63.588898, 0.0 ], [ 9.231296, 64.712135, 0.0 ], [ 10.354135, 64.673706, 0.0 ], [ 12.512386, 63.476967, 0.0 ], [ 15.494795, 61.239418, 0.0 ], [ 19.00941, 58.17985, 0.0 ], [ 22.712234, 54.598125, 0.0 ], [ 26.240725, 50.844376, 0.0 ], [ 29.249653, 47.28631, 0.0 ], [ 31.444197, 44.272263, 0.0 ], [ 32.60984, 42.09713, 0.0 ]] 
boundary 0: [[ 36.041252, 83.07428, 0.0 ], [ 35.838364, 81.96915, 0.0 ], [ 34.33795, 80.0099, 0.0 ], [ 31.687067, 77.388245, 0.0 ], [ 28.14487, 74.36052, 0.0 ], [ 24.058395, 71.22356, 0.0 ], [ 19.827587, 68.284, 0.0 ], [ 15.866482, 65.82986, 0.0 ], [ 12.562944, 64.10134, 0.0 ], [ 10.2402725, 63.26755, 0.0 ], [ 9.125879, 63.410076, 0.0 ], [ 9.328789, 64.51511, 0.0 ], [ 10.829207, 66.47446, 0.0 ], [ 13.480224, 69.0961, 0.0 ], [ 17.022266, 72.1238, 0.0 ], [ 21.1088, 75.26066, 0.0 ], [ 25.33962, 78.200226, 0.0 ], [ 29.300661, 80.65437, 0.0 ], [ 32.60425, 82.38284, 0.0 ], [ 34.92689, 83.21671, 0.0 ]] 
boundary 1: [[ 36.04126, 44.925816, 0.0 ], [ 34.92691, 44.78324, 0.0 ], [ 32.604233, 45.617016, 0.0 ], [ 29.30068, 47.34561, 0.0 ], [ 25.339607, 49.79973, 0.0 ], [ 21.10875, 52.739216, 0.0 ], [ 17.02229, 55.876312, 0.0 ], [ 13.480183, 58.903854, 0.0 ], [ 10.829216, 61.52563, 0.0 ], [ 9.328803, 63.48492, 0.0 ], [ 9.125867, 64.58991, 0.0 ], [ 10.24026, 64.732635, 0.0 ], [ 12.562939, 63.89872, 0.0 ], [ 15.866489, 62.17015, 0.0 ], [ 19.827572, 59.7159, 0.0 ], [ 24.058409, 56.776573, 0.0 ], [ 28.144863, 53.639416, 0.0 ], [ 31.687048, 50.6118, 0.0 ], [ 34.33792, 47.99009, 0.0 ], [ 35.838333, 46.03083, 0.0 ]] 
boundary 0: [[ 38.888893, 78.38842, 0.0 ], [ 38.50219, 77.33348, 0.0 ], [ 36.692287, 75.65594, 0.0 ], [ 33.636536, 73.51991, 0.0 ], [ 29.63366, 71.13425, 0.0 ], [ 25.075878, 68.73292, 0.0 ], [ 20.409199, 66.55052, 0.0 ], [ 16.090363, 64.800995, 0.0 ], [ 12.542257, 63.65555, 0.0 ], [ 10.112094, 63.226223, 0.0 ], [ 9.037807, 63.554996, 0.0 ], [ 9.424522, 64.60986, 0.0 ], [ 11.234446, 66.2875, 0.0 ], [ 14.290333, 68.42349, 0.0 ], [ 18.293049, 70.80914, 0.0 ], [ 22.850863, 73.21037, 0.0 ], [ 27.51756, 75.39276, 0.0 ], [ 31.836336, 77.14232, 0.0 ], [ 35.384483, 78.28771, 0.0 ], [ 37.814636, 78.71713, 0.0 ]] 
boundary 1: [[ 38.888885, 49.61167, 0.0 ], [ 37.81466, 49.282845, 0.0 ], [ 35.384495, 49.712154, 0.0 ], [ 31.836355, 50.85768, 0.0 ], [ 27.517553, 52.607185, 0.0 ], [ 22.850838, 54.789497, 0.0 ], [ 18.293049, 57.19098, 0.0 ], [ 14.290298, 59.57646, 0.0 ], [ 11.234439, 61.712597, 0.0 ], [ 9.42453, 63.390182, 0.0 ], [ 9.037797, 64.44498, 0.0 ], [ 10.11205, 64.773964, 0.0 ], [ 12.542241, 64.34451, 0.0 ], [ 16.09037, 63.199017, 0.0 ], [ 20.409206, 61.44937, 0.0 ], [ 25.075867, 59.267212, 0.0 ], [ 29.633665, 56.865673, 0.0 ], [ 33.636505, 54.480137, 0.0 ], [ 36.69227, 52.344055, 0.0 ], [ 38.50216, 50.666492, 0.0 ]] 
boundary 0: [[ 40.7298, 73.85033, 0.0 ], [ 40.18821, 72.865875, 0.0 ], [ 38.145714, 71.48093, 0.0 ], [ 34.80242, 69.8309, 0.0 ], [ 30.485155, 68.07713, 0.0 ], [ 25.616985, 66.3917, 0.0 ], [ 20.674236, 64.93914, 0.0 ], [ 16.14071, 63.861923, 0.0 ], [ 12.460312, 63.265484, 0.0 ], [ 9.993183, 63.208103, 0.0 ], [ 8.980873, 63.695347, 0.0 ], [ 9.522464, 64.6797, 0.0 ], [ 11.564995, 66.06476, 0.0 ], [ 14.908422, 67.71472, 0.0 ], [ 19.225525, 69.4685, 0.0 ], [ 24.093712, 71.15384, 0.0 ], [ 29.036478, 72.60639, 0.0 ], [ 33.569946, 73.68364, 0.0 ], [ 37.250378, 74.280014, 0.0 ], [ 39.71752, 74.337494, 0.0 ]] 
boundary 1: [[ 40.72978, 54.149773, 0.0 ], [ 39.717545, 53.66248, 0.0 ], [ 37.250412, 53.71985, 0.0 ], [ 33.56997, 54.316372, 0.0 ], [ 29.03648, 55.393555, 0.0 ], [ 24.0937, 56.846043, 0.0 ], [ 19.225508, 58.53162, 0.0 ], [ 14.908398, 60.28522, 0.0 ], [ 11.564976, 61.935333, 0.0 ], [ 9.522467, 63.32033, 0.0 ], [ 8.980866, 64.30463, 0.0 ], [ 9.993111, 64.79208, 0.0 ], [ 12.460286, 64.73459, 0.0 ], [ 16.140718, 64.138084, 0.0 ], [ 20.674261, 63.060764, 0.0 ], [ 25.616955, 61.60843, 0.0 ], [ 30.485174, 59.922783, 0.0 ], [ 34.802376, 58.169144, 0.0 ], [ 38.1457, 56.519066, 0.0 ], [ 40.18819, 55.134087, 0.0 ]] 
boundary 0: [[ 41.547718, 70.78105, 0.0 ], [ 40.912132, 69.85449, 0.0 ], [ 38.743614, 68.67663, 0.0 ], [ 35.254543, 67.36261, 0.0 ], [ 30.786034, 66.04092, 0.0 ], [ 25.77598, 64.841286, 0.0 ], [ 20.714558, 63.880707, 0.0 ], [ 16.097214, 63.253517, 0.0 ], [ 12.376048, 63.02108, 0.0 ], [ 9.915193, 63.20605, 0.0 ], [ 8.955576, 63.79027, 0.0 ], [ 9.591141, 64.71675, 0.0 ], [ 11.759716, 65.89469, 0.0 ], [ 15.248901, 67.20863, 0.0 ], [ 19.71725, 68.53036, 0.0 ], [ 24.727318, 69.7299, 0.0 ], [ 29.78876, 70.69047, 0.0 ], [ 34.40605, 71.317696, 0.0 ], [ 38.12724, 71.550064, 0.0 ], [ 40.58811, 71.36518, 0.0 ]] 
boundary 1: [[ 41.547676, 57.219048, 0.0 ], [ 40.588142, 56.634777, 0.0 ], [ 38.127296, 56.449802, 0.0 ], [ 34.406075, 56.682327, 0.0 ], [ 29.788763, 57.30949, 0.0 ], [ 24.727318, 58.269974, 0.0 ], [ 19.717228, 59.469757, 0.0 ], [ 15.248886, 60.791298, 0.0 ], [ 11.759687, 62.105392, 0.0 ], [ 9.591137, 63.283306, 0.0 ], [ 8.955572, 64.20971, 0.0 ], [ 9.915102, 64.79413, 0.0 ], [ 12.376013, 64.97898, 0.0 ], [ 16.09722, 64.74649, 0.0 ], [ 20.714592, 64.119194, 0.0 ], [ 25.77594, 63.158844, 0.0 ], [ 30.78606, 61.959, 0.0 ], [ 35.254486, 60.637424, 0.0 ], [ 38.7436, 59.323357, 0.0 ], [ 40.912117, 58.14546, 0.0 ]] 
boundary 0: [[ 41.806, 69.43921, 0.0 ], [ 41.131836, 68.54033, 0.0 ], [ 38.91549, 67.45513, 0.0 ], [ 35.374012, 66.289734, 0.0 ], [ 30.853655, 65.15801, 0.0 ], [ 25.797382, 64.17114, 0.0 ], [ 20.699892, 63.425278, 0.0 ], [ 16.06017, 62.993744, 0.0 ], [ 12.332503, 62.91874, 0.0 ], [ 9.881661, 63.207523, 0.0 ], [ 8.947587, 63.831768, 0.0 ], [ 9.62173, 64.73057, 0.0 ], [ 11.838142, 65.81583, 0.0 ], [ 15.379728, 66.98118, 0.0 ], [ 19.899933, 68.11292, 0.0 ], [ 24.956211, 69.09969, 0.0 ], [ 30.05372, 69.84555, 0.0 ], [ 34.693398, 70.27713, 0.0 ], [ 38.42107, 70.35206, 0.0 ], [ 40.871933, 70.06337, 0.0 ]] 
boundary 1: [[ 41.805954, 58.560883, 0.0 ], [ 40.871964, 57.936592, 0.0 ], [ 38.42113, 57.647808, 0.0 ], [ 34.69342, 57.722893, 0.0 ], [ 30.053724, 58.154404, 0.0 ], [ 24.956215, 58.900177, 0.0 ], [ 19.899906, 59.8872, 0.0 ], [ 15.379715, 61.01876, 0.0 ], [ 11.838108, 62.18425, 0.0 ], [ 9.621725, 63.269485, 0.0 ], [ 8.947583, 64.16821, 0.0 ], [ 9.881564, 64.79265, 0.0 ], [ 12.332466, 65.08132, 0.0 ], [ 16.060177, 65.006256, 0.0 ], [ 20.69993, 64.57462, 0.0 ], [ 25.79734, 63.82899, 0.0 ], [ 30.853685, 62.841896, 0.0 ], [ 35.37395, 61.710304, 0.0 ], [ 38.915474, 60.544838, 0.0 ], [ 41.13182, 59.459614, 0.0 ]] 
boundary 0: [[ 41.743958, 69.791046, 0.0 ], [ 41.079773, 68.88476, 0.0 ], [ 38.87555, 67.77514, 0.0 ], [ 35.347176, 66.57069, 0.0 ], [ 30.839592, 65.389084, 0.0 ], [ 25.794521, 64.346405, 0.0 ], [ 20.70559, 63.544273, 0.0 ], [ 16.070917, 63.0615, 0.0 ], [ 12.344304, 62.94531, 0.0 ], [ 9.890419, 63.207, 0.0 ], [ 8.949505, 63.820885, 0.0 ], [ 9.613677, 64.72709, 0.0 ], [ 11.817964, 65.83676, 0.0 ], [ 15.34646, 67.04117, 0.0 ], [ 19.853882, 68.22279, 0.0 ], [ 24.898952, 69.26537, 0.0 ], [ 29.987913, 70.0675, 0.0 ], [ 34.622543, 70.55032, 0.0 ], [ 38.34916, 70.66643, 0.0 ], [ 40.803055, 70.40483, 0.0 ]] 
boundary 1: [[ 41.74391, 58.209064, 0.0 ], [ 40.803085, 57.595127, 0.0 ], [ 38.34922, 57.33344, 0.0 ], [ 34.622566, 57.44971, 0.0 ], [ 29.987917, 57.93246, 0.0 ], [ 24.898954, 58.734505, 0.0 ], [ 19.853857, 59.77733, 0.0 ], [ 15.346447, 60.958763, 0.0 ], [ 11.817931, 62.16331, 0.0 ], [ 9.613672, 63.272972, 0.0 ], [ 8.949501, 64.17908, 0.0 ], [ 9.890326, 64.79316, 0.0 ], [ 12.344267, 65.05474, 0.0 ], [ 16.070925, 64.93851, 0.0 ], [ 20.705627, 64.45562, 0.0 ], [ 25.794485, 63.65373, 0.0 ], [ 30.839622, 62.61082, 0.0 ], [ 35.347115, 61.429356, 0.0 ], [ 38.87553, 60.22483, 0.0 ], [ 41.079758, 59.11519, 0.0 ]] 
boundary 0: [[ 41.485817, 71.06349, 0.0 ], [ 40.85856, 70.13125, 0.0 ], [ 38.700645, 68.934044, 0.0 ], [ 35.22349, 67.58891, 0.0 ], [ 30.766966, 66.227295, 0.0 ], [ 25.767817, 64.98291, 0.0 ], [ 20.715206, 63.977108, 0.0 ], [ 16.103645, 63.30866, 0.0 ], [ 12.384703, 63.042953, 0.0 ], [ 9.92229, 63.20592, 0.0 ], [ 8.95749, 63.781532, 0.0 ], [ 9.5847435, 64.71366, 0.0 ], [ 11.7427025, 65.91094, 0.0 ], [ 15.220004, 67.25604, 0.0 ], [ 19.67635, 68.61768, 0.0 ], [ 24.6755, 69.861946, 0.0 ], [ 29.728155, 70.867744, 0.0 ], [ 34.33966, 71.53625, 0.0 ], [ 38.058617, 71.80186, 0.0 ], [ 40.521038, 71.63901, 0.0 ]] 
boundary 1: [[ 41.48577, 56.936626, 0.0 ], [ 40.52106, 56.36095, 0.0 ], [ 38.058662, 56.197994, 0.0 ], [ 34.339684, 56.463787, 0.0 ], [ 29.728155, 57.132214, 0.0 ], [ 24.675499, 58.137917, 0.0 ], [ 19.67633, 59.382454, 0.0 ], [ 15.219987, 60.743893, 0.0 ], [ 11.742673, 62.08913, 0.0 ], [ 9.58474, 63.286396, 0.0 ], [ 8.957484, 64.21843, 0.0 ], [ 9.922204, 64.79426, 0.0 ], [ 12.384666, 64.9571, 0.0 ], [ 16.103653, 64.69134, 0.0 ], [ 20.715239, 64.02277, 0.0 ], [ 25.7678, 63.017227, 0.0 ], [ 30.76699, 61.77261, 0.0 ], [ 35.22343, 60.41113, 0.0 ], [ 38.70063, 59.065933, 0.0 ], [ 40.858543, 57.868683, 0.0 ]] 
boundary 0: [[ 40.972267, 73.05742, 0.0 ], [ 40.405617, 72.08715, 0.0 ], [ 38.32827, 70.75501, 0.0 ], [ 34.94379, 69.1913, 0.0 ], [ 30.582962, 67.54879, 0.0 ], [ 25.67315, 65.988754, 0.0 ], [ 20.69481, 64.66339, 0.0 ], [ 16.13514, 63.70279, 0.0 ], [ 12.440645, 63.20092, 0.0 ], [ 9.972853, 63.20683, 0.0 ], [ 8.973373, 63.71986, 0.0 ], [ 9.540028, 64.69003, 0.0 ], [ 11.617407, 66.02224, 0.0 ], [ 15.002045, 67.58594, 0.0 ], [ 19.36269, 69.228455, 0.0 ], [ 24.272507, 70.78836, 0.0 ], [ 29.250904, 72.113716, 0.0 ], [ 33.810513, 73.07437, 0.0 ], [ 37.505028, 73.57616, 0.0 ], [ 39.972816, 73.57037, 0.0 ]] 
boundary 1: [[ 40.97224, 54.942696, 0.0 ], [ 39.97283, 54.42959, 0.0 ], [ 37.50506, 54.42369, 0.0 ], [ 33.810543, 54.92566, 0.0 ], [ 29.250902, 55.88624, 0.0 ], [ 24.2725, 57.211494, 0.0 ], [ 19.362679, 58.77169, 0.0 ], [ 15.002026, 60.414005, 0.0 ], [ 11.617382, 61.977848, 0.0 ], [ 9.540026, 63.31003, 0.0 ], [ 8.973366, 64.2801, 0.0 ], [ 9.972779, 64.793365, 0.0 ], [ 12.440615, 64.79914, 0.0 ], [ 16.135147, 64.29721, 0.0 ], [ 20.694836, 63.33648, 0.0 ], [ 25.673145, 62.01139, 0.0 ], [ 30.582983, 60.451107, 0.0 ], [ 34.943733, 58.808746, 0.0 ], [ 38.32825, 57.24496, 0.0 ], [ 40.4056, 55.912785, 0.0 ]] 
boundary 0: [[ 40.18721, 75.40855, 0.0 ], [ 39.696556, 74.397705, 0.0 ], [ 37.727367, 72.910355, 0.0 ], [ 34.47262, 71.091965, 0.0 ], [ 30.250431, 69.120224, 0.0 ], [ 25.474552, 67.18865, 0.0 ], [ 20.612373, 65.48583, 0.0 ], [ 16.139677, 64.17876, 0.0 ], [ 12.494492, 63.395344, 0.0 ], [ 10.033497, 63.212185, 0.0 ], [ 8.997654, 63.647144, 0.0 ], [ 9.488324, 64.65787, 0.0 ], [ 11.457544, 66.14531, 0.0 ], [ 14.712451, 67.96369, 0.0 ], [ 18.93446, 69.935425, 0.0 ], [ 23.710346, 71.86687, 0.0 ], [ 28.572592, 73.56969, 0.0 ], [ 33.045204, 74.876816, 0.0 ], [ 36.69043, 75.66014, 0.0 ], [ 39.151405, 75.84342, 0.0 ]] 
boundary 1: [[ 40.187202, 52.591576, 0.0 ], [ 39.15142, 52.15654, 0.0 ], [ 36.690445, 52.339706, 0.0 ], [ 33.045242, 53.123207, 0.0 ], [ 28.57258, 54.430264, 0.0 ], [ 23.710327, 56.132988, 0.0 ], [ 18.934456, 58.06472, 0.0 ], [ 14.712427, 60.03626, 0.0 ], [ 11.457527, 61.854786, 0.0 ], [ 9.488326, 63.342186, 0.0 ], [ 8.9976425, 64.352806, 0.0 ], [ 10.033439, 64.78801, 0.0 ], [ 12.494465, 64.60473, 0.0 ], [ 16.139688, 63.821255, 0.0 ], [ 20.612385, 62.514046, 0.0 ], [ 25.474558, 60.81149, 0.0 ], [ 30.25044, 58.87967, 0.0 ], [ 34.472572, 56.908085, 0.0 ], [ 37.727352, 55.089622, 0.0 ], [ 39.696533, 53.60222, 0.0 ]] 
boundary 0: [[ 38.97322, 78.2175, 0.0 ], [ 38.580322, 77.1648, 0.0 ], [ 36.760555, 75.49795, 0.0 ], [ 33.692284, 73.38002, 0.0 ], [ 29.675407, 71.01796, 0.0 ], [ 25.103512, 68.643555, 0.0 ], [ 20.424088, 66.488716, 0.0 ], [ 16.094982, 64.76467, 0.0 ], [ 12.540184, 63.64017, 0.0 ], [ 10.107525, 63.22518, 0.0 ], [ 9.0352, 63.56027, 0.0 ], [ 9.428124, 64.612854, 0.0 ], [ 11.247912, 66.2798, 0.0 ], [ 14.316343, 68.39774, 0.0 ], [ 18.333046, 70.75976, 0.0 ], [ 22.904959, 73.13404, 0.0 ], [ 27.584454, 75.2889, 0.0 ], [ 31.91347, 77.01298, 0.0 ], [ 35.468315, 78.13739, 0.0 ], [ 37.900948, 78.552505, 0.0 ]] 
boundary 1: [[ 38.973225, 49.78263, 0.0 ], [ 37.900955, 49.447468, 0.0 ], [ 35.468315, 49.862446, 0.0 ], [ 31.913507, 50.987034, 0.0 ], [ 27.584436, 52.71107, 0.0 ], [ 22.904924, 54.865814, 0.0 ], [ 18.333055, 57.240376, 0.0 ], [ 14.316315, 59.602222, 0.0 ], [ 11.247905, 61.720303, 0.0 ], [ 9.428133, 63.387207, 0.0 ], [ 9.035185, 64.43968, 0.0 ], [ 10.107486, 64.77502, 0.0 ], [ 12.540164, 64.3599, 0.0 ], [ 16.094994, 63.235336, 0.0 ], [ 20.424084, 61.51116, 0.0 ], [ 25.103537, 59.356586, 0.0 ], [ 29.675406, 56.98193, 0.0 ], [ 33.692238, 54.620037, 0.0 ], [ 36.760536, 52.502037, 0.0 ], [ 38.5803, 50.83513, 0.0 ]] 
boundary 0: [[ 37.386543, 81.081375, 0.0 ], [ 37.10212, 79.99435, 0.0 ], [ 35.460243, 78.15201, 0.0 ], [ 32.621887, 75.73465, 0.0 ], [ 28.864468, 72.97847, 0.0 ], [ 24.55614, 70.153885, 0.0 ], [ 20.118622, 67.536865, 0.0 ], [ 15.986063, 65.38387, 0.0 ], [ 12.563209, 63.90564, 0.0 ], [ 10.184989, 63.24677, 0.0 ], [ 9.084273, 63.4717, 0.0 ], [ 9.368737, 64.55862, 0.0 ], [ 11.010619, 66.401054, 0.0 ], [ 13.849134, 68.818436, 0.0 ], [ 17.606377, 71.57456, 0.0 ], [ 21.914743, 74.399025, 0.0 ], [ 26.352324, 77.01607, 0.0 ], [ 30.48479, 79.16908, 0.0 ], [ 33.907696, 80.64723, 0.0 ], [ 36.285885, 81.30623, 0.0 ]] 
boundary 1: [[ 37.38656, 46.918755, 0.0 ], [ 36.285892, 46.69374, 0.0 ], [ 33.907677, 47.35261, 0.0 ], [ 30.484829, 48.830917, 0.0 ], [ 26.352303, 50.983917, 0.0 ], [ 21.914688, 53.600838, 0.0 ], [ 17.606396, 56.42558, 0.0 ], [ 13.8491, 59.181522, 0.0 ], [ 11.010621, 61.59905, 0.0 ], [ 9.368752, 63.44144, 0.0 ], [ 9.084254, 64.52827, 0.0 ], [ 10.184969, 64.75344, 0.0 ], [ 12.563196, 64.09444, 0.0 ], [ 15.986074, 62.61613, 0.0 ], [ 20.118605, 60.462997, 0.0 ], [ 24.55618, 57.846245, 0.0 ], [ 28.864462, 55.02142, 0.0 ], [ 32.62185, 52.265415, 0.0 ], [ 35.46022, 49.84799, 0.0 ], [ 37.102085, 48.00559, 0.0 ]] 
boundary 0: [[ 35.61554, 83.643745, 0.0 ], [ 35.437042, 82.53439, 0.0 ], [ 33.980057, 80.54261, 0.0 ], [ 31.387468, 77.863365, 0.0 ], [ 27.912693, 74.758415, 0.0 ], [ 23.896147, 71.532394, 0.0 ], [ 19.731037, 68.50053, 0.0 ], [ 15.824816, 65.95987, 0.0 ], [ 12.560087, 64.159134, 0.0 ], [ 10.256299, 63.27448, 0.0 ], [ 9.139047, 63.39245, 0.0 ], [ 9.317605, 64.5017, 0.0 ], [ 10.774586, 66.49357, 0.0 ], [ 13.367323, 69.17286, 0.0 ], [ 16.841932, 72.27773, 0.0 ], [ 20.858524, 75.503654, 0.0 ], [ 25.023693, 78.535545, 0.0 ], [ 28.92982, 81.076225, 0.0 ], [ 32.194603, 82.87686, 0.0 ], [ 34.498363, 83.76166, 0.0 ]] 
boundary 1: [[ 35.615562, 44.356377, 0.0 ], [ 34.49837, 44.238323, 0.0 ], [ 32.19458, 45.12298, 0.0 ], [ 28.929857, 46.923775, 0.0 ], [ 25.023674, 49.46444, 0.0 ], [ 20.858456, 52.49621, 0.0 ], [ 16.84196, 55.7224, 0.0 ], [ 13.367283, 58.827084, 0.0 ], [ 10.774596, 61.50653, 0.0 ], [ 9.317626, 63.49836, 0.0 ], [ 9.139025, 64.607506, 0.0 ], [ 10.2563, 64.72573, 0.0 ], [ 12.560081, 63.840946, 0.0 ], [ 15.82483, 62.040142, 0.0 ], [ 19.731007, 59.499355, 0.0 ], [ 23.8962, 56.46775, 0.0 ], [ 27.912678, 53.24147, 0.0 ], [ 31.387438, 50.13671, 0.0 ], [ 33.980034, 47.457375, 0.0 ], [ 35.437, 45.465546, 0.0 ]] 
boundary 0: [[ 33.478867, 86.15987, 0.0 ], [ 33.414413, 85.038086, 0.0 ], [ 32.1681, 82.90814, 0.0 ], [ 29.862192, 79.97853, 0.0 ], [ 26.722094, 76.535484, 0.0 ], [ 23.055397, 72.91676, 0.0 ], [ 19.221115, 69.47602, 0.0 ], [ 15.594291, 66.55033, 0.0 ], [ 12.530174, 64.426125, 0.0 ], [ 10.328588, 63.311188, 0.0 ], [ 9.205132, 63.31463, 0.0 ], [ 9.269662, 64.4363, 0.0 ], [ 10.5159645, 66.56634, 0.0 ], [ 12.822016, 69.49601, 0.0 ], [ 15.961949, 72.93899, 0.0 ], [ 19.6287, 76.55762, 0.0 ], [ 23.463043, 79.998375, 0.0 ], [ 27.089775, 82.92407, 0.0 ], [ 30.153952, 85.04819, 0.0 ], [ 32.3555, 86.16326, 0.0 ]] 
boundary 1: [[ 33.478905, 41.84025, 0.0 ], [ 32.3555, 41.836716, 0.0 ], [ 30.153915, 42.951653, 0.0 ], [ 27.089813, 45.07592, 0.0 ], [ 23.463022, 48.00162, 0.0 ], [ 19.628624, 51.442257, 0.0 ], [ 15.961996, 55.061157, 0.0 ], [ 12.821968, 58.503933, 0.0 ], [ 10.515985, 61.433746, 0.0 ], [ 9.26969, 63.56375, 0.0 ], [ 9.205104, 64.68533, 0.0 ], [ 10.328611, 64.689026, 0.0 ], [ 12.530173, 63.573963, 0.0 ], [ 15.594306, 61.449673, 0.0 ], [ 19.221071, 58.523865, 0.0 ], [ 23.055466, 55.08339, 0.0 ], [ 26.722069, 51.464417, 0.0 ], [ 29.862167, 48.021553, 0.0 ], [ 32.168076, 45.091846, 0.0 ], [ 33.41436, 42.961845, 0.0 ]] 
boundary 0: [[ 31.335026, 88.23674, 0.0 ], [ 31.374296, 87.113785, 0.0 ], [ 30.32971, 84.87799, 0.0 ], [ 28.30379, 81.748215, 0.0 ], [ 25.494576, 78.03027, 0.0 ], [ 22.177208, 74.088844, 0.0 ], [ 18.67656, 70.30917, 0.0 ], [ 15.33499, 67.0615, 0.0 ], [ 12.479813, 64.66379, 0.0 ], [ 10.390424, 63.350574, 0.0 ], [ 9.271438, 63.250397, 0.0 ], [ 9.232257, 64.37324, 0.0 ], [ 10.276824, 66.60914, 0.0 ], [ 12.302883, 69.73899, 0.0 ], [ 15.111939, 73.45684, 0.0 ], [ 18.429367, 77.39818, 0.0 ], [ 21.930077, 81.17787, 0.0 ], [ 25.271557, 84.425545, 0.0 ], [ 28.126795, 86.82319, 0.0 ], [ 30.216137, 88.13652, 0.0 ]] 
boundary 1: [[ 31.33508, 39.76337, 0.0 ], [ 30.216135, 39.863453, 0.0 ], [ 28.12674, 41.176655, 0.0 ], [ 25.271595, 43.574432, 0.0 ], [ 21.930054, 46.82212, 0.0 ], [ 18.429283, 50.601692, 0.0 ], [ 15.111996, 54.543297, 0.0 ], [ 12.302831, 58.26098, 0.0 ], [ 10.276852, 61.390953, 0.0 ], [ 9.232286, 63.626804, 0.0 ], [ 9.271405, 64.74957, 0.0 ], [ 10.390468, 64.64966, 0.0 ], [ 12.47982, 63.336308, 0.0 ], [ 15.335005, 60.9385, 0.0 ], [ 18.676506, 57.690712, 0.0 ], [ 22.177294, 53.9113, 0.0 ], [ 25.494541, 49.969627, 0.0 ], [ 28.303774, 46.25186, 0.0 ], [ 30.329687, 43.121994, 0.0 ], [ 31.37424, 40.88614, 0.0 ]] 
boundary 0: [[ 29.812525, 89.5004, 0.0 ], [ 29.920408, 88.38194, 0.0 ], [ 29.014528, 86.08646, 0.0 ], [ 27.183832, 82.83861, 0.0 ], [ 24.607288, 78.95581, 0.0 ], [ 21.537205, 74.81886, 0.0 ], [ 18.274288, 70.832146, 0.0 ], [ 15.13762, 67.38616, 0.0 ], [ 12.434445, 64.818306, 0.0 ], [ 10.429289, 63.379753, 0.0 ], [ 9.318526, 63.211315, 0.0 ], [ 9.21074, 64.32966, 0.0 ], [ 10.116593, 66.62527, 0.0 ], [ 11.947422, 69.873184, 0.0 ], [ 14.523819, 73.75588, 0.0 ], [ 17.593962, 77.892746, 0.0 ], [ 20.856937, 81.879486, 0.0 ], [ 23.993519, 85.325455, 0.0 ], [ 26.696762, 87.893265, 0.0 ], [ 28.70186, 89.331924, 0.0 ]] 
boundary 1: [[ 29.812586, 38.499718, 0.0 ], [ 28.701857, 38.668045, 0.0 ], [ 26.696693, 40.10658, 0.0 ], [ 23.993557, 42.674507, 0.0 ], [ 20.856915, 46.1205, 0.0 ], [ 17.593874, 50.107124, 0.0 ], [ 14.523885, 54.244247, 0.0 ], [ 11.947369, 58.126793, 0.0 ], [ 10.116627, 61.374825, 0.0 ], [ 9.210772, 63.67038, 0.0 ], [ 9.318494, 64.78866, 0.0 ], [ 10.429349, 64.62049, 0.0 ], [ 12.434458, 63.181797, 0.0 ], [ 15.137635, 60.613842, 0.0 ], [ 18.274235, 57.16775, 0.0 ], [ 21.5373, 53.181286, 0.0 ], [ 24.607244, 49.04409, 0.0 ], [ 27.183819, 45.161453, 0.0 ], [ 29.014505, 41.913536, 0.0 ], [ 29.920351, 39.61798, 0.0 ]] 
boundary 0: [[ 28.670889, 90.35064, 0.0 ], [ 28.827896, 89.23803, 0.0 ], [ 28.023928, 86.90489, 0.0 ], [ 26.337957, 83.579605, 0.0 ], [ 23.934807, 79.58718, 0.0 ], [ 21.049782, 75.31911, 0.0 ], [ 17.9655, 71.19264, 0.0 ], [ 14.98354, 67.61194, 0.0 ], [ 12.396005, 64.92759, 0.0 ], [ 10.456108, 63.402184, 0.0 ], [ 9.353835, 63.185028, 0.0 ], [ 9.196931, 64.29754, 0.0 ], [ 10.000867, 66.6308, 0.0 ], [ 11.68697, 69.95615, 0.0 ], [ 14.089977, 73.94848, 0.0 ], [ 16.975067, 78.21646, 0.0 ], [ 20.059406, 82.34296, 0.0 ], [ 23.041279, 85.923645, 0.0 ], [ 25.628883, 88.60794, 0.0 ], [ 27.568718, 90.133446, 0.0 ]] 
boundary 1: [[ 28.67096, 37.649475, 0.0 ], [ 27.568714, 37.866516, 0.0 ], [ 25.62881, 39.39191, 0.0 ], [ 23.041317, 42.076324, 0.0 ], [ 20.059383, 45.657024, 0.0 ], [ 16.974976, 49.783417, 0.0 ], [ 14.090047, 54.05165, 0.0 ], [ 11.686914, 58.04384, 0.0 ], [ 10.000907, 61.3693, 0.0 ], [ 9.196963, 63.702503, 0.0 ], [ 9.3538, 64.81496, 0.0 ], [ 10.456179, 64.59805, 0.0 ], [ 12.396021, 63.072502, 0.0 ], [ 14.983555, 60.38806, 0.0 ], [ 17.965443, 56.807255, 0.0 ], [ 21.049881, 52.68104, 0.0 ], [ 23.934757, 48.412724, 0.0 ], [ 26.337944, 44.420452, 0.0 ], [ 28.023905, 41.095104, 0.0 ], [ 28.827837, 38.761894, 0.0 ]] 
boundary 0: [[ 26.231466, 91.92531, 0.0 ], [ 26.487656, 90.83127, 0.0 ], [ 25.896229, 88.43542, 0.0 ], [ 24.515358, 84.97228, 0.0 ], [ 22.480051, 80.78037, 0.0 ], [ 19.989544, 76.270706, 0.0 ], [ 17.287874, 71.88421, 0.0 ], [ 14.639156, 68.05043, 0.0 ], [ 12.302863, 65.14476, 0.0 ], [ 10.507629, 63.451492, 0.0 ], [ 9.429281, 63.136322, 0.0 ], [ 9.173208, 64.23028, 0.0 ], [ 9.764591, 66.62624, 0.0 ], [ 11.145583, 70.08945, 0.0 ], [ 13.180759, 74.28125, 0.0 ], [ 15.671341, 78.79084, 0.0 ], [ 18.373064, 83.17739, 0.0 ], [ 21.021694, 87.01114, 0.0 ], [ 23.358063, 89.916725, 0.0 ], [ 25.153225, 91.610115, 0.0 ]] 
boundary 1: [[ 26.231544, 36.0748, 0.0 ], [ 25.15322, 36.38985, 0.0 ], [ 23.357975, 38.083115, 0.0 ], [ 21.021732, 40.988823, 0.0 ], [ 18.373037, 44.822594, 0.0 ], [ 15.671236, 49.209045, 0.0 ], [ 13.180839, 53.718876, 0.0 ], [ 11.145527, 57.910545, 0.0 ], [ 9.76464, 61.373844, 0.0 ], [ 9.173246, 63.769764, 0.0 ], [ 9.429244, 64.863655, 0.0 ], [ 10.50772, 64.54874, 0.0 ], [ 12.302887, 62.855316, 0.0 ], [ 14.63917, 59.94958, 0.0 ], [ 17.28781, 56.11571, 0.0 ], [ 19.98965, 51.72943, 0.0 ], [ 22.479992, 47.21953, 0.0 ], [ 24.515354, 43.02778, 0.0 ], [ 25.896206, 39.56459, 0.0 ], [ 26.487587, 37.16866, 0.0 ]] 
