boundary 0: [[ 37.6296, 80.68415, 0.0 ], [ 37.329533, 79.601425, 0.0 ], [ 35.661316, 77.782936, 0.0 ], [ 32.788315, 75.40656, 0.0 ], [ 28.99175, 72.70499, 0.0 ], [ 24.643208, 69.94258, 0.0 ], [ 20.168402, 67.38983, 0.0 ], [ 16.005348, 65.29659, 0.0 ], [ 12.56155, 63.86776, 0.0 ], [ 10.174123, 63.243137, 0.0 ], [ 9.076743, 63.484, 0.0 ], [ 9.376841, 64.566696, 0.0 ], [ 11.045074, 66.38514, 0.0 ], [ 13.918053, 68.76161, 0.0 ], [ 17.714659, 71.463135, 0.0 ], [ 22.063152, 74.22558, 0.0 ], [ 26.537989, 76.778244, 0.0 ], [ 30.70105, 78.87154, 0.0 ], [ 34.144833, 80.30042, 0.0 ], [ 36.53228, 80.92496, 0.0 ]] 
boundary 1: [[ 37.62961, 47.315865, 0.0 ], [ 36.532288, 47.075054, 0.0 ], [ 34.14484, 47.699577, 0.0 ], [ 30.701061, 49.128464, 0.0 ], [ 26.537954, 51.22169, 0.0 ], [ 22.063175, 53.77445, 0.0 ], [ 17.714657, 56.536877, 0.0 ], [ 13.918077, 59.23845, 0.0 ], [ 11.045044, 61.61479, 0.0 ], [ 9.3768425, 63.433304, 0.0 ], [ 9.076752, 64.51603, 0.0 ], [ 10.174134, 64.75687, 0.0 ], [ 12.561544, 64.13224, 0.0 ], [ 16.00534, 62.70338, 0.0 ], [ 20.168419, 60.610203, 0.0 ], [ 24.6432, 58.05738, 0.0 ], [ 28.991768, 55.295036, 0.0 ], [ 32.78833, 52.593426, 0.0 ], [ 35.661316, 50.217056, 0.0 ], [ 37.329502, 48.39854, 0.0 ]] 
boundary 0: [[ 39.79841, 76.39041, 0.0 ], [ 39.34102, 75.36416, 0.0 ], [ 37.42146, 73.81331, 0.0 ], [ 34.22769, 71.889496, 0.0 ], [ 30.072336, 69.78108, 0.0 ], [ 25.362076, 67.69441, 0.0 ], [ 20.558052, 65.83381, 0.0 ], [ 16.130516, 64.381386, 0.0 ], [ 12.512844, 63.4793, 0.0 ], [ 10.059168, 63.215786, 0.0 ], [ 9.0096655, 63.6168, 0.0 ], [ 9.467075, 64.64299, 0.0 ], [ 11.386637, 66.1938, 0.0 ], [ 14.580402, 68.11773, 0.0 ], [ 18.7358, 70.22608, 0.0 ], [ 23.446009, 72.3128, 0.0 ], [ 28.250048, 74.17331, 0.0 ], [ 32.677605, 75.625786, 0.0 ], [ 36.29527, 76.52792, 0.0 ], [ 38.748955, 76.79135, 0.0 ]] 
boundary 1: [[ 39.798416, 51.60962, 0.0 ], [ 38.748962, 51.208668, 0.0 ], [ 36.29528, 51.472073, 0.0 ], [ 32.677612, 52.37422, 0.0 ], [ 28.250021, 53.826626, 0.0 ], [ 23.446032, 55.68723, 0.0 ], [ 18.735798, 57.77393, 0.0 ], [ 14.580418, 59.882328, 0.0 ], [ 11.386618, 61.80612, 0.0 ], [ 9.467077, 63.35701, 0.0 ], [ 9.009673, 64.38324, 0.0 ], [ 10.059179, 64.78421, 0.0 ], [ 12.512838, 64.52071, 0.0 ], [ 16.130514, 63.618595, 0.0 ], [ 20.55807, 62.16623, 0.0 ], [ 25.362072, 60.30555, 0.0 ], [ 30.072346, 58.21895, 0.0 ], [ 34.227707, 56.1105, 0.0 ], [ 37.42146, 54.186676, 0.0 ], [ 39.340996, 52.635784, 0.0 ]] 
boundary 0: [[ 41.046158, 72.799805, 0.0 ], [ 40.47149, 71.83432, 0.0 ], [ 38.383186, 70.51946, 0.0 ], [ 34.985725, 68.983765, 0.0 ], [ 30.611631, 67.3776, 0.0 ], [ 25.689028, 65.85813, 0.0 ], [ 20.699848, 64.57422, 0.0 ], [ 16.13245, 63.651443, 0.0 ], [ 12.43391, 63.180172, 0.0 ], [ 9.966263, 63.20644, 0.0 ], [ 8.971075, 63.727848, 0.0 ], [ 9.54576, 64.693275, 0.0 ], [ 11.634061, 66.008095, 0.0 ], [ 15.03155, 67.54389, 0.0 ], [ 19.405666, 69.14999, 0.0 ], [ 24.328224, 70.66949, 0.0 ], [ 29.317415, 71.95334, 0.0 ], [ 33.884834, 72.87615, 0.0 ], [ 37.58338, 73.34748, 0.0 ], [ 40.051018, 73.32113, 0.0 ]] 
boundary 1: [[ 41.046165, 55.20024, 0.0 ], [ 40.051025, 54.678898, 0.0 ], [ 37.58339, 54.65252, 0.0 ], [ 33.884842, 55.123856, 0.0 ], [ 29.31739, 56.046597, 0.0 ], [ 24.328243, 57.330536, 0.0 ], [ 19.405663, 58.85002, 0.0 ], [ 15.031555, 60.456177, 0.0 ], [ 11.63405, 61.991844, 0.0 ], [ 9.54576, 63.306736, 0.0 ], [ 8.97108, 64.27219, 0.0 ], [ 9.966274, 64.79356, 0.0 ], [ 12.4339, 64.81985, 0.0 ], [ 16.13245, 64.34854, 0.0 ], [ 20.699856, 63.42583, 0.0 ], [ 25.689034, 62.141808, 0.0 ], [ 30.611637, 60.622437, 0.0 ], [ 34.98574, 59.01624, 0.0 ], [ 38.383186, 57.480522, 0.0 ], [ 40.471466, 56.165634, 0.0 ]] 
boundary 0: [[ 41.522434, 70.89732, 0.0 ], [ 40.89028, 69.968445, 0.0 ], [ 38.726105, 68.782616, 0.0 ], [ 35.241787, 67.45573, 0.0 ], [ 30.778368, 66.1177, 0.0 ], [ 25.7727, 64.89948, 0.0 ], [ 20.714848, 63.92041, 0.0 ], [ 16.099918, 63.276245, 0.0 ], [ 12.379606, 63.03008, 0.0 ], [ 9.918092, 63.205902, 0.0 ], [ 8.956345, 63.78669, 0.0 ], [ 9.588504, 64.71551, 0.0 ], [ 11.752679, 65.90129, 0.0 ], [ 15.237028, 67.22829, 0.0 ], [ 19.700468, 68.56622, 0.0 ], [ 24.706099, 69.784485, 0.0 ], [ 29.763948, 70.7635, 0.0 ], [ 34.378906, 71.407684, 0.0 ], [ 38.099228, 71.65393, 0.0 ], [ 40.56073, 71.478004, 0.0 ]] 
boundary 1: [[ 41.52244, 57.102734, 0.0 ], [ 40.560738, 56.522015, 0.0 ], [ 38.099236, 56.34608, 0.0 ], [ 34.378914, 56.59231, 0.0 ], [ 29.763926, 57.23644, 0.0 ], [ 24.706114, 58.215538, 0.0 ], [ 19.700464, 59.433784, 0.0 ], [ 15.23703, 60.771797, 0.0 ], [ 11.75267, 62.09865, 0.0 ], [ 9.588503, 63.284515, 0.0 ], [ 8.956348, 64.21335, 0.0 ], [ 9.918103, 64.79409, 0.0 ], [ 12.379595, 64.96994, 0.0 ], [ 16.099918, 64.72374, 0.0 ], [ 20.714855, 64.079636, 0.0 ], [ 25.772709, 63.100456, 0.0 ], [ 30.778372, 61.882324, 0.0 ], [ 35.241802, 60.544273, 0.0 ], [ 38.726105, 59.217365, 0.0 ], [ 40.890266, 58.031506, 0.0 ]] 
boundary 0: [[ 41.696815, 70.04368, 0.0 ], [ 41.039864, 69.13219, 0.0 ], [ 38.84452, 68.0051, 0.0 ], [ 35.32573, 66.77257, 0.0 ], [ 30.827866, 65.55528, 0.0 ], [ 25.791193, 64.47239, 0.0 ], [ 20.708797, 63.629948, 0.0 ], [ 16.078178, 63.110355, 0.0 ], [ 12.352587, 62.964516, 0.0 ], [ 9.896701, 63.2066, 0.0 ], [ 8.950952, 63.813095, 0.0 ], [ 9.607908, 64.72455, 0.0 ], [ 11.8032465, 65.85157, 0.0 ], [ 15.322087, 67.08421, 0.0 ], [ 19.819958, 68.30141, 0.0 ], [ 24.856598, 69.384346, 0.0 ], [ 29.938988, 70.22673, 0.0 ], [ 34.569626, 70.74634, 0.0 ], [ 38.29525, 70.892265, 0.0 ], [ 40.751106, 70.65008, 0.0 ]] 
boundary 1: [[ 41.696823, 57.95636, 0.0 ], [ 40.751106, 57.349945, 0.0 ], [ 38.295258, 57.107758, 0.0 ], [ 34.569633, 57.253654, 0.0 ], [ 29.938965, 57.7732, 0.0 ], [ 24.856613, 58.615673, 0.0 ], [ 19.819954, 59.698612, 0.0 ], [ 15.322087, 60.91587, 0.0 ], [ 11.803241, 62.148357, 0.0 ], [ 9.607906, 63.27548, 0.0 ], [ 8.950955, 64.18694, 0.0 ], [ 9.896712, 64.79339, 0.0 ], [ 12.352575, 65.03548, 0.0 ], [ 16.078178, 64.88963, 0.0 ], [ 20.708801, 64.3701, 0.0 ], [ 25.7912, 63.527557, 0.0 ], [ 30.827868, 62.44474, 0.0 ], [ 35.325745, 61.227425, 0.0 ], [ 38.84453, 59.994884, 0.0 ], [ 41.03985, 58.867767, 0.0 ]] 
boundary 0: [[ 41.79505, 69.50238, 0.0 ], [ 41.12269, 68.60219, 0.0 ], [ 38.908478, 67.51262, 0.0 ], [ 35.369232, 66.34014, 0.0 ], [ 30.851313, 65.19956, 0.0 ], [ 25.796932, 64.20251, 0.0 ], [ 20.700937, 63.446663, 0.0 ], [ 16.062153, 63.00594, 0.0 ], [ 12.334619, 62.923504, 0.0 ], [ 9.883207, 63.207336, 0.0 ], [ 8.947914, 63.829838, 0.0 ], [ 9.620283, 64.72997, 0.0 ], [ 11.834478, 65.81949, 0.0 ], [ 15.373784, 66.99209, 0.0 ], [ 19.89171, 68.13257, 0.0 ], [ 24.946045, 69.12967, 0.0 ], [ 30.042036, 69.885445, 0.0 ], [ 34.680847, 70.326195, 0.0 ], [ 38.408413, 70.408714, 0.0 ], [ 40.859787, 70.12477, 0.0 ]] 
boundary 1: [[ 41.79506, 58.49766, 0.0 ], [ 40.859787, 57.87524, 0.0 ], [ 38.408417, 57.59131, 0.0 ], [ 34.680855, 57.673798, 0.0 ], [ 30.042013, 58.11448, 0.0 ], [ 24.94606, 58.87036, 0.0 ], [ 19.891706, 59.86745, 0.0 ], [ 15.373782, 61.008003, 0.0 ], [ 11.834475, 62.180443, 0.0 ], [ 9.62028, 63.270046, 0.0 ], [ 8.947918, 64.17021, 0.0 ], [ 9.883219, 64.79265, 0.0 ], [ 12.334607, 65.076485, 0.0 ], [ 16.062153, 64.99405, 0.0 ], [ 20.700941, 64.55339, 0.0 ], [ 25.79694, 63.797436, 0.0 ], [ 30.851315, 62.800476, 0.0 ], [ 35.369247, 61.65986, 0.0 ], [ 38.908485, 60.487362, 0.0 ], [ 41.122673, 59.39776, 0.0 ]] 
boundary 0: [[ 41.911865, 68.777, 0.0 ], [ 41.2192, 67.89231, 0.0 ], [ 38.98081, 66.85333, 0.0 ], [ 35.415833, 65.76158, 0.0 ], [ 30.87317, 64.72396, 0.0 ], [ 25.797436, 63.842007, 0.0 ], [ 20.685583, 63.202145, 0.0 ], [ 16.037983, 62.86694, 0.0 ], [ 12.30954, 62.869217, 0.0 ], [ 9.86521, 63.208683, 0.0 ], [ 8.944302, 63.852276, 0.0 ], [ 9.6369505, 64.73689, 0.0 ], [ 11.875329, 65.77582, 0.0 ], [ 15.440366, 66.8677, 0.0 ], [ 19.98304, 67.90523, 0.0 ], [ 25.058731, 68.787224, 0.0 ], [ 30.170576, 69.42702, 0.0 ], [ 34.818195, 69.76224, 0.0 ], [ 38.546684, 69.76003, 0.0 ], [ 40.990974, 69.42049, 0.0 ]] 
boundary 1: [[ 41.911873, 59.22304, 0.0 ], [ 40.990974, 58.57954, 0.0 ], [ 38.546684, 58.239975, 0.0 ], [ 34.818203, 58.237747, 0.0 ], [ 30.170553, 58.57291, 0.0 ], [ 25.058746, 59.212807, 0.0 ], [ 19.983036, 60.09479, 0.0 ], [ 15.440362, 61.13239, 0.0 ], [ 11.875328, 62.224113, 0.0 ], [ 9.636948, 63.263115, 0.0 ], [ 8.944304, 64.14777, 0.0 ], [ 9.865221, 64.791306, 0.0 ], [ 12.309528, 65.13077, 0.0 ], [ 16.037983, 65.13305, 0.0 ], [ 20.685587, 64.79792, 0.0 ], [ 25.797443, 64.15793, 0.0 ], [ 30.87317, 63.276085, 0.0 ], [ 35.415848, 62.23841, 0.0 ], [ 38.980816, 61.14664, 0.0 ], [ 41.219185, 60.10764, 0.0 ]] 
boundary 0: [[ 41.98061, 68.29152, 0.0 ], [ 41.274612, 67.41743, 0.0 ], [ 39.020733, 66.41252, 0.0 ], [ 35.439598, 65.37495, 0.0 ], [ 30.881748, 64.406334, 0.0 ], [ 25.793217, 63.60145, 0.0 ], [ 20.672243, 63.039185, 0.0 ], [ 16.020098, 62.774494, 0.0 ], [ 12.292121, 62.833313, 0.0 ], [ 9.853218, 63.209805, 0.0 ], [ 8.942175, 63.867287, 0.0 ], [ 9.648159, 64.74131, 0.0 ], [ 11.902035, 65.74617, 0.0 ], [ 15.483222, 66.78386, 0.0 ], [ 20.0411, 67.75237, 0.0 ], [ 25.129581, 68.557304, 0.0 ], [ 30.250546, 69.11951, 0.0 ], [ 34.90271, 69.38421, 0.0 ], [ 38.63073, 69.32546, 0.0 ], [ 41.069607, 68.94889, 0.0 ]] 
boundary 1: [[ 41.980618, 59.708534, 0.0 ], [ 41.069607, 59.05114, 0.0 ], [ 38.63073, 58.67454, 0.0 ], [ 34.902718, 58.61577, 0.0 ], [ 30.250525, 58.88042, 0.0 ], [ 25.129597, 59.442722, 0.0 ], [ 20.041096, 60.247643, 0.0 ], [ 15.483215, 61.21623, 0.0 ], [ 11.902034, 62.25376, 0.0 ], [ 9.648156, 63.2587, 0.0 ], [ 8.942178, 64.13277, 0.0 ], [ 9.8532295, 64.790184, 0.0 ], [ 12.2921095, 65.16667, 0.0 ], [ 16.020098, 65.22549, 0.0 ], [ 20.672245, 64.96088, 0.0 ], [ 25.793224, 64.398476, 0.0 ], [ 30.881746, 63.593704, 0.0 ], [ 35.439613, 62.62504, 0.0 ], [ 39.02074, 61.58746, 0.0 ], [ 41.274597, 60.58252, 0.0 ]] 
boundary 0: [[ 42.002712, 68.122894, 0.0 ], [ 41.292152, 67.25253, 0.0 ], [ 39.03301, 66.25949, 0.0 ], [ 35.446487, 65.240776, 0.0 ], [ 30.883596, 64.29614, 0.0 ], [ 25.790901, 63.518044, 0.0 ], [ 20.667044, 62.982708, 0.0 ], [ 16.013569, 62.742496, 0.0 ], [ 12.285951, 62.820923, 0.0 ], [ 9.849063, 63.210243, 0.0 ], [ 8.94149, 63.87249, 0.0 ], [ 9.652062, 64.7428, 0.0 ], [ 11.911192, 65.73579, 0.0 ], [ 15.497787, 66.75463, 0.0 ], [ 20.060694, 67.69916, 0.0 ], [ 25.15334, 68.47731, 0.0 ], [ 30.277191, 69.012566, 0.0 ], [ 34.930695, 69.2528, 0.0 ], [ 38.658348, 69.174446, 0.0 ], [ 41.095203, 68.78504, 0.0 ]] 
boundary 1: [[ 42.00272, 59.877163, 0.0 ], [ 41.095203, 59.21499, 0.0 ], [ 38.658348, 58.82556, 0.0 ], [ 34.930702, 58.747177, 0.0 ], [ 30.27717, 58.98736, 0.0 ], [ 25.153355, 59.522724, 0.0 ], [ 20.06069, 60.30086, 0.0 ], [ 15.49778, 61.24546, 0.0 ], [ 11.91119, 62.26414, 0.0 ], [ 9.65206, 63.257214, 0.0 ], [ 8.941492, 64.12756, 0.0 ], [ 9.849074, 64.789764, 0.0 ], [ 12.285939, 65.179054, 0.0 ], [ 16.013569, 65.25749, 0.0 ], [ 20.667046, 65.01736, 0.0 ], [ 25.790909, 64.48191, 0.0 ], [ 30.883595, 63.703896, 0.0 ], [ 35.446503, 62.75922, 0.0 ], [ 39.033016, 61.74049, 0.0 ], [ 41.292137, 60.74742, 0.0 ]] 
boundary 0: [[ 41.99558, 68.17806, 0.0 ], [ 41.2865, 67.306435, 0.0 ], [ 39.029076, 66.30954, 0.0 ], [ 35.44432, 65.28468, 0.0 ], [ 30.883055, 64.33217, 0.0 ], [ 25.791714, 63.545338, 0.0 ], [ 20.668781, 63.00117, 0.0 ], [ 16.01572, 62.752953, 0.0 ], [ 12.287973, 62.82497, 0.0 ], [ 9.85042, 63.210094, 0.0 ], [ 8.941715, 63.870796, 0.0 ], [ 9.650785, 64.742325, 0.0 ], [ 11.908203, 65.73917, 0.0 ], [ 15.493045, 66.76422, 0.0 ], [ 20.054316, 67.71656, 0.0 ], [ 25.145618, 68.50351, 0.0 ], [ 30.268541, 69.04753, 0.0 ], [ 34.92164, 69.29581, 0.0 ], [ 38.64941, 69.22386, 0.0 ], [ 41.08693, 68.838615, 0.0 ]] 
boundary 1: [[ 41.995586, 59.822006, 0.0 ], [ 41.08693, 59.161415, 0.0 ], [ 38.64941, 58.776146, 0.0 ], [ 34.921646, 58.704174, 0.0 ], [ 30.26852, 58.952362, 0.0 ], [ 25.145634, 59.496555, 0.0 ], [ 20.054312, 60.28346, 0.0 ], [ 15.493038, 61.23591, 0.0 ], [ 11.9082, 62.260727, 0.0 ], [ 9.650783, 63.257687, 0.0 ], [ 8.941717, 64.12926, 0.0 ], [ 9.850431, 64.78991, 0.0 ], [ 12.287962, 65.17497, 0.0 ], [ 16.01572, 65.247, 0.0 ], [ 20.668785, 64.99889, 0.0 ], [ 25.791721, 64.45462, 0.0 ], [ 30.883053, 63.667873, 0.0 ], [ 35.444336, 62.715343, 0.0 ], [ 39.029083, 61.69044, 0.0 ], [ 41.286484, 60.693485, 0.0 ]] 
boundary 0: [[ 41.95563, 68.47388, 0.0 ], [ 41.254623, 67.59574, 0.0 ], [ 39.006508, 66.57805, 0.0 ], [ 35.43136, 65.52014, 0.0 ], [ 30.879093, 64.52555, 0.0 ], [ 25.795227, 63.691757, 0.0 ], [ 20.677544, 63.100323, 0.0 ], [ 16.026972, 62.809162, 0.0 ], [ 12.29872, 62.846756, 0.0 ], [ 9.857717, 63.209366, 0.0 ], [ 8.94295, 63.86164, 0.0 ], [ 9.643945, 64.739685, 0.0 ], [ 11.892063, 65.757324, 0.0 ], [ 15.467287, 66.81544, 0.0 ], [ 20.01957, 67.80983, 0.0 ], [ 25.103386, 68.64375, 0.0 ], [ 30.221071, 69.23505, 0.0 ], [ 34.871674, 69.52627, 0.0 ], [ 38.599953, 69.48874, 0.0 ], [ 41.040916, 69.12602, 0.0 ]] 
boundary 1: [[ 41.95564, 59.526184, 0.0 ], [ 41.040916, 58.87402, 0.0 ], [ 38.599953, 58.511265, 0.0 ], [ 34.87168, 58.473713, 0.0 ], [ 30.221048, 58.764843, 0.0 ], [ 25.103405, 59.356304, 0.0 ], [ 20.019566, 60.19018, 0.0 ], [ 15.467281, 61.184704, 0.0 ], [ 11.892059, 62.24257, 0.0 ], [ 9.643942, 63.260326, 0.0 ], [ 8.942953, 64.13841, 0.0 ], [ 9.857728, 64.79064, 0.0 ], [ 12.298709, 65.15318, 0.0 ], [ 16.026972, 65.1908, 0.0 ], [ 20.677547, 64.89974, 0.0 ], [ 25.795235, 64.30819, 0.0 ], [ 30.879091, 63.474483, 0.0 ], [ 35.431374, 62.479885, 0.0 ], [ 39.006516, 61.421932, 0.0 ], [ 41.25461, 60.404182, 0.0 ]] 
boundary 0: [[ 41.926643, 68.67675, 0.0 ], [ 41.23121, 67.79418, 0.0 ], [ 38.989586, 66.76227, 0.0 ], [ 35.42121, 65.68172, 0.0 ], [ 30.875341, 64.658295, 0.0 ], [ 25.796864, 63.792305, 0.0 ], [ 20.683031, 63.168438, 0.0 ], [ 16.034395, 62.847805, 0.0 ], [ 12.3059845, 62.861767, 0.0 ], [ 9.862728, 63.2089, 0.0 ], [ 8.943848, 63.855377, 0.0 ], [ 9.639261, 64.73784, 0.0 ], [ 11.880884, 65.7697, 0.0 ], [ 15.449333, 66.85045, 0.0 ], [ 19.995216, 67.87368, 0.0 ], [ 25.073654, 68.739815, 0.0 ], [ 30.187477, 69.363525, 0.0 ], [ 34.836147, 69.68421, 0.0 ], [ 38.56459, 69.67032, 0.0 ], [ 41.00781, 69.32308, 0.0 ]] 
boundary 1: [[ 41.92665, 59.32332, 0.0 ], [ 41.00781, 58.67696, 0.0 ], [ 38.56459, 58.329693, 0.0 ], [ 34.836155, 58.315773, 0.0 ], [ 30.187454, 58.636368, 0.0 ], [ 25.073677, 59.260246, 0.0 ], [ 19.995213, 60.126328, 0.0 ], [ 15.449327, 61.149685, 0.0 ], [ 11.88088, 62.230186, 0.0 ], [ 9.639259, 63.262177, 0.0 ], [ 8.94385, 64.14468, 0.0 ], [ 9.86274, 64.791115, 0.0 ], [ 12.305973, 65.13817, 0.0 ], [ 16.034395, 65.15215, 0.0 ], [ 20.683035, 64.831635, 0.0 ], [ 25.796871, 64.20764, 0.0 ], [ 30.87534, 63.341743, 0.0 ], [ 35.421227, 62.318314, 0.0 ], [ 38.989594, 61.237717, 0.0 ], [ 41.231194, 60.205734, 0.0 ]] 
boundary 0: [[ 41.92202, 68.70833, 0.0 ], [ 41.227448, 67.82505, 0.0 ], [ 38.986855, 66.79096, 0.0 ], [ 35.419533, 65.706894, 0.0 ], [ 30.874683, 64.67899, 0.0 ], [ 25.797062, 63.80795, 0.0 ], [ 20.68385, 63.17906, 0.0 ], [ 16.035532, 62.853836, 0.0 ], [ 12.307108, 62.864113, 0.0 ], [ 9.863508, 63.20882, 0.0 ], [ 8.943989, 63.854393, 0.0 ], [ 9.638534, 64.737564, 0.0 ], [ 11.879137, 65.7716, 0.0 ], [ 15.446515, 66.85587, 0.0 ], [ 19.991396, 67.88358, 0.0 ], [ 25.068974, 68.75476, 0.0 ], [ 30.182177, 69.38353, 0.0 ], [ 34.830517, 69.70877, 0.0 ], [ 38.558987, 69.6986, 0.0 ], [ 41.002533, 69.35376, 0.0 ]] 
boundary 1: [[ 41.922028, 59.29174, 0.0 ], [ 41.002533, 58.646286, 0.0 ], [ 38.558987, 58.301445, 0.0 ], [ 34.830524, 58.29121, 0.0 ], [ 30.182154, 58.616364, 0.0 ], [ 25.068996, 59.245296, 0.0 ], [ 19.991392, 60.116394, 0.0 ], [ 15.446509, 61.14423, 0.0 ], [ 11.879133, 62.228252, 0.0 ], [ 9.638532, 63.26245, 0.0 ], [ 8.943991, 64.14566, 0.0 ], [ 9.86352, 64.79119, 0.0 ], [ 12.3070965, 65.13586, 0.0 ], [ 16.035532, 65.14612, 0.0 ], [ 20.683853, 64.821045, 0.0 ], [ 25.79707, 64.19199, 0.0 ], [ 30.874681, 63.321083, 0.0 ], [ 35.419548, 62.293167, 0.0 ], [ 38.986862, 61.209045, 0.0 ], [ 41.227432, 60.174835, 0.0 ]] 
boundary 0: [[ 41.807457, 69.42995, 0.0 ], [ 41.133034, 68.5312, 0.0 ], [ 38.91636, 67.44675, 0.0 ], [ 35.37446, 66.28235, 0.0 ], [ 30.854, 65.15201, 0.0 ], [ 25.797348, 64.16646, 0.0 ], [ 20.699654, 63.42219, 0.0 ], [ 16.059874, 62.992016, 0.0 ], [ 12.332168, 62.918045, 0.0 ], [ 9.881403, 63.207447, 0.0 ], [ 8.947532, 63.832077, 0.0 ], [ 9.6219425, 64.73072, 0.0 ], [ 11.83861, 65.81513, 0.0 ], [ 15.380577, 66.97971, 0.0 ], [ 19.90108, 68.10986, 0.0 ], [ 24.957672, 69.09556, 0.0 ], [ 30.055367, 69.8397, 0.0 ], [ 34.69516, 70.2699, 0.0 ], [ 38.422916, 70.34398, 0.0 ], [ 40.87361, 70.05443, 0.0 ]] 
boundary 1: [[ 41.80747, 58.57012, 0.0 ], [ 40.87361, 57.945614, 0.0 ], [ 38.422916, 57.656067, 0.0 ], [ 34.695168, 57.730095, 0.0 ], [ 30.055342, 58.160194, 0.0 ], [ 24.957695, 58.904507, 0.0 ], [ 19.901072, 59.890114, 0.0 ], [ 15.380574, 61.020382, 0.0 ], [ 11.838603, 62.18474, 0.0 ], [ 9.621941, 63.269302, 0.0 ], [ 8.9475355, 64.16797, 0.0 ], [ 9.881414, 64.79257, 0.0 ], [ 12.332155, 65.081924, 0.0 ], [ 16.059874, 65.00794, 0.0 ], [ 20.699661, 64.57791, 0.0 ], [ 25.797356, 63.833485, 0.0 ], [ 30.853998, 62.84806, 0.0 ], [ 35.374474, 61.717716, 0.0 ], [ 38.916367, 60.55326, 0.0 ], [ 41.13301, 59.468685, 0.0 ]] 
boundary 0: [[ 41.600838, 70.52791, 0.0 ], [ 40.957855, 69.60639, 0.0 ], [ 38.779976, 68.446, 0.0 ], [ 35.28041, 67.15993, 0.0 ], [ 30.80171, 65.874084, 0.0 ], [ 25.782133, 64.71443, 0.0 ], [ 20.713194, 63.794495, 0.0 ], [ 16.091038, 63.204277, 0.0 ], [ 12.368116, 63.001564, 0.0 ], [ 9.908816, 63.206123, 0.0 ], [ 8.953922, 63.79812, 0.0 ], [ 9.596883, 64.71953, 0.0 ], [ 11.774763, 65.87987, 0.0 ], [ 15.274382, 67.16613, 0.0 ], [ 19.753136, 68.451775, 0.0 ], [ 24.772663, 69.61159, 0.0 ], [ 29.841602, 70.53139, 0.0 ], [ 34.463764, 71.12163, 0.0 ], [ 38.186737, 71.32446, 0.0 ], [ 40.645973, 71.11974, 0.0 ]] 
boundary 1: [[ 41.600845, 57.47217, 0.0 ], [ 40.645973, 56.880302, 0.0 ], [ 38.186737, 56.67559, 0.0 ], [ 34.46377, 56.87836, 0.0 ], [ 29.841572, 57.4685, 0.0 ], [ 24.772686, 58.388493, 0.0 ], [ 19.753128, 59.5482, 0.0 ], [ 15.274384, 60.833965, 0.0 ], [ 11.774752, 62.120003, 0.0 ], [ 9.596882, 63.280495, 0.0 ], [ 8.953926, 64.201935, 0.0 ], [ 9.908828, 64.793884, 0.0 ], [ 12.368103, 64.9984, 0.0 ], [ 16.091036, 64.795685, 0.0 ], [ 20.713203, 64.2056, 0.0 ], [ 25.782135, 63.285515, 0.0 ], [ 30.801712, 62.125977, 0.0 ], [ 35.280426, 60.840137, 0.0 ], [ 38.779984, 59.55401, 0.0 ], [ 40.957832, 58.3935, 0.0 ]] 
boundary 0: [[ 41.495117, 71.02128, 0.0 ], [ 40.86661, 70.08983, 0.0 ], [ 38.707092, 68.89559, 0.0 ], [ 35.22802, 67.55505, 0.0 ], [ 30.769936, 66.19949, 0.0 ], [ 25.769056, 64.961655, 0.0 ], [ 20.71509, 63.96273, 0.0 ], [ 16.102703, 63.30046, 0.0 ], [ 12.383398, 63.039677, 0.0 ], [ 9.9212055, 63.20583, 0.0 ], [ 8.957191, 63.78286, 0.0 ], [ 9.585696, 64.714195, 0.0 ], [ 11.745207, 65.90837, 0.0 ], [ 15.224325, 67.24909, 0.0 ], [ 19.682468, 68.60447, 0.0 ], [ 24.683292, 69.84246, 0.0 ], [ 29.73726, 70.841255, 0.0 ], [ 34.349655, 71.50355, 0.0 ], [ 38.068996, 71.76445, 0.0 ], [ 40.53115, 71.59814, 0.0 ]] 
boundary 1: [[ 41.495125, 56.978813, 0.0 ], [ 40.53115, 56.40192, 0.0 ], [ 38.068996, 56.235603, 0.0 ], [ 34.349663, 56.496445, 0.0 ], [ 29.73723, 57.15863, 0.0 ], [ 24.683315, 58.15762, 0.0 ], [ 19.68246, 59.39551, 0.0 ], [ 15.224328, 60.751003, 0.0 ], [ 11.745191, 62.0915, 0.0 ], [ 9.585695, 63.28583, 0.0 ], [ 8.957197, 64.217186, 0.0 ], [ 9.921217, 64.794174, 0.0 ], [ 12.383385, 64.96028, 0.0 ], [ 16.102701, 64.69949, 0.0 ], [ 20.7151, 64.03738, 0.0 ], [ 25.769056, 63.038296, 0.0 ], [ 30.769938, 61.800568, 0.0 ], [ 35.228035, 60.445007, 0.0 ], [ 38.7071, 59.104416, 0.0 ], [ 40.866573, 57.91007, 0.0 ]] 
boundary 0: [[ 41.33617, 71.701035, 0.0 ], [ 40.727936, 70.75623, 0.0 ], [ 38.594696, 69.515656, 0.0 ], [ 35.14537, 68.10031, 0.0 ], [ 30.7176, 66.648834, 0.0 ], [ 25.744606, 65.30332, 0.0 ], [ 20.713379, 64.1955, 0.0 ], [ 16.116367, 63.433815, 0.0 ], [ 12.403559, 63.092804, 0.0 ], [ 9.938353, 63.205757, 0.0 ], [ 8.962105, 63.761837, 0.0 ], [ 9.570359, 64.70652, 0.0 ], [ 11.703585, 65.94702, 0.0 ], [ 15.152948, 67.36257, 0.0 ], [ 19.580791, 68.81388, 0.0 ], [ 24.553722, 70.15955, 0.0 ], [ 29.584946, 71.26722, 0.0 ], [ 34.181984, 72.02894, 0.0 ], [ 37.894814, 72.37009, 0.0 ], [ 40.359978, 72.25695, 0.0 ]] 
boundary 1: [[ 41.33619, 56.299057, 0.0 ], [ 40.359978, 55.743107, 0.0 ], [ 37.89482, 55.62997, 0.0 ], [ 34.18199, 55.97106, 0.0 ], [ 29.584913, 56.732674, 0.0 ], [ 24.553753, 57.84053, 0.0 ], [ 19.580784, 59.186108, 0.0 ], [ 15.152952, 60.63753, 0.0 ], [ 11.703565, 62.052822, 0.0 ], [ 9.570358, 63.293503, 0.0 ], [ 8.962111, 64.23821, 0.0 ], [ 9.938364, 64.79426, 0.0 ], [ 12.403545, 64.90717, 0.0 ], [ 16.116364, 64.56613, 0.0 ], [ 20.71339, 63.8046, 0.0 ], [ 25.744606, 62.696636, 0.0 ], [ 30.717602, 61.35123, 0.0 ], [ 35.145386, 59.899734, 0.0 ], [ 38.594704, 58.484352, 0.0 ], [ 40.72789, 57.243656, 0.0 ]] 
boundary 0: [[ 40.96267, 73.08982, 0.0 ], [ 40.39705, 72.1189, 0.0 ], [ 38.3211, 70.78469, 0.0 ], [ 34.93811, 69.217354, 0.0 ], [ 30.579264, 67.570435, 0.0 ], [ 25.671019, 66.00511, 0.0 ], [ 20.69402, 64.67466, 0.0 ], [ 16.13543, 63.709324, 0.0 ], [ 12.441458, 63.203545, 0.0 ], [ 9.973665, 63.206764, 0.0 ], [ 8.973656, 63.718887, 0.0 ], [ 9.539303, 64.68968, 0.0 ], [ 11.615253, 66.023834, 0.0 ], [ 14.9982605, 67.591354, 0.0 ], [ 19.357191, 69.23812, 0.0 ], [ 24.265366, 70.80358, 0.0 ], [ 29.242357, 72.13387, 0.0 ], [ 33.80098, 73.09927, 0.0 ], [ 37.49496, 73.60517, 0.0 ], [ 39.962723, 73.60178, 0.0 ]] 
boundary 1: [[ 40.96269, 54.910275, 0.0 ], [ 39.962723, 54.39828, 0.0 ], [ 37.49497, 54.39488, 0.0 ], [ 33.800987, 54.900726, 0.0 ], [ 29.24232, 55.866005, 0.0 ], [ 24.265396, 57.196487, 0.0 ], [ 19.357183, 58.761868, 0.0 ], [ 14.99827, 60.40876, 0.0 ], [ 11.61523, 61.97604, 0.0 ], [ 9.539303, 63.310345, 0.0 ], [ 8.973666, 64.281166, 0.0 ], [ 9.973678, 64.79326, 0.0 ], [ 12.441444, 64.79643, 0.0 ], [ 16.135424, 64.29064, 0.0 ], [ 20.694035, 63.325436, 0.0 ], [ 25.671013, 61.99484, 0.0 ], [ 30.579268, 60.429626, 0.0 ], [ 34.938133, 58.782677, 0.0 ], [ 38.321106, 57.215317, 0.0 ], [ 40.397003, 55.880993, 0.0 ]] 
boundary 0: [[ 39.89809, 76.147354, 0.0 ], [ 39.432396, 75.124756, 0.0 ], [ 37.50027, 73.58962, 0.0 ], [ 34.291, 71.69182, 0.0 ], [ 30.118698, 69.61724, 0.0 ], [ 25.391603, 67.56891, 0.0 ], [ 20.572601, 65.7474, 0.0 ], [ 16.133404, 64.331024, 0.0 ], [ 12.508535, 63.45836, 0.0 ], [ 10.052791, 63.214775, 0.0 ], [ 9.006578, 63.624325, 0.0 ], [ 9.472305, 64.64681, 0.0 ], [ 11.404428, 66.181885, 0.0 ], [ 14.613716, 68.07987, 0.0 ], [ 18.786112, 70.1543, 0.0 ], [ 23.513123, 72.20276, 0.0 ], [ 28.33213, 74.0241, 0.0 ], [ 32.771347, 75.44056, 0.0 ], [ 36.39622, 76.31333, 0.0 ], [ 38.851963, 76.55675, 0.0 ]] 
boundary 1: [[ 39.89811, 51.852734, 0.0 ], [ 38.851974, 51.443314, 0.0 ], [ 36.396233, 51.68671, 0.0 ], [ 32.771355, 52.55945, 0.0 ], [ 28.332077, 53.975777, 0.0 ], [ 23.513157, 55.79731, 0.0 ], [ 18.786095, 57.845684, 0.0 ], [ 14.613735, 59.92024, 0.0 ], [ 11.404391, 61.81799, 0.0 ], [ 9.472309, 63.353207, 0.0 ], [ 9.006596, 64.37573, 0.0 ], [ 10.052806, 64.78525, 0.0 ], [ 12.508519, 64.54162, 0.0 ], [ 16.133396, 63.668945, 0.0 ], [ 20.57263, 62.252686, 0.0 ], [ 25.391594, 60.431034, 0.0 ], [ 30.118706, 58.382816, 0.0 ], [ 34.291023, 56.308212, 0.0 ], [ 37.500282, 54.4104, 0.0 ], [ 39.432346, 52.87516, 0.0 ]] 
boundary 0: [[ 37.372894, 81.103065, 0.0 ], [ 37.08934, 80.01579, 0.0 ], [ 35.448902, 78.17224, 0.0 ], [ 32.612373, 75.752495, 0.0 ], [ 28.85735, 72.993546, 0.0 ], [ 24.551239, 70.16538, 0.0 ], [ 20.115719, 67.54492, 0.0 ], [ 15.984942, 65.38871, 0.0 ], [ 12.563263, 63.907722, 0.0 ], [ 10.185596, 63.24687, 0.0 ], [ 9.084675, 63.47105, 0.0 ], [ 9.368275, 64.55823, 0.0 ], [ 11.008725, 66.40172, 0.0 ], [ 13.845248, 68.82164, 0.0 ], [ 17.600395, 71.58045, 0.0 ], [ 21.906391, 74.40873, 0.0 ], [ 26.341953, 77.02902, 0.0 ], [ 30.472736, 79.185326, 0.0 ], [ 33.894405, 80.66643, 0.0 ], [ 36.272095, 81.32712, 0.0 ]] 
boundary 1: [[ 37.372932, 46.89701, 0.0 ], [ 36.27211, 46.67294, 0.0 ], [ 33.894417, 47.333614, 0.0 ], [ 30.472744, 48.814674, 0.0 ], [ 26.341883, 50.970863, 0.0 ], [ 21.906437, 53.591328, 0.0 ], [ 17.600372, 56.419533, 0.0 ], [ 13.845284, 59.178463, 0.0 ], [ 11.008668, 61.598156, 0.0 ], [ 9.368281, 63.441788, 0.0 ], [ 9.084702, 64.52901, 0.0 ], [ 10.185616, 64.75315, 0.0 ], [ 12.563242, 64.09226, 0.0 ], [ 15.984926, 62.611256, 0.0 ], [ 20.115755, 60.455147, 0.0 ], [ 24.551224, 57.834564, 0.0 ], [ 28.857368, 55.0065, 0.0 ], [ 32.612396, 52.247536, 0.0 ], [ 35.448925, 49.827785, 0.0 ], [ 37.089287, 47.98414, 0.0 ]] 
boundary 0: [[ 37.62923, 80.68477, 0.0 ], [ 37.329212, 79.60193, 0.0 ], [ 35.66099, 77.78348, 0.0 ], [ 32.78808, 75.40704, 0.0 ], [ 28.991625, 72.70539, 0.0 ], [ 24.6431, 69.94289, 0.0 ], [ 20.168331, 67.39002, 0.0 ], [ 16.005316, 65.29673, 0.0 ], [ 12.56156, 63.867832, 0.0 ], [ 10.174141, 63.243126, 0.0 ], [ 9.076747, 63.483986, 0.0 ], [ 9.376809, 64.566734, 0.0 ], [ 11.045041, 66.385124, 0.0 ], [ 13.9179535, 68.761734, 0.0 ], [ 17.714527, 71.46325, 0.0 ], [ 22.062939, 74.22587, 0.0 ], [ 26.537746, 76.778564, 0.0 ], [ 30.700771, 78.87195, 0.0 ], [ 34.144516, 80.300964, 0.0 ], [ 36.53196, 80.9255, 0.0 ]] 
boundary 1: [[ 37.629265, 47.315304, 0.0 ], [ 36.531975, 47.07456, 0.0 ], [ 34.144527, 47.69908, 0.0 ], [ 30.700779, 49.128056, 0.0 ], [ 26.537678, 51.22132, 0.0 ], [ 22.062984, 53.774185, 0.0 ], [ 17.714504, 56.53673, 0.0 ], [ 13.917989, 59.238373, 0.0 ], [ 11.044986, 61.614746, 0.0 ], [ 9.376816, 63.433277, 0.0 ], [ 9.076773, 64.51607, 0.0 ], [ 10.174159, 64.75689, 0.0 ], [ 12.56154, 64.13216, 0.0 ], [ 16.0053, 62.70323, 0.0 ], [ 20.168367, 60.610046, 0.0 ], [ 24.643085, 58.057064, 0.0 ], [ 28.991644, 55.29466, 0.0 ], [ 32.7881, 52.592983, 0.0 ], [ 35.661015, 50.21655, 0.0 ], [ 37.329163, 48.398003, 0.0 ]] 
boundary 0: [[ 39.798126, 76.39107, 0.0 ], [ 39.340782, 75.36472, 0.0 ], [ 37.421223, 73.81391, 0.0 ], [ 34.22753, 71.88999, 0.0 ], [ 30.072268, 69.7815, 0.0 ], [ 25.362015, 67.694725, 0.0 ], [ 20.558018, 65.834, 0.0 ], [ 16.130505, 64.38152, 0.0 ], [ 12.512864, 63.479374, 0.0 ], [ 10.059184, 63.21577, 0.0 ], [ 9.009669, 63.616783, 0.0 ], [ 9.4670515, 64.64303, 0.0 ], [ 11.386603, 66.19379, 0.0 ], [ 14.580322, 68.11787, 0.0 ], [ 18.735683, 70.22622, 0.0 ], [ 23.445843, 72.31311, 0.0 ], [ 28.249851, 74.173645, 0.0 ], [ 32.677383, 75.62623, 0.0 ], [ 36.295036, 76.52852, 0.0 ], [ 38.74871, 76.79193, 0.0 ]] 
boundary 1: [[ 39.79815, 51.60901, 0.0 ], [ 38.748722, 51.208134, 0.0 ], [ 36.295044, 51.471535, 0.0 ], [ 32.67739, 52.373768, 0.0 ], [ 28.249802, 53.82622, 0.0 ], [ 23.445885, 55.68695, 0.0 ], [ 18.735666, 57.773766, 0.0 ], [ 14.58034, 59.882248, 0.0 ], [ 11.386568, 61.80607, 0.0 ], [ 9.467056, 63.356983, 0.0 ], [ 9.0096855, 64.38328, 0.0 ], [ 10.0592, 64.78424, 0.0 ], [ 12.512845, 64.52063, 0.0 ], [ 16.130497, 63.618446, 0.0 ], [ 20.55804, 62.16607, 0.0 ], [ 25.362007, 60.305218, 0.0 ], [ 30.07228, 58.21855, 0.0 ], [ 34.227554, 56.11004, 0.0 ], [ 37.42124, 54.186134, 0.0 ], [ 39.340736, 52.63521, 0.0 ]] 
boundary 0: [[ 41.04596, 72.80047, 0.0 ], [ 40.471325, 71.83489, 0.0 ], [ 38.38302, 70.520065, 0.0 ], [ 34.98561, 68.98427, 0.0 ], [ 30.61161, 67.37802, 0.0 ], [ 25.689007, 65.85845, 0.0 ], [ 20.69983, 64.57441, 0.0 ], [ 16.132454, 63.65158, 0.0 ], [ 12.433937, 63.18024, 0.0 ], [ 9.966276, 63.20642, 0.0 ], [ 8.971079, 63.727833, 0.0 ], [ 9.545742, 64.69331, 0.0 ], [ 11.634026, 66.00808, 0.0 ], [ 15.031485, 67.54403, 0.0 ], [ 19.405563, 69.15014, 0.0 ], [ 24.328098, 70.66983, 0.0 ], [ 29.317257, 71.9537, 0.0 ], [ 33.88467, 72.87662, 0.0 ], [ 37.583206, 73.3481, 0.0 ], [ 40.050842, 73.32172, 0.0 ]] 
boundary 1: [[ 41.045975, 55.199604, 0.0 ], [ 40.050842, 54.67833, 0.0 ], [ 37.583206, 54.651955, 0.0 ], [ 33.884678, 55.123383, 0.0 ], [ 29.317226, 56.04616, 0.0 ], [ 24.328129, 57.330242, 0.0 ], [ 19.405552, 58.849842, 0.0 ], [ 15.031487, 60.456078, 0.0 ], [ 11.6340065, 61.991787, 0.0 ], [ 9.545744, 63.30671, 0.0 ], [ 8.971086, 64.272224, 0.0 ], [ 9.96629, 64.793594, 0.0 ], [ 12.433918, 64.81976, 0.0 ], [ 16.13245, 64.34839, 0.0 ], [ 20.699848, 63.42567, 0.0 ], [ 25.689007, 62.141476, 0.0 ], [ 30.611618, 60.622036, 0.0 ], [ 34.985626, 59.01575, 0.0 ], [ 38.38304, 57.479958, 0.0 ], [ 40.471283, 56.165024, 0.0 ]] 
boundary 0: [[ 41.52227, 70.897995, 0.0 ], [ 40.890152, 69.96903, 0.0 ], [ 38.725983, 68.78322, 0.0 ], [ 35.2417, 67.45624, 0.0 ], [ 30.778368, 66.11812, 0.0 ], [ 25.772694, 64.8998, 0.0 ], [ 20.714848, 63.9206, 0.0 ], [ 16.099922, 63.276382, 0.0 ], [ 12.379635, 63.030144, 0.0 ], [ 9.918102, 63.205883, 0.0 ], [ 8.956347, 63.786674, 0.0 ], [ 9.5884905, 64.715546, 0.0 ], [ 11.752644, 65.901276, 0.0 ], [ 15.236971, 67.228424, 0.0 ], [ 19.700375, 68.56638, 0.0 ], [ 24.70599, 69.78483, 0.0 ], [ 29.763813, 70.76388, 0.0 ], [ 34.37877, 71.40817, 0.0 ], [ 38.09909, 71.65456, 0.0 ], [ 40.56059, 71.47861, 0.0 ]] 
boundary 1: [[ 41.522285, 57.10208, 0.0 ], [ 40.56059, 56.521442, 0.0 ], [ 38.099083, 56.345505, 0.0 ], [ 34.378777, 56.591835, 0.0 ], [ 29.76379, 57.235992, 0.0 ], [ 24.706018, 58.21524, 0.0 ], [ 19.700367, 59.433594, 0.0 ], [ 15.236969, 60.77169, 0.0 ], [ 11.752632, 62.098595, 0.0 ], [ 9.58849, 63.28449, 0.0 ], [ 8.956352, 64.21339, 0.0 ], [ 9.918115, 64.794136, 0.0 ], [ 12.379616, 64.96986, 0.0 ], [ 16.099922, 64.72359, 0.0 ], [ 20.714855, 64.079475, 0.0 ], [ 25.772697, 63.100124, 0.0 ], [ 30.778376, 61.881927, 0.0 ], [ 35.24171, 60.543785, 0.0 ], [ 38.726006, 59.216797, 0.0 ], [ 40.89012, 58.030888, 0.0 ]] 
boundary 0: [[ 41.696663, 70.04435, 0.0 ], [ 41.039757, 69.132774, 0.0 ], [ 38.844406, 68.00571, 0.0 ], [ 35.325645, 66.77309, 0.0 ], [ 30.827877, 65.5557, 0.0 ], [ 25.791193, 64.47271, 0.0 ], [ 20.708797, 63.63014, 0.0 ], [ 16.078186, 63.110493, 0.0 ], [ 12.352617, 62.96458, 0.0 ], [ 9.896711, 63.20658, 0.0 ], [ 8.950954, 63.81308, 0.0 ], [ 9.607895, 64.72459, 0.0 ], [ 11.80321, 65.851555, 0.0 ], [ 15.322032, 67.08436, 0.0 ], [ 19.819866, 68.30156, 0.0 ], [ 24.856495, 69.3847, 0.0 ], [ 29.938862, 70.22711, 0.0 ], [ 34.569504, 70.746826, 0.0 ], [ 38.29512, 70.89289, 0.0 ], [ 40.750988, 70.65068, 0.0 ]] 
boundary 1: [[ 41.69668, 57.955704, 0.0 ], [ 40.750984, 57.34937, 0.0 ], [ 38.295113, 57.10717, 0.0 ], [ 34.56951, 57.253178, 0.0 ], [ 29.938845, 57.772755, 0.0 ], [ 24.856522, 58.61537, 0.0 ], [ 19.81986, 59.698414, 0.0 ], [ 15.322028, 60.915764, 0.0 ], [ 11.803204, 62.1483, 0.0 ], [ 9.607893, 63.27545, 0.0 ], [ 8.950957, 64.18698, 0.0 ], [ 9.896724, 64.793434, 0.0 ], [ 12.352598, 65.03539, 0.0 ], [ 16.078186, 64.88948, 0.0 ], [ 20.708805, 64.36994, 0.0 ], [ 25.791197, 63.52723, 0.0 ], [ 30.827883, 62.444344, 0.0 ], [ 35.32566, 61.226936, 0.0 ], [ 38.84443, 59.994316, 0.0 ], [ 41.039726, 58.86714, 0.0 ]] 
boundary 0: [[ 41.794914, 69.503075, 0.0 ], [ 41.12259, 68.60278, 0.0 ], [ 38.90838, 67.51323, 0.0 ], [ 35.369156, 66.34067, 0.0 ], [ 30.851332, 65.19998, 0.0 ], [ 25.796936, 64.20283, 0.0 ], [ 20.700947, 63.446854, 0.0 ], [ 16.062164, 63.006077, 0.0 ], [ 12.33465, 62.923573, 0.0 ], [ 9.883218, 63.207317, 0.0 ], [ 8.947917, 63.829823, 0.0 ], [ 9.62027, 64.73001, 0.0 ], [ 11.834442, 65.81947, 0.0 ], [ 15.37373, 66.99223, 0.0 ], [ 19.891619, 68.13273, 0.0 ], [ 24.945951, 69.13002, 0.0 ], [ 30.041914, 69.88583, 0.0 ], [ 34.680733, 70.32668, 0.0 ], [ 38.408287, 70.40934, 0.0 ], [ 40.859688, 70.12538, 0.0 ]] 
boundary 1: [[ 41.79493, 58.497005, 0.0 ], [ 40.859688, 57.87467, 0.0 ], [ 38.40828, 57.59072, 0.0 ], [ 34.68074, 57.673313, 0.0 ], [ 30.041897, 58.114033, 0.0 ], [ 24.945974, 58.870052, 0.0 ], [ 19.891615, 59.867252, 0.0 ], [ 15.373725, 61.007893, 0.0 ], [ 11.834438, 62.18038, 0.0 ], [ 9.620268, 63.27002, 0.0 ], [ 8.94792, 64.17025, 0.0 ], [ 9.88323, 64.792694, 0.0 ], [ 12.334631, 65.0764, 0.0 ], [ 16.062166, 64.9939, 0.0 ], [ 20.700954, 64.55323, 0.0 ], [ 25.796944, 63.797108, 0.0 ], [ 30.851336, 62.80008, 0.0 ], [ 35.36917, 61.659367, 0.0 ], [ 38.9084, 60.48679, 0.0 ], [ 41.12256, 59.397133, 0.0 ]] 
boundary 0: [[ 41.911728, 68.777695, 0.0 ], [ 41.219124, 67.89291, 0.0 ], [ 38.980724, 66.85394, 0.0 ], [ 35.41577, 65.76211, 0.0 ], [ 30.873201, 64.72437, 0.0 ], [ 25.797445, 63.842327, 0.0 ], [ 20.685598, 63.202335, 0.0 ], [ 16.037998, 62.867077, 0.0 ], [ 12.30957, 62.869286, 0.0 ], [ 9.865219, 63.20866, 0.0 ], [ 8.9443035, 63.85226, 0.0 ], [ 9.636939, 64.73693, 0.0 ], [ 11.875292, 65.77581, 0.0 ], [ 15.440315, 66.86784, 0.0 ], [ 19.982954, 67.905396, 0.0 ], [ 25.05864, 68.787575, 0.0 ], [ 30.17046, 69.4274, 0.0 ], [ 34.818092, 69.76273, 0.0 ], [ 38.54657, 69.76067, 0.0 ], [ 40.99089, 69.4211, 0.0 ]] 
boundary 1: [[ 41.911743, 59.222385, 0.0 ], [ 40.99089, 58.578953, 0.0 ], [ 38.546562, 58.239384, 0.0 ], [ 34.8181, 58.23725, 0.0 ], [ 30.170448, 58.572456, 0.0 ], [ 25.058659, 59.212498, 0.0 ], [ 19.98295, 60.094593, 0.0 ], [ 15.440307, 61.132282, 0.0 ], [ 11.875295, 62.224052, 0.0 ], [ 9.636935, 63.26309, 0.0 ], [ 8.944306, 64.14781, 0.0 ], [ 9.8652315, 64.79135, 0.0 ], [ 12.309553, 65.130684, 0.0 ], [ 16.038002, 65.1329, 0.0 ], [ 20.685602, 64.79776, 0.0 ], [ 25.797453, 64.1576, 0.0 ], [ 30.873205, 63.27569, 0.0 ], [ 35.415787, 62.23792, 0.0 ], [ 38.980747, 61.14607, 0.0 ], [ 41.219093, 60.107006, 0.0 ]] 
boundary 0: [[ 41.9805, 68.29221, 0.0 ], [ 41.274536, 67.41802, 0.0 ], [ 39.02068, 66.41314, 0.0 ], [ 35.439552, 65.37547, 0.0 ], [ 30.881786, 64.406746, 0.0 ], [ 25.793228, 63.601772, 0.0 ], [ 20.672264, 63.039375, 0.0 ], [ 16.020115, 62.77463, 0.0 ], [ 12.292151, 62.83338, 0.0 ], [ 9.853227, 63.20978, 0.0 ], [ 8.942177, 63.86727, 0.0 ], [ 9.648149, 64.74134, 0.0 ], [ 11.901998, 65.74616, 0.0 ], [ 15.483172, 66.784004, 0.0 ], [ 20.04102, 67.75254, 0.0 ], [ 25.129498, 68.557655, 0.0 ], [ 30.250435, 69.11989, 0.0 ], [ 34.902626, 69.384705, 0.0 ], [ 38.63063, 69.32611, 0.0 ], [ 41.069527, 68.9495, 0.0 ]] 
boundary 1: [[ 41.980515, 59.707874, 0.0 ], [ 41.069527, 59.050545, 0.0 ], [ 38.630623, 58.67395, 0.0 ], [ 34.902634, 58.615273, 0.0 ], [ 30.250425, 58.87997, 0.0 ], [ 25.129517, 59.442417, 0.0 ], [ 20.041016, 60.247444, 0.0 ], [ 15.483163, 61.21612, 0.0 ], [ 11.902002, 62.2537, 0.0 ], [ 9.648144, 63.25868, 0.0 ], [ 8.942178, 64.132805, 0.0 ], [ 9.853239, 64.79023, 0.0 ], [ 12.292134, 65.16659, 0.0 ], [ 16.020119, 65.225334, 0.0 ], [ 20.672266, 64.96072, 0.0 ], [ 25.793236, 64.39815, 0.0 ], [ 30.881788, 63.59331, 0.0 ], [ 35.439568, 62.624546, 0.0 ], [ 39.020702, 61.586887, 0.0 ], [ 41.274506, 60.581886, 0.0 ]] 
boundary 0: [[ 42.002613, 68.12358, 0.0 ], [ 41.292076, 67.25313, 0.0 ], [ 39.032963, 66.26011, 0.0 ], [ 35.44644, 65.2413, 0.0 ], [ 30.883636, 64.296555, 0.0 ], [ 25.790913, 63.518364, 0.0 ], [ 20.667065, 62.9829, 0.0 ], [ 16.01359, 62.742634, 0.0 ], [ 12.285981, 62.82099, 0.0 ], [ 9.8490715, 63.21022, 0.0 ], [ 8.941492, 63.872475, 0.0 ], [ 9.652052, 64.74283, 0.0 ], [ 11.911154, 65.73578, 0.0 ], [ 15.49774, 66.754776, 0.0 ], [ 20.060614, 67.699326, 0.0 ], [ 25.15326, 68.47766, 0.0 ], [ 30.27708, 69.01295, 0.0 ], [ 34.93061, 69.253296, 0.0 ], [ 38.65825, 69.175095, 0.0 ], [ 41.09513, 68.78565, 0.0 ]] 
boundary 1: [[ 42.00263, 59.8765, 0.0 ], [ 41.09513, 59.214394, 0.0 ], [ 38.65824, 58.82497, 0.0 ], [ 34.93062, 58.74668, 0.0 ], [ 30.277073, 58.986908, 0.0 ], [ 25.153275, 59.522415, 0.0 ], [ 20.06061, 60.300663, 0.0 ], [ 15.497728, 61.245354, 0.0 ], [ 11.911161, 62.26408, 0.0 ], [ 9.652047, 63.25719, 0.0 ], [ 8.941492, 64.1276, 0.0 ], [ 9.849084, 64.78981, 0.0 ], [ 12.285964, 65.17897, 0.0 ], [ 16.013594, 65.25734, 0.0 ], [ 20.667067, 65.0172, 0.0 ], [ 25.790922, 64.48158, 0.0 ], [ 30.883638, 63.703503, 0.0 ], [ 35.446457, 62.758728, 0.0 ], [ 39.032986, 61.739918, 0.0 ], [ 41.292046, 60.746788, 0.0 ]] 
boundary 0: [[ 41.99548, 68.17875, 0.0 ], [ 41.286423, 67.30703, 0.0 ], [ 39.02903, 66.31016, 0.0 ], [ 35.444275, 65.28521, 0.0 ], [ 30.883095, 64.33258, 0.0 ], [ 25.791725, 63.54566, 0.0 ], [ 20.668804, 63.00136, 0.0 ], [ 16.01574, 62.75309, 0.0 ], [ 12.288004, 62.82504, 0.0 ], [ 9.850429, 63.21007, 0.0 ], [ 8.941717, 63.87078, 0.0 ], [ 9.650774, 64.742355, 0.0 ], [ 11.908165, 65.73916, 0.0 ], [ 15.492997, 66.76436, 0.0 ], [ 20.054235, 67.71673, 0.0 ], [ 25.145538, 68.50386, 0.0 ], [ 30.268429, 69.04791, 0.0 ], [ 34.921555, 69.2963, 0.0 ], [ 38.649307, 69.22451, 0.0 ], [ 41.086857, 68.839226, 0.0 ]] 
boundary 1: [[ 41.995495, 59.821342, 0.0 ], [ 41.086857, 59.16082, 0.0 ], [ 38.6493, 58.77556, 0.0 ], [ 34.921562, 58.70368, 0.0 ], [ 30.268421, 58.951916, 0.0 ], [ 25.145554, 59.496246, 0.0 ], [ 20.054232, 60.28326, 0.0 ], [ 15.492987, 61.2358, 0.0 ], [ 11.908171, 62.260666, 0.0 ], [ 9.65077, 63.257664, 0.0 ], [ 8.941717, 64.129295, 0.0 ], [ 9.850441, 64.789955, 0.0 ], [ 12.287987, 65.17489, 0.0 ], [ 16.015743, 65.24685, 0.0 ], [ 20.668804, 64.99873, 0.0 ], [ 25.791733, 64.45429, 0.0 ], [ 30.883097, 63.66748, 0.0 ], [ 35.44429, 62.71485, 0.0 ], [ 39.029053, 61.68987, 0.0 ], [ 41.28639, 60.692856, 0.0 ]] 
boundary 0: [[ 41.955532, 68.47456, 0.0 ], [ 41.254547, 67.59634, 0.0 ], [ 39.006462, 66.57867, 0.0 ], [ 35.431313, 65.52067, 0.0 ], [ 30.87913, 64.52596, 0.0 ], [ 25.795238, 63.692078, 0.0 ], [ 20.677567, 63.100513, 0.0 ], [ 16.02699, 62.8093, 0.0 ], [ 12.298751, 62.846825, 0.0 ], [ 9.857725, 63.209343, 0.0 ], [ 8.942953, 63.861626, 0.0 ], [ 9.643933, 64.739716, 0.0 ], [ 11.892025, 65.75732, 0.0 ], [ 15.467236, 66.815575, 0.0 ], [ 20.01949, 67.81, 0.0 ], [ 25.103304, 68.644104, 0.0 ], [ 30.220957, 69.23543, 0.0 ], [ 34.87159, 69.526764, 0.0 ], [ 38.599846, 69.48939, 0.0 ], [ 41.040848, 69.12663, 0.0 ]] 
boundary 1: [[ 41.955547, 59.525528, 0.0 ], [ 41.040848, 58.873425, 0.0 ], [ 38.59984, 58.510677, 0.0 ], [ 34.871597, 58.473217, 0.0 ], [ 30.22095, 58.7644, 0.0 ], [ 25.10332, 59.356003, 0.0 ], [ 20.019485, 60.189983, 0.0 ], [ 15.46723, 61.184597, 0.0 ], [ 11.892029, 62.242508, 0.0 ], [ 9.6439295, 63.260303, 0.0 ], [ 8.942953, 64.13845, 0.0 ], [ 9.857738, 64.79069, 0.0 ], [ 12.298732, 65.1531, 0.0 ], [ 16.026995, 65.19065, 0.0 ], [ 20.677567, 64.89958, 0.0 ], [ 25.795244, 64.30786, 0.0 ], [ 30.879131, 63.47409, 0.0 ], [ 35.431328, 62.479393, 0.0 ], [ 39.006485, 61.42136, 0.0 ], [ 41.25451, 60.40355, 0.0 ]] 
boundary 0: [[ 41.926533, 68.67744, 0.0 ], [ 41.231125, 67.79478, 0.0 ], [ 38.98953, 66.762886, 0.0 ], [ 35.42116, 65.68224, 0.0 ], [ 30.875372, 64.65871, 0.0 ], [ 25.796875, 63.792625, 0.0 ], [ 20.68305, 63.16863, 0.0 ], [ 16.034414, 62.847946, 0.0 ], [ 12.306015, 62.86184, 0.0 ], [ 9.862737, 63.208878, 0.0 ], [ 8.94385, 63.855362, 0.0 ], [ 9.63925, 64.73787, 0.0 ], [ 11.880846, 65.76969, 0.0 ], [ 15.44928, 66.850586, 0.0 ], [ 19.995136, 67.87385, 0.0 ], [ 25.07357, 68.740166, 0.0 ], [ 30.187363, 69.36391, 0.0 ], [ 34.836063, 69.684715, 0.0 ], [ 38.564484, 69.670975, 0.0 ], [ 41.007732, 69.32369, 0.0 ]] 
boundary 1: [[ 41.926548, 59.322662, 0.0 ], [ 41.007732, 58.676365, 0.0 ], [ 38.564476, 58.329105, 0.0 ], [ 34.83607, 58.315277, 0.0 ], [ 30.187355, 58.635925, 0.0 ], [ 25.073586, 59.25995, 0.0 ], [ 19.995132, 60.126133, 0.0 ], [ 15.449276, 61.14958, 0.0 ], [ 11.88085, 62.230125, 0.0 ], [ 9.639246, 63.262154, 0.0 ], [ 8.9438505, 64.144714, 0.0 ], [ 9.86275, 64.79116, 0.0 ], [ 12.305994, 65.138084, 0.0 ], [ 16.034418, 65.152, 0.0 ], [ 20.68305, 64.831474, 0.0 ], [ 25.796879, 64.20731, 0.0 ], [ 30.875374, 63.34135, 0.0 ], [ 35.421177, 62.317818, 0.0 ], [ 38.98955, 61.237144, 0.0 ], [ 41.231087, 60.2051, 0.0 ]] 
boundary 0: [[ 41.921906, 68.709015, 0.0 ], [ 41.227364, 67.825645, 0.0 ], [ 38.986794, 66.79158, 0.0 ], [ 35.419487, 65.70742, 0.0 ], [ 30.874712, 64.679405, 0.0 ], [ 25.797073, 63.80827, 0.0 ], [ 20.683872, 63.179253, 0.0 ], [ 16.035551, 62.853977, 0.0 ], [ 12.307138, 62.864185, 0.0 ], [ 9.863517, 63.208797, 0.0 ], [ 8.943991, 63.854378, 0.0 ], [ 9.638522, 64.737595, 0.0 ], [ 11.879099, 65.77159, 0.0 ], [ 15.446461, 66.856, 0.0 ], [ 19.991314, 67.88375, 0.0 ], [ 25.06889, 68.75511, 0.0 ], [ 30.182062, 69.38391, 0.0 ], [ 34.830433, 69.709274, 0.0 ], [ 38.55888, 69.69926, 0.0 ], [ 41.002457, 69.35437, 0.0 ]] 
boundary 1: [[ 41.92192, 59.291084, 0.0 ], [ 41.002457, 58.64569, 0.0 ], [ 38.558872, 58.300858, 0.0 ], [ 34.83044, 58.290714, 0.0 ], [ 30.182055, 58.61592, 0.0 ], [ 25.068905, 59.245, 0.0 ], [ 19.99131, 60.1162, 0.0 ], [ 15.446458, 61.144123, 0.0 ], [ 11.879102, 62.22819, 0.0 ], [ 9.638518, 63.26243, 0.0 ], [ 8.943992, 64.1457, 0.0 ], [ 9.86353, 64.79124, 0.0 ], [ 12.307117, 65.13577, 0.0 ], [ 16.035555, 65.145966, 0.0 ], [ 20.683872, 64.820885, 0.0 ], [ 25.797077, 64.191666, 0.0 ], [ 30.874716, 63.32069, 0.0 ], [ 35.419502, 62.29267, 0.0 ], [ 38.986816, 61.208466, 0.0 ], [ 41.22732, 60.174202, 0.0 ]] 
boundary 0: [[ 41.80733, 69.43063, 0.0 ], [ 41.132935, 68.53179, 0.0 ], [ 38.916286, 67.447365, 0.0 ], [ 35.374397, 66.282875, 0.0 ], [ 30.85402, 65.15242, 0.0 ], [ 25.79735, 64.16678, 0.0 ], [ 20.699673, 63.422382, 0.0 ], [ 16.05989, 62.992157, 0.0 ], [ 12.332197, 62.918118, 0.0 ], [ 9.881413, 63.207424, 0.0 ], [ 8.947534, 63.83206, 0.0 ], [ 9.621931, 64.73075, 0.0 ], [ 11.838572, 65.815125, 0.0 ], [ 15.38052, 66.97985, 0.0 ], [ 19.90099, 68.11003, 0.0 ], [ 24.95758, 69.09591, 0.0 ], [ 30.055244, 69.84008, 0.0 ], [ 34.69507, 70.2704, 0.0 ], [ 38.422783, 70.34463, 0.0 ], [ 40.873528, 70.05504, 0.0 ]] 
boundary 1: [[ 41.80735, 58.569466, 0.0 ], [ 40.873528, 57.94502, 0.0 ], [ 38.422783, 57.655487, 0.0 ], [ 34.695076, 57.7296, 0.0 ], [ 30.055235, 58.15975, 0.0 ], [ 24.957596, 58.90421, 0.0 ], [ 19.900982, 59.88992, 0.0 ], [ 15.38052, 61.02028, 0.0 ], [ 11.838567, 62.184677, 0.0 ], [ 9.621927, 63.26928, 0.0 ], [ 8.947537, 64.16801, 0.0 ], [ 9.881427, 64.79262, 0.0 ], [ 12.332176, 65.08184, 0.0 ], [ 16.059895, 65.00779, 0.0 ], [ 20.699675, 64.57775, 0.0 ], [ 25.797354, 63.833157, 0.0 ], [ 30.854023, 62.847668, 0.0 ], [ 35.374413, 61.71722, 0.0 ], [ 38.91631, 60.55268, 0.0 ], [ 41.13289, 59.468052, 0.0 ]] 
boundary 0: [[ 41.600697, 70.52858, 0.0 ], [ 40.957756, 69.60697, 0.0 ], [ 38.779884, 68.44662, 0.0 ], [ 35.280334, 67.16045, 0.0 ], [ 30.801714, 65.8745, 0.0 ], [ 25.782116, 64.71475, 0.0 ], [ 20.713207, 63.794685, 0.0 ], [ 16.091051, 63.20442, 0.0 ], [ 12.368144, 63.001637, 0.0 ], [ 9.908827, 63.2061, 0.0 ], [ 8.953924, 63.798103, 0.0 ], [ 9.596871, 64.71956, 0.0 ], [ 11.774725, 65.87986, 0.0 ], [ 15.274319, 67.16626, 0.0 ], [ 19.753044, 68.45194, 0.0 ], [ 24.772556, 69.61194, 0.0 ], [ 29.841467, 70.53177, 0.0 ], [ 34.463654, 71.12213, 0.0 ], [ 38.186592, 71.325096, 0.0 ], [ 40.64587, 71.12035, 0.0 ]] 
boundary 1: [[ 41.60072, 57.471516, 0.0 ], [ 40.64587, 56.879707, 0.0 ], [ 38.186592, 56.67502, 0.0 ], [ 34.46366, 56.87787, 0.0 ], [ 29.84145, 57.468067, 0.0 ], [ 24.772583, 58.388195, 0.0 ], [ 19.753036, 59.548008, 0.0 ], [ 15.274324, 60.83387, 0.0 ], [ 11.774714, 62.11994, 0.0 ], [ 9.596868, 63.28047, 0.0 ], [ 8.95393, 64.20197, 0.0 ], [ 9.90884, 64.79393, 0.0 ], [ 12.36812, 64.998314, 0.0 ], [ 16.091053, 64.795525, 0.0 ], [ 20.713211, 64.20544, 0.0 ], [ 25.782116, 63.285187, 0.0 ], [ 30.80172, 62.125584, 0.0 ], [ 35.28035, 60.839645, 0.0 ], [ 38.779907, 59.55343, 0.0 ], [ 40.95771, 58.392868, 0.0 ]] 
boundary 0: [[ 41.494965, 71.02193, 0.0 ], [ 40.866497, 70.0904, 0.0 ], [ 38.706985, 68.89621, 0.0 ], [ 35.227932, 67.55558, 0.0 ], [ 30.769932, 66.199905, 0.0 ], [ 25.769033, 64.961975, 0.0 ], [ 20.715097, 63.96292, 0.0 ], [ 16.102715, 63.300602, 0.0 ], [ 12.383427, 63.039753, 0.0 ], [ 9.921216, 63.205807, 0.0 ], [ 8.957193, 63.782845, 0.0 ], [ 9.585684, 64.714226, 0.0 ], [ 11.745169, 65.90836, 0.0 ], [ 15.22426, 67.24922, 0.0 ], [ 19.682377, 68.60464, 0.0 ], [ 24.683178, 69.84281, 0.0 ], [ 29.73712, 70.84164, 0.0 ], [ 34.349533, 71.50405, 0.0 ], [ 38.068848, 71.76509, 0.0 ], [ 40.53104, 71.598724, 0.0 ]] 
boundary 1: [[ 41.494987, 56.978157, 0.0 ], [ 40.53104, 56.401325, 0.0 ], [ 38.068848, 56.23503, 0.0 ], [ 34.34954, 56.495956, 0.0 ], [ 29.737097, 57.1582, 0.0 ], [ 24.683205, 58.157322, 0.0 ], [ 19.68237, 59.395325, 0.0 ], [ 15.224268, 60.750908, 0.0 ], [ 11.745153, 62.09144, 0.0 ], [ 9.585681, 63.28581, 0.0 ], [ 8.957201, 64.217224, 0.0 ], [ 9.921229, 64.79422, 0.0 ], [ 12.3834, 64.960205, 0.0 ], [ 16.102715, 64.69933, 0.0 ], [ 20.715107, 64.03722, 0.0 ], [ 25.769033, 63.037968, 0.0 ], [ 30.769938, 61.80017, 0.0 ], [ 35.22795, 60.444515, 0.0 ], [ 38.70701, 59.10384, 0.0 ], [ 40.866447, 57.909435, 0.0 ]] 
boundary 0: [[ 41.336006, 71.70168, 0.0 ], [ 40.7278, 70.756805, 0.0 ], [ 38.59457, 69.516266, 0.0 ], [ 35.14528, 68.10084, 0.0 ], [ 30.717577, 66.64925, 0.0 ], [ 25.744576, 65.303635, 0.0 ], [ 20.713383, 64.195694, 0.0 ], [ 16.116379, 63.43396, 0.0 ], [ 12.403587, 63.09288, 0.0 ], [ 9.938363, 63.205734, 0.0 ], [ 8.962108, 63.76182, 0.0 ], [ 9.570346, 64.70655, 0.0 ], [ 11.703547, 65.947014, 0.0 ], [ 15.152879, 67.362686, 0.0 ], [ 19.580692, 68.81404, 0.0 ], [ 24.5536, 70.159904, 0.0 ], [ 29.584795, 71.267586, 0.0 ], [ 34.181847, 72.02944, 0.0 ], [ 37.89465, 72.37073, 0.0 ], [ 40.35986, 72.25754, 0.0 ]] 
boundary 1: [[ 41.33603, 56.2984, 0.0 ], [ 40.359867, 55.74251, 0.0 ], [ 37.894657, 55.629402, 0.0 ], [ 34.181854, 55.970573, 0.0 ], [ 29.58477, 56.732243, 0.0 ], [ 24.553633, 57.840233, 0.0 ], [ 19.580685, 59.185925, 0.0 ], [ 15.152891, 60.637436, 0.0 ], [ 11.703526, 62.052765, 0.0 ], [ 9.570344, 63.293484, 0.0 ], [ 8.962117, 64.23825, 0.0 ], [ 9.938376, 64.794304, 0.0 ], [ 12.403561, 64.9071, 0.0 ], [ 16.116375, 64.56598, 0.0 ], [ 20.713398, 63.80444, 0.0 ], [ 25.744576, 62.696312, 0.0 ], [ 30.717585, 61.350834, 0.0 ], [ 35.1453, 59.899246, 0.0 ], [ 38.594593, 58.483772, 0.0 ], [ 40.727745, 57.24303, 0.0 ]] 
boundary 0: [[ 40.96248, 73.09046, 0.0 ], [ 40.396893, 72.11947, 0.0 ], [ 38.32093, 70.7853, 0.0 ], [ 34.937996, 69.21788, 0.0 ], [ 30.579222, 67.57085, 0.0 ], [ 25.67097, 66.00542, 0.0 ], [ 20.694017, 64.67485, 0.0 ], [ 16.135433, 63.70947, 0.0 ], [ 12.441483, 63.203625, 0.0 ], [ 9.973677, 63.206745, 0.0 ], [ 8.973659, 63.718872, 0.0 ], [ 9.539286, 64.68971, 0.0 ], [ 11.615215, 66.02382, 0.0 ], [ 14.998188, 67.59146, 0.0 ], [ 19.357082, 69.23828, 0.0 ], [ 24.265228, 70.803925, 0.0 ], [ 29.242191, 72.13424, 0.0 ], [ 33.800827, 73.09976, 0.0 ], [ 37.494774, 73.60581, 0.0 ], [ 39.962578, 73.60236, 0.0 ]] 
boundary 1: [[ 40.9625, 54.909622, 0.0 ], [ 39.962585, 54.39769, 0.0 ], [ 37.49479, 54.394318, 0.0 ], [ 33.800835, 54.90024, 0.0 ], [ 29.242157, 55.865585, 0.0 ], [ 24.265266, 57.196198, 0.0 ], [ 19.357075, 58.76169, 0.0 ], [ 14.998205, 60.408665, 0.0 ], [ 11.615186, 61.975983, 0.0 ], [ 9.5392885, 63.310326, 0.0 ], [ 8.973672, 64.281204, 0.0 ], [ 9.973692, 64.7933, 0.0 ], [ 12.441455, 64.79636, 0.0 ], [ 16.13543, 64.29049, 0.0 ], [ 20.694038, 63.325275, 0.0 ], [ 25.670969, 61.994514, 0.0 ], [ 30.579233, 60.42923, 0.0 ], [ 34.93802, 58.782192, 0.0 ], [ 38.320953, 57.21474, 0.0 ], [ 40.396816, 55.88037, 0.0 ]] 
boundary 0: [[ 39.89782, 76.14797, 0.0 ], [ 39.432182, 75.12528, 0.0 ], [ 37.500053, 73.590195, 0.0 ], [ 34.290833, 71.69233, 0.0 ], [ 30.118614, 69.617645, 0.0 ], [ 25.391523, 67.56921, 0.0 ], [ 20.572586, 65.7476, 0.0 ], [ 16.133394, 64.33117, 0.0 ], [ 12.508551, 63.45844, 0.0 ], [ 10.052805, 63.21476, 0.0 ], [ 9.006583, 63.62431, 0.0 ], [ 9.472286, 64.64684, 0.0 ], [ 11.40439, 66.18187, 0.0 ], [ 14.613632, 68.07997, 0.0 ], [ 18.785986, 70.15445, 0.0 ], [ 23.512947, 72.203094, 0.0 ], [ 28.331923, 74.02445, 0.0 ], [ 32.77115, 75.441025, 0.0 ], [ 36.395954, 76.31395, 0.0 ], [ 38.851753, 76.55731, 0.0 ]] 
boundary 1: [[ 39.897842, 51.8521, 0.0 ], [ 38.85176, 51.44274, 0.0 ], [ 36.395996, 51.68617, 0.0 ], [ 32.771156, 52.558983, 0.0 ], [ 28.331875, 53.975372, 0.0 ], [ 23.513004, 55.797035, 0.0 ], [ 18.785978, 57.845528, 0.0 ], [ 14.613662, 59.92015, 0.0 ], [ 11.404343, 61.817936, 0.0 ], [ 9.472292, 63.35319, 0.0 ], [ 9.006604, 64.37577, 0.0 ], [ 10.052824, 64.78528, 0.0 ], [ 12.508523, 64.54154, 0.0 ], [ 16.133387, 63.668793, 0.0 ], [ 20.572617, 62.252525, 0.0 ], [ 25.391518, 60.430717, 0.0 ], [ 30.118635, 58.38243, 0.0 ], [ 34.290863, 56.307747, 0.0 ], [ 37.500084, 54.409836, 0.0 ], [ 39.432095, 52.87456, 0.0 ]] 
boundary 0: [[ 37.372528, 81.10363, 0.0 ], [ 37.08905, 80.016266, 0.0 ], [ 35.4486, 78.17277, 0.0 ], [ 32.61213, 75.752975, 0.0 ], [ 28.857197, 72.993935, 0.0 ], [ 24.551111, 70.16566, 0.0 ], [ 20.11567, 67.54511, 0.0 ], [ 15.984901, 65.38885, 0.0 ], [ 12.563264, 63.907803, 0.0 ], [ 10.185615, 63.246853, 0.0 ], [ 9.0846815, 63.471035, 0.0 ], [ 9.368251, 64.55824, 0.0 ], [ 11.008692, 66.40169, 0.0 ], [ 13.845148, 68.821724, 0.0 ], [ 17.600243, 71.58058, 0.0 ], [ 21.906158, 74.409035, 0.0 ], [ 26.341692, 77.02934, 0.0 ], [ 30.472462, 79.18575, 0.0 ], [ 33.89403, 80.66699, 0.0 ], [ 36.271793, 81.32764, 0.0 ]] 
boundary 1: [[ 37.372566, 46.89644, 0.0 ], [ 36.27181, 46.672417, 0.0 ], [ 33.894104, 47.333115, 0.0 ], [ 30.47247, 48.81425, 0.0 ], [ 26.341614, 50.9705, 0.0 ], [ 21.906239, 53.591084, 0.0 ], [ 17.600227, 56.419395, 0.0 ], [ 13.845201, 59.178387, 0.0 ], [ 11.008611, 61.598118, 0.0 ], [ 9.368262, 63.441776, 0.0 ], [ 9.084716, 64.52904, 0.0 ], [ 10.185637, 64.753174, 0.0 ], [ 12.563233, 64.092186, 0.0 ], [ 15.984889, 62.611107, 0.0 ], [ 20.115715, 60.454994, 0.0 ], [ 24.55109, 57.83426, 0.0 ], [ 28.857231, 55.006126, 0.0 ], [ 32.612167, 52.247097, 0.0 ], [ 35.44864, 49.82726, 0.0 ], [ 37.088943, 47.98359, 0.0 ]] 
