boundary 0: [[ 27.604105, 91.07741, 0.0 ], [ 27.805235, 89.97214, 0.0 ], [ 27.095047, 87.60873, 0.0 ], [ 25.54319, 84.21869, 0.0 ], [ 23.301361, 80.13363, 0.0 ], [ 20.589073, 75.75374, 0.0 ], [ 17.671875, 71.507484, 0.0 ], [ 14.8353195, 67.81066, 0.0 ], [ 12.357004, 65.025085, 0.0 ], [ 10.479574, 63.423485, 0.0 ], [ 9.3868, 63.16256, 0.0 ], [ 9.185651, 64.267914, 0.0 ], [ 9.895812, 66.63129, 0.0 ], [ 11.447742, 70.02139, 0.0 ], [ 13.689645, 74.10631, 0.0 ], [ 16.401854, 78.48629, 0.0 ], [ 19.319035, 82.73253, 0.0 ], [ 22.155651, 86.42934, 0.0 ], [ 24.633915, 89.21489, 0.0 ], [ 26.511326, 90.816536, 0.0 ]] 
boundary 1: [[ 27.604107, 36.922596, 0.0 ], [ 26.511343, 37.183487, 0.0 ], [ 24.63392, 38.785133, 0.0 ], [ 22.155636, 41.570663, 0.0 ], [ 19.319038, 45.2675, 0.0 ], [ 16.40186, 49.513718, 0.0 ], [ 13.689611, 53.89366, 0.0 ], [ 11.447745, 57.978634, 0.0 ], [ 9.895794, 61.36871, 0.0 ], [ 9.185678, 63.732124, 0.0 ], [ 9.386868, 64.83749, 0.0 ], [ 10.479637, 64.57657, 0.0 ], [ 12.356998, 62.97487, 0.0 ], [ 14.835272, 60.1893, 0.0 ], [ 17.671871, 56.492504, 0.0 ], [ 20.589102, 52.246315, 0.0 ], [ 23.301388, 47.866386, 0.0 ], [ 25.543224, 43.78135, 0.0 ], [ 27.095123, 40.391327, 0.0 ], [ 27.805254, 38.027912, 0.0 ]] 
boundary 0: [[ 37.991642, 80.06778, 0.0 ], [ 37.667694, 78.99207, 0.0 ], [ 35.959656, 77.21086, 0.0 ], [ 33.03492, 74.898605, 0.0 ], [ 29.1795, 72.28152, 0.0 ], [ 24.770973, 69.61601, 0.0 ], [ 20.240816, 67.16276, 0.0 ], [ 16.03254, 65.16204, 0.0 ], [ 12.557974, 63.80966, 0.0 ], [ 10.157325, 63.23804, 0.0 ], [ 9.06554, 63.503075, 0.0 ], [ 9.389518, 64.578865, 0.0 ], [ 11.097511, 66.36004, 0.0 ], [ 14.022343, 68.67233, 0.0 ], [ 17.877766, 71.28927, 0.0 ], [ 22.286259, 73.95489, 0.0 ], [ 26.81639, 76.40813, 0.0 ], [ 31.024727, 78.4088, 0.0 ], [ 34.49922, 79.76117, 0.0 ], [ 36.89988, 80.33284, 0.0 ]] 
boundary 1: [[ 37.99164, 47.932236, 0.0 ], [ 36.89988, 47.667183, 0.0 ], [ 34.499226, 48.23885, 0.0 ], [ 31.024712, 49.591198, 0.0 ], [ 26.816381, 51.59192, 0.0 ], [ 22.286263, 54.04513, 0.0 ], [ 17.877748, 56.71069, 0.0 ], [ 14.022329, 59.327698, 0.0 ], [ 11.097497, 61.639954, 0.0 ], [ 9.3895235, 63.421196, 0.0 ], [ 9.065582, 64.496994, 0.0 ], [ 10.15736, 64.76203, 0.0 ], [ 12.557993, 64.19029, 0.0 ], [ 16.03251, 62.837906, 0.0 ], [ 20.240822, 60.837227, 0.0 ], [ 24.77098, 58.384052, 0.0 ], [ 29.179514, 55.71852, 0.0 ], [ 33.03493, 53.10145, 0.0 ], [ 35.95969, 50.789215, 0.0 ], [ 37.667683, 49.007988, 0.0 ]] 
boundary 0: [[ 40.86162, 73.42777, 0.0 ], [ 40.306625, 72.45102, 0.0 ], [ 38.24534, 71.0941, 0.0 ], [ 34.87973, 69.48994, 0.0 ], [ 30.538977, 67.79548, 0.0 ], [ 25.648193, 66.176796, 0.0 ], [ 20.685999, 64.79205, 0.0 ], [ 16.138243, 63.776985, 0.0 ], [ 12.449974, 63.230915, 0.0 ], [ 9.98232, 63.207314, 0.0 ], [ 8.976782, 63.70844, 0.0 ], [ 9.53182, 64.68528, 0.0 ], [ 11.593056, 66.04216, 0.0 ], [ 14.9587555, 67.64634, 0.0 ], [ 19.299484, 69.34065, 0.0 ], [ 24.190268, 70.95946, 0.0 ], [ 29.15243, 72.344185, 0.0 ], [ 33.700233, 73.35919, 0.0 ], [ 37.388428, 73.90528, 0.0 ], [ 39.85611, 73.92894, 0.0 ]] 
boundary 1: [[ 40.861607, 54.572235, 0.0 ], [ 39.8561, 54.071095, 0.0 ], [ 37.388428, 54.094734, 0.0 ], [ 33.70022, 54.640793, 0.0 ], [ 29.152414, 55.655857, 0.0 ], [ 24.190271, 57.040546, 0.0 ], [ 19.299479, 58.659306, 0.0 ], [ 14.958738, 60.35368, 0.0 ], [ 11.593046, 61.957825, 0.0 ], [ 9.531812, 63.314785, 0.0 ], [ 8.976806, 64.29164, 0.0 ], [ 9.98234, 64.79277, 0.0 ], [ 12.450002, 64.76904, 0.0 ], [ 16.13823, 64.222946, 0.0 ], [ 20.686008, 63.207924, 0.0 ], [ 25.648186, 61.823284, 0.0 ], [ 30.538984, 60.20456, 0.0 ], [ 34.879745, 58.510117, 0.0 ], [ 38.24537, 56.905975, 0.0 ], [ 40.30661, 55.549038, 0.0 ]] 
boundary 0: [[ 41.639797, 70.3358, 0.0 ], [ 40.991302, 69.418465, 0.0 ], [ 38.80639, 68.27117, 0.0 ], [ 35.29915, 67.00628, 0.0 ], [ 30.812613, 65.74756, 0.0 ], [ 25.786186, 64.61845, 0.0 ], [ 20.711731, 63.729183, 0.0 ], [ 16.086111, 63.166946, 0.0 ], [ 12.361991, 62.98679, 0.0 ], [ 9.904011, 63.20634, 0.0 ], [ 8.952717, 63.804066, 0.0 ], [ 9.601265, 64.72149, 0.0 ], [ 11.786119, 65.86876, 0.0 ], [ 15.293451, 67.13367, 0.0 ], [ 19.779951, 68.39221, 0.0 ], [ 24.806393, 69.52148, 0.0 ], [ 29.880808, 70.41072, 0.0 ], [ 34.506477, 70.972885, 0.0 ], [ 38.230507, 71.15307, 0.0 ], [ 40.688534, 70.93358, 0.0 ]] 
boundary 1: [[ 41.639782, 57.6642, 0.0 ], [ 40.68851, 57.066467, 0.0 ], [ 38.230507, 56.84695, 0.0 ], [ 34.506462, 57.027096, 0.0 ], [ 29.88079, 57.58931, 0.0 ], [ 24.806393, 58.47856, 0.0 ], [ 19.779947, 59.60774, 0.0 ], [ 15.29343, 60.86636, 0.0 ], [ 11.786111, 62.131214, 0.0 ], [ 9.601251, 63.278572, 0.0 ], [ 8.952733, 64.19601, 0.0 ], [ 9.904022, 64.79375, 0.0 ], [ 12.362024, 65.01317, 0.0 ], [ 16.086102, 64.83298, 0.0 ], [ 20.711746, 64.270805, 0.0 ], [ 25.786165, 63.381622, 0.0 ], [ 30.812614, 62.252464, 0.0 ], [ 35.299164, 60.99378, 0.0 ], [ 38.806408, 59.72892, 0.0 ], [ 40.991272, 58.581593, 0.0 ]] 
boundary 0: [[ 42.01621, 68.01636, 0.0 ], [ 41.3028, 67.14855, 0.0 ], [ 39.040337, 66.162964, 0.0 ], [ 35.450493, 65.156105, 0.0 ], [ 30.88439, 64.22657, 0.0 ], [ 25.789234, 63.46548, 0.0 ], [ 20.663599, 62.947105, 0.0 ], [ 16.009361, 62.722294, 0.0 ], [ 12.28199, 62.81308, 0.0 ], [ 9.846447, 63.21057, 0.0 ], [ 8.941076, 63.8758, 0.0 ], [ 9.654542, 64.743706, 0.0 ], [ 11.916945, 65.72927, 0.0 ], [ 15.506879, 66.73611, 0.0 ], [ 20.072937, 67.66548, 0.0 ], [ 25.168116, 68.42672, 0.0 ], [ 30.293713, 68.94509, 0.0 ], [ 34.94799, 69.16981, 0.0 ], [ 38.67527, 69.07908, 0.0 ], [ 41.110878, 68.68164, 0.0 ]] 
boundary 1: [[ 42.016193, 59.983646, 0.0 ], [ 41.11084, 59.318405, 0.0 ], [ 38.67527, 58.92095, 0.0 ], [ 34.947975, 58.830162, 0.0 ], [ 30.293695, 59.054943, 0.0 ], [ 25.168112, 59.573315, 0.0 ], [ 20.072935, 60.334454, 0.0 ], [ 15.506857, 61.263916, 0.0 ], [ 11.916939, 62.27071, 0.0 ], [ 9.654522, 63.256363, 0.0 ], [ 8.941089, 64.12427, 0.0 ], [ 9.846455, 64.78952, 0.0 ], [ 12.282027, 65.18689, 0.0 ], [ 16.009354, 65.277626, 0.0 ], [ 20.663614, 65.05288, 0.0 ], [ 25.789211, 64.53458, 0.0 ], [ 30.884392, 63.773457, 0.0 ], [ 35.4505, 62.84393, 0.0 ], [ 39.04034, 61.837135, 0.0 ], [ 41.30276, 60.851517, 0.0 ]] 
boundary 0: [[ 42.198654, 66.095406, 0.0 ], [ 41.434753, 65.271706, 0.0 ], [ 39.117516, 64.42283, 0.0 ], [ 35.474007, 63.631912, 0.0 ], [ 30.860598, 62.976402, 0.0 ], [ 25.729115, 62.52061, 0.0 ], [ 20.58168, 62.308903, 0.0 ], [ 15.922325, 62.362118, 0.0 ], [ 12.207006, 62.67509, 0.0 ], [ 9.79951, 63.21715, 0.0 ], [ 8.935434, 63.935204, 0.0 ], [ 9.699402, 64.75902, 0.0 ], [ 12.016563, 65.607864, 0.0 ], [ 15.660166, 66.398766, 0.0 ], [ 20.27353, 67.05412, 0.0 ], [ 25.405045, 67.510056, 0.0 ], [ 30.552433, 67.72177, 0.0 ], [ 35.21183, 67.66844, 0.0 ], [ 38.927063, 67.35553, 0.0 ], [ 41.334625, 66.813515, 0.0 ]] 
boundary 1: [[ 42.19864, 61.9046, 0.0 ], [ 41.33458, 61.186527, 0.0 ], [ 38.927063, 60.6445, 0.0 ], [ 35.211815, 60.331535, 0.0 ], [ 30.552414, 60.278275, 0.0 ], [ 25.405037, 60.489975, 0.0 ], [ 20.27353, 60.945827, 0.0 ], [ 15.660143, 61.601257, 0.0 ], [ 12.01656, 62.392113, 0.0 ], [ 9.699377, 63.241055, 0.0 ], [ 8.935444, 64.06486, 0.0 ], [ 9.799515, 64.78293, 0.0 ], [ 12.207045, 65.32488, 0.0 ], [ 15.922321, 65.63778, 0.0 ], [ 20.581696, 65.69107, 0.0 ], [ 25.729088, 65.47946, 0.0 ], [ 30.860596, 65.023636, 0.0 ], [ 35.474014, 64.36812, 0.0 ], [ 39.117516, 63.577267, 0.0 ], [ 41.434708, 62.728363, 0.0 ]] 
boundary 0: [[ 42.205147, 65.99275, 0.0 ], [ 41.438644, 65.17148, 0.0 ], [ 39.118713, 64.33001, 0.0 ], [ 35.472706, 63.550682, 0.0 ], [ 30.85724, 62.909832, 0.0 ], [ 25.72433, 62.470375, 0.0 ], [ 20.57625, 62.275036, 0.0 ], [ 15.917086, 62.34308, 0.0 ], [ 12.20278, 62.667873, 0.0 ], [ 9.797023, 63.217583, 0.0 ], [ 8.935234, 63.938366, 0.0 ], [ 9.701817, 64.759766, 0.0 ], [ 12.021666, 65.60125, 0.0 ], [ 15.667768, 66.38054, 0.0 ], [ 20.283195, 67.021225, 0.0 ], [ 25.416134, 67.46083, 0.0 ], [ 30.564169, 67.65616, 0.0 ], [ 35.22338, 67.58801, 0.0 ], [ 38.93759, 67.26329, 0.0 ], [ 41.343422, 66.71362, 0.0 ]] 
boundary 1: [[ 42.20513, 62.007248, 0.0 ], [ 41.343376, 61.28643, 0.0 ], [ 38.93759, 60.73675, 0.0 ], [ 35.223366, 60.41196, 0.0 ], [ 30.56415, 60.34388, 0.0 ], [ 25.416126, 60.53921, 0.0 ], [ 20.283195, 60.978737, 0.0 ], [ 15.667745, 61.619484, 0.0 ], [ 12.021662, 62.39875, 0.0 ], [ 9.701792, 63.240303, 0.0 ], [ 8.935244, 64.0617, 0.0 ], [ 9.797028, 64.78251, 0.0 ], [ 12.202818, 65.33212, 0.0 ], [ 15.917082, 65.656815, 0.0 ], [ 20.576265, 65.724945, 0.0 ], [ 25.7243, 65.52971, 0.0 ], [ 30.857239, 65.09019, 0.0 ], [ 35.472713, 64.44939, 0.0 ], [ 39.118713, 63.670116, 0.0 ], [ 41.4386, 62.82857, 0.0 ]] 
boundary 0: [[ 42.19284, 66.1827, 0.0 ], [ 41.431206, 65.35693, 0.0 ], [ 39.116257, 64.50181, 0.0 ], [ 35.474922, 63.70104, 0.0 ], [ 30.863297, 63.03303, 0.0 ], [ 25.733065, 62.56336, 0.0 ], [ 20.586218, 62.337723, 0.0 ], [ 15.926739, 62.378334, 0.0 ], [ 12.210584, 62.681255, 0.0 ], [ 9.801631, 63.21679, 0.0 ], [ 8.935614, 63.932507, 0.0 ], [ 9.697348, 64.758385, 0.0 ], [ 12.012203, 65.61352, 0.0 ], [ 15.653654, 66.41425, 0.0 ], [ 20.265236, 67.08211, 0.0 ], [ 25.395493, 67.551926, 0.0 ], [ 30.542288, 67.77754, 0.0 ], [ 35.20183, 67.73683, 0.0 ], [ 38.917877, 67.43398, 0.0 ], [ 41.326904, 66.89848, 0.0 ]] 
boundary 1: [[ 42.192825, 61.8173, 0.0 ], [ 41.32686, 61.101566, 0.0 ], [ 38.917877, 60.566063, 0.0 ], [ 35.201817, 60.26314, 0.0 ], [ 30.542269, 60.22249, 0.0 ], [ 25.395485, 60.448124, 0.0 ], [ 20.265236, 60.91786, 0.0 ], [ 15.653631, 61.58577, 0.0 ], [ 12.012199, 62.386482, 0.0 ], [ 9.697324, 63.241684, 0.0 ], [ 8.935623, 64.0676, 0.0 ], [ 9.801637, 64.78331, 0.0 ], [ 12.210621, 65.318726, 0.0 ], [ 15.926735, 65.62157, 0.0 ], [ 20.586233, 65.66227, 0.0 ], [ 25.733036, 65.43672, 0.0 ], [ 30.863295, 64.967, 0.0 ], [ 35.47493, 64.299034, 0.0 ], [ 39.116264, 63.498318, 0.0 ], [ 41.43116, 62.64312, 0.0 ]] 
boundary 0: [[ 42.18797, 66.253204, 0.0 ], [ 41.428158, 65.4258, 0.0 ], [ 39.11508, 64.56563, 0.0 ], [ 35.47551, 63.75686, 0.0 ], [ 30.865353, 63.078796, 0.0 ], [ 25.736168, 62.597904, 0.0 ], [ 20.589823, 62.361015, 0.0 ], [ 15.930268, 62.39144, 0.0 ], [ 12.21346, 62.68624, 0.0 ], [ 9.80334, 63.21651, 0.0 ], [ 8.935763, 63.930336, 0.0 ], [ 9.695691, 64.7579, 0.0 ], [ 12.008672, 65.618065, 0.0 ], [ 15.648361, 66.426735, 0.0 ], [ 20.258472, 67.104675, 0.0 ], [ 25.387691, 67.58573, 0.0 ], [ 30.533974, 67.822586, 0.0 ], [ 35.1936, 67.79206, 0.0 ], [ 38.9103, 67.497345, 0.0 ], [ 41.320488, 66.967094, 0.0 ]] 
boundary 1: [[ 42.187954, 61.74679, 0.0 ], [ 41.320442, 61.03295, 0.0 ], [ 38.9103, 60.50271, 0.0 ], [ 35.193584, 60.207916, 0.0 ], [ 30.533955, 60.177444, 0.0 ], [ 25.387684, 60.414333, 0.0 ], [ 20.258472, 60.895283, 0.0 ], [ 15.648338, 61.573273, 0.0 ], [ 12.008668, 62.381935, 0.0 ], [ 9.695667, 63.24221, 0.0 ], [ 8.935774, 64.0698, 0.0 ], [ 9.803346, 64.783615, 0.0 ], [ 12.213498, 65.31373, 0.0 ], [ 15.930264, 65.60847, 0.0 ], [ 20.589838, 65.63898, 0.0 ], [ 25.736137, 65.40217, 0.0 ], [ 30.86535, 64.92127, 0.0 ], [ 35.475517, 64.24321, 0.0 ], [ 39.11509, 63.43453, 0.0 ], [ 41.428112, 62.57426, 0.0 ]] 
boundary 0: [[ 42.2065, 65.970024, 0.0 ], [ 41.439445, 65.149315, 0.0 ], [ 39.118927, 64.30947, 0.0 ], [ 35.47238, 63.532696, 0.0 ], [ 30.856457, 62.895115, 0.0 ], [ 25.723248, 62.459255, 0.0 ], [ 20.575024, 62.267548, 0.0 ], [ 15.91592, 62.338867, 0.0 ], [ 12.201843, 62.66628, 0.0 ], [ 9.796469, 63.21768, 0.0 ], [ 8.935191, 63.939095, 0.0 ], [ 9.702353, 64.75993, 0.0 ], [ 12.022794, 65.59979, 0.0 ], [ 15.669437, 66.37648, 0.0 ], [ 20.285318, 67.01393, 0.0 ], [ 25.41856, 67.44995, 0.0 ], [ 30.566725, 67.641624, 0.0 ], [ 35.22591, 67.57021, 0.0 ], [ 38.939884, 67.24288, 0.0 ], [ 41.345306, 66.6915, 0.0 ]] 
boundary 1: [[ 42.206486, 62.029972, 0.0 ], [ 41.34526, 61.308548, 0.0 ], [ 38.939884, 60.75717, 0.0 ], [ 35.225895, 60.42977, 0.0 ], [ 30.566706, 60.358402, 0.0 ], [ 25.418552, 60.55011, 0.0 ], [ 20.285322, 60.986027, 0.0 ], [ 15.6694145, 61.623528, 0.0 ], [ 12.02279, 62.400215, 0.0 ], [ 9.702328, 63.240154, 0.0 ], [ 8.9352, 64.06106, 0.0 ], [ 9.7964735, 64.782455, 0.0 ], [ 12.201881, 65.333694, 0.0 ], [ 15.915918, 65.66103, 0.0 ], [ 20.575039, 65.732445, 0.0 ], [ 25.723217, 65.54081, 0.0 ], [ 30.856455, 65.10495, 0.0 ], [ 35.47239, 64.46737, 0.0 ], [ 39.118935, 63.69067, 0.0 ], [ 41.4394, 62.850742, 0.0 ]] 
boundary 0: [[ 42.22415, 65.65575, 0.0 ], [ 41.449135, 64.84256, 0.0 ], [ 39.120552, 64.02535, 0.0 ], [ 35.46662, 63.2841, 0.0 ], [ 30.844723, 62.691486, 0.0 ], [ 25.7075, 62.305622, 0.0 ], [ 20.557652, 62.164036, 0.0 ], [ 15.8994665, 62.28071, 0.0 ], [ 12.188753, 62.64426, 0.0 ], [ 9.788858, 63.219055, 0.0 ], [ 8.934646, 63.948826, 0.0 ], [ 9.709761, 64.762146, 0.0 ], [ 12.038269, 65.57938, 0.0 ], [ 15.692299, 66.320526, 0.0 ], [ 20.314175, 66.91302, 0.0 ], [ 25.45142, 67.299034, 0.0 ], [ 30.601206, 67.44059, 0.0 ], [ 35.259468, 67.32382, 0.0 ], [ 38.97007, 66.96036, 0.0 ], [ 41.37003, 66.38558, 0.0 ]] 
boundary 1: [[ 42.224136, 62.344234, 0.0 ], [ 41.369984, 61.614464, 0.0 ], [ 38.97007, 61.0397, 0.0 ], [ 35.259453, 60.67616, 0.0 ], [ 30.601187, 60.559437, 0.0 ], [ 25.451412, 60.70102, 0.0 ], [ 20.314182, 61.08694, 0.0 ], [ 15.692276, 61.679478, 0.0 ], [ 12.038265, 62.420628, 0.0 ], [ 9.709736, 63.237946, 0.0 ], [ 8.934655, 64.05133, 0.0 ], [ 9.788863, 64.78108, 0.0 ], [ 12.188791, 65.35571, 0.0 ], [ 15.8994665, 65.7192, 0.0 ], [ 20.557667, 65.83596, 0.0 ], [ 25.70747, 65.69445, 0.0 ], [ 30.844717, 65.308586, 0.0 ], [ 35.46663, 64.71596, 0.0 ], [ 39.12056, 63.9748, 0.0 ], [ 41.44909, 63.1575, 0.0 ]] 
boundary 0: [[ 42.16047, 66.6173, 0.0 ], [ 41.410027, 65.78138, 0.0 ], [ 39.106823, 64.895134, 0.0 ], [ 35.476616, 64.04533, 0.0 ], [ 30.874435, 63.315243, 0.0 ], [ 25.750992, 62.77646, 0.0 ], [ 20.607645, 62.48146, 0.0 ], [ 15.948051, 62.459267, 0.0 ], [ 12.228153, 62.712074, 0.0 ], [ 9.812196, 63.2151, 0.0 ], [ 8.936615, 63.919086, 0.0 ], [ 9.68715, 64.75514, 0.0 ], [ 11.990267, 65.641396, 0.0 ], [ 15.620588, 66.49113, 0.0 ], [ 20.222752, 67.221085, 0.0 ], [ 25.34621, 67.760025, 0.0 ], [ 30.489489, 68.05498, 0.0 ], [ 35.14915, 68.07706, 0.0 ], [ 38.86894, 67.824356, 0.0 ], [ 41.284966, 67.32136, 0.0 ]] 
boundary 1: [[ 42.160454, 61.382683, 0.0 ], [ 41.284927, 60.67869, 0.0 ], [ 38.86894, 60.175705, 0.0 ], [ 35.149136, 59.922897, 0.0 ], [ 30.48947, 59.945053, 0.0 ], [ 25.346203, 60.24004, 0.0 ], [ 20.22276, 60.77888, 0.0 ], [ 15.620565, 61.50889, 0.0 ], [ 11.990263, 62.3586, 0.0 ], [ 9.687126, 63.244946, 0.0 ], [ 8.936628, 64.081055, 0.0 ], [ 9.812204, 64.78505, 0.0 ], [ 12.228189, 65.28789, 0.0 ], [ 15.94805, 65.54064, 0.0 ], [ 20.60766, 65.51853, 0.0 ], [ 25.750961, 65.22362, 0.0 ], [ 30.87443, 64.684845, 0.0 ], [ 35.476624, 63.95473, 0.0 ], [ 39.106834, 63.10502, 0.0 ], [ 41.40998, 62.21868, 0.0 ]] 
boundary 0: [[ 42.02484, 67.946434, 0.0 ], [ 41.30957, 67.08024, 0.0 ], [ 39.044945, 66.099594, 0.0 ], [ 35.45295, 65.100525, 0.0 ], [ 30.88485, 64.18095, 0.0 ], [ 25.78804, 63.43096, 0.0 ], [ 20.661272, 62.923733, 0.0 ], [ 16.006573, 62.709053, 0.0 ], [ 12.279402, 62.807983, 0.0 ], [ 9.844725, 63.21076, 0.0 ], [ 8.940808, 63.87798, 0.0 ], [ 9.656163, 64.74433, 0.0 ], [ 11.920702, 65.72496, 0.0 ], [ 15.512819, 66.72396, 0.0 ], [ 20.080896, 67.643425, 0.0 ], [ 25.177727, 68.393555, 0.0 ], [ 30.304426, 68.900734, 0.0 ], [ 34.959198, 69.115295, 0.0 ], [ 38.68624, 69.01649, 0.0 ], [ 41.120995, 68.61372, 0.0 ]] 
boundary 1: [[ 42.024826, 60.053535, 0.0 ], [ 41.120956, 59.386314, 0.0 ], [ 38.68625, 58.983574, 0.0 ], [ 34.959175, 58.884655, 0.0 ], [ 30.304407, 59.099297, 0.0 ], [ 25.17772, 59.606506, 0.0 ], [ 20.080902, 60.35655, 0.0 ], [ 15.512796, 61.27606, 0.0 ], [ 11.920697, 62.275024, 0.0 ], [ 9.656145, 63.255764, 0.0 ], [ 8.940829, 64.12216, 0.0 ], [ 9.844741, 64.78939, 0.0 ], [ 12.279434, 65.19196, 0.0 ], [ 16.006563, 65.29084, 0.0 ], [ 20.661287, 65.076256, 0.0 ], [ 25.788015, 64.56911, 0.0 ], [ 30.88485, 63.819145, 0.0 ], [ 35.452957, 62.899517, 0.0 ], [ 39.04496, 61.90056, 0.0 ], [ 41.309525, 60.919834, 0.0 ]] 
boundary 0: [[ 41.889015, 68.92676, 0.0 ], [ 41.200607, 68.03908, 0.0 ], [ 38.96706, 66.98957, 0.0 ], [ 35.407326, 65.88104, 0.0 ], [ 30.869492, 64.82209, 0.0 ], [ 25.798035, 63.91647, 0.0 ], [ 20.68919, 63.25256, 0.0 ], [ 16.04324, 62.89553, 0.0 ], [ 12.314785, 62.880344, 0.0 ], [ 9.868921, 63.208416, 0.0 ], [ 8.945005, 63.84766, 0.0 ], [ 9.633512, 64.7355, 0.0 ], [ 11.866977, 65.78496, 0.0 ], [ 15.42684, 66.89345, 0.0 ], [ 19.964638, 67.952286, 0.0 ], [ 25.036121, 68.85806, 0.0 ], [ 30.144901, 69.5219, 0.0 ], [ 34.790916, 69.87884, 0.0 ], [ 38.519245, 69.89412, 0.0 ], [ 40.96519, 69.56607, 0.0 ]] 
boundary 1: [[ 41.889, 59.073215, 0.0 ], [ 40.965153, 58.433975, 0.0 ], [ 38.519253, 58.105938, 0.0 ], [ 34.790894, 58.12113, 0.0 ], [ 30.144882, 58.47813, 0.0 ], [ 25.036118, 59.142006, 0.0 ], [ 19.964642, 60.047688, 0.0 ], [ 15.426817, 61.106567, 0.0 ], [ 11.866972, 62.214996, 0.0 ], [ 9.633497, 63.2646, 0.0 ], [ 8.945034, 64.15248, 0.0 ], [ 9.868942, 64.79173, 0.0 ], [ 12.3148155, 65.119606, 0.0 ], [ 16.043228, 65.104355, 0.0 ], [ 20.689205, 64.74742, 0.0 ], [ 25.798012, 64.08361, 0.0 ], [ 30.869497, 63.17801, 0.0 ], [ 35.407333, 62.118996, 0.0 ], [ 38.96708, 61.010567, 0.0 ], [ 41.20056, 59.961, 0.0 ]] 
boundary 0: [[ 41.672043, 70.172, 0.0 ], [ 41.018845, 69.25807, 0.0 ], [ 38.82804, 68.12207, 0.0 ], [ 35.314342, 66.875275, 0.0 ], [ 30.821358, 65.63974, 0.0 ], [ 25.789177, 64.536606, 0.0 ], [ 20.710186, 63.673515, 0.0 ], [ 16.081741, 63.135185, 0.0 ], [ 12.356728, 62.974277, 0.0 ], [ 9.899909, 63.2065, 0.0 ], [ 8.9517145, 63.809143, 0.0 ], [ 9.604994, 64.72321, 0.0 ], [ 11.795733, 65.85917, 0.0 ], [ 15.309551, 67.10596, 0.0 ], [ 19.8025, 68.34134, 0.0 ], [ 24.834702, 69.444626, 0.0 ], [ 29.913631, 70.30764, 0.0 ], [ 34.542145, 70.8459, 0.0 ], [ 38.267036, 71.00689, 0.0 ], [ 40.72393, 70.774704, 0.0 ]] 
boundary 1: [[ 41.672028, 57.827995, 0.0 ], [ 40.723892, 57.22535, 0.0 ], [ 38.267044, 56.993153, 0.0 ], [ 34.54212, 57.15406, 0.0 ], [ 29.913614, 57.69238, 0.0 ], [ 24.834702, 58.55542, 0.0 ], [ 19.8025, 59.65863, 0.0 ], [ 15.309528, 60.894062, 0.0 ], [ 11.795726, 62.140785, 0.0 ], [ 9.604982, 63.276882, 0.0 ], [ 8.951748, 64.191, 0.0 ], [ 9.899938, 64.79365, 0.0 ], [ 12.356754, 65.02567, 0.0 ], [ 16.08172, 64.8647, 0.0 ], [ 20.710201, 64.326454, 0.0 ], [ 25.789154, 63.46348, 0.0 ], [ 30.821365, 62.360348, 0.0 ], [ 35.31435, 61.124783, 0.0 ], [ 38.828056, 59.878067, 0.0 ], [ 41.0188, 58.742004, 0.0 ]] 
boundary 0: [[ 41.443024, 71.25109, 0.0 ], [ 40.82138, 70.315414, 0.0 ], [ 38.6706, 69.10533, 0.0 ], [ 35.201492, 67.73941, 0.0 ], [ 30.753267, 66.35132, 0.0 ], [ 25.761642, 65.07718, 0.0 ], [ 20.715054, 64.04133, 0.0 ], [ 16.10766, 63.345417, 0.0 ], [ 12.390306, 63.05754, 0.0 ], [ 9.926996, 63.20583, 0.0 ], [ 8.958797, 63.77577, 0.0 ], [ 9.580515, 64.711586, 0.0 ], [ 11.731228, 65.92162, 0.0 ], [ 15.20047, 67.28756, 0.0 ], [ 19.648666, 68.675476, 0.0 ], [ 24.640297, 69.949776, 0.0 ], [ 29.686829, 70.98555, 0.0 ], [ 34.29429, 71.68138, 0.0 ], [ 38.011524, 71.969345, 0.0 ], [ 40.474907, 71.821106, 0.0 ]] 
boundary 1: [[ 41.44301, 56.7489, 0.0 ], [ 40.474876, 56.17895, 0.0 ], [ 38.01153, 56.030704, 0.0 ], [ 34.294266, 56.318584, 0.0 ], [ 29.686817, 57.014477, 0.0 ], [ 24.640297, 58.05027, 0.0 ], [ 19.648664, 59.324493, 0.0 ], [ 15.200449, 60.712475, 0.0 ], [ 11.731219, 62.07834, 0.0 ], [ 9.580506, 63.288506, 0.0 ], [ 8.958832, 64.22438, 0.0 ], [ 9.927031, 64.79432, 0.0 ], [ 12.390333, 64.94241, 0.0 ], [ 16.107637, 64.65444, 0.0 ], [ 20.715067, 63.958633, 0.0 ], [ 25.761627, 62.922916, 0.0 ], [ 30.753277, 61.648766, 0.0 ], [ 35.2015, 60.260654, 0.0 ], [ 38.670628, 58.894806, 0.0 ], [ 40.82134, 57.68467, 0.0 ]] 
boundary 0: [[ 40.95814, 73.10498, 0.0 ], [ 40.393013, 72.13412, 0.0 ], [ 38.317696, 70.79875, 0.0 ], [ 34.9356, 69.22971, 0.0 ], [ 30.577417, 67.580536, 0.0 ], [ 25.670036, 66.01295, 0.0 ], [ 20.693668, 64.67996, 0.0 ], [ 16.135592, 63.712326, 0.0 ], [ 12.441823, 63.20474, 0.0 ], [ 9.974054, 63.20685, 0.0 ], [ 8.973792, 63.71843, 0.0 ], [ 9.5389805, 64.68943, 0.0 ], [ 11.614235, 66.02475, 0.0 ], [ 14.996466, 67.59381, 0.0 ], [ 19.35463, 69.2428, 0.0 ], [ 24.262009, 70.81057, 0.0 ], [ 29.238323, 72.14346, 0.0 ], [ 33.796455, 73.111015, 0.0 ], [ 37.490124, 73.618675, 0.0 ], [ 39.957947, 73.61663, 0.0 ]] 
boundary 1: [[ 40.958126, 54.895027, 0.0 ], [ 39.957924, 54.383434, 0.0 ], [ 37.490135, 54.38137, 0.0 ], [ 33.796432, 54.888954, 0.0 ], [ 29.238312, 55.856564, 0.0 ], [ 24.262012, 57.189487, 0.0 ], [ 19.35463, 58.75717, 0.0 ], [ 14.996447, 60.40623, 0.0 ], [ 11.614226, 61.975204, 0.0 ], [ 9.538978, 63.310654, 0.0 ], [ 8.973834, 64.281715, 0.0 ], [ 9.974096, 64.7933, 0.0 ], [ 12.441847, 64.7952, 0.0 ], [ 16.135565, 64.28754, 0.0 ], [ 20.69368, 63.320004, 0.0 ], [ 25.670025, 61.987144, 0.0 ], [ 30.577427, 60.419533, 0.0 ], [ 34.935608, 58.77035, 0.0 ], [ 38.31772, 57.201397, 0.0 ], [ 40.392982, 55.865974, 0.0 ]] 
boundary 0: [[ 40.31717, 75.05721, 0.0 ], [ 39.81485, 74.05241, 0.0 ], [ 37.828545, 72.58793, 0.0 ], [ 34.552937, 70.80723, 0.0 ], [ 30.308306, 68.88456, 0.0 ], [ 25.5104, 67.00844, 0.0 ], [ 20.628748, 65.36205, 0.0 ], [ 16.141338, 64.10686, 0.0 ], [ 12.487268, 63.36568, 0.0 ], [ 10.024352, 63.211037, 0.0 ], [ 8.993613, 63.65805, 0.0 ], [ 9.495985, 64.662994, 0.0 ], [ 11.482235, 66.127426, 0.0 ], [ 14.757974, 67.90815, 0.0 ], [ 19.002598, 69.830605, 0.0 ], [ 23.800491, 71.70694, 0.0 ], [ 28.682089, 73.35321, 0.0 ], [ 33.16955, 74.60834, 0.0 ], [ 36.82352, 75.34959, 0.0 ], [ 39.28649, 75.504295, 0.0 ]] 
boundary 1: [[ 40.317154, 52.94281, 0.0 ], [ 39.286484, 52.495773, 0.0 ], [ 36.82354, 52.650467, 0.0 ], [ 33.169525, 53.391644, 0.0 ], [ 28.68208, 54.646812, 0.0 ], [ 23.800495, 56.293125, 0.0 ], [ 19.002594, 58.169342, 0.0 ], [ 14.757956, 60.09189, 0.0 ], [ 11.482223, 61.87253, 0.0 ], [ 9.495989, 63.337097, 0.0 ], [ 8.993666, 64.342094, 0.0 ], [ 10.024401, 64.7891, 0.0 ], [ 12.48729, 64.634254, 0.0 ], [ 16.141306, 63.893005, 0.0 ], [ 20.628754, 62.63791, 0.0 ], [ 25.510399, 60.99166, 0.0 ], [ 30.308317, 59.11551, 0.0 ], [ 34.552963, 57.192833, 0.0 ], [ 37.828575, 55.412235, 0.0 ], [ 39.81483, 53.94769, 0.0 ]] 
boundary 0: [[ 37.28482, 81.24345, 0.0 ], [ 37.00678, 80.15504, 0.0 ], [ 35.375828, 78.30298, 0.0 ], [ 32.55185, 75.86871, 0.0 ], [ 28.810919, 73.09041, 0.0 ], [ 24.519413, 70.240364, 0.0 ], [ 20.097382, 67.59711, 0.0 ], [ 15.977772, 65.41969, 0.0 ], [ 12.563682, 63.92116, 0.0 ], [ 10.189438, 63.24823, 0.0 ], [ 9.087391, 63.466724, 0.0 ], [ 9.365449, 64.55528, 0.0 ], [ 10.996348, 66.40728, 0.0 ], [ 13.820456, 68.8416, 0.0 ], [ 17.561419, 71.61969, 0.0 ], [ 21.852875, 74.469925, 0.0 ], [ 26.274862, 77.11308, 0.0 ], [ 30.39455, 79.290436, 0.0 ], [ 33.80852, 80.78901, 0.0 ], [ 36.1828, 81.46203, 0.0 ]] 
boundary 1: [[ 37.284805, 46.756577, 0.0 ], [ 36.182816, 46.538048, 0.0 ], [ 33.808556, 47.211044, 0.0 ], [ 30.394516, 48.70954, 0.0 ], [ 26.274862, 50.886955, 0.0 ], [ 21.852888, 53.53012, 0.0 ], [ 17.561409, 56.380257, 0.0 ], [ 13.820447, 59.15844, 0.0 ], [ 10.996327, 61.592674, 0.0 ], [ 9.365472, 63.44481, 0.0 ], [ 9.087475, 64.53341, 0.0 ], [ 10.189515, 64.7519, 0.0 ], [ 12.56369, 64.07876, 0.0 ], [ 15.977712, 62.580185, 0.0 ], [ 20.097387, 60.40285, 0.0 ], [ 24.51943, 57.75973, 0.0 ], [ 28.81094, 54.909664, 0.0 ], [ 32.551895, 52.13134, 0.0 ], [ 35.3759, 49.69718, 0.0 ], [ 37.006783, 47.845062, 0.0 ]] 
boundary 0: [[ 26.232893, 91.924255, 0.0 ], [ 26.488804, 90.83045, 0.0 ], [ 25.897266, 88.43458, 0.0 ], [ 24.516312, 84.97142, 0.0 ], [ 22.480843, 80.7797, 0.0 ], [ 19.990135, 76.27014, 0.0 ], [ 17.28817, 71.88374, 0.0 ], [ 14.639364, 68.050186, 0.0 ], [ 12.30291, 65.14457, 0.0 ], [ 10.507616, 63.45142, 0.0 ], [ 9.4291935, 63.136375, 0.0 ], [ 9.173218, 64.23034, 0.0 ], [ 9.76474, 66.62613, 0.0 ], [ 11.145785, 70.0894, 0.0 ], [ 13.181376, 74.28094, 0.0 ], [ 15.671953, 78.790634, 0.0 ], [ 18.373932, 83.176926, 0.0 ], [ 21.022833, 87.01046, 0.0 ], [ 23.359161, 89.91606, 0.0 ], [ 25.154444, 91.609314, 0.0 ]] 
boundary 1: [[ 26.232885, 36.075764, 0.0 ], [ 25.154493, 36.390747, 0.0 ], [ 23.359219, 38.08397, 0.0 ], [ 21.022793, 40.989532, 0.0 ], [ 18.373947, 44.823105, 0.0 ], [ 15.671989, 49.209404, 0.0 ], [ 13.181342, 53.719017, 0.0 ], [ 11.145801, 57.91065, 0.0 ], [ 9.764701, 61.37384, 0.0 ], [ 9.17328, 63.769733, 0.0 ], [ 9.42933, 64.8637, 0.0 ], [ 10.507746, 64.54867, 0.0 ], [ 12.302881, 62.85535, 0.0 ], [ 14.639254, 59.94973, 0.0 ], [ 17.288162, 56.11622, 0.0 ], [ 19.9902, 51.72993, 0.0 ], [ 22.480898, 47.22036, 0.0 ], [ 24.51638, 43.028618, 0.0 ], [ 25.897413, 39.565544, 0.0 ], [ 26.488853, 37.169647, 0.0 ]] 
boundary 0: [[ 27.604364, 91.077194, 0.0 ], [ 27.80544, 89.97199, 0.0 ], [ 27.09523, 87.60858, 0.0 ], [ 25.54339, 84.21855, 0.0 ], [ 23.301538, 80.133484, 0.0 ], [ 20.589172, 75.75367, 0.0 ], [ 17.67195, 71.507385, 0.0 ], [ 14.835375, 67.81061, 0.0 ], [ 12.35701, 65.02505, 0.0 ], [ 10.479562, 63.42348, 0.0 ], [ 9.386778, 63.162575, 0.0 ], [ 9.185642, 64.26794, 0.0 ], [ 9.895834, 66.63127, 0.0 ], [ 11.44777, 70.02141, 0.0 ], [ 13.689735, 74.10628, 0.0 ], [ 16.401978, 78.486244, 0.0 ], [ 19.319208, 82.73242, 0.0 ], [ 22.155878, 86.42917, 0.0 ], [ 24.634115, 89.21472, 0.0 ], [ 26.511559, 90.81639, 0.0 ]] 
boundary 1: [[ 27.604355, 36.922825, 0.0 ], [ 26.511604, 37.18367, 0.0 ], [ 24.63417, 38.785316, 0.0 ], [ 22.155838, 41.57082, 0.0 ], [ 19.319221, 45.267612, 0.0 ], [ 16.402012, 49.513794, 0.0 ], [ 13.689703, 53.893673, 0.0 ], [ 11.447783, 57.978645, 0.0 ], [ 9.895797, 61.3687, 0.0 ], [ 9.1857, 63.73214, 0.0 ], [ 9.3869095, 64.83751, 0.0 ], [ 10.479687, 64.576614, 0.0 ], [ 12.356985, 62.97487, 0.0 ], [ 14.835268, 60.189304, 0.0 ], [ 17.671944, 56.492577, 0.0 ], [ 20.589233, 52.246407, 0.0 ], [ 23.30159, 47.866577, 0.0 ], [ 25.543457, 43.781487, 0.0 ], [ 27.095371, 40.39155, 0.0 ], [ 27.805487, 38.028107, 0.0 ]] 
boundary 0: [[ 37.991783, 80.06746, 0.0 ], [ 37.66781, 78.991844, 0.0 ], [ 35.959747, 77.21065, 0.0 ], [ 33.035034, 74.898384, 0.0 ], [ 29.17959, 72.281296, 0.0 ], [ 24.771032, 69.6159, 0.0 ], [ 20.24084, 67.16264, 0.0 ], [ 16.032558, 65.16196, 0.0 ], [ 12.557961, 63.809624, 0.0 ], [ 10.157312, 63.23804, 0.0 ], [ 9.065528, 63.503094, 0.0 ], [ 9.38952, 64.57889, 0.0 ], [ 11.097524, 66.36001, 0.0 ], [ 14.022368, 68.67232, 0.0 ], [ 17.877832, 71.28919, 0.0 ], [ 22.286346, 73.95479, 0.0 ], [ 26.8165, 76.40795, 0.0 ], [ 31.02485, 78.40855, 0.0 ], [ 34.49933, 79.76093, 0.0 ], [ 36.900024, 80.33263, 0.0 ]] 
boundary 1: [[ 37.991753, 47.93256, 0.0 ], [ 36.900032, 47.66746, 0.0 ], [ 34.49936, 48.239124, 0.0 ], [ 31.024822, 49.591423, 0.0 ], [ 26.816494, 51.592094, 0.0 ], [ 22.286362, 54.045265, 0.0 ], [ 17.877825, 56.710754, 0.0 ], [ 14.02236, 59.32772, 0.0 ], [ 11.097506, 61.639946, 0.0 ], [ 9.389537, 63.421215, 0.0 ], [ 9.06561, 64.49704, 0.0 ], [ 10.157382, 64.76209, 0.0 ], [ 12.557981, 64.190285, 0.0 ], [ 16.032507, 62.837906, 0.0 ], [ 20.240856, 60.837322, 0.0 ], [ 24.77105, 58.3842, 0.0 ], [ 29.179604, 55.718784, 0.0 ], [ 33.03508, 53.10167, 0.0 ], [ 35.95982, 50.78953, 0.0 ], [ 37.6678, 49.008255, 0.0 ]] 
boundary 0: [[ 40.86168, 73.42743, 0.0 ], [ 40.306683, 72.45076, 0.0 ], [ 38.245377, 71.09388, 0.0 ], [ 34.879807, 69.4897, 0.0 ], [ 30.539019, 67.79525, 0.0 ], [ 25.64822, 66.17667, 0.0 ], [ 20.685997, 64.79195, 0.0 ], [ 16.138243, 63.7769, 0.0 ], [ 12.449952, 63.23088, 0.0 ], [ 9.982307, 63.207314, 0.0 ], [ 8.976775, 63.708458, 0.0 ], [ 9.531827, 64.6853, 0.0 ], [ 11.593062, 66.04213, 0.0 ], [ 14.958778, 67.646324, 0.0 ], [ 19.299534, 69.340576, 0.0 ], [ 24.190334, 70.95935, 0.0 ], [ 29.152498, 72.34398, 0.0 ], [ 33.7003, 73.35891, 0.0 ], [ 37.38848, 73.90503, 0.0 ], [ 39.8562, 73.928696, 0.0 ]] 
boundary 1: [[ 40.86165, 54.57258, 0.0 ], [ 39.856186, 54.071404, 0.0 ], [ 37.388504, 54.095043, 0.0 ], [ 33.70028, 54.641045, 0.0 ], [ 29.152483, 55.65606, 0.0 ], [ 24.190334, 57.040703, 0.0 ], [ 19.299538, 58.65938, 0.0 ], [ 14.958763, 60.35371, 0.0 ], [ 11.593055, 61.957817, 0.0 ], [ 9.53182, 63.314804, 0.0 ], [ 8.976824, 64.291695, 0.0 ], [ 9.9823475, 64.79283, 0.0 ], [ 12.449992, 64.769035, 0.0 ], [ 16.138226, 64.222946, 0.0 ], [ 20.686024, 63.208023, 0.0 ], [ 25.64822, 61.823444, 0.0 ], [ 30.539015, 60.204834, 0.0 ], [ 34.879837, 58.51036, 0.0 ], [ 38.24542, 56.90631, 0.0 ], [ 40.306656, 55.549324, 0.0 ]] 
boundary 0: [[ 41.639824, 70.33546, 0.0 ], [ 40.991325, 69.418205, 0.0 ], [ 38.806404, 68.270935, 0.0 ], [ 35.299206, 67.00604, 0.0 ], [ 30.81263, 65.74733, 0.0 ], [ 25.786196, 64.61832, 0.0 ], [ 20.71172, 63.729076, 0.0 ], [ 16.086102, 63.166862, 0.0 ], [ 12.361966, 62.986763, 0.0 ], [ 9.903998, 63.206345, 0.0 ], [ 8.952712, 63.804085, 0.0 ], [ 9.601275, 64.72151, 0.0 ], [ 11.786122, 65.86873, 0.0 ], [ 15.293472, 67.13365, 0.0 ], [ 19.779995, 68.392136, 0.0 ], [ 24.80645, 69.52137, 0.0 ], [ 29.880857, 70.41051, 0.0 ], [ 34.50651, 70.9726, 0.0 ], [ 38.230553, 71.15282, 0.0 ], [ 40.6886, 70.93333, 0.0 ]] 
boundary 1: [[ 41.639793, 57.664547, 0.0 ], [ 40.68857, 57.06678, 0.0 ], [ 38.230568, 56.847263, 0.0 ], [ 34.506496, 57.027355, 0.0 ], [ 29.880838, 57.58952, 0.0 ], [ 24.80644, 58.478718, 0.0 ], [ 19.780003, 59.607826, 0.0 ], [ 15.293453, 60.86639, 0.0 ], [ 11.78612, 62.131207, 0.0 ], [ 9.601258, 63.27859, 0.0 ], [ 8.9527445, 64.19606, 0.0 ], [ 9.904024, 64.79381, 0.0 ], [ 12.362015, 65.01315, 0.0 ], [ 16.086098, 64.83298, 0.0 ], [ 20.711746, 64.270905, 0.0 ], [ 25.786186, 63.381786, 0.0 ], [ 30.812618, 62.25274, 0.0 ], [ 35.29922, 60.99404, 0.0 ], [ 38.80643, 59.729256, 0.0 ], [ 40.991287, 58.581882, 0.0 ]] 
boundary 0: [[ 42.016205, 68.016014, 0.0 ], [ 41.302803, 67.148285, 0.0 ], [ 39.04033, 66.16273, 0.0 ], [ 35.45053, 65.15587, 0.0 ], [ 30.884392, 64.22634, 0.0 ], [ 25.789234, 63.46535, 0.0 ], [ 20.663578, 62.947, 0.0 ], [ 16.009346, 62.722214, 0.0 ], [ 12.281963, 62.813057, 0.0 ], [ 9.846435, 63.210575, 0.0 ], [ 8.941072, 63.875824, 0.0 ], [ 9.654553, 64.74373, 0.0 ], [ 11.916947, 65.72924, 0.0 ], [ 15.5069, 66.73609, 0.0 ], [ 20.072971, 67.665405, 0.0 ], [ 25.168167, 68.426605, 0.0 ], [ 30.293745, 68.94486, 0.0 ], [ 34.94801, 69.169525, 0.0 ], [ 38.6753, 69.07881, 0.0 ], [ 41.110912, 68.68138, 0.0 ]] 
boundary 1: [[ 42.01617, 59.983994, 0.0 ], [ 41.110874, 59.318718, 0.0 ], [ 38.675316, 58.921265, 0.0 ], [ 34.947994, 58.83042, 0.0 ], [ 30.293726, 59.055157, 0.0 ], [ 25.168146, 59.57347, 0.0 ], [ 20.072979, 60.33454, 0.0 ], [ 15.506878, 61.263947, 0.0 ], [ 11.916948, 62.270702, 0.0 ], [ 9.654529, 63.256386, 0.0 ], [ 8.941094, 64.12432, 0.0 ], [ 9.846449, 64.78958, 0.0 ], [ 12.28202, 65.186874, 0.0 ], [ 16.00935, 65.277626, 0.0 ], [ 20.663605, 65.05298, 0.0 ], [ 25.78922, 64.534744, 0.0 ], [ 30.884373, 63.77373, 0.0 ], [ 35.450542, 62.8442, 0.0 ], [ 39.040344, 61.83747, 0.0 ], [ 41.302757, 60.851807, 0.0 ]] 
boundary 0: [[ 42.198635, 66.09507, 0.0 ], [ 41.43474, 65.27144, 0.0 ], [ 39.117508, 64.42259, 0.0 ], [ 35.474037, 63.631668, 0.0 ], [ 30.860586, 62.976173, 0.0 ], [ 25.729107, 62.52048, 0.0 ], [ 20.58165, 62.308796, 0.0 ], [ 15.922304, 62.36204, 0.0 ], [ 12.206978, 62.67507, 0.0 ], [ 9.799498, 63.217155, 0.0 ], [ 8.9354315, 63.935226, 0.0 ], [ 9.699414, 64.759026, 0.0 ], [ 12.016565, 65.607834, 0.0 ], [ 15.660187, 66.39875, 0.0 ], [ 20.273561, 67.05404, 0.0 ], [ 25.40509, 67.50994, 0.0 ], [ 30.552452, 67.72153, 0.0 ], [ 35.21183, 67.66817, 0.0 ], [ 38.92707, 67.355255, 0.0 ], [ 41.33464, 66.813255, 0.0 ]] 
boundary 1: [[ 42.198593, 61.904938, 0.0 ], [ 41.334602, 61.186848, 0.0 ], [ 38.927086, 60.64482, 0.0 ], [ 35.211815, 60.331795, 0.0 ], [ 30.552433, 60.278492, 0.0 ], [ 25.405064, 60.490135, 0.0 ], [ 20.273571, 60.945915, 0.0 ], [ 15.660162, 61.601288, 0.0 ], [ 12.016571, 62.392105, 0.0 ], [ 9.699383, 63.241077, 0.0 ], [ 8.935445, 64.06491, 0.0 ], [ 9.799503, 64.78299, 0.0 ], [ 12.207037, 65.32487, 0.0 ], [ 15.9223175, 65.63778, 0.0 ], [ 20.58168, 65.69117, 0.0 ], [ 25.729088, 65.47963, 0.0 ], [ 30.860561, 65.02391, 0.0 ], [ 35.474045, 64.3684, 0.0 ], [ 39.117508, 63.577602, 0.0 ], [ 41.434685, 62.728653, 0.0 ]] 
boundary 0: [[ 42.205128, 65.99242, 0.0 ], [ 41.43862, 65.17122, 0.0 ], [ 39.118706, 64.32977, 0.0 ], [ 35.47274, 63.550438, 0.0 ], [ 30.857227, 62.909603, 0.0 ], [ 25.72432, 62.470245, 0.0 ], [ 20.57622, 62.27493, 0.0 ], [ 15.917065, 62.343002, 0.0 ], [ 12.202751, 62.66785, 0.0 ], [ 9.79701, 63.217587, 0.0 ], [ 8.93523, 63.93839, 0.0 ], [ 9.701829, 64.75977, 0.0 ], [ 12.0216675, 65.60122, 0.0 ], [ 15.6677885, 66.38052, 0.0 ], [ 20.283226, 67.02114, 0.0 ], [ 25.416176, 67.46072, 0.0 ], [ 30.564186, 67.655914, 0.0 ], [ 35.22338, 67.58774, 0.0 ], [ 38.9376, 67.263016, 0.0 ], [ 41.343437, 66.71336, 0.0 ]] 
boundary 1: [[ 42.205086, 62.007584, 0.0 ], [ 41.3434, 61.28675, 0.0 ], [ 38.937614, 60.737072, 0.0 ], [ 35.223366, 60.41222, 0.0 ], [ 30.564167, 60.344097, 0.0 ], [ 25.41615, 60.53937, 0.0 ], [ 20.283234, 60.97882, 0.0 ], [ 15.667764, 61.619514, 0.0 ], [ 12.021673, 62.398743, 0.0 ], [ 9.7017975, 63.240326, 0.0 ], [ 8.935244, 64.06175, 0.0 ], [ 9.797016, 64.78257, 0.0 ], [ 12.20281, 65.33211, 0.0 ], [ 15.917078, 65.656815, 0.0 ], [ 20.57625, 65.725044, 0.0 ], [ 25.7243, 65.52988, 0.0 ], [ 30.857203, 65.09046, 0.0 ], [ 35.472748, 64.44967, 0.0 ], [ 39.118706, 63.670452, 0.0 ], [ 41.43857, 62.82886, 0.0 ]] 
boundary 0: [[ 42.192825, 66.182365, 0.0 ], [ 41.431183, 65.356674, 0.0 ], [ 39.116257, 64.50157, 0.0 ], [ 35.47496, 63.700794, 0.0 ], [ 30.863285, 63.032803, 0.0 ], [ 25.733055, 62.56323, 0.0 ], [ 20.586187, 62.337616, 0.0 ], [ 15.926718, 62.378258, 0.0 ], [ 12.210555, 62.681232, 0.0 ], [ 9.801618, 63.216793, 0.0 ], [ 8.93561, 63.93253, 0.0 ], [ 9.697361, 64.75839, 0.0 ], [ 12.012205, 65.61349, 0.0 ], [ 15.653675, 66.41424, 0.0 ], [ 20.26527, 67.082016, 0.0 ], [ 25.395535, 67.5518, 0.0 ], [ 30.542307, 67.7773, 0.0 ], [ 35.20183, 67.73656, 0.0 ], [ 38.917885, 67.43371, 0.0 ], [ 41.32692, 66.898224, 0.0 ]] 
boundary 1: [[ 42.192783, 61.817635, 0.0 ], [ 41.32688, 61.101887, 0.0 ], [ 38.9179, 60.566383, 0.0 ], [ 35.201817, 60.2634, 0.0 ], [ 30.542288, 60.22271, 0.0 ], [ 25.395508, 60.448284, 0.0 ], [ 20.265274, 60.917942, 0.0 ], [ 15.65365, 61.5858, 0.0 ], [ 12.012211, 62.386475, 0.0 ], [ 9.6973295, 63.241707, 0.0 ], [ 8.935625, 64.06765, 0.0 ], [ 9.801625, 64.78337, 0.0 ], [ 12.210613, 65.31871, 0.0 ], [ 15.926731, 65.62157, 0.0 ], [ 20.586218, 65.66237, 0.0 ], [ 25.733036, 65.43689, 0.0 ], [ 30.863262, 64.96728, 0.0 ], [ 35.474968, 64.29932, 0.0 ], [ 39.116264, 63.498653, 0.0 ], [ 41.43113, 62.64341, 0.0 ]] 
boundary 0: [[ 42.187954, 66.25287, 0.0 ], [ 41.428143, 65.42554, 0.0 ], [ 39.115086, 64.5654, 0.0 ], [ 35.475548, 63.756615, 0.0 ], [ 30.865341, 63.078568, 0.0 ], [ 25.736156, 62.597775, 0.0 ], [ 20.589792, 62.36091, 0.0 ], [ 15.930247, 62.391365, 0.0 ], [ 12.213431, 62.68622, 0.0 ], [ 9.803327, 63.21652, 0.0 ], [ 8.93576, 63.93036, 0.0 ], [ 9.695704, 64.757904, 0.0 ], [ 12.008674, 65.618034, 0.0 ], [ 15.648382, 66.42672, 0.0 ], [ 20.258507, 67.10458, 0.0 ], [ 25.387733, 67.58561, 0.0 ], [ 30.533995, 67.82234, 0.0 ], [ 35.1936, 67.79179, 0.0 ], [ 38.91031, 67.49707, 0.0 ], [ 41.320503, 66.966835, 0.0 ]] 
boundary 1: [[ 42.187912, 61.747128, 0.0 ], [ 41.320465, 61.03327, 0.0 ], [ 38.910324, 60.50303, 0.0 ], [ 35.193584, 60.208176, 0.0 ], [ 30.533976, 60.177666, 0.0 ], [ 25.387707, 60.414494, 0.0 ], [ 20.25851, 60.895367, 0.0 ], [ 15.648357, 61.573303, 0.0 ], [ 12.008679, 62.381927, 0.0 ], [ 9.695674, 63.242233, 0.0 ], [ 8.935776, 64.069855, 0.0 ], [ 9.803335, 64.783676, 0.0 ], [ 12.2134905, 65.31371, 0.0 ], [ 15.930261, 65.60847, 0.0 ], [ 20.589823, 65.639084, 0.0 ], [ 25.736137, 65.402336, 0.0 ], [ 30.865318, 64.92155, 0.0 ], [ 35.475555, 64.24349, 0.0 ], [ 39.1151, 63.434864, 0.0 ], [ 41.42809, 62.57455, 0.0 ]] 
boundary 0: [[ 42.206482, 65.96969, 0.0 ], [ 41.43943, 65.149055, 0.0 ], [ 39.118927, 64.30924, 0.0 ], [ 35.47242, 63.53245, 0.0 ], [ 30.856443, 62.894886, 0.0 ], [ 25.723232, 62.459126, 0.0 ], [ 20.574993, 62.26744, 0.0 ], [ 15.915899, 62.33879, 0.0 ], [ 12.201813, 62.666256, 0.0 ], [ 9.796455, 63.21769, 0.0 ], [ 8.935187, 63.939117, 0.0 ], [ 9.702366, 64.75995, 0.0 ], [ 12.022796, 65.59976, 0.0 ], [ 15.669458, 66.376465, 0.0 ], [ 20.285353, 67.01384, 0.0 ], [ 25.418602, 67.44983, 0.0 ], [ 30.566742, 67.64138, 0.0 ], [ 35.225903, 67.56994, 0.0 ], [ 38.939884, 67.24261, 0.0 ], [ 41.345314, 66.69124, 0.0 ]] 
boundary 1: [[ 42.20644, 62.030308, 0.0 ], [ 41.345276, 61.30887, 0.0 ], [ 38.9399, 60.757492, 0.0 ], [ 35.225887, 60.43003, 0.0 ], [ 30.566723, 60.358624, 0.0 ], [ 25.418575, 60.55027, 0.0 ], [ 20.285357, 60.98611, 0.0 ], [ 15.669434, 61.623558, 0.0 ], [ 12.022801, 62.400208, 0.0 ], [ 9.702334, 63.240177, 0.0 ], [ 8.9352, 64.06111, 0.0 ], [ 9.796462, 64.78252, 0.0 ], [ 12.201874, 65.33368, 0.0 ], [ 15.915915, 65.66103, 0.0 ], [ 20.575024, 65.73255, 0.0 ], [ 25.723213, 65.54098, 0.0 ], [ 30.85642, 65.105225, 0.0 ], [ 35.472427, 64.46765, 0.0 ], [ 39.118942, 63.691006, 0.0 ], [ 41.439377, 62.851032, 0.0 ]] 
boundary 0: [[ 42.224136, 65.65542, 0.0 ], [ 41.44912, 64.8423, 0.0 ], [ 39.120552, 64.02512, 0.0 ], [ 35.46666, 63.283855, 0.0 ], [ 30.844707, 62.691257, 0.0 ], [ 25.707485, 62.305492, 0.0 ], [ 20.557621, 62.16393, 0.0 ], [ 15.899445, 62.280632, 0.0 ], [ 12.188722, 62.644234, 0.0 ], [ 9.788845, 63.219063, 0.0 ], [ 8.934642, 63.94885, 0.0 ], [ 9.709774, 64.76216, 0.0 ], [ 12.038271, 65.579346, 0.0 ], [ 15.69232, 66.32051, 0.0 ], [ 20.314209, 66.912926, 0.0 ], [ 25.451462, 67.29891, 0.0 ], [ 30.601221, 67.440346, 0.0 ], [ 35.259453, 67.32355, 0.0 ], [ 38.97007, 66.96008, 0.0 ], [ 41.370033, 66.38532, 0.0 ]] 
boundary 1: [[ 42.224094, 62.34457, 0.0 ], [ 41.369995, 61.614784, 0.0 ], [ 38.970085, 61.04002, 0.0 ], [ 35.259438, 60.67642, 0.0 ], [ 30.601202, 60.559658, 0.0 ], [ 25.451431, 60.70118, 0.0 ], [ 20.314213, 61.087025, 0.0 ], [ 15.692295, 61.67951, 0.0 ], [ 12.038277, 62.42062, 0.0 ], [ 9.709742, 63.23797, 0.0 ], [ 8.934655, 64.051384, 0.0 ], [ 9.788851, 64.78114, 0.0 ], [ 12.188784, 65.3557, 0.0 ], [ 15.899463, 65.7192, 0.0 ], [ 20.557652, 65.83607, 0.0 ], [ 25.707462, 65.69462, 0.0 ], [ 30.844683, 65.30885, 0.0 ], [ 35.466667, 64.71624, 0.0 ], [ 39.120564, 63.975136, 0.0 ], [ 41.449066, 63.15779, 0.0 ]] 
boundary 0: [[ 42.16046, 66.616974, 0.0 ], [ 41.41002, 65.78112, 0.0 ], [ 39.106827, 64.894905, 0.0 ], [ 35.476658, 64.04508, 0.0 ], [ 30.874424, 63.31501, 0.0 ], [ 25.750977, 62.77633, 0.0 ], [ 20.60762, 62.481354, 0.0 ], [ 15.948031, 62.45919, 0.0 ], [ 12.228122, 62.712044, 0.0 ], [ 9.812181, 63.215107, 0.0 ], [ 8.936611, 63.91911, 0.0 ], [ 9.687163, 64.75516, 0.0 ], [ 11.99027, 65.641365, 0.0 ], [ 15.620609, 66.49111, 0.0 ], [ 20.222786, 67.22099, 0.0 ], [ 25.346252, 67.7599, 0.0 ], [ 30.489508, 68.05473, 0.0 ], [ 35.149147, 68.07678, 0.0 ], [ 38.868942, 67.82408, 0.0 ], [ 41.28498, 67.3211, 0.0 ]] 
boundary 1: [[ 42.16042, 61.383022, 0.0 ], [ 41.28495, 60.679012, 0.0 ], [ 38.868965, 60.176025, 0.0 ], [ 35.14913, 59.923157, 0.0 ], [ 30.489489, 59.945274, 0.0 ], [ 25.346222, 60.2402, 0.0 ], [ 20.22279, 60.778965, 0.0 ], [ 15.620585, 61.50892, 0.0 ], [ 11.990274, 62.358593, 0.0 ], [ 9.687132, 63.24497, 0.0 ], [ 8.93663, 64.08111, 0.0 ], [ 9.812193, 64.78511, 0.0 ], [ 12.228182, 65.28787, 0.0 ], [ 15.948046, 65.54064, 0.0 ], [ 20.60765, 65.51864, 0.0 ], [ 25.750956, 65.223785, 0.0 ], [ 30.874405, 64.68511, 0.0 ], [ 35.476665, 63.955013, 0.0 ], [ 39.106857, 63.105354, 0.0 ], [ 41.409973, 62.21897, 0.0 ]] 
boundary 0: [[ 42.02485, 67.94611, 0.0 ], [ 41.309578, 67.07998, 0.0 ], [ 39.04496, 66.099365, 0.0 ], [ 35.452995, 65.10028, 0.0 ], [ 30.884846, 64.18071, 0.0 ], [ 25.78803, 63.430832, 0.0 ], [ 20.661251, 62.923626, 0.0 ], [ 16.006554, 62.708977, 0.0 ], [ 12.279372, 62.807953, 0.0 ], [ 9.84471, 63.210766, 0.0 ], [ 8.9408045, 63.878002, 0.0 ], [ 9.656175, 64.74435, 0.0 ], [ 11.920706, 65.72493, 0.0 ], [ 15.51284, 66.723946, 0.0 ], [ 20.080935, 67.64333, 0.0 ], [ 25.177769, 68.39344, 0.0 ], [ 30.304453, 68.90049, 0.0 ], [ 34.959206, 69.11502, 0.0 ], [ 38.686264, 69.01621, 0.0 ], [ 41.12102, 68.613464, 0.0 ]] 
boundary 1: [[ 42.024807, 60.05388, 0.0 ], [ 41.120995, 59.386635, 0.0 ], [ 38.686287, 58.983894, 0.0 ], [ 34.959183, 58.884914, 0.0 ], [ 30.304436, 59.099518, 0.0 ], [ 25.177746, 59.606667, 0.0 ], [ 20.080938, 60.356632, 0.0 ], [ 15.512819, 61.27609, 0.0 ], [ 11.920709, 62.275017, 0.0 ], [ 9.656151, 63.255787, 0.0 ], [ 8.940832, 64.122215, 0.0 ], [ 9.84473, 64.78945, 0.0 ], [ 12.279427, 65.19195, 0.0 ], [ 16.00656, 65.29084, 0.0 ], [ 20.661282, 65.07636, 0.0 ], [ 25.788012, 64.569275, 0.0 ], [ 30.884832, 63.819412, 0.0 ], [ 35.45301, 62.8998, 0.0 ], [ 39.045, 61.900894, 0.0 ], [ 41.309532, 60.920124, 0.0 ]] 
boundary 0: [[ 41.889038, 68.926445, 0.0 ], [ 41.200615, 68.03882, 0.0 ], [ 38.96708, 66.98934, 0.0 ], [ 35.40738, 65.8808, 0.0 ], [ 30.869505, 64.82185, 0.0 ], [ 25.79803, 63.91634, 0.0 ], [ 20.68917, 63.252453, 0.0 ], [ 16.04322, 62.895454, 0.0 ], [ 12.314757, 62.880314, 0.0 ], [ 9.868907, 63.208424, 0.0 ], [ 8.945002, 63.847683, 0.0 ], [ 9.633523, 64.73551, 0.0 ], [ 11.866981, 65.78493, 0.0 ], [ 15.426861, 66.89343, 0.0 ], [ 19.96468, 67.952194, 0.0 ], [ 25.036167, 68.85794, 0.0 ], [ 30.144941, 69.52165, 0.0 ], [ 34.79094, 69.87856, 0.0 ], [ 38.51928, 69.893845, 0.0 ], [ 40.96522, 69.56581, 0.0 ]] 
boundary 1: [[ 41.888996, 59.07356, 0.0 ], [ 40.965195, 58.434296, 0.0 ], [ 38.519302, 58.10626, 0.0 ], [ 34.790916, 58.12139, 0.0 ], [ 30.144924, 58.47835, 0.0 ], [ 25.03615, 59.142162, 0.0 ], [ 19.964684, 60.047768, 0.0 ], [ 15.426842, 61.106598, 0.0 ], [ 11.866983, 62.21499, 0.0 ], [ 9.633503, 63.26462, 0.0 ], [ 8.945038, 64.152534, 0.0 ], [ 9.868934, 64.791794, 0.0 ], [ 12.314808, 65.11959, 0.0 ], [ 16.043224, 65.104355, 0.0 ], [ 20.689201, 64.74753, 0.0 ], [ 25.798018, 64.08378, 0.0 ], [ 30.869492, 63.178276, 0.0 ], [ 35.407394, 62.119278, 0.0 ], [ 38.967133, 61.010902, 0.0 ], [ 41.200577, 59.96129, 0.0 ]] 
boundary 0: [[ 41.672066, 70.171684, 0.0 ], [ 41.01886, 69.25781, 0.0 ], [ 38.828056, 68.12184, 0.0 ], [ 35.314415, 66.87503, 0.0 ], [ 30.821377, 65.63951, 0.0 ], [ 25.789177, 64.536476, 0.0 ], [ 20.710175, 63.67341, 0.0 ], [ 16.081724, 63.135105, 0.0 ], [ 12.356702, 62.974247, 0.0 ], [ 9.899895, 63.20651, 0.0 ], [ 8.951711, 63.809166, 0.0 ], [ 9.605004, 64.72323, 0.0 ], [ 11.795739, 65.85914, 0.0 ], [ 15.309572, 67.10594, 0.0 ], [ 19.802542, 68.34125, 0.0 ], [ 24.834755, 69.44452, 0.0 ], [ 29.913687, 70.307396, 0.0 ], [ 34.54217, 70.84563, 0.0 ], [ 38.267067, 71.00663, 0.0 ], [ 40.72397, 70.774445, 0.0 ]] 
boundary 1: [[ 41.672028, 57.82834, 0.0 ], [ 40.723957, 57.22567, 0.0 ], [ 38.267097, 56.993473, 0.0 ], [ 34.54215, 57.15432, 0.0 ], [ 29.91367, 57.6926, 0.0 ], [ 24.83474, 58.55558, 0.0 ], [ 19.802546, 59.658707, 0.0 ], [ 15.309557, 60.89409, 0.0 ], [ 11.795737, 62.140778, 0.0 ], [ 9.60499, 63.276905, 0.0 ], [ 8.951756, 64.191055, 0.0 ], [ 9.89993, 64.79371, 0.0 ], [ 12.356747, 65.02566, 0.0 ], [ 16.081717, 64.8647, 0.0 ], [ 20.710205, 64.32656, 0.0 ], [ 25.78917, 63.46365, 0.0 ], [ 30.821367, 62.360615, 0.0 ], [ 35.31443, 61.125065, 0.0 ], [ 38.82811, 59.8784, 0.0 ], [ 41.01883, 58.742294, 0.0 ]] 
boundary 0: [[ 41.44306, 71.25078, 0.0 ], [ 40.821407, 70.315155, 0.0 ], [ 38.670628, 69.1051, 0.0 ], [ 35.20156, 67.73917, 0.0 ], [ 30.753292, 66.35109, 0.0 ], [ 25.76165, 65.07705, 0.0 ], [ 20.715042, 64.04122, 0.0 ], [ 16.10765, 63.345337, 0.0 ], [ 12.390281, 63.057507, 0.0 ], [ 9.926982, 63.205837, 0.0 ], [ 8.958794, 63.77579, 0.0 ], [ 9.580524, 64.7116, 0.0 ], [ 11.731235, 65.92159, 0.0 ], [ 15.200491, 67.287544, 0.0 ], [ 19.648708, 68.675385, 0.0 ], [ 24.64035, 69.94967, 0.0 ], [ 29.686895, 70.985306, 0.0 ], [ 34.294327, 71.68111, 0.0 ], [ 38.01156, 71.969086, 0.0 ], [ 40.474953, 71.82085, 0.0 ]] 
boundary 1: [[ 41.443024, 56.749245, 0.0 ], [ 40.47495, 56.17927, 0.0 ], [ 38.011597, 56.03102, 0.0 ], [ 34.294296, 56.318844, 0.0 ], [ 29.686878, 57.014698, 0.0 ], [ 24.640339, 58.05043, 0.0 ], [ 19.648712, 59.32457, 0.0 ], [ 15.200478, 60.7125, 0.0 ], [ 11.731231, 62.07833, 0.0 ], [ 9.580515, 63.28853, 0.0 ], [ 8.958843, 64.224434, 0.0 ], [ 9.927024, 64.79438, 0.0 ], [ 12.390324, 64.9424, 0.0 ], [ 16.107634, 64.65444, 0.0 ], [ 20.715073, 63.95874, 0.0 ], [ 25.761644, 62.923084, 0.0 ], [ 30.753292, 61.649033, 0.0 ], [ 35.201576, 60.260933, 0.0 ], [ 38.670692, 58.895126, 0.0 ], [ 40.82138, 57.68496, 0.0 ]] 
boundary 0: [[ 40.95819, 73.10466, 0.0 ], [ 40.393066, 72.13386, 0.0 ], [ 38.317734, 70.79852, 0.0 ], [ 34.935677, 69.229485, 0.0 ], [ 30.57745, 67.58031, 0.0 ], [ 25.670052, 66.01282, 0.0 ], [ 20.693665, 64.679855, 0.0 ], [ 16.135588, 63.712246, 0.0 ], [ 12.441797, 63.204704, 0.0 ], [ 9.97404, 63.206856, 0.0 ], [ 8.973786, 63.718452, 0.0 ], [ 9.538988, 64.689445, 0.0 ], [ 11.6142435, 66.02472, 0.0 ], [ 14.996489, 67.593796, 0.0 ], [ 19.354677, 69.24271, 0.0 ], [ 24.26207, 70.81046, 0.0 ], [ 29.2384, 72.143234, 0.0 ], [ 33.796516, 73.11074, 0.0 ], [ 37.49016, 73.618416, 0.0 ], [ 39.95801, 73.61637, 0.0 ]] 
boundary 1: [[ 40.958153, 54.895367, 0.0 ], [ 39.95802, 54.383736, 0.0 ], [ 37.490204, 54.381676, 0.0 ], [ 33.796486, 54.88921, 0.0 ], [ 29.238384, 55.856777, 0.0 ], [ 24.262062, 57.189648, 0.0 ], [ 19.35468, 58.757244, 0.0 ], [ 14.996477, 60.406258, 0.0 ], [ 11.614235, 61.975197, 0.0 ], [ 9.538986, 63.310677, 0.0 ], [ 8.973849, 64.28177, 0.0 ], [ 9.974093, 64.79336, 0.0 ], [ 12.441837, 64.79518, 0.0 ], [ 16.135561, 64.28754, 0.0 ], [ 20.693691, 63.32011, 0.0 ], [ 25.670052, 61.987312, 0.0 ], [ 30.577461, 60.419796, 0.0 ], [ 34.9357, 58.77063, 0.0 ], [ 38.31781, 57.201714, 0.0 ], [ 40.39304, 55.866264, 0.0 ]] 
boundary 0: [[ 40.31724, 75.05689, 0.0 ], [ 39.814922, 74.052155, 0.0 ], [ 37.828606, 72.58771, 0.0 ], [ 34.553032, 70.807, 0.0 ], [ 30.308353, 68.88433, 0.0 ], [ 25.510426, 67.00831, 0.0 ], [ 20.62875, 65.361946, 0.0 ], [ 16.14134, 64.10677, 0.0 ], [ 12.487246, 63.36564, 0.0 ], [ 10.024337, 63.211044, 0.0 ], [ 8.993607, 63.658073, 0.0 ], [ 9.495993, 64.66301, 0.0 ], [ 11.482244, 66.127396, 0.0 ], [ 14.7579975, 67.908134, 0.0 ], [ 19.002653, 69.83053, 0.0 ], [ 23.800556, 71.70684, 0.0 ], [ 28.68218, 73.35298, 0.0 ], [ 33.169632, 74.60806, 0.0 ], [ 36.823586, 75.34933, 0.0 ], [ 39.286568, 75.504036, 0.0 ]] 
boundary 1: [[ 40.317204, 52.943146, 0.0 ], [ 39.286583, 52.496075, 0.0 ], [ 36.82363, 52.650753, 0.0 ], [ 33.169598, 53.391888, 0.0 ], [ 28.682165, 54.647026, 0.0 ], [ 23.800552, 56.293285, 0.0 ], [ 19.002651, 58.16941, 0.0 ], [ 14.757986, 60.091915, 0.0 ], [ 11.482232, 61.872524, 0.0 ], [ 9.496, 63.337116, 0.0 ], [ 8.993683, 64.34215, 0.0 ], [ 10.024404, 64.78916, 0.0 ], [ 12.487281, 64.63424, 0.0 ], [ 16.141302, 63.893005, 0.0 ], [ 20.628777, 62.638012, 0.0 ], [ 25.510437, 60.99182, 0.0 ], [ 30.308372, 59.11577, 0.0 ], [ 34.553062, 57.193108, 0.0 ], [ 37.82869, 55.412548, 0.0 ], [ 39.814903, 53.94797, 0.0 ]] 
boundary 0: [[ 37.28495, 81.24316, 0.0 ], [ 37.006905, 80.15479, 0.0 ], [ 35.37594, 78.302765, 0.0 ], [ 32.551987, 75.868515, 0.0 ], [ 28.81101, 73.09018, 0.0 ], [ 24.519463, 70.24024, 0.0 ], [ 20.097408, 67.597, 0.0 ], [ 15.977791, 65.41961, 0.0 ], [ 12.563669, 63.92112, 0.0 ], [ 10.189423, 63.248234, 0.0 ], [ 9.087381, 63.466747, 0.0 ], [ 9.365453, 64.555305, 0.0 ], [ 10.996365, 66.40726, 0.0 ], [ 13.820484, 68.84158, 0.0 ], [ 17.561493, 71.61964, 0.0 ], [ 21.852955, 74.469864, 0.0 ], [ 26.275, 77.11287, 0.0 ], [ 30.394678, 79.290184, 0.0 ], [ 33.808636, 80.78877, 0.0 ], [ 36.182934, 81.461784, 0.0 ]] 
boundary 1: [[ 37.284916, 46.756897, 0.0 ], [ 36.182976, 46.538315, 0.0 ], [ 33.808697, 47.2113, 0.0 ], [ 30.394638, 48.709778, 0.0 ], [ 26.27499, 50.887135, 0.0 ], [ 21.852982, 53.530266, 0.0 ], [ 17.561478, 56.380314, 0.0 ], [ 13.82048, 59.15846, 0.0 ], [ 10.996334, 61.592663, 0.0 ], [ 9.365487, 63.444817, 0.0 ], [ 9.087503, 64.53346, 0.0 ], [ 10.189532, 64.75196, 0.0 ], [ 12.563676, 64.07874, 0.0 ], [ 15.977708, 62.580185, 0.0 ], [ 20.09743, 60.40295, 0.0 ], [ 24.519499, 57.759872, 0.0 ], [ 28.81105, 54.909904, 0.0 ], [ 32.55204, 52.13159, 0.0 ], [ 35.376076, 49.697464, 0.0 ], [ 37.00691, 47.84533, 0.0 ]] 
boundary 0: [[ 26.233135, 91.92405, 0.0 ], [ 26.489027, 90.830284, 0.0 ], [ 25.897469, 88.43442, 0.0 ], [ 24.516518, 84.971306, 0.0 ], [ 22.481031, 80.77955, 0.0 ], [ 19.99024, 76.27005, 0.0 ], [ 17.288244, 71.88367, 0.0 ], [ 14.639421, 68.05012, 0.0 ], [ 12.302921, 65.14452, 0.0 ], [ 10.507602, 63.451412, 0.0 ], [ 9.429176, 63.13639, 0.0 ], [ 9.173209, 64.23036, 0.0 ], [ 9.764768, 66.626114, 0.0 ], [ 11.145819, 70.08939, 0.0 ], [ 13.181475, 74.2809, 0.0 ], [ 15.672054, 78.79063, 0.0 ], [ 18.37415, 83.1768, 0.0 ], [ 21.023066, 87.0103, 0.0 ], [ 23.359375, 89.91589, 0.0 ], [ 25.154676, 91.60916, 0.0 ]] 
boundary 1: [[ 26.233131, 36.075996, 0.0 ], [ 25.154755, 36.390907, 0.0 ], [ 23.35947, 38.084133, 0.0 ], [ 21.02301, 40.989685, 0.0 ], [ 18.374146, 44.823196, 0.0 ], [ 15.672134, 49.20948, 0.0 ], [ 13.181433, 53.719048, 0.0 ], [ 11.145839, 57.910645, 0.0 ], [ 9.764701, 61.373825, 0.0 ], [ 9.173297, 63.769726, 0.0 ], [ 9.42938, 64.86374, 0.0 ], [ 10.507789, 64.54871, 0.0 ], [ 12.302862, 62.85535, 0.0 ], [ 14.639252, 59.949734, 0.0 ], [ 17.288242, 56.116283, 0.0 ], [ 19.990326, 51.73003, 0.0 ], [ 22.481108, 47.22052, 0.0 ], [ 24.516617, 43.028767, 0.0 ], [ 25.89769, 39.56571, 0.0 ], [ 26.489096, 37.169834, 0.0 ]] 
