boundary 0: [[ 37.42461, 81.01982, 0.0 ], [ 37.137726, 79.933586, 0.0 ], [ 35.49171, 78.09488, 0.0 ], [ 32.647858, 75.683685, 0.0 ], [ 28.884403, 72.9361, 0.0 ], [ 24.569822, 70.12109, 0.0 ], [ 20.126415, 67.51412, 0.0 ], [ 15.989122, 65.37037, 0.0 ], [ 12.562968, 63.899727, 0.0 ], [ 10.183312, 63.24615, 0.0 ], [ 9.083088, 63.473618, 0.0 ], [ 9.369984, 64.559906, 0.0 ], [ 11.015973, 66.39848, 0.0 ], [ 13.859855, 68.80966, 0.0 ], [ 17.623297, 71.55724, 0.0 ], [ 21.937895, 74.37227, 0.0 ], [ 26.381306, 76.979324, 0.0 ], [ 30.51858, 79.12304, 0.0 ], [ 33.944763, 80.59373, 0.0 ], [ 36.32439, 81.24729, 0.0 ]] 
boundary 1: [[ 37.424618, 46.98021, 0.0 ], [ 36.324383, 46.75273, 0.0 ], [ 33.94477, 47.406303, 0.0 ], [ 30.518587, 48.876938, 0.0 ], [ 26.381306, 51.020687, 0.0 ], [ 21.937902, 53.627686, 0.0 ], [ 17.623285, 56.442738, 0.0 ], [ 13.859842, 59.19032, 0.0 ], [ 11.015952, 61.601463, 0.0 ], [ 9.369999, 63.44014, 0.0 ], [ 9.083099, 64.52638, 0.0 ], [ 10.183319, 64.75383, 0.0 ], [ 12.562976, 64.10029, 0.0 ], [ 15.989122, 62.629604, 0.0 ], [ 20.12643, 60.485897, 0.0 ], [ 24.569818, 57.878925, 0.0 ], [ 28.88439, 55.063797, 0.0 ], [ 32.647858, 52.316273, 0.0 ], [ 35.491703, 49.905113, 0.0 ], [ 37.137733, 48.066437, 0.0 ]] 
boundary 0: [[ 37.9408, 80.156334, 0.0 ], [ 37.620262, 79.07955, 0.0 ], [ 35.917843, 77.29294, 0.0 ], [ 33.00034, 74.97137, 0.0 ], [ 29.153234, 72.34222, 0.0 ], [ 24.75317, 69.66278, 0.0 ], [ 20.230812, 67.195305, 0.0 ], [ 16.028826, 65.181305, 0.0 ], [ 12.558577, 63.817966, 0.0 ], [ 10.1597395, 63.23874, 0.0 ], [ 9.067123, 63.500324, 0.0 ], [ 9.387674, 64.57716, 0.0 ], [ 11.090066, 66.36364, 0.0 ], [ 14.007584, 68.68518, 0.0 ], [ 17.854683, 71.314354, 0.0 ], [ 22.254765, 73.99378, 0.0 ], [ 26.777134, 76.46134, 0.0 ], [ 30.979097, 78.47531, 0.0 ], [ 34.44938, 79.83871, 0.0 ], [ 36.848183, 80.41792, 0.0 ]] 
boundary 1: [[ 37.940807, 47.843697, 0.0 ], [ 36.848175, 47.582092, 0.0 ], [ 34.449387, 48.161327, 0.0 ], [ 30.979107, 49.524666, 0.0 ], [ 26.777134, 51.538666, 0.0 ], [ 22.254772, 54.006172, 0.0 ], [ 17.854671, 56.685627, 0.0 ], [ 14.00757, 59.314793, 0.0 ], [ 11.090047, 61.636307, 0.0 ], [ 9.387689, 63.422882, 0.0 ], [ 9.067135, 64.49968, 0.0 ], [ 10.159746, 64.761246, 0.0 ], [ 12.558584, 64.18204, 0.0 ], [ 16.028828, 62.818653, 0.0 ], [ 20.230824, 60.804707, 0.0 ], [ 24.753166, 58.337223, 0.0 ], [ 29.153225, 55.657684, 0.0 ], [ 33.000347, 53.028576, 0.0 ], [ 35.917835, 50.707054, 0.0 ], [ 37.62027, 48.920475, 0.0 ]] 
boundary 0: [[ 38.628983, 78.89982, 0.0 ], [ 38.26107, 77.83828, 0.0 ], [ 36.48118, 76.12884, 0.0 ], [ 33.4637, 73.93878, 0.0 ], [ 29.503906, 71.48263, 0.0 ], [ 24.989468, 69.00075, 0.0 ], [ 20.36225, 66.736015, 0.0 ], [ 16.07517, 64.910126, 0.0 ], [ 12.547936, 63.70185, 0.0 ], [ 10.125795, 63.22946, 0.0 ], [ 9.045841, 63.539185, 0.0 ], [ 9.413777, 64.60077, 0.0 ], [ 11.193633, 66.31008, 0.0 ], [ 14.211126, 68.5001, 0.0 ], [ 18.170918, 70.95628, 0.0 ], [ 22.685371, 73.438156, 0.0 ], [ 27.312607, 75.70298, 0.0 ], [ 31.599657, 77.52883, 0.0 ], [ 35.12693, 78.73715, 0.0 ], [ 37.549034, 79.20954, 0.0 ]] 
boundary 1: [[ 38.62899, 49.10022, 0.0 ], [ 37.549026, 48.790466, 0.0 ], [ 35.126938, 49.262875, 0.0 ], [ 31.599669, 50.47115, 0.0 ], [ 27.312607, 52.297035, 0.0 ], [ 22.685379, 54.56179, 0.0 ], [ 18.170906, 57.0437, 0.0 ], [ 14.211115, 59.49987, 0.0 ], [ 11.193619, 61.68987, 0.0 ], [ 9.413788, 63.399277, 0.0 ], [ 9.045853, 64.46082, 0.0 ], [ 10.125802, 64.77052, 0.0 ], [ 12.547944, 64.29815, 0.0 ], [ 16.075174, 63.089825, 0.0 ], [ 20.36226, 61.263996, 0.0 ], [ 24.989464, 58.999268, 0.0 ], [ 29.5039, 56.51727, 0.0 ], [ 33.463707, 54.06115, 0.0 ], [ 36.48117, 51.871155, 0.0 ], [ 38.261078, 50.161736, 0.0 ]] 
boundary 0: [[ 39.40522, 77.29862, 0.0 ], [ 38.97946, 76.25891, 0.0 ], [ 37.108227, 74.64999, 0.0 ], [ 33.97483, 72.62926, 0.0 ], [ 29.885918, 70.39467, 0.0 ], [ 25.241777, 68.16489, 0.0 ], [ 20.496975, 66.15814, 0.0 ], [ 16.115936, 64.57088, 0.0 ], [ 12.5275755, 63.55846, 0.0 ], [ 10.083113, 63.22004, 0.0 ], [ 9.021834, 63.588703, 0.0 ], [ 9.447615, 64.62845, 0.0 ], [ 11.31881, 66.23724, 0.0 ], [ 14.452213, 68.25794, 0.0 ], [ 18.54113, 70.492584, 0.0 ], [ 23.185286, 72.72232, 0.0 ], [ 27.93011, 74.72917, 0.0 ], [ 32.31111, 76.316414, 0.0 ], [ 35.899517, 77.328865, 0.0 ], [ 38.34394, 77.66729, 0.0 ]] 
boundary 1: [[ 39.40522, 50.701424, 0.0 ], [ 38.343933, 50.332726, 0.0 ], [ 35.899525, 50.671173, 0.0 ], [ 32.311127, 51.68357, 0.0 ], [ 27.93011, 53.270847, 0.0 ], [ 23.185295, 55.27761, 0.0 ], [ 18.541119, 57.50741, 0.0 ], [ 14.452204, 59.742023, 0.0 ], [ 11.318798, 61.762703, 0.0 ], [ 9.447622, 63.371605, 0.0 ], [ 9.021846, 64.4113, 0.0 ], [ 10.08312, 64.77995, 0.0 ], [ 12.527583, 64.441536, 0.0 ], [ 16.115948, 63.42909, 0.0 ], [ 20.496986, 61.84187, 0.0 ], [ 25.241772, 59.83513, 0.0 ], [ 29.885912, 57.605244, 0.0 ], [ 33.974846, 55.37068, 0.0 ], [ 37.10822, 53.350006, 0.0 ], [ 38.97947, 51.74109, 0.0 ]] 
boundary 0: [[ 40.103043, 75.62901, 0.0 ], [ 39.619785, 74.61474, 0.0 ], [ 37.661476, 73.11302, 0.0 ], [ 34.41993, 71.27074, 0.0 ], [ 30.212416, 69.26841, 0.0 ], [ 25.450802, 67.30193, 0.0 ], [ 20.601166, 65.56377, 0.0 ], [ 16.138187, 64.224106, 0.0 ], [ 12.498812, 63.414024, 0.0 ], [ 10.039244, 63.21288, 0.0 ], [ 9.000254, 63.640343, 0.0 ], [ 9.483534, 64.65463, 0.0 ], [ 11.441803, 66.15624, 0.0 ], [ 14.683345, 67.99846, 0.0 ], [ 18.890873, 70.000854, 0.0 ], [ 23.6525, 71.96728, 0.0 ], [ 28.502163, 73.705536, 0.0 ], [ 32.965103, 75.04519, 0.0 ], [ 36.604515, 75.855316, 0.0 ], [ 39.064056, 76.056465, 0.0 ]] 
boundary 1: [[ 40.103035, 52.371048, 0.0 ], [ 39.06405, 51.943558, 0.0 ], [ 36.604523, 52.14473, 0.0 ], [ 32.96512, 52.95479, 0.0 ], [ 28.502163, 54.29448, 0.0 ], [ 23.652508, 56.032646, 0.0 ], [ 18.890862, 57.99914, 0.0 ], [ 14.683336, 60.001503, 0.0 ], [ 11.441793, 61.843708, 0.0 ], [ 9.48354, 63.345413, 0.0 ], [ 9.000265, 64.359665, 0.0 ], [ 10.039251, 64.78711, 0.0 ], [ 12.498818, 64.58599, 0.0 ], [ 16.138203, 63.775867, 0.0 ], [ 20.601177, 62.436226, 0.0 ], [ 25.450798, 60.698082, 0.0 ], [ 30.212412, 58.731503, 0.0 ], [ 34.41996, 56.72919, 0.0 ], [ 37.66147, 54.886974, 0.0 ], [ 39.619793, 53.385265, 0.0 ]] 
boundary 0: [[ 40.70607, 73.92388, 0.0 ], [ 40.166855, 72.93822, 0.0 ], [ 38.127644, 71.548355, 0.0 ], [ 34.788162, 69.89019, 0.0 ], [ 30.475267, 68.12626, 0.0 ], [ 25.611147, 66.42911, 0.0 ], [ 20.671913, 64.96483, 0.0 ], [ 16.141006, 63.876812, 0.0 ], [ 12.462032, 63.271496, 0.0 ], [ 9.995067, 63.20819, 0.0 ], [ 8.981603, 63.693085, 0.0 ], [ 9.520843, 64.678764, 0.0 ], [ 11.56001, 66.06851, 0.0 ], [ 14.899484, 67.72661, 0.0 ], [ 19.21239, 69.490616, 0.0 ], [ 24.076519, 71.187706, 0.0 ], [ 29.01579, 72.65208, 0.0 ], [ 33.546654, 73.7401, 0.0 ], [ 37.22567, 74.34544, 0.0 ], [ 39.69261, 74.40876, 0.0 ]] 
boundary 1: [[ 40.706062, 54.07618, 0.0 ], [ 39.692604, 53.59126, 0.0 ], [ 37.225677, 53.65459, 0.0 ], [ 33.54667, 54.25989, 0.0 ], [ 29.01579, 55.34794, 0.0 ], [ 24.076534, 56.812218, 0.0 ], [ 19.21238, 58.50939, 0.0 ], [ 14.899479, 60.27335, 0.0 ], [ 11.560001, 61.93143, 0.0 ], [ 9.5208435, 63.32129, 0.0 ], [ 8.981614, 64.30693, 0.0 ], [ 9.995074, 64.7918, 0.0 ], [ 12.46204, 64.728516, 0.0 ], [ 16.141026, 64.12316, 0.0 ], [ 20.671925, 63.035164, 0.0 ], [ 25.611143, 61.570896, 0.0 ], [ 30.475271, 59.873646, 0.0 ], [ 34.788193, 58.109734, 0.0 ], [ 38.127636, 56.45165, 0.0 ], [ 40.166862, 55.061787, 0.0 ]] 
boundary 0: [[ 41.124084, 72.519485, 0.0 ], [ 40.54077, 71.55926, 0.0 ], [ 38.44068, 70.26322, 0.0 ], [ 35.029503, 68.75806, 0.0 ], [ 30.641123, 67.19133, 0.0 ], [ 25.705105, 65.7163, 0.0 ], [ 20.704594, 64.47732, 0.0 ], [ 16.129053, 63.595695, 0.0 ], [ 12.426431, 63.157677, 0.0 ], [ 9.959129, 63.206207, 0.0 ], [ 8.968676, 63.73652, 0.0 ], [ 9.552018, 64.696754, 0.0 ], [ 11.652056, 65.99268, 0.0 ], [ 15.063223, 67.49778, 0.0 ], [ 19.451626, 69.06457, 0.0 ], [ 24.387646, 70.53954, 0.0 ], [ 29.388193, 71.77863, 0.0 ], [ 33.96369, 72.66026, 0.0 ], [ 37.666363, 73.098305, 0.0 ], [ 40.133636, 73.04979, 0.0 ]] 
boundary 1: [[ 41.124077, 55.480568, 0.0 ], [ 40.13363, 54.950233, 0.0 ], [ 37.66637, 54.90173, 0.0 ], [ 33.963707, 55.33973, 0.0 ], [ 29.388191, 56.221382, 0.0 ], [ 24.387661, 57.460377, 0.0 ], [ 19.451614, 58.93543, 0.0 ], [ 15.063221, 60.502174, 0.0 ], [ 11.652051, 62.00725, 0.0 ], [ 9.552016, 63.303295, 0.0 ], [ 8.968685, 64.2635, 0.0 ], [ 9.959137, 64.79379, 0.0 ], [ 12.426438, 64.84234, 0.0 ], [ 16.129072, 64.40428, 0.0 ], [ 20.704605, 63.522682, 0.0 ], [ 25.705101, 62.283695, 0.0 ], [ 30.641127, 60.80856, 0.0 ], [ 35.029533, 59.241875, 0.0 ], [ 38.440674, 57.736786, 0.0 ], [ 40.54078, 56.44074, 0.0 ]] 
boundary 0: [[ 41.390625, 71.47551, 0.0 ], [ 40.775658, 70.53524, 0.0 ], [ 38.633533, 69.309906, 0.0 ], [ 35.174114, 67.919235, 0.0 ], [ 30.735964, 66.499596, 0.0 ], [ 25.753534, 65.18986, 0.0 ], [ 20.71452, 64.11818, 0.0 ], [ 16.112143, 63.38949, 0.0 ], [ 12.396982, 63.075077, 0.0 ], [ 9.932668, 63.205788, 0.0 ], [ 8.960432, 63.76881, 0.0 ], [ 9.575444, 64.70908, 0.0 ], [ 11.717496, 65.93431, 0.0 ], [ 15.176916, 67.32491, 0.0 ], [ 19.615088, 68.74462, 0.0 ], [ 24.597515, 70.054306, 0.0 ], [ 29.636572, 71.1261, 0.0 ], [ 34.238907, 71.85478, 0.0 ], [ 37.954117, 72.16922, 0.0 ], [ 40.418407, 72.03852, 0.0 ]] 
boundary 1: [[ 41.390617, 56.524536, 0.0 ], [ 40.4184, 55.961494, 0.0 ], [ 37.954124, 55.830814, 0.0 ], [ 34.238922, 56.145203, 0.0 ], [ 29.63657, 56.873905, 0.0 ], [ 24.59753, 57.94561, 0.0 ], [ 19.615076, 59.25538, 0.0 ], [ 15.176916, 60.675034, 0.0 ], [ 11.717493, 62.06562, 0.0 ], [ 9.57544, 63.290977, 0.0 ], [ 8.960441, 64.23122, 0.0 ], [ 9.932675, 64.79421, 0.0 ], [ 12.396989, 64.92494, 0.0 ], [ 16.112165, 64.61049, 0.0 ], [ 20.71453, 63.881836, 0.0 ], [ 25.75353, 62.810146, 0.0 ], [ 30.735971, 61.500286, 0.0 ], [ 35.174145, 60.080696, 0.0 ], [ 38.633526, 58.690094, 0.0 ], [ 40.775665, 57.46474, 0.0 ]] 
boundary 0: [[ 41.49444, 71.02432, 0.0 ], [ 40.86608, 70.09296, 0.0 ], [ 38.70662, 68.89842, 0.0 ], [ 35.227642, 67.55742, 0.0 ], [ 30.769619, 66.20148, 0.0 ], [ 25.76895, 64.96322, 0.0 ], [ 20.715113, 63.96381, 0.0 ], [ 16.10277, 63.30108, 0.0 ], [ 12.383488, 63.039898, 0.0 ], [ 9.921295, 63.205883, 0.0 ], [ 8.957221, 63.782764, 0.0 ], [ 9.585632, 64.71414, 0.0 ], [ 11.74501, 65.90857, 0.0 ], [ 15.223986, 67.2495, 0.0 ], [ 19.68203, 68.60551, 0.0 ], [ 24.682697, 69.84371, 0.0 ], [ 29.73659, 70.84325, 0.0 ], [ 34.348892, 71.50596, 0.0 ], [ 38.068233, 71.767166, 0.0 ], [ 40.530388, 71.6012, 0.0 ]] 
boundary 1: [[ 41.49443, 56.97572, 0.0 ], [ 40.53038, 56.398815, 0.0 ], [ 38.06824, 56.232864, 0.0 ], [ 34.348907, 56.494026, 0.0 ], [ 29.736588, 57.156757, 0.0 ], [ 24.68272, 58.156204, 0.0 ], [ 19.682018, 59.394493, 0.0 ], [ 15.223986, 60.75045, 0.0 ], [ 11.7450075, 62.091366, 0.0 ], [ 9.5856285, 63.285923, 0.0 ], [ 8.957229, 64.21727, 0.0 ], [ 9.921303, 64.79412, 0.0 ], [ 12.383493, 64.96012, 0.0 ], [ 16.102793, 64.6989, 0.0 ], [ 20.715124, 64.03622, 0.0 ], [ 25.768946, 63.036793, 0.0 ], [ 30.769629, 61.79841, 0.0 ], [ 35.227673, 60.442505, 0.0 ], [ 38.70661, 59.10158, 0.0 ], [ 40.86609, 57.90703, 0.0 ]] 
boundary 0: [[ 41.48091, 71.08481, 0.0 ], [ 40.854343, 70.152245, 0.0 ], [ 38.697174, 68.95357, 0.0 ], [ 35.220776, 67.6059, 0.0 ], [ 30.76536, 66.24142, 0.0 ], [ 25.767075, 64.993576, 0.0 ], [ 20.715162, 63.984478, 0.0 ], [ 16.1041, 63.31291, 0.0 ], [ 12.385324, 63.044598, 0.0 ], [ 9.922817, 63.20586, 0.0 ], [ 8.95764, 63.780895, 0.0 ], [ 9.584264, 64.71347, 0.0 ], [ 11.741348, 65.91204, 0.0 ], [ 15.217747, 67.259636, 0.0 ], [ 19.673183, 68.62418, 0.0 ], [ 24.671467, 69.87198, 0.0 ], [ 29.723434, 70.881195, 0.0 ], [ 34.334457, 71.55275, 0.0 ], [ 38.05329, 71.82108, 0.0 ], [ 40.51576, 71.659836, 0.0 ]] 
boundary 1: [[ 41.480904, 56.91523, 0.0 ], [ 40.51575, 56.340176, 0.0 ], [ 38.0533, 56.178944, 0.0 ], [ 34.334473, 56.447235, 0.0 ], [ 29.723433, 57.11881, 0.0 ], [ 24.67149, 58.12794, 0.0 ], [ 19.673172, 59.375813, 0.0 ], [ 15.217747, 60.740314, 0.0 ], [ 11.741345, 62.0879, 0.0 ], [ 9.58426, 63.28659, 0.0 ], [ 8.957647, 64.21914, 0.0 ], [ 9.922825, 64.79414, 0.0 ], [ 12.385329, 64.95542, 0.0 ], [ 16.104122, 64.68707, 0.0 ], [ 20.715174, 64.01555, 0.0 ], [ 25.76707, 63.00644, 0.0 ], [ 30.76537, 61.75847, 0.0 ], [ 35.220806, 60.394024, 0.0 ], [ 38.697166, 59.046432, 0.0 ], [ 40.85435, 57.84774, 0.0 ]] 
boundary 0: [[ 41.332504, 71.71597, 0.0 ], [ 40.724762, 70.771034, 0.0 ], [ 38.592052, 69.529335, 0.0 ], [ 35.143394, 68.11223, 0.0 ], [ 30.716227, 66.65868, 0.0 ], [ 25.743969, 65.31087, 0.0 ], [ 20.713303, 64.200676, 0.0 ], [ 16.116634, 63.43678, 0.0 ], [ 12.403988, 63.093956, 0.0 ], [ 9.93874, 63.205807, 0.0 ], [ 8.96223, 63.761375, 0.0 ], [ 9.570028, 64.70632, 0.0 ], [ 11.702643, 65.9479, 0.0 ], [ 15.151325, 67.36494, 0.0 ], [ 19.578499, 68.81855, 0.0 ], [ 24.550762, 70.16633, 0.0 ], [ 29.58148, 71.27664, 0.0 ], [ 34.178085, 72.04051, 0.0 ], [ 37.890812, 72.38336, 0.0 ], [ 40.356003, 72.27152, 0.0 ]] 
boundary 1: [[ 41.332497, 56.284077, 0.0 ], [ 40.355995, 55.72849, 0.0 ], [ 37.89082, 55.61667, 0.0 ], [ 34.1781, 55.959473, 0.0 ], [ 29.581478, 56.723373, 0.0 ], [ 24.550785, 57.833603, 0.0 ], [ 19.578487, 59.181442, 0.0 ], [ 15.151325, 60.635002, 0.0 ], [ 11.702641, 62.052025, 0.0 ], [ 9.570025, 63.293736, 0.0 ], [ 8.962237, 64.23866, 0.0 ], [ 9.938747, 64.79419, 0.0 ], [ 12.403994, 64.90607, 0.0 ], [ 16.116657, 64.563194, 0.0 ], [ 20.713316, 63.79935, 0.0 ], [ 25.743965, 62.689156, 0.0 ], [ 30.716234, 61.341206, 0.0 ], [ 35.143417, 59.887695, 0.0 ], [ 38.592045, 58.470665, 0.0 ], [ 40.72477, 57.228954, 0.0 ]] 
boundary 0: [[ 41.09021, 72.64253, 0.0 ], [ 40.51072, 71.68, 0.0 ], [ 38.415718, 70.37568, 0.0 ], [ 35.01054, 68.85706, 0.0 ], [ 30.628365, 67.27302, 0.0 ], [ 25.698208, 65.77855, 0.0 ], [ 20.702637, 64.51985, 0.0 ], [ 16.1306, 63.620144, 0.0 ], [ 12.429738, 63.167526, 0.0 ], [ 9.962259, 63.206314, 0.0 ], [ 8.969724, 63.73272, 0.0 ], [ 9.54927, 64.69525, 0.0 ], [ 11.644177, 65.99943, 0.0 ], [ 15.0493765, 67.518, 0.0 ], [ 19.431553, 69.10208, 0.0 ], [ 24.361721, 70.59654, 0.0 ], [ 29.357353, 71.85536, 0.0 ], [ 33.929302, 72.75503, 0.0 ], [ 37.630253, 73.207695, 0.0 ], [ 40.097675, 73.168915, 0.0 ]] 
boundary 1: [[ 41.090202, 55.357525, 0.0 ], [ 40.097668, 54.8311, 0.0 ], [ 37.63026, 54.792336, 0.0 ], [ 33.929317, 55.244953, 0.0 ], [ 29.357355, 56.144657, 0.0 ], [ 24.361744, 57.403397, 0.0 ], [ 19.431541, 58.897896, 0.0 ], [ 15.049376, 60.481937, 0.0 ], [ 11.644173, 62.000473, 0.0 ], [ 9.549267, 63.304802, 0.0 ], [ 8.969733, 64.26732, 0.0 ], [ 9.962267, 64.793686, 0.0 ], [ 12.429744, 64.83249, 0.0 ], [ 16.130623, 64.37981, 0.0 ], [ 20.702648, 63.48017, 0.0 ], [ 25.698204, 62.22147, 0.0 ], [ 30.628366, 60.72685, 0.0 ], [ 35.010563, 59.142864, 0.0 ], [ 38.41571, 57.624313, 0.0 ], [ 40.510727, 56.319984, 0.0 ]] 
boundary 0: [[ 40.674103, 74.02242, 0.0 ], [ 40.138084, 73.03503, 0.0 ], [ 38.103294, 71.63865, 0.0 ], [ 34.769173, 69.96979, 0.0 ], [ 30.461948, 68.19202, 0.0 ], [ 25.603287, 66.479324, 0.0 ], [ 20.668772, 64.99926, 0.0 ], [ 16.14137, 63.8967, 0.0 ], [ 12.464358, 63.27961, 0.0 ], [ 9.9976015, 63.208397, 0.0 ], [ 8.982593, 63.690044, 0.0 ], [ 9.518667, 64.677444, 0.0 ], [ 11.553375, 66.07368, 0.0 ], [ 14.887514, 67.74249, 0.0 ], [ 19.194746, 69.520294, 0.0 ], [ 24.053417, 71.23298, 0.0 ], [ 28.98799, 72.71319, 0.0 ], [ 33.515293, 73.81569, 0.0 ], [ 37.192406, 74.432846, 0.0 ], [ 39.659096, 74.50406, 0.0 ]] 
boundary 1: [[ 40.674103, 53.97763, 0.0 ], [ 39.65909, 53.495956, 0.0 ], [ 37.192413, 53.567184, 0.0 ], [ 33.515305, 54.184288, 0.0 ], [ 28.987991, 55.286846, 0.0 ], [ 24.05344, 56.76696, 0.0 ], [ 19.194733, 58.479683, 0.0 ], [ 14.887512, 60.25744, 0.0 ], [ 11.553367, 61.926216, 0.0 ], [ 9.518666, 63.322613, 0.0 ], [ 8.982604, 64.30999, 0.0 ], [ 9.997609, 64.7916, 0.0 ], [ 12.464364, 64.7204, 0.0 ], [ 16.14139, 64.10326, 0.0 ], [ 20.668783, 63.00075, 0.0 ], [ 25.603283, 61.520687, 0.0 ], [ 30.46194, 59.80784, 0.0 ], [ 34.76919, 58.030144, 0.0 ], [ 38.103287, 56.36135, 0.0 ], [ 40.138092, 54.964954, 0.0 ]] 
boundary 0: [[ 40.15857, 75.48388, 0.0 ], [ 39.670475, 74.47193, 0.0 ], [ 37.704933, 72.97965, 0.0 ], [ 34.45461, 71.15297, 0.0 ], [ 30.23751, 69.170845, 0.0 ], [ 25.466496, 67.22732, 0.0 ], [ 20.608562, 65.512505, 0.0 ], [ 16.13919, 64.19428, 0.0 ], [ 12.49597, 63.40172, 0.0 ], [ 10.035459, 63.212387, 0.0 ], [ 8.998536, 63.644848, 0.0 ], [ 9.486682, 64.65683, 0.0 ], [ 11.452153, 66.14892, 0.0 ], [ 14.702499, 67.97558, 0.0 ], [ 18.919603, 69.957726, 0.0 ], [ 23.690628, 71.90124, 0.0 ], [ 28.548609, 73.6162, 0.0 ], [ 33.017887, 74.934364, 0.0 ], [ 36.6612, 75.727005, 0.0 ], [ 39.12166, 75.916336, 0.0 ]] 
boundary 1: [[ 40.15857, 52.516174, 0.0 ], [ 39.12165, 52.083694, 0.0 ], [ 36.661217, 52.273033, 0.0 ], [ 33.017895, 53.065613, 0.0 ], [ 28.54861, 54.383835, 0.0 ], [ 23.69065, 56.098694, 0.0 ], [ 18.919588, 58.04226, 0.0 ], [ 14.7024975, 60.024353, 0.0 ], [ 11.452139, 61.85097, 0.0 ], [ 9.486686, 63.343266, 0.0 ], [ 8.998548, 64.3552, 0.0 ], [ 10.035466, 64.78761, 0.0 ], [ 12.495977, 64.59832, 0.0 ], [ 16.139206, 63.805676, 0.0 ], [ 20.608574, 62.487507, 0.0 ], [ 25.466492, 60.772697, 0.0 ], [ 30.237497, 58.82901, 0.0 ], [ 34.454617, 56.84697, 0.0 ], [ 37.704926, 55.020348, 0.0 ], [ 39.670483, 53.52805, 0.0 ]] 
boundary 0: [[ 39.56582, 76.9368, 0.0 ], [ 39.127388, 75.90235, 0.0 ], [ 37.236572, 74.31647, 0.0 ], [ 34.078705, 72.33425, 0.0 ], [ 29.962727, 70.14984, 0.0 ], [ 25.291622, 67.97715, 0.0 ], [ 20.522615, 66.02866, 0.0 ], [ 16.12246, 64.49514, 0.0 ], [ 12.521978, 63.526756, 0.0 ], [ 10.073551, 63.21827, 0.0 ], [ 9.016868, 63.599915, 0.0 ], [ 9.455339, 64.63441, 0.0 ], [ 11.346106, 66.22008, 0.0 ], [ 14.504002, 68.202286, 0.0 ], [ 18.619968, 70.3867, 0.0 ], [ 23.291084, 72.559395, 0.0 ], [ 28.060139, 74.50804, 0.0 ], [ 32.460197, 76.04147, 0.0 ], [ 36.06077, 77.00995, 0.0 ], [ 38.50914, 77.318436, 0.0 ]] 
boundary 1: [[ 39.56582, 51.063267, 0.0 ], [ 38.509132, 50.681595, 0.0 ], [ 36.06079, 50.99009, 0.0 ], [ 32.460205, 51.958496, 0.0 ], [ 28.060143, 53.492004, 0.0 ], [ 23.291107, 55.440533, 0.0 ], [ 18.619953, 57.61329, 0.0 ], [ 14.503996, 59.797646, 0.0 ], [ 11.346086, 61.77981, 0.0 ], [ 9.455349, 63.36571, 0.0 ], [ 9.016883, 64.40014, 0.0 ], [ 10.073559, 64.78172, 0.0 ], [ 12.52199, 64.4733, 0.0 ], [ 16.122469, 63.50481, 0.0 ], [ 20.522627, 61.97135, 0.0 ], [ 25.291618, 60.02288, 0.0 ], [ 29.962706, 57.850002, 0.0 ], [ 34.078697, 55.665695, 0.0 ], [ 37.236565, 53.68353, 0.0 ], [ 39.127396, 52.097626, 0.0 ]] 
boundary 0: [[ 38.875824, 78.41447, 0.0 ], [ 38.490112, 77.35922, 0.0 ], [ 36.68167, 75.68002, 0.0 ], [ 33.62776, 73.54109, 0.0 ], [ 29.627165, 71.15193, 0.0 ], [ 25.07155, 68.74648, 0.0 ], [ 20.406857, 66.56001, 0.0 ], [ 16.089619, 64.80659, 0.0 ], [ 12.542548, 63.65788, 0.0 ], [ 10.112789, 63.226334, 0.0 ], [ 9.038208, 63.55421, 0.0 ], [ 9.423961, 64.60949, 0.0 ], [ 11.2323675, 66.28848, 0.0 ], [ 14.286301, 68.427414, 0.0 ], [ 18.286894, 70.816574, 0.0 ], [ 22.842514, 73.22203, 0.0 ], [ 27.50725, 75.408646, 0.0 ], [ 31.824392, 77.161995, 0.0 ], [ 35.37155, 78.31079, 0.0 ], [ 37.801247, 78.74235, 0.0 ]] 
boundary 1: [[ 38.87583, 49.585606, 0.0 ], [ 37.80124, 49.257698, 0.0 ], [ 35.371574, 49.68925, 0.0 ], [ 31.824389, 50.83798, 0.0 ], [ 27.507256, 52.591393, 0.0 ], [ 22.842533, 54.7779, 0.0 ], [ 18.286879, 57.183422, 0.0 ], [ 14.286291, 59.57253, 0.0 ], [ 11.232344, 61.711403, 0.0 ], [ 9.423976, 63.39062, 0.0 ], [ 9.038225, 64.44584, 0.0 ], [ 10.112797, 64.77366, 0.0 ], [ 12.5425625, 64.34217, 0.0 ], [ 16.089622, 63.193375, 0.0 ], [ 20.406868, 61.440002, 0.0 ], [ 25.071548, 59.253548, 0.0 ], [ 29.627134, 56.84791, 0.0 ], [ 33.627754, 54.45885, 0.0 ], [ 36.681664, 52.31998, 0.0 ], [ 38.49012, 50.640762, 0.0 ]] 
boundary 0: [[ 38.23635, 79.632774, 0.0 ], [ 37.895874, 78.56207, 0.0 ], [ 36.160522, 76.80746, 0.0 ], [ 33.20037, 74.54053, 0.0 ], [ 29.305052, 71.98334, 0.0 ], [ 24.855904, 69.386246, 0.0 ], [ 20.288456, 67.003296, 0.0 ], [ 16.049725, 65.06777, 0.0 ], [ 12.55474, 63.769196, 0.0 ], [ 10.145544, 63.23467, 0.0 ], [ 9.057984, 63.51653, 0.0 ], [ 9.398491, 64.58726, 0.0 ], [ 11.133828, 66.341675, 0.0 ], [ 14.093994, 68.608604, 0.0 ], [ 17.989311, 71.1658, 0.0 ], [ 22.438469, 73.76291, 0.0 ], [ 27.005949, 76.145996, 0.0 ], [ 31.244587, 78.081436, 0.0 ], [ 34.739655, 79.380104, 0.0 ], [ 37.148796, 79.914635, 0.0 ]] 
boundary 1: [[ 38.236366, 48.367287, 0.0 ], [ 37.14879, 48.085407, 0.0 ], [ 34.739677, 48.61994, 0.0 ], [ 31.244583, 49.918533, 0.0 ], [ 27.005957, 51.854042, 0.0 ], [ 22.438484, 54.237026, 0.0 ], [ 17.989296, 56.834198, 0.0 ], [ 14.093981, 59.391346, 0.0 ], [ 11.133799, 61.658207, 0.0 ], [ 9.39851, 63.41284, 0.0 ], [ 9.058004, 64.48351, 0.0 ], [ 10.145551, 64.76533, 0.0 ], [ 12.554758, 64.23085, 0.0 ], [ 16.049728, 62.932186, 0.0 ], [ 20.288471, 60.996723, 0.0 ], [ 24.855902, 58.613792, 0.0 ], [ 29.305014, 56.01651, 0.0 ], [ 33.200363, 53.45942, 0.0 ], [ 36.160515, 51.19254, 0.0 ], [ 37.89588, 49.437912, 0.0 ]] 
boundary 0: [[ 37.72879, 80.51839, 0.0 ], [ 37.42227, 79.437485, 0.0 ], [ 35.743176, 77.628944, 0.0 ], [ 32.856056, 75.26972, 0.0 ], [ 29.043394, 72.590836, 0.0 ], [ 24.678446, 69.85461, 0.0 ], [ 20.188496, 67.328674, 0.0 ], [ 16.01297, 65.26031, 0.0 ], [ 12.560718, 63.852055, 0.0 ], [ 10.169596, 63.24175, 0.0 ], [ 9.073681, 63.489143, 0.0 ], [ 9.38022, 64.57008, 0.0 ], [ 11.059313, 66.3784, 0.0 ], [ 13.946447, 68.73763, 0.0 ], [ 17.759102, 71.41653, 0.0 ], [ 22.124065, 74.15277, 0.0 ], [ 26.614042, 76.67885, 0.0 ], [ 30.789474, 78.74712, 0.0 ], [ 34.241806, 80.15547, 0.0 ], [ 36.632874, 80.76578, 0.0 ]] 
boundary 1: [[ 37.728806, 47.481667, 0.0 ], [ 36.632874, 47.23426, 0.0 ], [ 34.24183, 47.844574, 0.0 ], [ 30.789469, 49.25284, 0.0 ], [ 26.61405, 51.321182, 0.0 ], [ 22.124077, 53.847157, 0.0 ], [ 17.759087, 56.58348, 0.0 ], [ 13.946431, 59.262306, 0.0 ], [ 11.0592785, 61.621483, 0.0 ], [ 9.380242, 63.430016, 0.0 ], [ 9.073703, 64.5109, 0.0 ], [ 10.169602, 64.758255, 0.0 ], [ 12.560738, 64.14799, 0.0 ], [ 16.012974, 62.739647, 0.0 ], [ 20.18851, 60.671352, 0.0 ], [ 24.678442, 58.14543, 0.0 ], [ 29.043352, 55.409008, 0.0 ], [ 32.85605, 52.730232, 0.0 ], [ 35.743168, 50.37104, 0.0 ], [ 37.42228, 48.562504, 0.0 ]] 
boundary 0: [[ 37.42829, 81.013855, 0.0 ], [ 37.141197, 79.92763, 0.0 ], [ 35.494778, 78.0893, 0.0 ], [ 32.650406, 75.67871, 0.0 ], [ 28.886372, 72.93192, 0.0 ], [ 24.57116, 70.1179, 0.0 ], [ 20.127197, 67.511925, 0.0 ], [ 15.9894085, 65.369064, 0.0 ], [ 12.562948, 63.899166, 0.0 ], [ 10.183149, 63.246105, 0.0 ], [ 9.0829735, 63.473816, 0.0 ], [ 9.370092, 64.560074, 0.0 ], [ 11.016509, 66.3982, 0.0 ], [ 13.8609, 68.80879, 0.0 ], [ 17.624931, 71.55558, 0.0 ], [ 21.940159, 74.369606, 0.0 ], [ 26.384136, 76.97574, 0.0 ], [ 30.521833, 79.11852, 0.0 ], [ 33.948376, 80.58852, 0.0 ], [ 36.328125, 81.24158, 0.0 ]] 
boundary 1: [[ 37.428307, 46.986206, 0.0 ], [ 36.328125, 46.75847, 0.0 ], [ 33.9484, 47.41153, 0.0 ], [ 30.521828, 48.881443, 0.0 ], [ 26.384144, 51.024284, 0.0 ], [ 21.94017, 53.630318, 0.0 ], [ 17.624916, 56.44443, 0.0 ], [ 13.860883, 59.191147, 0.0 ], [ 11.016472, 61.601685, 0.0 ], [ 9.370117, 63.440018, 0.0 ], [ 9.082996, 64.52623, 0.0 ], [ 10.183156, 64.75389, 0.0 ], [ 12.562969, 64.100876, 0.0 ], [ 15.989412, 62.630894, 0.0 ], [ 20.127213, 60.4881, 0.0 ], [ 24.571156, 57.88214, 0.0 ], [ 28.886322, 55.067913, 0.0 ], [ 32.6504, 52.32125, 0.0 ], [ 35.49477, 49.91069, 0.0 ], [ 37.141205, 48.072353, 0.0 ]] 
boundary 0: [[ 37.373947, 81.10137, 0.0 ], [ 37.090317, 80.01424, 0.0 ], [ 35.449753, 78.17067, 0.0 ], [ 32.613075, 75.75103, 0.0 ], [ 28.857813, 72.99225, 0.0 ], [ 24.551594, 70.164505, 0.0 ], [ 20.11596, 67.5444, 0.0 ], [ 15.985015, 65.38836, 0.0 ], [ 12.563255, 63.907543, 0.0 ], [ 10.185553, 63.246895, 0.0 ], [ 9.084654, 63.471104, 0.0 ], [ 9.368311, 64.55829, 0.0 ], [ 11.008862, 66.401634, 0.0 ], [ 13.84556, 68.82129, 0.0 ], [ 17.600826, 71.58005, 0.0 ], [ 21.907055, 74.40781, 0.0 ], [ 26.342703, 77.02809, 0.0 ], [ 30.473557, 79.18404, 0.0 ], [ 33.895393, 80.66495, 0.0 ], [ 36.273056, 81.32558, 0.0 ]] 
boundary 1: [[ 37.373962, 46.898697, 0.0 ], [ 36.273056, 46.67446, 0.0 ], [ 33.895416, 47.3351, 0.0 ], [ 30.47355, 48.81593, 0.0 ], [ 26.34271, 50.971935, 0.0 ], [ 21.907066, 53.59212, 0.0 ], [ 17.600811, 56.419964, 0.0 ], [ 13.845543, 59.17866, 0.0 ], [ 11.008825, 61.59825, 0.0 ], [ 9.368336, 63.441803, 0.0 ], [ 9.084677, 64.52891, 0.0 ], [ 10.185559, 64.75307, 0.0 ], [ 12.563276, 64.0925, 0.0 ], [ 15.985019, 62.6116, 0.0 ], [ 20.115974, 60.45564, 0.0 ], [ 24.55159, 57.835533, 0.0 ], [ 28.857761, 55.007576, 0.0 ], [ 32.613068, 52.24893, 0.0 ], [ 35.449745, 49.829323, 0.0 ], [ 37.090317, 47.985744, 0.0 ]] 
boundary 0: [[ 37.424755, 81.01958, 0.0 ], [ 37.137886, 79.93329, 0.0 ], [ 35.49184, 78.09462, 0.0 ], [ 32.647972, 75.68344, 0.0 ], [ 28.884508, 72.93585, 0.0 ], [ 24.569887, 70.12094, 0.0 ], [ 20.126469, 67.51406, 0.0 ], [ 15.989122, 65.37033, 0.0 ], [ 12.562968, 63.89971, 0.0 ], [ 10.183309, 63.246147, 0.0 ], [ 9.083082, 63.473633, 0.0 ], [ 9.369976, 64.55997, 0.0 ], [ 11.016008, 66.39842, 0.0 ], [ 13.8599, 68.809616, 0.0 ], [ 17.623365, 71.55718, 0.0 ], [ 21.937996, 74.3721, 0.0 ], [ 26.381428, 76.979164, 0.0 ], [ 30.518684, 79.1228, 0.0 ], [ 33.944916, 80.59351, 0.0 ], [ 36.324535, 81.24706, 0.0 ]] 
boundary 1: [[ 37.42477, 46.98049, 0.0 ], [ 36.324535, 46.752975, 0.0 ], [ 33.94494, 47.406532, 0.0 ], [ 30.518679, 48.877167, 0.0 ], [ 26.381435, 51.02086, 0.0 ], [ 21.938007, 53.627823, 0.0 ], [ 17.62335, 56.442833, 0.0 ], [ 13.859884, 59.190334, 0.0 ], [ 11.015973, 61.601463, 0.0 ], [ 9.370001, 63.440125, 0.0 ], [ 9.083105, 64.526375, 0.0 ], [ 10.183315, 64.753815, 0.0 ], [ 12.562989, 64.10033, 0.0 ], [ 15.989126, 62.629627, 0.0 ], [ 20.126484, 60.485977, 0.0 ], [ 24.569883, 57.879093, 0.0 ], [ 28.884457, 55.063972, 0.0 ], [ 32.647964, 52.316525, 0.0 ], [ 35.491833, 49.905373, 0.0 ], [ 37.137886, 48.06669, 0.0 ]] 
boundary 0: [[ 37.940937, 80.15609, 0.0 ], [ 37.620407, 79.079254, 0.0 ], [ 35.917953, 77.29268, 0.0 ], [ 33.00045, 74.97112, 0.0 ], [ 29.153336, 72.34197, 0.0 ], [ 24.75323, 69.66263, 0.0 ], [ 20.230858, 67.195244, 0.0 ], [ 16.028826, 65.18127, 0.0 ], [ 12.558577, 63.81795, 0.0 ], [ 10.159735, 63.238735, 0.0 ], [ 9.067118, 63.50034, 0.0 ], [ 9.387669, 64.577225, 0.0 ], [ 11.0901, 66.36358, 0.0 ], [ 14.007629, 68.68513, 0.0 ], [ 17.854752, 71.314285, 0.0 ], [ 22.25486, 73.99361, 0.0 ], [ 26.77725, 76.46118, 0.0 ], [ 30.979198, 78.47507, 0.0 ], [ 34.449528, 79.838486, 0.0 ], [ 36.84832, 80.417694, 0.0 ]] 
boundary 1: [[ 37.940952, 47.843987, 0.0 ], [ 36.84832, 47.582348, 0.0 ], [ 34.44955, 48.161564, 0.0 ], [ 30.979195, 49.524895, 0.0 ], [ 26.777258, 51.538845, 0.0 ], [ 22.254873, 54.006313, 0.0 ], [ 17.854733, 56.685726, 0.0 ], [ 14.007612, 59.314808, 0.0 ], [ 11.090068, 61.636307, 0.0 ], [ 9.387691, 63.422867, 0.0 ], [ 9.067141, 64.49967, 0.0 ], [ 10.159743, 64.76123, 0.0 ], [ 12.558597, 64.182076, 0.0 ], [ 16.02883, 62.818676, 0.0 ], [ 20.230873, 60.804794, 0.0 ], [ 24.753225, 58.33739, 0.0 ], [ 29.153288, 55.65786, 0.0 ], [ 33.000443, 53.02883, 0.0 ], [ 35.917946, 50.707314, 0.0 ], [ 37.620415, 48.920727, 0.0 ]] 
boundary 0: [[ 38.629112, 78.89957, 0.0 ], [ 38.2612, 77.83798, 0.0 ], [ 36.481285, 76.12856, 0.0 ], [ 33.463802, 73.93854, 0.0 ], [ 29.504, 71.48238, 0.0 ], [ 24.989525, 69.000595, 0.0 ], [ 20.36229, 66.73595, 0.0 ], [ 16.075169, 64.91009, 0.0 ], [ 12.5479355, 63.701836, 0.0 ], [ 10.125791, 63.229454, 0.0 ], [ 9.0458355, 63.5392, 0.0 ], [ 9.413774, 64.60083, 0.0 ], [ 11.193665, 66.31002, 0.0 ], [ 14.211168, 68.500046, 0.0 ], [ 18.170986, 70.95621, 0.0 ], [ 22.68546, 73.43797, 0.0 ], [ 27.312717, 75.70281, 0.0 ], [ 31.599749, 77.52859, 0.0 ], [ 35.127068, 78.73693, 0.0 ], [ 37.549156, 79.20931, 0.0 ]] 
boundary 1: [[ 38.629128, 49.10051, 0.0 ], [ 37.549156, 48.79073, 0.0 ], [ 35.12709, 49.263115, 0.0 ], [ 31.599745, 50.47138, 0.0 ], [ 27.312723, 52.29722, 0.0 ], [ 22.685474, 54.561935, 0.0 ], [ 18.170963, 57.0438, 0.0 ], [ 14.211155, 59.499886, 0.0 ], [ 11.19364, 61.68987, 0.0 ], [ 9.413792, 63.39926, 0.0 ], [ 9.045858, 64.460815, 0.0 ], [ 10.1258, 64.77051, 0.0 ], [ 12.547955, 64.29819, 0.0 ], [ 16.075174, 63.089848, 0.0 ], [ 20.362305, 61.264084, 0.0 ], [ 24.989521, 58.999435, 0.0 ], [ 29.503958, 56.517445, 0.0 ], [ 33.4638, 54.061417, 0.0 ], [ 36.481277, 51.871414, 0.0 ], [ 38.261215, 50.162003, 0.0 ]] 
boundary 0: [[ 39.405327, 77.29837, 0.0 ], [ 38.979576, 76.25862, 0.0 ], [ 37.108322, 74.64971, 0.0 ], [ 33.974922, 72.62901, 0.0 ], [ 29.885992, 70.3944, 0.0 ], [ 25.241829, 68.164734, 0.0 ], [ 20.49701, 66.15807, 0.0 ], [ 16.115936, 64.57084, 0.0 ], [ 12.527573, 63.558445, 0.0 ], [ 10.083108, 63.22003, 0.0 ], [ 9.02183, 63.58872, 0.0 ], [ 9.447615, 64.62851, 0.0 ], [ 11.318838, 66.23718, 0.0 ], [ 14.452254, 68.25789, 0.0 ], [ 18.541197, 70.4925, 0.0 ], [ 23.185364, 72.72214, 0.0 ], [ 27.930214, 74.729004, 0.0 ], [ 32.31119, 76.31617, 0.0 ], [ 35.899635, 77.328636, 0.0 ], [ 38.344048, 77.667046, 0.0 ]] 
boundary 1: [[ 39.405342, 50.70172, 0.0 ], [ 38.344044, 50.332996, 0.0 ], [ 35.89966, 50.67142, 0.0 ], [ 32.311195, 51.6838, 0.0 ], [ 27.930216, 53.27104, 0.0 ], [ 23.185389, 55.277763, 0.0 ], [ 18.541174, 57.507515, 0.0 ], [ 14.452244, 59.74204, 0.0 ], [ 11.318819, 61.762703, 0.0 ], [ 9.447626, 63.37159, 0.0 ], [ 9.021852, 64.41129, 0.0 ], [ 10.083119, 64.77994, 0.0 ], [ 12.527592, 64.441574, 0.0 ], [ 16.115944, 63.42911, 0.0 ], [ 20.497025, 61.84196, 0.0 ], [ 25.241821, 59.8353, 0.0 ], [ 29.885963, 57.60542, 0.0 ], [ 33.974922, 55.37095, 0.0 ], [ 37.108315, 53.350266, 0.0 ], [ 38.9796, 51.74136, 0.0 ]] 
boundary 0: [[ 40.103138, 75.628746, 0.0 ], [ 39.61989, 74.614426, 0.0 ], [ 37.66156, 73.11275, 0.0 ], [ 34.420013, 71.270485, 0.0 ], [ 30.212473, 69.26814, 0.0 ], [ 25.450851, 67.30177, 0.0 ], [ 20.601196, 65.5637, 0.0 ], [ 16.138187, 64.22407, 0.0 ], [ 12.498807, 63.41401, 0.0 ], [ 10.039239, 63.21287, 0.0 ], [ 9.000249, 63.640358, 0.0 ], [ 9.483536, 64.65469, 0.0 ], [ 11.441827, 66.15618, 0.0 ], [ 14.683385, 67.998405, 0.0 ], [ 18.890938, 70.00076, 0.0 ], [ 23.652565, 71.967094, 0.0 ], [ 28.50226, 73.70537, 0.0 ], [ 32.965164, 75.044945, 0.0 ], [ 36.60463, 75.85508, 0.0 ], [ 39.064148, 76.05622, 0.0 ]] 
boundary 1: [[ 40.10314, 52.371353, 0.0 ], [ 39.064148, 51.943832, 0.0 ], [ 36.604652, 52.144978, 0.0 ], [ 32.96518, 52.955017, 0.0 ], [ 28.502258, 54.29467, 0.0 ], [ 23.652596, 56.032806, 0.0 ], [ 18.890913, 57.99925, 0.0 ], [ 14.683375, 60.001526, 0.0 ], [ 11.441814, 61.843708, 0.0 ], [ 9.483544, 63.3454, 0.0 ], [ 9.000271, 64.359665, 0.0 ], [ 10.03925, 64.787094, 0.0 ], [ 12.498824, 64.58603, 0.0 ], [ 16.138199, 63.77589, 0.0 ], [ 20.601208, 62.43632, 0.0 ], [ 25.450842, 60.698254, 0.0 ], [ 30.212456, 58.731678, 0.0 ], [ 34.420013, 56.729458, 0.0 ], [ 37.661552, 54.887234, 0.0 ], [ 39.61991, 53.38554, 0.0 ]] 
boundary 0: [[ 40.706154, 73.92361, 0.0 ], [ 40.166943, 72.9379, 0.0 ], [ 38.127712, 71.54807, 0.0 ], [ 34.788227, 69.88992, 0.0 ], [ 30.475311, 68.12599, 0.0 ], [ 25.611187, 66.42895, 0.0 ], [ 20.67194, 64.96476, 0.0 ], [ 16.141006, 63.876774, 0.0 ], [ 12.4620285, 63.27148, 0.0 ], [ 9.995062, 63.208183, 0.0 ], [ 8.981599, 63.6931, 0.0 ], [ 9.520847, 64.678825, 0.0 ], [ 11.560028, 66.06845, 0.0 ], [ 14.899522, 67.726555, 0.0 ], [ 19.212456, 69.49052, 0.0 ], [ 24.076576, 71.18752, 0.0 ], [ 29.015879, 72.6519, 0.0 ], [ 33.546696, 73.73985, 0.0 ], [ 37.22577, 74.34521, 0.0 ], [ 39.692688, 74.4085, 0.0 ]] 
boundary 1: [[ 40.706146, 54.076485, 0.0 ], [ 39.692688, 53.591537, 0.0 ], [ 37.225792, 53.654846, 0.0 ], [ 33.54671, 54.26012, 0.0 ], [ 29.015877, 55.348137, 0.0 ], [ 24.076614, 56.81239, 0.0 ], [ 19.21243, 58.5095, 0.0 ], [ 14.899516, 60.273376, 0.0 ], [ 11.560022, 61.931435, 0.0 ], [ 9.520848, 63.321278, 0.0 ], [ 8.98162, 64.30693, 0.0 ], [ 9.995074, 64.79179, 0.0 ], [ 12.462042, 64.72855, 0.0 ], [ 16.141018, 64.123184, 0.0 ], [ 20.671951, 63.035267, 0.0 ], [ 25.611176, 61.57107, 0.0 ], [ 30.475302, 59.87382, 0.0 ], [ 34.788227, 58.11, 0.0 ], [ 38.127705, 56.45191, 0.0 ], [ 40.16697, 55.06207, 0.0 ]] 
boundary 0: [[ 41.12416, 72.51921, 0.0 ], [ 40.540844, 71.55894, 0.0 ], [ 38.440735, 70.26293, 0.0 ], [ 35.02955, 68.75778, 0.0 ], [ 30.641151, 67.19106, 0.0 ], [ 25.705135, 65.71613, 0.0 ], [ 20.704617, 64.47724, 0.0 ], [ 16.12905, 63.595657, 0.0 ], [ 12.426427, 63.15766, 0.0 ], [ 9.959124, 63.2062, 0.0 ], [ 8.968672, 63.736534, 0.0 ], [ 9.552027, 64.69681, 0.0 ], [ 11.652071, 65.99262, 0.0 ], [ 15.063261, 67.49773, 0.0 ], [ 19.451683, 69.06447, 0.0 ], [ 24.387695, 70.53936, 0.0 ], [ 29.388271, 71.77845, 0.0 ], [ 33.963722, 72.66002, 0.0 ], [ 37.666454, 73.09807, 0.0 ], [ 40.133705, 73.04953, 0.0 ]] 
boundary 1: [[ 41.124146, 55.480877, 0.0 ], [ 40.133705, 54.95052, 0.0 ], [ 37.666477, 54.901993, 0.0 ], [ 33.963737, 55.33996, 0.0 ], [ 29.388266, 56.221592, 0.0 ], [ 24.387737, 57.460552, 0.0 ], [ 19.451656, 58.935543, 0.0 ], [ 15.063257, 60.5022, 0.0 ], [ 11.652072, 62.00725, 0.0 ], [ 9.552021, 63.303284, 0.0 ], [ 8.968691, 64.2635, 0.0 ], [ 9.959137, 64.79378, 0.0 ], [ 12.426437, 64.84238, 0.0 ], [ 16.129065, 64.404305, 0.0 ], [ 20.704628, 63.52279, 0.0 ], [ 25.705124, 62.283875, 0.0 ], [ 30.641148, 60.808735, 0.0 ], [ 35.02955, 59.24214, 0.0 ], [ 38.440735, 57.73705, 0.0 ], [ 40.540874, 56.441025, 0.0 ]] 
boundary 0: [[ 41.390697, 71.47523, 0.0 ], [ 40.775703, 70.53492, 0.0 ], [ 38.63358, 69.309616, 0.0 ], [ 35.174133, 67.91896, 0.0 ], [ 30.735981, 66.49932, 0.0 ], [ 25.753557, 65.18968, 0.0 ], [ 20.714542, 64.1181, 0.0 ], [ 16.112139, 63.38945, 0.0 ], [ 12.396977, 63.07506, 0.0 ], [ 9.932662, 63.20578, 0.0 ], [ 8.960428, 63.768826, 0.0 ], [ 9.575457, 64.70913, 0.0 ], [ 11.717509, 65.93425, 0.0 ], [ 15.176952, 67.32486, 0.0 ], [ 19.615145, 68.74452, 0.0 ], [ 24.597559, 70.05412, 0.0 ], [ 29.636642, 71.125916, 0.0 ], [ 34.23893, 71.85453, 0.0 ], [ 37.9542, 72.16899, 0.0 ], [ 40.41846, 72.03826, 0.0 ]] 
boundary 1: [[ 41.390682, 56.52484, 0.0 ], [ 40.418457, 55.961777, 0.0 ], [ 37.954216, 55.83108, 0.0 ], [ 34.238945, 56.145435, 0.0 ], [ 29.636631, 56.874123, 0.0 ], [ 24.5976, 57.945786, 0.0 ], [ 19.615114, 59.255493, 0.0 ], [ 15.176952, 60.675064, 0.0 ], [ 11.717514, 62.06562, 0.0 ], [ 9.575445, 63.29097, 0.0 ], [ 8.960446, 64.23122, 0.0 ], [ 9.932675, 64.7942, 0.0 ], [ 12.396987, 64.92498, 0.0 ], [ 16.112154, 64.61051, 0.0 ], [ 20.714548, 63.881943, 0.0 ], [ 25.753546, 62.81033, 0.0 ], [ 30.735981, 61.500465, 0.0 ], [ 35.17414, 60.080963, 0.0 ], [ 38.633587, 58.690357, 0.0 ], [ 40.775734, 57.465027, 0.0 ]] 
boundary 0: [[ 41.494503, 71.02405, 0.0 ], [ 40.866127, 70.092636, 0.0 ], [ 38.706665, 68.89813, 0.0 ], [ 35.227654, 67.557144, 0.0 ], [ 30.769632, 66.2012, 0.0 ], [ 25.768972, 64.96304, 0.0 ], [ 20.715132, 63.963734, 0.0 ], [ 16.102764, 63.30104, 0.0 ], [ 12.383482, 63.039883, 0.0 ], [ 9.921289, 63.205875, 0.0 ], [ 8.957217, 63.78278, 0.0 ], [ 9.585646, 64.71419, 0.0 ], [ 11.745022, 65.90851, 0.0 ], [ 15.224022, 67.249435, 0.0 ], [ 19.682085, 68.60541, 0.0 ], [ 24.682743, 69.84353, 0.0 ], [ 29.736658, 70.84306, 0.0 ], [ 34.348915, 71.5057, 0.0 ], [ 38.06831, 71.76694, 0.0 ], [ 40.53044, 71.60093, 0.0 ]] 
boundary 1: [[ 41.494488, 56.976025, 0.0 ], [ 40.530434, 56.399097, 0.0 ], [ 38.068325, 56.23314, 0.0 ], [ 34.34893, 56.494255, 0.0 ], [ 29.736645, 57.15697, 0.0 ], [ 24.682785, 58.15638, 0.0 ], [ 19.682055, 59.394608, 0.0 ], [ 15.224022, 60.75048, 0.0 ], [ 11.7450285, 62.091366, 0.0 ], [ 9.585633, 63.285915, 0.0 ], [ 8.957234, 64.21727, 0.0 ], [ 9.921303, 64.794106, 0.0 ], [ 12.3834915, 64.96016, 0.0 ], [ 16.102781, 64.69892, 0.0 ], [ 20.715136, 64.03632, 0.0 ], [ 25.76896, 63.036976, 0.0 ], [ 30.769634, 61.798584, 0.0 ], [ 35.22766, 60.442772, 0.0 ], [ 38.706673, 59.101845, 0.0 ], [ 40.866158, 57.907314, 0.0 ]] 
boundary 0: [[ 41.48098, 71.08453, 0.0 ], [ 40.854393, 70.151924, 0.0 ], [ 38.69722, 68.953285, 0.0 ], [ 35.220787, 67.60563, 0.0 ], [ 30.765375, 66.24114, 0.0 ], [ 25.767097, 64.9934, 0.0 ], [ 20.715181, 63.9844, 0.0 ], [ 16.104092, 63.31287, 0.0 ], [ 12.385318, 63.044582, 0.0 ], [ 9.9228115, 63.205853, 0.0 ], [ 8.957636, 63.78091, 0.0 ], [ 9.584277, 64.71352, 0.0 ], [ 11.74136, 65.91198, 0.0 ], [ 15.217783, 67.259575, 0.0 ], [ 19.673239, 68.624084, 0.0 ], [ 24.671513, 69.871796, 0.0 ], [ 29.723503, 70.88101, 0.0 ], [ 34.33448, 71.55249, 0.0 ], [ 38.053368, 71.820854, 0.0 ], [ 40.515816, 71.65957, 0.0 ]] 
boundary 1: [[ 41.480965, 56.915535, 0.0 ], [ 40.51581, 56.340458, 0.0 ], [ 38.053383, 56.17922, 0.0 ], [ 34.334496, 56.447464, 0.0 ], [ 29.72349, 57.119022, 0.0 ], [ 24.671555, 58.128117, 0.0 ], [ 19.673208, 59.375927, 0.0 ], [ 15.217783, 60.740345, 0.0 ], [ 11.741366, 62.0879, 0.0 ], [ 9.584265, 63.286583, 0.0 ], [ 8.957653, 64.21914, 0.0 ], [ 9.922825, 64.79413, 0.0 ], [ 12.385327, 64.95546, 0.0 ], [ 16.10411, 64.687096, 0.0 ], [ 20.715185, 64.015656, 0.0 ], [ 25.767086, 63.006622, 0.0 ], [ 30.765375, 61.758644, 0.0 ], [ 35.220795, 60.39429, 0.0 ], [ 38.697227, 59.046696, 0.0 ], [ 40.85442, 57.848026, 0.0 ]] 
boundary 0: [[ 41.332573, 71.7157, 0.0 ], [ 40.724815, 70.77071, 0.0 ], [ 38.592106, 69.52905, 0.0 ], [ 35.143417, 68.11195, 0.0 ], [ 30.71625, 66.65841, 0.0 ], [ 25.743992, 65.31069, 0.0 ], [ 20.713324, 64.2006, 0.0 ], [ 16.116627, 63.43674, 0.0 ], [ 12.403982, 63.09394, 0.0 ], [ 9.938734, 63.2058, 0.0 ], [ 8.962226, 63.76139, 0.0 ], [ 9.57004, 64.70637, 0.0 ], [ 11.702657, 65.94784, 0.0 ], [ 15.151361, 67.364876, 0.0 ], [ 19.578556, 68.81845, 0.0 ], [ 24.550808, 70.166145, 0.0 ], [ 29.581549, 71.27647, 0.0 ], [ 34.178116, 72.04025, 0.0 ], [ 37.89089, 72.38314, 0.0 ], [ 40.356064, 72.271255, 0.0 ]] 
boundary 1: [[ 41.33256, 56.28438, 0.0 ], [ 40.356056, 55.72877, 0.0 ], [ 37.890907, 55.616943, 0.0 ], [ 34.17813, 55.9597, 0.0 ], [ 29.581535, 56.723583, 0.0 ], [ 24.55085, 57.83378, 0.0 ], [ 19.578526, 59.181557, 0.0 ], [ 15.151361, 60.635033, 0.0 ], [ 11.7026615, 62.052025, 0.0 ], [ 9.57003, 63.293728, 0.0 ], [ 8.962243, 64.23866, 0.0 ], [ 9.938747, 64.794174, 0.0 ], [ 12.403992, 64.906105, 0.0 ], [ 16.116646, 64.56322, 0.0 ], [ 20.713327, 63.799458, 0.0 ], [ 25.74398, 62.68934, 0.0 ], [ 30.716246, 61.34138, 0.0 ], [ 35.143425, 59.887962, 0.0 ], [ 38.592113, 58.470932, 0.0 ], [ 40.72484, 57.229244, 0.0 ]] 
boundary 0: [[ 41.09028, 72.64226, 0.0 ], [ 40.510784, 71.67968, 0.0 ], [ 38.41577, 70.37539, 0.0 ], [ 35.010574, 68.85679, 0.0 ], [ 30.628391, 67.27274, 0.0 ], [ 25.698238, 65.77837, 0.0 ], [ 20.702656, 64.519775, 0.0 ], [ 16.130592, 63.620106, 0.0 ], [ 12.429732, 63.16751, 0.0 ], [ 9.962255, 63.206306, 0.0 ], [ 8.969718, 63.732735, 0.0 ], [ 9.549281, 64.6953, 0.0 ], [ 11.644193, 65.99937, 0.0 ], [ 15.049416, 67.51794, 0.0 ], [ 19.431614, 69.10198, 0.0 ], [ 24.36177, 70.59636, 0.0 ], [ 29.357426, 71.85519, 0.0 ], [ 33.92935, 72.75478, 0.0 ], [ 37.63034, 73.207466, 0.0 ], [ 40.097755, 73.16865, 0.0 ]] 
boundary 1: [[ 41.090263, 55.35783, 0.0 ], [ 40.097755, 54.831383, 0.0 ], [ 37.630356, 54.792606, 0.0 ], [ 33.929367, 55.245182, 0.0 ], [ 29.357412, 56.144867, 0.0 ], [ 24.361813, 57.403572, 0.0 ], [ 19.431583, 58.89801, 0.0 ], [ 15.049413, 60.481968, 0.0 ], [ 11.644194, 62.000473, 0.0 ], [ 9.549272, 63.304794, 0.0 ], [ 8.969739, 64.26732, 0.0 ], [ 9.962267, 64.79367, 0.0 ], [ 12.429745, 64.83253, 0.0 ], [ 16.130611, 64.37983, 0.0 ], [ 20.702663, 63.480278, 0.0 ], [ 25.698227, 62.221653, 0.0 ], [ 30.628384, 60.727024, 0.0 ], [ 35.01057, 59.143127, 0.0 ], [ 38.41578, 57.624577, 0.0 ], [ 40.510807, 56.32027, 0.0 ]] 
boundary 0: [[ 40.674187, 74.02215, 0.0 ], [ 40.13816, 73.03471, 0.0 ], [ 38.103355, 71.63836, 0.0 ], [ 34.76921, 69.96951, 0.0 ], [ 30.461985, 68.19174, 0.0 ], [ 25.603325, 66.47916, 0.0 ], [ 20.668797, 64.99918, 0.0 ], [ 16.141367, 63.896664, 0.0 ], [ 12.464353, 63.279594, 0.0 ], [ 9.997597, 63.20839, 0.0 ], [ 8.982586, 63.69006, 0.0 ], [ 9.518679, 64.67749, 0.0 ], [ 11.553392, 66.073616, 0.0 ], [ 14.887557, 67.74243, 0.0 ], [ 19.19481, 69.520195, 0.0 ], [ 24.053474, 71.232796, 0.0 ], [ 28.988066, 72.713005, 0.0 ], [ 33.515354, 73.81546, 0.0 ], [ 37.192493, 74.432625, 0.0 ], [ 39.65918, 74.5038, 0.0 ]] 
boundary 1: [[ 40.67418, 53.97793, 0.0 ], [ 39.65918, 53.49624, 0.0 ], [ 37.19252, 53.567455, 0.0 ], [ 33.51537, 54.184517, 0.0 ], [ 28.988054, 55.287052, 0.0 ], [ 24.053513, 56.76713, 0.0 ], [ 19.19478, 58.479794, 0.0 ], [ 14.88755, 60.25747, 0.0 ], [ 11.553388, 61.926216, 0.0 ], [ 9.518671, 63.322605, 0.0 ], [ 8.98261, 64.30999, 0.0 ], [ 9.997609, 64.79159, 0.0 ], [ 12.464365, 64.720436, 0.0 ], [ 16.141382, 64.10328, 0.0 ], [ 20.668804, 63.00086, 0.0 ], [ 25.603313, 61.52087, 0.0 ], [ 30.461967, 59.808014, 0.0 ], [ 34.76921, 58.03041, 0.0 ], [ 38.10336, 56.361614, 0.0 ], [ 40.138176, 54.965233, 0.0 ]] 
boundary 0: [[ 40.158672, 75.48361, 0.0 ], [ 39.67057, 74.47162, 0.0 ], [ 37.70501, 72.97936, 0.0 ], [ 34.45465, 71.152695, 0.0 ], [ 30.23756, 69.17057, 0.0 ], [ 25.46654, 67.22715, 0.0 ], [ 20.608593, 65.51243, 0.0 ], [ 16.139187, 64.194244, 0.0 ], [ 12.495964, 63.401703, 0.0 ], [ 10.035454, 63.21238, 0.0 ], [ 8.998529, 63.644863, 0.0 ], [ 9.486692, 64.656876, 0.0 ], [ 11.452172, 66.14886, 0.0 ], [ 14.702545, 67.97552, 0.0 ], [ 18.919672, 69.95763, 0.0 ], [ 23.690695, 71.90106, 0.0 ], [ 28.548695, 73.61602, 0.0 ], [ 33.017967, 74.934135, 0.0 ], [ 36.66131, 75.72679, 0.0 ], [ 39.121758, 75.916084, 0.0 ]] 
boundary 1: [[ 40.158665, 52.516464, 0.0 ], [ 39.121758, 52.08397, 0.0 ], [ 36.66133, 52.273293, 0.0 ], [ 33.017975, 53.065838, 0.0 ], [ 28.548685, 54.38404, 0.0 ], [ 23.690733, 56.098854, 0.0 ], [ 18.919641, 58.042362, 0.0 ], [ 14.702536, 60.024384, 0.0 ], [ 11.45216, 61.85097, 0.0 ], [ 9.4866905, 63.343258, 0.0 ], [ 8.998553, 64.3552, 0.0 ], [ 10.035464, 64.7876, 0.0 ], [ 12.495978, 64.59836, 0.0 ], [ 16.139202, 63.8057, 0.0 ], [ 20.6086, 62.487614, 0.0 ], [ 25.466532, 60.77288, 0.0 ], [ 30.237532, 58.829185, 0.0 ], [ 34.45465, 56.847237, 0.0 ], [ 37.705017, 55.020603, 0.0 ], [ 39.670586, 53.528324, 0.0 ]] 
boundary 0: [[ 39.565937, 76.93652, 0.0 ], [ 39.127502, 75.90203, 0.0 ], [ 37.23665, 74.31618, 0.0 ], [ 34.078743, 72.33398, 0.0 ], [ 29.96279, 70.149574, 0.0 ], [ 25.291676, 67.97698, 0.0 ], [ 20.522646, 66.028595, 0.0 ], [ 16.122456, 64.4951, 0.0 ], [ 12.521975, 63.52674, 0.0 ], [ 10.073548, 63.21826, 0.0 ], [ 9.016861, 63.59993, 0.0 ], [ 9.455349, 64.63445, 0.0 ], [ 11.346128, 66.22002, 0.0 ], [ 14.504049, 68.202225, 0.0 ], [ 18.620043, 70.38661, 0.0 ], [ 23.291157, 72.55923, 0.0 ], [ 28.060236, 74.50786, 0.0 ], [ 32.46029, 76.04126, 0.0 ], [ 36.060883, 77.00974, 0.0 ], [ 38.509262, 77.318184, 0.0 ]] 
boundary 1: [[ 39.56593, 51.063545, 0.0 ], [ 38.509262, 50.68186, 0.0 ], [ 36.060913, 50.99035, 0.0 ], [ 32.460297, 51.958717, 0.0 ], [ 28.060228, 53.492203, 0.0 ], [ 23.291193, 55.440693, 0.0 ], [ 18.620012, 57.61339, 0.0 ], [ 14.504036, 59.797676, 0.0 ], [ 11.346107, 61.77981, 0.0 ], [ 9.455352, 63.365704, 0.0 ], [ 9.016889, 64.40014, 0.0 ], [ 10.073557, 64.78171, 0.0 ], [ 12.521992, 64.473335, 0.0 ], [ 16.12247, 63.504833, 0.0 ], [ 20.522655, 61.97146, 0.0 ], [ 25.291668, 60.023064, 0.0 ], [ 29.962751, 57.850178, 0.0 ], [ 34.078743, 55.665962, 0.0 ], [ 37.236656, 53.683777, 0.0 ], [ 39.12751, 52.097897, 0.0 ]] 
boundary 0: [[ 38.87596, 78.41419, 0.0 ], [ 38.490242, 77.35891, 0.0 ], [ 36.681763, 75.67974, 0.0 ], [ 33.627808, 73.54083, 0.0 ], [ 29.627241, 71.151665, 0.0 ], [ 25.071613, 68.74632, 0.0 ], [ 20.406887, 66.559944, 0.0 ], [ 16.089619, 64.80655, 0.0 ], [ 12.542544, 63.657864, 0.0 ], [ 10.112786, 63.226326, 0.0 ], [ 9.0382, 63.554226, 0.0 ], [ 9.423966, 64.60954, 0.0 ], [ 11.232395, 66.28843, 0.0 ], [ 14.286352, 68.42735, 0.0 ], [ 18.286974, 70.81649, 0.0 ], [ 22.842598, 73.22186, 0.0 ], [ 27.507355, 75.40846, 0.0 ], [ 31.824497, 77.16178, 0.0 ], [ 35.37168, 78.310585, 0.0 ], [ 37.801376, 78.742096, 0.0 ]] 
boundary 1: [[ 38.875954, 49.58587, 0.0 ], [ 37.80139, 49.25795, 0.0 ], [ 35.37172, 49.68951, 0.0 ], [ 31.824505, 50.83819, 0.0 ], [ 27.507349, 52.591576, 0.0 ], [ 22.842628, 54.778053, 0.0 ], [ 18.286943, 57.18352, 0.0 ], [ 14.286335, 59.57256, 0.0 ], [ 11.232365, 61.7114, 0.0 ], [ 9.423978, 63.390614, 0.0 ], [ 9.038231, 64.44584, 0.0 ], [ 10.112794, 64.77364, 0.0 ], [ 12.542565, 64.34221, 0.0 ], [ 16.08963, 63.193398, 0.0 ], [ 20.406902, 61.44011, 0.0 ], [ 25.07161, 59.253723, 0.0 ], [ 29.62719, 56.848083, 0.0 ], [ 33.627808, 54.459118, 0.0 ], [ 36.68177, 52.320225, 0.0 ], [ 38.49025, 50.641018, 0.0 ]] 
boundary 0: [[ 38.236504, 79.6325, 0.0 ], [ 37.89603, 78.56175, 0.0 ], [ 36.16062, 76.80719, 0.0 ], [ 33.20044, 74.54027, 0.0 ], [ 29.30514, 71.98306, 0.0 ], [ 24.85597, 69.386086, 0.0 ], [ 20.28849, 67.00323, 0.0 ], [ 16.049725, 65.06773, 0.0 ], [ 12.554738, 63.76918, 0.0 ], [ 10.145541, 63.23466, 0.0 ], [ 9.057976, 63.516544, 0.0 ], [ 9.398495, 64.58731, 0.0 ], [ 11.133858, 66.34163, 0.0 ], [ 14.094048, 68.60854, 0.0 ], [ 17.9894, 71.165726, 0.0 ], [ 22.438557, 73.76275, 0.0 ], [ 27.006063, 76.14581, 0.0 ], [ 31.244705, 78.08122, 0.0 ], [ 34.73979, 79.379906, 0.0 ], [ 37.14893, 79.91438, 0.0 ]] 
boundary 1: [[ 38.236496, 48.367554, 0.0 ], [ 37.148945, 48.085648, 0.0 ], [ 34.739838, 48.620182, 0.0 ], [ 31.24471, 49.918747, 0.0 ], [ 27.00606, 51.85422, 0.0 ], [ 22.438583, 54.237175, 0.0 ], [ 17.98937, 56.83429, 0.0 ], [ 14.094027, 59.391376, 0.0 ], [ 11.13382, 61.6582, 0.0 ], [ 9.398512, 63.412834, 0.0 ], [ 9.05801, 64.48351, 0.0 ], [ 10.145548, 64.76531, 0.0 ], [ 12.554762, 64.23089, 0.0 ], [ 16.049736, 62.93221, 0.0 ], [ 20.28851, 60.996826, 0.0 ], [ 24.85597, 58.613964, 0.0 ], [ 29.305077, 56.016674, 0.0 ], [ 33.20043, 53.459682, 0.0 ], [ 36.16063, 51.19278, 0.0 ], [ 37.896027, 49.438156, 0.0 ]] 
boundary 0: [[ 37.72895, 80.51812, 0.0 ], [ 37.42244, 79.43717, 0.0 ], [ 35.743282, 77.628685, 0.0 ], [ 32.856133, 75.26946, 0.0 ], [ 29.043495, 72.590576, 0.0 ], [ 24.678514, 69.85445, 0.0 ], [ 20.18853, 67.328606, 0.0 ], [ 16.012974, 65.26027, 0.0 ], [ 12.560716, 63.85204, 0.0 ], [ 10.169594, 63.24174, 0.0 ], [ 9.073672, 63.48915, 0.0 ], [ 9.380221, 64.57014, 0.0 ], [ 11.059344, 66.37836, 0.0 ], [ 13.946503, 68.73757, 0.0 ], [ 17.759195, 71.41645, 0.0 ], [ 22.12416, 74.15261, 0.0 ], [ 26.614159, 76.67867, 0.0 ], [ 30.789598, 78.74691, 0.0 ], [ 34.24195, 80.15527, 0.0 ], [ 36.63302, 80.76553, 0.0 ]] 
boundary 1: [[ 37.72895, 47.481934, 0.0 ], [ 36.633038, 47.234505, 0.0 ], [ 34.241997, 47.844814, 0.0 ], [ 30.789602, 49.253044, 0.0 ], [ 26.614157, 51.32136, 0.0 ], [ 22.12418, 53.8473, 0.0 ], [ 17.759165, 56.583572, 0.0 ], [ 13.946478, 59.262337, 0.0 ], [ 11.059299, 61.621475, 0.0 ], [ 9.380244, 63.430008, 0.0 ], [ 9.073709, 64.5109, 0.0 ], [ 10.169599, 64.75824, 0.0 ], [ 12.560741, 64.148026, 0.0 ], [ 16.012981, 62.73967, 0.0 ], [ 20.188549, 60.671455, 0.0 ], [ 24.678518, 58.145603, 0.0 ], [ 29.043419, 55.40917, 0.0 ], [ 32.856125, 52.73049, 0.0 ], [ 35.74329, 50.371277, 0.0 ], [ 37.42244, 48.562748, 0.0 ]] 
boundary 0: [[ 37.42846, 81.01358, 0.0 ], [ 37.14138, 79.92732, 0.0 ], [ 35.494892, 78.08904, 0.0 ], [ 32.650482, 75.67845, 0.0 ], [ 28.886475, 72.93167, 0.0 ], [ 24.571228, 70.11774, 0.0 ], [ 20.127232, 67.511856, 0.0 ], [ 15.989412, 65.369026, 0.0 ], [ 12.562946, 63.89915, 0.0 ], [ 10.183147, 63.246098, 0.0 ], [ 9.082965, 63.47382, 0.0 ], [ 9.370092, 64.56013, 0.0 ], [ 11.016541, 66.398155, 0.0 ], [ 13.860955, 68.80874, 0.0 ], [ 17.625027, 71.555504, 0.0 ], [ 21.940258, 74.36945, 0.0 ], [ 26.38426, 76.97557, 0.0 ], [ 30.521963, 79.11831, 0.0 ], [ 33.94853, 80.58832, 0.0 ], [ 36.32827, 81.24133, 0.0 ]] 
boundary 1: [[ 37.42846, 46.986473, 0.0 ], [ 36.328285, 46.758705, 0.0 ], [ 33.948574, 47.411774, 0.0 ], [ 30.521967, 48.88165, 0.0 ], [ 26.384262, 51.02446, 0.0 ], [ 21.940277, 53.630463, 0.0 ], [ 17.624996, 56.444523, 0.0 ], [ 13.860929, 59.191177, 0.0 ], [ 11.016493, 61.601677, 0.0 ], [ 9.370118, 63.44001, 0.0 ], [ 9.083002, 64.52623, 0.0 ], [ 10.183152, 64.753876, 0.0 ], [ 12.562973, 64.100914, 0.0 ], [ 15.98942, 62.630917, 0.0 ], [ 20.127254, 60.488205, 0.0 ], [ 24.571236, 57.8823, 0.0 ], [ 28.886396, 55.068073, 0.0 ], [ 32.650475, 52.32151, 0.0 ], [ 35.4949, 49.91092, 0.0 ], [ 37.141365, 48.072598, 0.0 ]] 
boundary 0: [[ 37.374115, 81.1011, 0.0 ], [ 37.0905, 80.01393, 0.0 ], [ 35.449867, 78.17041, 0.0 ], [ 32.61316, 75.75077, 0.0 ], [ 28.857916, 72.992004, 0.0 ], [ 24.551662, 70.16434, 0.0 ], [ 20.115993, 67.54433, 0.0 ], [ 15.985019, 65.38832, 0.0 ], [ 12.563253, 63.907528, 0.0 ], [ 10.185551, 63.246887, 0.0 ], [ 9.084646, 63.471107, 0.0 ], [ 9.36831, 64.55834, 0.0 ], [ 11.008894, 66.40159, 0.0 ], [ 13.845615, 68.821236, 0.0 ], [ 17.600922, 71.57997, 0.0 ], [ 21.907154, 74.40765, 0.0 ], [ 26.342829, 77.02792, 0.0 ], [ 30.473686, 79.18382, 0.0 ], [ 33.895546, 80.66475, 0.0 ], [ 36.2732, 81.32533, 0.0 ]] 
boundary 1: [[ 37.374115, 46.898964, 0.0 ], [ 36.273216, 46.674698, 0.0 ], [ 33.89559, 47.335342, 0.0 ], [ 30.47369, 48.816135, 0.0 ], [ 26.34283, 50.97211, 0.0 ], [ 21.907173, 53.592266, 0.0 ], [ 17.600891, 56.420055, 0.0 ], [ 13.845589, 59.17869, 0.0 ], [ 11.008846, 61.598244, 0.0 ], [ 9.368338, 63.441795, 0.0 ], [ 9.084682, 64.52891, 0.0 ], [ 10.185555, 64.75305, 0.0 ], [ 12.56328, 64.09254, 0.0 ], [ 15.985026, 62.61162, 0.0 ], [ 20.116016, 60.455746, 0.0 ], [ 24.55167, 57.835693, 0.0 ], [ 28.857838, 55.007736, 0.0 ], [ 32.61315, 52.24919, 0.0 ], [ 35.449875, 49.82955, 0.0 ], [ 37.090485, 47.98599, 0.0 ]] 
