boundary 0: [[ 27.968979, 90.8358, 0.0 ], [ 28.155148, 89.72784, 0.0 ], [ 27.413092, 87.37428, 0.0 ], [ 25.815376, 84.00551, 0.0 ], [ 23.518457, 79.95125, 0.0 ], [ 20.747202, 75.60839, 0.0 ], [ 17.772812, 71.40207, 0.0 ], [ 14.886426, 67.743996, 0.0 ], [ 12.370657, 64.99224, 0.0 ], [ 10.471733, 63.416138, 0.0 ], [ 9.37552, 63.17005, 0.0 ], [ 9.189364, 64.27798, 0.0 ], [ 9.931425, 66.63153, 0.0 ], [ 11.529126, 70.000336, 0.0 ], [ 13.82605, 74.0546, 0.0 ], [ 16.597342, 78.3974, 0.0 ], [ 19.571724, 82.603775, 0.0 ], [ 22.458076, 86.26186, 0.0 ], [ 24.973871, 89.013565, 0.0 ], [ 26.872772, 90.58971, 0.0 ]] 
boundary 1: [[ 27.968979, 37.164227, 0.0 ], [ 26.872784, 37.410328, 0.0 ], [ 24.97382, 38.986332, 0.0 ], [ 22.458069, 41.738144, 0.0 ], [ 19.571716, 45.396255, 0.0 ], [ 16.59732, 49.602577, 0.0 ], [ 13.826036, 53.945393, 0.0 ], [ 11.529127, 57.999672, 0.0 ], [ 9.93143, 61.368423, 0.0 ], [ 9.189356, 63.722, 0.0 ], [ 9.375525, 64.82999, 0.0 ], [ 10.471741, 64.58388, 0.0 ], [ 12.370649, 63.00779, 0.0 ], [ 14.886438, 60.25606, 0.0 ], [ 17.772816, 56.597942, 0.0 ], [ 20.747202, 52.39162, 0.0 ], [ 23.518476, 48.048756, 0.0 ], [ 25.81538, 43.99454, 0.0 ], [ 27.413088, 40.625717, 0.0 ], [ 28.155165, 38.27217, 0.0 ]] 
boundary 0: [[ 30.07381, 89.29437, 0.0 ], [ 30.17005, 88.175026, 0.0 ], [ 29.240664, 85.88894, 0.0 ], [ 27.376553, 82.65997, 0.0 ], [ 24.760246, 78.804085, 0.0 ], [ 21.647884, 74.69878, 0.0 ], [ 18.344063, 70.74595, 0.0 ], [ 15.17215, 67.33249, 0.0 ], [ 12.44272, 64.79252, 0.0 ], [ 10.42291, 63.37463, 0.0 ], [ 9.310424, 63.217728, 0.0 ], [ 9.214197, 64.33705, 0.0 ], [ 10.143587, 66.62309, 0.0 ], [ 12.0076885, 69.85216, 0.0 ], [ 14.623995, 73.70804, 0.0 ], [ 17.736391, 77.81328, 0.0 ], [ 21.04021, 81.76616, 0.0 ], [ 24.212093, 85.17966, 0.0 ], [ 26.941542, 87.71957, 0.0 ], [ 28.961334, 89.13748, 0.0 ]] 
boundary 1: [[ 30.07381, 38.705654, 0.0 ], [ 28.961346, 38.862556, 0.0 ], [ 26.941494, 40.280334, 0.0 ], [ 24.212084, 42.820366, 0.0 ], [ 21.040203, 46.23388, 0.0 ], [ 17.73637, 50.1867, 0.0 ], [ 14.623981, 54.291954, 0.0 ], [ 12.007689, 58.147858, 0.0 ], [ 10.143598, 61.376827, 0.0 ], [ 9.2141905, 63.66292, 0.0 ], [ 9.310425, 64.78231, 0.0 ], [ 10.4229145, 64.62539, 0.0 ], [ 12.442709, 63.207523, 0.0 ], [ 15.172157, 60.667576, 0.0 ], [ 18.344067, 57.254066, 0.0 ], [ 21.647884, 53.30124, 0.0 ], [ 24.760265, 49.195927, 0.0 ], [ 27.376553, 45.340088, 0.0 ], [ 29.24066, 42.111046, 0.0 ], [ 30.170065, 39.82498, 0.0 ]] 
boundary 0: [[ 32.698597, 86.960556, 0.0 ], [ 32.672855, 85.83739, 0.0 ], [ 31.500988, 83.66559, 0.0 ], [ 29.297634, 80.65787, 0.0 ], [ 26.278526, 77.108505, 0.0 ], [ 22.739235, 73.365, 0.0 ], [ 19.026154, 69.79386, 0.0 ], [ 15.5027075, 66.74458, 0.0 ], [ 12.513878, 64.51568, 0.0 ], [ 10.352189, 63.32522, 0.0 ], [ 9.229247, 63.289906, 0.0 ], [ 9.254999, 64.413055, 0.0 ], [ 10.426865, 66.58481, 0.0 ], [ 12.630218, 69.59263, 0.0 ], [ 15.649325, 73.141975, 0.0 ], [ 19.188644, 76.88541, 0.0 ], [ 22.901726, 80.45662, 0.0 ], [ 26.425146, 83.50592, 0.0 ], [ 29.414, 85.7348, 0.0 ], [ 31.575663, 86.92527, 0.0 ]] 
boundary 1: [[ 32.698593, 41.03948, 0.0 ], [ 31.57567, 41.074776, 0.0 ], [ 29.413954, 42.2651, 0.0 ], [ 26.425135, 44.49409, 0.0 ], [ 22.901712, 47.543427, 0.0 ], [ 19.188625, 51.114563, 0.0 ], [ 15.649313, 54.85801, 0.0 ], [ 12.630217, 58.407383, 0.0 ], [ 10.426886, 61.415108, 0.0 ], [ 9.254994, 63.586906, 0.0 ], [ 9.229245, 64.71013, 0.0 ], [ 10.35219, 64.67481, 0.0 ], [ 12.513863, 63.484386, 0.0 ], [ 15.5027075, 61.255478, 0.0 ], [ 19.026155, 58.206158, 0.0 ], [ 22.739235, 54.635002, 0.0 ], [ 26.278545, 50.89151, 0.0 ], [ 29.297628, 47.342205, 0.0 ], [ 31.500984, 44.33439, 0.0 ], [ 32.67287, 42.16263, 0.0 ]] 
boundary 0: [[ 35.836685, 83.350975, 0.0 ], [ 35.64554, 82.2439, 0.0 ], [ 34.166107, 80.26873, 0.0 ], [ 31.543158, 77.61896, 0.0 ], [ 28.033472, 74.55381, 0.0 ], [ 23.98066, 71.37338, 0.0 ], [ 19.781384, 68.389084, 0.0 ], [ 15.846657, 65.89296, 0.0 ], [ 12.561718, 64.12935, 0.0 ], [ 10.24806, 63.270813, 0.0 ], [ 9.132196, 63.401543, 0.0 ], [ 9.323356, 64.508606, 0.0 ], [ 10.80278, 66.48373, 0.0 ], [ 13.425743, 69.1336, 0.0 ], [ 16.935425, 72.198715, 0.0 ], [ 20.988255, 75.37905, 0.0 ], [ 25.187538, 78.36345, 0.0 ], [ 29.122248, 80.85961, 0.0 ], [ 32.407204, 82.623184, 0.0 ], [ 34.72084, 83.48172, 0.0 ]] 
boundary 1: [[ 35.836674, 44.649063, 0.0 ], [ 34.72084, 44.518322, 0.0 ], [ 32.407173, 45.376713, 0.0 ], [ 29.122236, 47.14041, 0.0 ], [ 25.187523, 49.636597, 0.0 ], [ 20.98824, 52.620903, 0.0 ], [ 16.935413, 55.80127, 0.0 ], [ 13.42574, 58.866425, 0.0 ], [ 10.802814, 61.516197, 0.0 ], [ 9.323355, 63.491356, 0.0 ], [ 9.132191, 64.59849, 0.0 ], [ 10.248058, 64.729225, 0.0 ], [ 12.561691, 63.87071, 0.0 ], [ 15.846644, 62.107113, 0.0 ], [ 19.781384, 59.61094, 0.0 ], [ 23.98066, 56.626617, 0.0 ], [ 28.033487, 53.446205, 0.0 ], [ 31.543139, 50.381115, 0.0 ], [ 34.1661, 47.731247, 0.0 ], [ 35.645554, 45.756138, 0.0 ]] 
boundary 0: [[ 38.56694, 79.01868, 0.0 ], [ 38.203403, 77.95566, 0.0 ], [ 36.430702, 76.23883, 0.0 ], [ 33.422295, 74.0364, 0.0 ], [ 29.4727, 71.56382, 0.0 ], [ 24.968594, 69.063126, 0.0 ], [ 20.350822, 66.77923, 0.0 ], [ 16.071354, 64.93562, 0.0 ], [ 12.549176, 63.712765, 0.0 ], [ 10.128988, 63.23027, 0.0 ], [ 9.047759, 63.535538, 0.0 ], [ 9.411304, 64.59852, 0.0 ], [ 11.184006, 66.315315, 0.0 ], [ 14.192433, 68.51783, 0.0 ], [ 18.142017, 70.9904, 0.0 ], [ 22.646132, 73.49099, 0.0 ], [ 27.263927, 75.77498, 0.0 ], [ 31.543379, 77.61862, 0.0 ], [ 35.065567, 78.84145, 0.0 ], [ 37.485733, 79.32395, 0.0 ]] 
boundary 1: [[ 38.56692, 48.981365, 0.0 ], [ 37.485725, 48.676098, 0.0 ], [ 35.06555, 49.15844, 0.0 ], [ 31.543365, 50.381393, 0.0 ], [ 27.2639, 52.22506, 0.0 ], [ 22.64612, 54.508957, 0.0 ], [ 18.142006, 57.009575, 0.0 ], [ 14.192429, 59.482185, 0.0 ], [ 11.184051, 61.68462, 0.0 ], [ 9.41131, 63.40142, 0.0 ], [ 9.047748, 64.464516, 0.0 ], [ 10.128982, 64.76975, 0.0 ], [ 12.549139, 64.28731, 0.0 ], [ 16.071331, 63.06444, 0.0 ], [ 20.350822, 61.22079, 0.0 ], [ 24.96859, 58.936882, 0.0 ], [ 29.472713, 56.43621, 0.0 ], [ 33.42226, 53.96367, 0.0 ], [ 36.430695, 51.761143, 0.0 ], [ 38.20342, 50.04438, 0.0 ]] 
boundary 0: [[ 40.351925, 74.96144, 0.0 ], [ 39.846413, 73.95813, 0.0 ], [ 37.855576, 72.499886, 0.0 ], [ 34.57422, 70.72959, 0.0 ], [ 30.323568, 68.82043, 0.0 ], [ 25.519781, 66.95923, 0.0 ], [ 20.633034, 65.32836, 0.0 ], [ 16.141638, 64.08735, 0.0 ], [ 12.485313, 63.3577, 0.0 ], [ 10.021877, 63.210743, 0.0 ], [ 8.992558, 63.66103, 0.0 ], [ 9.498067, 64.66429, 0.0 ], [ 11.48891, 66.12251, 0.0 ], [ 14.770299, 67.89288, 0.0 ], [ 19.020935, 69.80206, 0.0 ], [ 23.824717, 71.66313, 0.0 ], [ 28.711494, 73.29409, 0.0 ], [ 33.20289, 74.53513, 0.0 ], [ 36.859215, 75.264755, 0.0 ], [ 39.322628, 75.41173, 0.0 ]] 
boundary 1: [[ 40.3519, 53.0386, 0.0 ], [ 39.322617, 52.58832, 0.0 ], [ 36.859215, 52.735134, 0.0 ], [ 33.202873, 53.46488, 0.0 ], [ 28.71146, 54.705933, 0.0 ], [ 23.824709, 56.33682, 0.0 ], [ 19.020927, 58.197937, 0.0 ], [ 14.77029, 60.10714, 0.0 ], [ 11.488962, 61.87743, 0.0 ], [ 9.498081, 63.33565, 0.0 ], [ 8.992537, 64.33904, 0.0 ], [ 10.021868, 64.78928, 0.0 ], [ 12.485268, 64.64235, 0.0 ], [ 16.14161, 63.9127, 0.0 ], [ 20.633032, 62.671665, 0.0 ], [ 25.519777, 61.04077, 0.0 ], [ 30.323578, 59.179607, 0.0 ], [ 34.574173, 57.270466, 0.0 ], [ 37.855568, 55.50009, 0.0 ], [ 39.846428, 54.0419, 0.0 ]] 
boundary 0: [[ 41.33755, 71.69543, 0.0 ], [ 40.729126, 70.75098, 0.0 ], [ 38.595734, 69.5106, 0.0 ], [ 35.14612, 68.095894, 0.0 ], [ 30.717968, 66.645226, 0.0 ], [ 25.744823, 65.30052, 0.0 ], [ 20.71344, 64.1936, 0.0 ], [ 16.116287, 63.432735, 0.0 ], [ 12.403435, 63.092392, 0.0 ], [ 9.938227, 63.205807, 0.0 ], [ 8.962079, 63.76204, 0.0 ], [ 9.57048, 64.70646, 0.0 ], [ 11.703885, 65.94679, 0.0 ], [ 15.153546, 67.36157, 0.0 ], [ 19.581676, 68.81226, 0.0 ], [ 24.554806, 70.15684, 0.0 ], [ 29.58623, 71.26384, 0.0 ], [ 34.18338, 72.024734, 0.0 ], [ 37.896233, 72.36505, 0.0 ], [ 40.361427, 72.25168, 0.0 ]] 
boundary 1: [[ 41.337513, 56.304607, 0.0 ], [ 40.3614, 55.748383, 0.0 ], [ 37.89624, 55.634823, 0.0 ], [ 34.183365, 55.975273, 0.0 ], [ 29.58619, 56.736183, 0.0 ], [ 24.554806, 57.843113, 0.0 ], [ 19.581669, 59.18773, 0.0 ], [ 15.153531, 60.63845, 0.0 ], [ 11.703945, 62.053154, 0.0 ], [ 9.570501, 63.29349, 0.0 ], [ 8.96205, 64.23804, 0.0 ], [ 9.938213, 64.79422, 0.0 ], [ 12.403381, 64.90765, 0.0 ], [ 16.116253, 64.567314, 0.0 ], [ 20.713436, 63.806408, 0.0 ], [ 25.74482, 62.699482, 0.0 ], [ 30.717978, 61.35482, 0.0 ], [ 35.146065, 59.90416, 0.0 ], [ 38.595726, 58.48938, 0.0 ], [ 40.72914, 57.24907, 0.0 ]] 
boundary 0: [[ 41.698547, 70.03453, 0.0 ], [ 41.041336, 69.123375, 0.0 ], [ 38.84571, 67.9968, 0.0 ], [ 35.32651, 66.76533, 0.0 ], [ 30.828253, 65.549355, 0.0 ], [ 25.791315, 64.46784, 0.0 ], [ 20.708729, 63.626846, 0.0 ], [ 16.077934, 63.108612, 0.0 ], [ 12.352328, 62.96385, 0.0 ], [ 9.896486, 63.20665, 0.0 ], [ 8.950917, 63.813404, 0.0 ], [ 9.608106, 64.724556, 0.0 ], [ 11.8037405, 65.85106, 0.0 ], [ 15.322981, 67.08262, 0.0 ], [ 19.821224, 68.2986, 0.0 ], [ 24.858135, 69.37999, 0.0 ], [ 29.940784, 70.22107, 0.0 ], [ 34.571568, 70.739334, 0.0 ], [ 38.297165, 70.88407, 0.0 ], [ 40.753002, 70.64133, 0.0 ]] 
boundary 1: [[ 41.69851, 57.96549, 0.0 ], [ 40.752975, 57.358746, 0.0 ], [ 38.29718, 57.115795, 0.0 ], [ 34.57155, 57.26067, 0.0 ], [ 29.940742, 57.77895, 0.0 ], [ 24.858139, 58.61996, 0.0 ], [ 19.821217, 59.70139, 0.0 ], [ 15.322962, 60.917404, 0.0 ], [ 11.8038025, 62.148888, 0.0 ], [ 9.60813, 63.275402, 0.0 ], [ 8.950883, 64.18666, 0.0 ], [ 9.896472, 64.79338, 0.0 ], [ 12.352271, 65.036194, 0.0 ], [ 16.0779, 64.89144, 0.0 ], [ 20.708725, 64.37315, 0.0 ], [ 25.791311, 63.532146, 0.0 ], [ 30.828259, 62.45068, 0.0 ], [ 35.326458, 61.23471, 0.0 ], [ 38.84571, 60.003174, 0.0 ], [ 41.041344, 58.87668, 0.0 ]] 
boundary 0: [[ 41.719673, 69.922195, 0.0 ], [ 41.059242, 69.013374, 0.0 ], [ 38.85965, 67.89457, 0.0 ], [ 35.336124, 66.675545, 0.0 ], [ 30.83359, 65.47548, 0.0 ], [ 25.792868, 64.411766, 0.0 ], [ 20.70734, 63.588764, 0.0 ], [ 16.074741, 63.086895, 0.0 ], [ 12.348649, 62.955303, 0.0 ], [ 9.893684, 63.206787, 0.0 ], [ 8.950265, 63.81689, 0.0 ], [ 9.610668, 64.725685, 0.0 ], [ 11.810271, 65.84444, 0.0 ], [ 15.333844, 67.063545, 0.0 ], [ 19.836363, 68.263626, 0.0 ], [ 24.877056, 69.327194, 0.0 ], [ 29.962639, 70.15031, 0.0 ], [ 34.595238, 70.6522, 0.0 ], [ 38.321304, 70.78377, 0.0 ], [ 40.77628, 70.53233, 0.0 ]] 
boundary 1: [[ 41.719635, 58.077812, 0.0 ], [ 40.77625, 57.467735, 0.0 ], [ 38.321327, 57.2161, 0.0 ], [ 34.595222, 57.34781, 0.0 ], [ 29.962597, 57.849712, 0.0 ], [ 24.87706, 58.672756, 0.0 ], [ 19.836355, 59.736366, 0.0 ], [ 15.333825, 60.936478, 0.0 ], [ 11.810334, 62.155514, 0.0 ], [ 9.610693, 63.274254, 0.0 ], [ 8.950229, 64.18321, 0.0 ], [ 9.89367, 64.79325, 0.0 ], [ 12.348592, 65.04473, 0.0 ], [ 16.074707, 64.91315, 0.0 ], [ 20.707336, 64.41123, 0.0 ], [ 25.792864, 63.588207, 0.0 ], [ 30.833595, 62.52455, 0.0 ], [ 35.33607, 61.32449, 0.0 ], [ 38.85965, 60.105408, 0.0 ], [ 41.05925, 58.986675, 0.0 ]] 
boundary 0: [[ 41.541256, 70.81051, 0.0 ], [ 40.906555, 69.883545, 0.0 ], [ 38.73917, 68.70354, 0.0 ], [ 35.251183, 67.38627, 0.0 ], [ 30.784044, 66.06051, 0.0 ], [ 25.7751, 64.85598, 0.0 ], [ 20.714638, 63.89081, 0.0 ], [ 16.097912, 63.259335, 0.0 ], [ 12.376972, 63.02339, 0.0 ], [ 9.915926, 63.205986, 0.0 ], [ 8.955782, 63.789413, 0.0 ], [ 9.590463, 64.716354, 0.0 ], [ 11.757856, 65.8963, 0.0 ], [ 15.245886, 67.21366, 0.0 ], [ 19.713017, 68.53943, 0.0 ], [ 24.721928, 69.74382, 0.0 ], [ 29.782452, 70.70911, 0.0 ], [ 34.39916, 71.34059, 0.0 ], [ 38.120087, 71.57651, 0.0 ], [ 40.581146, 71.39397, 0.0 ]] 
boundary 1: [[ 41.541218, 57.189507, 0.0 ], [ 40.581123, 56.606094, 0.0 ], [ 38.120102, 56.423347, 0.0 ], [ 34.399143, 56.65941, 0.0 ], [ 29.782413, 57.29092, 0.0 ], [ 24.721928, 58.256138, 0.0 ], [ 19.713009, 59.460567, 0.0 ], [ 15.245867, 60.78636, 0.0 ], [ 11.757916, 62.103645, 0.0 ], [ 9.590485, 63.283585, 0.0 ], [ 8.955749, 64.21068, 0.0 ], [ 9.915913, 64.794044, 0.0 ], [ 12.376915, 64.976654, 0.0 ], [ 16.097878, 64.740715, 0.0 ], [ 20.714634, 64.10919, 0.0 ], [ 25.775097, 63.143997, 0.0 ], [ 30.78405, 61.93952, 0.0 ], [ 35.25113, 60.613773, 0.0 ], [ 38.73917, 59.296444, 0.0 ], [ 40.90657, 58.116512, 0.0 ]] 
boundary 0: [[ 41.10634, 72.58413, 0.0 ], [ 40.52498, 71.62282, 0.0 ], [ 38.427677, 70.32233, 0.0 ], [ 35.019615, 68.81024, 0.0 ], [ 30.634459, 67.234406, 0.0 ], [ 25.701508, 65.74899, 0.0 ], [ 20.70361, 64.499664, 0.0 ], [ 16.129898, 63.608547, 0.0 ], [ 12.42821, 63.16291, 0.0 ], [ 9.960781, 63.206272, 0.0 ], [ 8.96923, 63.734554, 0.0 ], [ 9.550566, 64.695854, 0.0 ], [ 11.647887, 65.99629, 0.0 ], [ 15.055977, 67.50848, 0.0 ], [ 19.441137, 69.08433, 0.0 ], [ 24.374062, 70.56956, 0.0 ], [ 29.372019, 71.81902, 0.0 ], [ 33.94571, 72.710144, 0.0 ], [ 37.647385, 73.155754, 0.0 ], [ 40.114822, 73.11246, 0.0 ]] 
boundary 1: [[ 41.1063, 55.41588, 0.0 ], [ 40.1148, 54.887604, 0.0 ], [ 37.6474, 54.844086, 0.0 ], [ 33.945694, 55.28985, 0.0 ], [ 29.37198, 56.180996, 0.0 ], [ 24.374058, 57.430378, 0.0 ], [ 19.44113, 58.915676, 0.0 ], [ 15.055962, 60.491558, 0.0 ], [ 11.647945, 62.003666, 0.0 ], [ 9.550584, 63.30408, 0.0 ], [ 8.969202, 64.26551, 0.0 ], [ 9.960771, 64.79376, 0.0 ], [ 12.428156, 64.83714, 0.0 ], [ 16.129864, 64.3915, 0.0 ], [ 20.703606, 63.500347, 0.0 ], [ 25.701504, 62.250984, 0.0 ], [ 30.634468, 60.765636, 0.0 ], [ 35.019566, 59.189804, 0.0 ], [ 38.427677, 57.67765, 0.0 ], [ 40.52501, 56.37724, 0.0 ]] 
boundary 0: [[ 40.466053, 74.63938, 0.0 ], [ 39.94995, 73.64151, 0.0 ], [ 37.94382, 72.20435, 0.0 ], [ 34.643932, 70.46885, 0.0 ], [ 30.373356, 68.60471, 0.0 ], [ 25.550179, 66.79435, 0.0 ], [ 20.646492, 65.21522, 0.0 ], [ 16.14221, 64.02174, 0.0 ], [ 12.478382, 63.33078, 0.0 ], [ 10.013535, 63.209858, 0.0 ], [ 8.98903, 63.670986, 0.0 ], [ 9.505112, 64.668846, 0.0 ], [ 11.511251, 66.10595, 0.0 ], [ 14.811171, 67.84156, 0.0 ], [ 19.08175, 69.70572, 0.0 ], [ 23.904911, 71.51589, 0.0 ], [ 28.80865, 73.09517, 0.0 ], [ 33.31291, 74.28865, 0.0 ], [ 36.97673, 74.97957, 0.0 ], [ 39.44158, 75.10056, 0.0 ]] 
boundary 1: [[ 40.466015, 53.360634, 0.0 ], [ 39.44156, 52.8995, 0.0 ], [ 36.976727, 53.02026, 0.0 ], [ 33.312893, 53.711346, 0.0 ], [ 28.80861, 54.904858, 0.0 ], [ 23.904907, 56.484035, 0.0 ], [ 19.081743, 58.29428, 0.0 ], [ 14.811155, 60.15847, 0.0 ], [ 11.511309, 61.893993, 0.0 ], [ 9.505125, 63.33109, 0.0 ], [ 8.989004, 64.32906, 0.0 ], [ 10.013527, 64.79018, 0.0 ], [ 12.478329, 64.66927, 0.0 ], [ 16.142178, 63.97831, 0.0 ], [ 20.646488, 62.784794, 0.0 ], [ 25.550175, 61.205635, 0.0 ], [ 30.373371, 59.39533, 0.0 ], [ 34.643887, 57.53121, 0.0 ], [ 37.94382, 55.79563, 0.0 ], [ 39.949986, 54.35854, 0.0 ]] 
boundary 0: [[ 39.37037, 77.375565, 0.0 ], [ 38.947277, 76.33482, 0.0 ], [ 37.080353, 74.72095, 0.0 ], [ 33.95221, 72.69217, 0.0 ], [ 29.869118, 70.44689, 0.0 ], [ 25.230839, 68.204834, 0.0 ], [ 20.491325, 66.18574, 0.0 ], [ 16.114437, 64.58704, 0.0 ], [ 12.528748, 63.565323, 0.0 ], [ 10.085154, 63.220444, 0.0 ], [ 9.022914, 63.58637, 0.0 ], [ 9.445983, 64.627075, 0.0 ], [ 11.312923, 66.2409, 0.0 ], [ 14.441086, 68.269775, 0.0 ], [ 18.524174, 70.51508, 0.0 ], [ 23.162457, 72.75694, 0.0 ], [ 27.902012, 74.77619, 0.0 ], [ 32.278873, 76.3749, 0.0 ], [ 35.864548, 77.39656, 0.0 ], [ 38.308144, 77.74151, 0.0 ]] 
boundary 1: [[ 39.37033, 50.624474, 0.0 ], [ 38.30813, 50.25855, 0.0 ], [ 35.86454, 50.60326, 0.0 ], [ 32.27886, 51.625107, 0.0 ], [ 27.901976, 53.22383, 0.0 ], [ 23.162445, 55.242985, 0.0 ], [ 18.524166, 57.484913, 0.0 ], [ 14.441074, 59.73025, 0.0 ], [ 11.312976, 61.759052, 0.0 ], [ 9.445993, 63.372868, 0.0 ], [ 9.022892, 64.41369, 0.0 ], [ 10.085148, 64.77959, 0.0 ], [ 12.528701, 64.43473, 0.0 ], [ 16.114407, 63.413017, 0.0 ], [ 20.491322, 61.81429, 0.0 ], [ 25.230835, 59.795147, 0.0 ], [ 29.869144, 57.553154, 0.0 ], [ 33.952164, 55.307903, 0.0 ], [ 37.080353, 53.279034, 0.0 ], [ 38.94731, 51.665226, 0.0 ]] 
boundary 0: [[ 38.13566, 79.81373, 0.0 ], [ 37.80197, 78.74098, 0.0 ], [ 36.078007, 76.975204, 0.0 ], [ 33.132362, 74.68951, 0.0 ], [ 29.253468, 72.107414, 0.0 ], [ 24.8211, 69.48168, 0.0 ], [ 20.269032, 67.06955, 0.0 ], [ 16.04278, 65.10694, 0.0 ], [ 12.556186, 63.786053, 0.0 ], [ 10.150445, 63.236046, 0.0 ], [ 9.061098, 63.51096, 0.0 ], [ 9.394768, 64.58368, 0.0 ], [ 11.118752, 66.349396, 0.0 ], [ 14.0644045, 68.63521, 0.0 ], [ 17.94329, 71.21731, 0.0 ], [ 22.375687, 73.84285, 0.0 ], [ 26.92779, 76.25514, 0.0 ], [ 31.154005, 78.217766, 0.0 ], [ 34.64059, 79.53857, 0.0 ], [ 37.046333, 80.08867, 0.0 ]] 
boundary 1: [[ 38.135624, 48.186317, 0.0 ], [ 37.046318, 47.9114, 0.0 ], [ 34.64057, 48.46124, 0.0 ], [ 31.153994, 49.782246, 0.0 ], [ 26.927755, 51.744884, 0.0 ], [ 22.375666, 54.157078, 0.0 ], [ 17.943283, 56.7827, 0.0 ], [ 14.064394, 59.364826, 0.0 ], [ 11.118801, 61.65054, 0.0 ], [ 9.394773, 63.416264, 0.0 ], [ 9.061078, 64.4891, 0.0 ], [ 10.150441, 64.76398, 0.0 ], [ 12.556143, 64.214, 0.0 ], [ 16.042759, 62.893127, 0.0 ], [ 20.269028, 60.93048, 0.0 ], [ 24.821096, 58.5183, 0.0 ], [ 29.253498, 55.89261, 0.0 ], [ 33.132324, 53.31058, 0.0 ], [ 36.078007, 51.02478, 0.0 ], [ 37.802013, 49.259075, 0.0 ]] 
boundary 0: [[ 36.375042, 82.60865, 0.0 ], [ 36.152546, 81.50745, 0.0 ], [ 34.61774, 79.575005, 0.0 ], [ 31.920668, 77.00069, 0.0 ], [ 28.325464, 74.0363, 0.0 ], [ 24.184128, 70.972046, 0.0 ], [ 19.901918, 68.108055, 0.0 ], [ 15.897959, 65.724495, 0.0 ], [ 12.564327, 64.05476, 0.0 ], [ 10.227257, 63.26218, 0.0 ], [ 9.115544, 63.42452, 0.0 ], [ 9.338027, 64.52569, 0.0 ], [ 10.872862, 66.45808, 0.0 ], [ 13.569926, 69.0325, 0.0 ], [ 17.165125, 71.99688, 0.0 ], [ 21.306507, 75.06096, 0.0 ], [ 25.588737, 77.92511, 0.0 ], [ 29.592651, 80.30867, 0.0 ], [ 32.926296, 81.97832, 0.0 ], [ 35.26335, 82.770996, 0.0 ]] 
boundary 1: [[ 36.375023, 45.39141, 0.0 ], [ 35.263344, 45.229073, 0.0 ], [ 32.926254, 46.02149, 0.0 ], [ 29.59264, 47.691326, 0.0 ], [ 25.588707, 50.07493, 0.0 ], [ 21.30648, 52.93897, 0.0 ], [ 17.165115, 56.003117, 0.0 ], [ 13.56992, 58.967533, 0.0 ], [ 10.872904, 61.541847, 0.0 ], [ 9.338026, 63.474255, 0.0 ], [ 9.115533, 64.57554, 0.0 ], [ 10.227254, 64.73783, 0.0 ], [ 12.564291, 63.945274, 0.0 ], [ 15.897947, 62.27557, 0.0 ], [ 19.90192, 59.89197, 0.0 ], [ 24.18412, 57.02794, 0.0 ], [ 28.325497, 53.96372, 0.0 ], [ 31.920637, 50.999405, 0.0 ], [ 34.61774, 48.424995, 0.0 ], [ 36.152603, 46.492615, 0.0 ]] 
boundary 0: [[ 34.449306, 85.081116, 0.0 ], [ 34.33445, 83.963554, 0.0 ], [ 32.993942, 81.891594, 0.0 ], [ 30.558764, 79.06825, 0.0 ], [ 27.267433, 75.769745, 0.0 ], [ 23.442211, 72.31894, 0.0 ], [ 19.457386, 69.05384, 0.0 ], [ 15.702988, 66.293846, 0.0 ], [ 12.546666, 64.309235, 0.0 ], [ 10.297307, 63.2941, 0.0 ], [ 9.1751, 63.34805, 0.0 ], [ 9.28993, 64.46558, 0.0 ], [ 10.630476, 66.53749, 0.0 ], [ 13.065639, 69.36093, 0.0 ], [ 16.35696, 72.65944, 0.0 ], [ 20.182247, 76.11006, 0.0 ], [ 24.167082, 79.37533, 0.0 ], [ 27.921427, 82.13533, 0.0 ], [ 31.077768, 84.119865, 0.0 ], [ 33.327118, 85.13507, 0.0 ]] 
boundary 1: [[ 34.449284, 42.918938, 0.0 ], [ 33.32711, 42.864994, 0.0 ], [ 31.077717, 43.879944, 0.0 ], [ 27.921415, 45.86467, 0.0 ], [ 24.167055, 48.624702, 0.0 ], [ 20.182213, 51.889866, 0.0 ], [ 16.356953, 55.340553, 0.0 ], [ 13.065633, 58.639103, 0.0 ], [ 10.630512, 61.462433, 0.0 ], [ 9.289924, 63.53435, 0.0 ], [ 9.175092, 64.652, 0.0 ], [ 10.297306, 64.70591, 0.0 ], [ 12.546635, 63.690823, 0.0 ], [ 15.702982, 61.706226, 0.0 ], [ 19.457388, 58.946182, 0.0 ], [ 23.442204, 55.681046, 0.0 ], [ 27.267473, 52.23028, 0.0 ], [ 30.558743, 48.93184, 0.0 ], [ 32.993942, 46.1084, 0.0 ], [ 34.33452, 44.036507, 0.0 ]] 
boundary 0: [[ 32.43517, 87.21881, 0.0 ], [ 32.4222, 86.09544, 0.0 ], [ 31.275236, 83.91038, 0.0 ], [ 29.10631, 80.877716, 0.0 ], [ 26.127878, 77.29415, 0.0 ], [ 22.63158, 73.51047, 0.0 ], [ 18.95948, 69.89725, 0.0 ], [ 15.471028, 66.807945, 0.0 ], [ 12.507822, 64.5451, 0.0 ], [ 10.359861, 63.330048, 0.0 ], [ 9.23739, 63.28194, 0.0 ], [ 9.250337, 64.40528, 0.0 ], [ 10.397337, 66.59029, 0.0 ], [ 12.566242, 69.62304, 0.0 ], [ 15.544662, 73.20662, 0.0 ], [ 19.041044, 76.99013, 0.0 ], [ 22.713135, 80.603516, 0.0 ], [ 26.201538, 83.69281, 0.0 ], [ 29.164768, 85.9556, 0.0 ], [ 31.312716, 87.17071, 0.0 ]] 
boundary 1: [[ 32.43515, 40.78124, 0.0 ], [ 31.31271, 40.829353, 0.0 ], [ 29.1647, 42.044228, 0.0 ], [ 26.201527, 44.30719, 0.0 ], [ 22.713108, 47.39652, 0.0 ], [ 19.041006, 51.00981, 0.0 ], [ 15.544655, 54.793373, 0.0 ], [ 12.56624, 58.376984, 0.0 ], [ 10.397366, 61.409634, 0.0 ], [ 9.250323, 63.594658, 0.0 ], [ 9.237383, 64.71812, 0.0 ], [ 10.359862, 64.66997, 0.0 ], [ 12.507796, 63.45496, 0.0 ], [ 15.471031, 61.192135, 0.0 ], [ 18.959484, 58.102787, 0.0 ], [ 22.631569, 54.489525, 0.0 ], [ 26.12792, 50.70587, 0.0 ], [ 29.106298, 47.122375, 0.0 ], [ 31.275236, 44.089615, 0.0 ], [ 32.422268, 41.904617, 0.0 ]] 
boundary 0: [[ 30.592033, 88.872955, 0.0 ], [ 30.66509, 87.75188, 0.0 ], [ 29.688723, 85.485435, 0.0 ], [ 27.758276, 82.29567, 0.0 ], [ 25.062862, 78.49464, 0.0 ], [ 21.866415, 74.45448, 0.0 ], [ 18.48164, 70.5708, 0.0 ], [ 15.239868, 67.223564, 0.0 ], [ 12.458549, 64.74055, 0.0 ], [ 10.409886, 63.364655, 0.0 ], [ 9.294389, 63.23078, 0.0 ], [ 9.22132, 64.35182, 0.0 ], [ 10.197721, 66.61821, 0.0 ], [ 12.128141, 69.80806, 0.0 ], [ 14.8235445, 73.609085, 0.0 ], [ 18.020088, 77.64911, 0.0 ], [ 21.404842, 81.53294, 0.0 ], [ 24.64656, 84.88017, 0.0 ], [ 27.427914, 87.36311, 0.0 ], [ 29.476553, 88.73907, 0.0 ]] 
boundary 1: [[ 30.592014, 39.127106, 0.0 ], [ 29.476555, 39.260994, 0.0 ], [ 27.42783, 40.636696, 0.0 ], [ 24.64655, 43.119823, 0.0 ], [ 21.404816, 46.467094, 0.0 ], [ 18.020042, 50.350838, 0.0 ], [ 14.823537, 54.390903, 0.0 ], [ 12.128141, 58.191963, 0.0 ], [ 10.197742, 61.381718, 0.0 ], [ 9.221304, 63.648113, 0.0 ], [ 9.294388, 64.76927, 0.0 ], [ 10.409887, 64.63536, 0.0 ], [ 12.458528, 63.259518, 0.0 ], [ 15.239879, 60.776527, 0.0 ], [ 18.481647, 57.429245, 0.0 ], [ 21.866404, 53.545525, 0.0 ], [ 25.062908, 49.505367, 0.0 ], [ 27.758272, 45.704422, 0.0 ], [ 29.688723, 42.514565, 0.0 ], [ 30.665161, 40.248184, 0.0 ]] 
boundary 0: [[ 29.106539, 90.03524, 0.0 ], [ 29.244843, 88.92032, 0.0 ], [ 28.402285, 86.60083, 0.0 ], [ 26.661123, 83.30391, 0.0 ], [ 24.191935, 79.35217, 0.0 ], [ 21.236507, 75.13251, 0.0 ], [ 18.08395, 71.058075, 0.0 ], [ 15.042872, 67.527504, 0.0 ], [ 12.41107, 64.88653, 0.0 ], [ 10.446121, 63.393524, 0.0 ], [ 9.340328, 63.19484, 0.0 ], [ 9.202017, 64.30971, 0.0 ], [ 10.044604, 66.62917, 0.0 ], [ 11.785738, 69.92616, 0.0 ], [ 14.254916, 73.87789, 0.0 ], [ 17.210451, 78.09742, 0.0 ], [ 20.362978, 82.172005, 0.0 ], [ 23.404003, 85.70256, 0.0 ], [ 26.035845, 88.34346, 0.0 ], [ 28.000761, 89.83653, 0.0 ]] 
boundary 1: [[ 29.106522, 37.96482, 0.0 ], [ 28.000767, 38.163536, 0.0 ], [ 26.035751, 39.65635, 0.0 ], [ 23.403992, 42.29743, 0.0 ], [ 20.362955, 45.828033, 0.0 ], [ 17.210402, 49.902534, 0.0 ], [ 14.254909, 54.1221, 0.0 ], [ 11.785741, 58.07387, 0.0 ], [ 10.0446205, 61.370754, 0.0 ], [ 9.201999, 63.69024, 0.0 ], [ 9.340332, 64.80523, 0.0 ], [ 10.446123, 64.60649, 0.0 ], [ 12.411055, 63.113533, 0.0 ], [ 15.04289, 60.472588, 0.0 ], [ 18.083961, 56.94198, 0.0 ], [ 21.236496, 52.8675, 0.0 ], [ 24.19198, 48.64783, 0.0 ], [ 26.661123, 44.696182, 0.0 ], [ 28.402285, 41.399178, 0.0 ], [ 29.244913, 39.079735, 0.0 ]] 
boundary 0: [[ 27.758917, 90.9758, 0.0 ], [ 27.953691, 89.86934, 0.0 ], [ 27.230074, 87.51005, 0.0 ], [ 25.658684, 84.128914, 0.0 ], [ 23.39347, 80.056816, 0.0 ], [ 20.656261, 75.692444, 0.0 ], [ 17.714802, 71.46308, 0.0 ], [ 14.85704, 67.78256, 0.0 ], [ 12.3628235, 65.011284, 0.0 ], [ 10.4762745, 63.42037, 0.0 ], [ 9.382004, 63.165745, 0.0 ], [ 9.187225, 64.27215, 0.0 ], [ 9.91087, 66.63144, 0.0 ], [ 11.482235, 70.01261, 0.0 ], [ 13.747436, 74.08472, 0.0 ], [ 16.484758, 78.44896, 0.0 ], [ 19.42618, 82.67845, 0.0 ], [ 22.28389, 86.35898, 0.0 ], [ 24.778145, 89.13019, 0.0 ], [ 26.664663, 90.72117, 0.0 ]] 
boundary 1: [[ 27.758902, 37.024265, 0.0 ], [ 26.664675, 37.2789, 0.0 ], [ 24.778048, 38.869637, 0.0 ], [ 22.283878, 41.641026, 0.0 ], [ 19.426163, 45.321583, 0.0 ], [ 16.484709, 49.551003, 0.0 ], [ 13.747428, 53.915287, 0.0 ], [ 11.48224, 57.9874, 0.0 ], [ 9.910886, 61.36849, 0.0 ], [ 9.187204, 63.727802, 0.0 ], [ 9.382012, 64.83432, 0.0 ], [ 10.476277, 64.57966, 0.0 ], [ 12.362813, 62.98878, 0.0 ], [ 14.857061, 60.21753, 0.0 ], [ 17.714815, 56.536964, 0.0 ], [ 20.65625, 52.307568, 0.0 ], [ 23.393517, 47.943176, 0.0 ], [ 25.658684, 43.871185, 0.0 ], [ 27.230074, 40.48996, 0.0 ], [ 27.953762, 38.130707, 0.0 ]] 
boundary 0: [[ 27.968971, 90.835815, 0.0 ], [ 28.155102, 89.72787, 0.0 ], [ 27.413088, 87.3743, 0.0 ], [ 25.81535, 84.00554, 0.0 ], [ 23.518415, 79.95125, 0.0 ], [ 20.747217, 75.608376, 0.0 ], [ 17.77283, 71.40211, 0.0 ], [ 14.88642, 67.74401, 0.0 ], [ 12.370645, 64.99229, 0.0 ], [ 10.471733, 63.416145, 0.0 ], [ 9.375507, 63.170074, 0.0 ], [ 9.189373, 64.27796, 0.0 ], [ 9.931414, 66.63153, 0.0 ], [ 11.529128, 70.000336, 0.0 ], [ 13.82605, 74.054634, 0.0 ], [ 16.59736, 78.39737, 0.0 ], [ 19.571712, 82.603775, 0.0 ], [ 22.458069, 86.26188, 0.0 ], [ 24.97388, 89.013535, 0.0 ], [ 26.872765, 90.58974, 0.0 ]] 
boundary 1: [[ 27.968956, 37.16425, 0.0 ], [ 26.872774, 37.410336, 0.0 ], [ 24.973785, 38.986294, 0.0 ], [ 22.458057, 41.73813, 0.0 ], [ 19.571693, 45.396263, 0.0 ], [ 16.597311, 49.60259, 0.0 ], [ 13.826042, 53.94537, 0.0 ], [ 11.529133, 57.999676, 0.0 ], [ 9.931431, 61.368393, 0.0 ], [ 9.189352, 63.721985, 0.0 ], [ 9.375516, 64.829994, 0.0 ], [ 10.471735, 64.58388, 0.0 ], [ 12.370634, 63.00778, 0.0 ], [ 14.88644, 60.256084, 0.0 ], [ 17.772842, 56.597942, 0.0 ], [ 20.747206, 52.391636, 0.0 ], [ 23.518461, 48.048748, 0.0 ], [ 25.81535, 43.994564, 0.0 ], [ 27.413088, 40.62571, 0.0 ], [ 28.155172, 38.27218, 0.0 ]] 
boundary 0: [[ 30.073805, 89.29439, 0.0 ], [ 30.170008, 88.175064, 0.0 ], [ 29.24066, 85.888954, 0.0 ], [ 27.376528, 82.66, 0.0 ], [ 24.760204, 78.804085, 0.0 ], [ 21.6479, 74.69876, 0.0 ], [ 18.344078, 70.74599, 0.0 ], [ 15.172144, 67.332504, 0.0 ], [ 12.44271, 64.792564, 0.0 ], [ 10.42291, 63.374638, 0.0 ], [ 9.310412, 63.21775, 0.0 ], [ 9.214204, 64.337036, 0.0 ], [ 10.143576, 66.62309, 0.0 ], [ 12.00769, 69.85216, 0.0 ], [ 14.623998, 73.70807, 0.0 ], [ 17.736406, 77.81324, 0.0 ], [ 21.0402, 81.76616, 0.0 ], [ 24.212086, 85.17967, 0.0 ], [ 26.941547, 87.71953, 0.0 ], [ 28.961327, 89.13751, 0.0 ]] 
boundary 1: [[ 30.073788, 38.705658, 0.0 ], [ 28.961334, 38.862556, 0.0 ], [ 26.941465, 40.280296, 0.0 ], [ 24.212074, 42.82035, 0.0 ], [ 21.04018, 46.233887, 0.0 ], [ 17.73636, 50.186707, 0.0 ], [ 14.62399, 54.29193, 0.0 ], [ 12.007692, 58.147858, 0.0 ], [ 10.143602, 61.376797, 0.0 ], [ 9.214187, 63.662907, 0.0 ], [ 9.310415, 64.78232, 0.0 ], [ 10.422909, 64.62539, 0.0 ], [ 12.442696, 63.207508, 0.0 ], [ 15.172159, 60.6676, 0.0 ], [ 18.344093, 57.254066, 0.0 ], [ 21.647888, 53.301254, 0.0 ], [ 24.76025, 49.19592, 0.0 ], [ 27.376522, 45.34011, 0.0 ], [ 29.24066, 42.11104, 0.0 ], [ 30.170073, 39.82499, 0.0 ]] 
boundary 0: [[ 32.69859, 86.96057, 0.0 ], [ 32.672813, 85.83743, 0.0 ], [ 31.500984, 83.6656, 0.0 ], [ 29.297613, 80.6579, 0.0 ], [ 26.278484, 77.10851, 0.0 ], [ 22.73925, 73.36498, 0.0 ], [ 19.026173, 69.7939, 0.0 ], [ 15.502704, 66.7446, 0.0 ], [ 12.513872, 64.515724, 0.0 ], [ 10.35219, 63.325226, 0.0 ], [ 9.229239, 63.289932, 0.0 ], [ 9.255005, 64.41304, 0.0 ], [ 10.426853, 66.58481, 0.0 ], [ 12.630219, 69.59263, 0.0 ], [ 15.64933, 73.142006, 0.0 ], [ 19.18865, 76.88536, 0.0 ], [ 22.901714, 80.45662, 0.0 ], [ 26.425138, 83.505936, 0.0 ], [ 29.413994, 85.73476, 0.0 ], [ 31.575657, 86.9253, 0.0 ]] 
boundary 1: [[ 32.69857, 41.03948, 0.0 ], [ 31.575659, 41.074776, 0.0 ], [ 29.413933, 42.265057, 0.0 ], [ 26.425127, 44.494072, 0.0 ], [ 22.90169, 47.543434, 0.0 ], [ 19.188614, 51.114567, 0.0 ], [ 15.649323, 54.857986, 0.0 ], [ 12.63022, 58.407383, 0.0 ], [ 10.426893, 61.41508, 0.0 ], [ 9.2549925, 63.586887, 0.0 ], [ 9.229236, 64.71013, 0.0 ], [ 10.352184, 64.67481, 0.0 ], [ 12.513851, 63.48437, 0.0 ], [ 15.502705, 61.2555, 0.0 ], [ 19.026182, 58.206158, 0.0 ], [ 22.739239, 54.635017, 0.0 ], [ 26.27853, 50.891502, 0.0 ], [ 29.297596, 47.34222, 0.0 ], [ 31.500984, 44.33438, 0.0 ], [ 32.672874, 42.162636, 0.0 ]] 
boundary 0: [[ 35.836678, 83.35099, 0.0 ], [ 35.6455, 82.24394, 0.0 ], [ 34.1661, 80.268745, 0.0 ], [ 31.543142, 77.61899, 0.0 ], [ 28.033432, 74.55382, 0.0 ], [ 23.98067, 71.37337, 0.0 ], [ 19.781406, 68.389114, 0.0 ], [ 15.846655, 65.892975, 0.0 ], [ 12.561719, 64.129395, 0.0 ], [ 10.248062, 63.27082, 0.0 ], [ 9.132194, 63.40157, 0.0 ], [ 9.323359, 64.50859, 0.0 ], [ 10.80277, 66.483734, 0.0 ], [ 13.425745, 69.1336, 0.0 ], [ 16.935434, 72.198746, 0.0 ], [ 20.988247, 75.379005, 0.0 ], [ 25.187527, 78.36345, 0.0 ], [ 29.12224, 80.85963, 0.0 ], [ 32.40719, 82.62314, 0.0 ], [ 34.720833, 83.48175, 0.0 ]] 
boundary 1: [[ 35.83665, 44.649063, 0.0 ], [ 34.720833, 44.518322, 0.0 ], [ 32.407158, 45.376675, 0.0 ], [ 29.122229, 47.14039, 0.0 ], [ 25.1875, 49.636604, 0.0 ], [ 20.988228, 52.620903, 0.0 ], [ 16.935427, 55.801247, 0.0 ], [ 13.425744, 58.866425, 0.0 ], [ 10.802824, 61.516174, 0.0 ], [ 9.323358, 63.491337, 0.0 ], [ 9.132181, 64.59849, 0.0 ], [ 10.248053, 64.729225, 0.0 ], [ 12.561683, 63.870693, 0.0 ], [ 15.84664, 62.107136, 0.0 ], [ 19.78141, 59.610947, 0.0 ], [ 23.98066, 56.626633, 0.0 ], [ 28.033474, 53.446198, 0.0 ], [ 31.543106, 50.381126, 0.0 ], [ 34.1661, 47.73124, 0.0 ], [ 35.64556, 45.756145, 0.0 ]] 
boundary 0: [[ 38.566933, 79.01869, 0.0 ], [ 38.203377, 77.95571, 0.0 ], [ 36.430695, 76.238846, 0.0 ], [ 33.42228, 74.03644, 0.0 ], [ 29.47266, 71.56382, 0.0 ], [ 24.968601, 69.06311, 0.0 ], [ 20.350851, 66.77926, 0.0 ], [ 16.071354, 64.93564, 0.0 ], [ 12.549185, 63.712807, 0.0 ], [ 10.128992, 63.230274, 0.0 ], [ 9.047762, 63.535564, 0.0 ], [ 9.411304, 64.5985, 0.0 ], [ 11.183996, 66.31532, 0.0 ], [ 14.192435, 68.51783, 0.0 ], [ 18.142029, 70.99043, 0.0 ], [ 22.646118, 73.490944, 0.0 ], [ 27.263916, 75.77498, 0.0 ], [ 31.543375, 77.61864, 0.0 ], [ 35.06555, 78.84141, 0.0 ], [ 37.485725, 79.32398, 0.0 ]] 
boundary 1: [[ 38.5669, 48.981365, 0.0 ], [ 37.485718, 48.676098, 0.0 ], [ 35.065536, 49.1584, 0.0 ], [ 31.543362, 50.38137, 0.0 ], [ 27.263878, 52.22506, 0.0 ], [ 22.646109, 54.508957, 0.0 ], [ 18.142023, 57.009556, 0.0 ], [ 14.192432, 59.482185, 0.0 ], [ 11.184066, 61.684597, 0.0 ], [ 9.411317, 63.401405, 0.0 ], [ 9.047739, 64.46451, 0.0 ], [ 10.128976, 64.76975, 0.0 ], [ 12.549132, 64.28729, 0.0 ], [ 16.071323, 63.064465, 0.0 ], [ 20.350845, 61.220802, 0.0 ], [ 24.96859, 58.936897, 0.0 ], [ 29.4727, 56.436203, 0.0 ], [ 33.42223, 53.963676, 0.0 ], [ 36.430695, 51.761135, 0.0 ], [ 38.20342, 50.044388, 0.0 ]] 
boundary 0: [[ 40.35192, 74.96146, 0.0 ], [ 39.846397, 73.95819, 0.0 ], [ 37.855568, 72.4999, 0.0 ], [ 34.57421, 70.72963, 0.0 ], [ 30.323528, 68.820435, 0.0 ], [ 25.519789, 66.95921, 0.0 ], [ 20.633072, 65.328384, 0.0 ], [ 16.141642, 64.087364, 0.0 ], [ 12.485326, 63.35774, 0.0 ], [ 10.021881, 63.210747, 0.0 ], [ 8.992565, 63.661053, 0.0 ], [ 9.498066, 64.664276, 0.0 ], [ 11.4889, 66.12251, 0.0 ], [ 14.770301, 67.89288, 0.0 ], [ 19.02095, 69.80209, 0.0 ], [ 23.8247, 71.663086, 0.0 ], [ 28.711483, 73.29409, 0.0 ], [ 33.20288, 74.53515, 0.0 ], [ 36.8592, 75.26471, 0.0 ], [ 39.322628, 75.41176, 0.0 ]] 
boundary 1: [[ 40.351875, 53.038593, 0.0 ], [ 39.32261, 52.58832, 0.0 ], [ 36.859207, 52.735096, 0.0 ], [ 33.202866, 53.46486, 0.0 ], [ 28.711437, 54.705925, 0.0 ], [ 23.824697, 56.33682, 0.0 ], [ 19.020947, 58.197914, 0.0 ], [ 14.770294, 60.10714, 0.0 ], [ 11.488979, 61.877415, 0.0 ], [ 9.498089, 63.335636, 0.0 ], [ 8.992532, 64.339035, 0.0 ], [ 10.021862, 64.78928, 0.0 ], [ 12.485262, 64.642334, 0.0 ], [ 16.141598, 63.91272, 0.0 ], [ 20.633055, 62.671677, 0.0 ], [ 25.519777, 61.040787, 0.0 ], [ 30.323565, 59.1796, 0.0 ], [ 34.574142, 57.27047, 0.0 ], [ 37.855568, 55.500084, 0.0 ], [ 39.846428, 54.04191, 0.0 ]] 
boundary 0: [[ 41.337543, 71.69544, 0.0 ], [ 40.729126, 70.75104, 0.0 ], [ 38.595726, 69.51061, 0.0 ], [ 35.14611, 68.095924, 0.0 ], [ 30.717928, 66.64523, 0.0 ], [ 25.744827, 65.30051, 0.0 ], [ 20.713482, 64.19363, 0.0 ], [ 16.116291, 63.43275, 0.0 ], [ 12.403449, 63.09243, 0.0 ], [ 9.9382305, 63.205807, 0.0 ], [ 8.962089, 63.76206, 0.0 ], [ 9.570478, 64.70644, 0.0 ], [ 11.703876, 65.94679, 0.0 ], [ 15.153548, 67.36157, 0.0 ], [ 19.581692, 68.812294, 0.0 ], [ 24.554789, 70.1568, 0.0 ], [ 29.58622, 71.26384, 0.0 ], [ 34.183372, 72.02476, 0.0 ], [ 37.89621, 72.365005, 0.0 ], [ 40.361427, 72.25171, 0.0 ]] 
boundary 1: [[ 41.33749, 56.304596, 0.0 ], [ 40.361393, 55.748383, 0.0 ], [ 37.89624, 55.634785, 0.0 ], [ 34.183357, 55.97525, 0.0 ], [ 29.586168, 56.736176, 0.0 ], [ 24.554794, 57.843113, 0.0 ], [ 19.581688, 59.18771, 0.0 ], [ 15.153535, 60.63845, 0.0 ], [ 11.703964, 62.05314, 0.0 ], [ 9.570511, 63.293476, 0.0 ], [ 8.962047, 64.23803, 0.0 ], [ 9.938208, 64.79422, 0.0 ], [ 12.403379, 64.90764, 0.0 ], [ 16.116241, 64.56733, 0.0 ], [ 20.713453, 63.806423, 0.0 ], [ 25.744816, 62.699497, 0.0 ], [ 30.717964, 61.354813, 0.0 ], [ 35.146034, 59.904152, 0.0 ], [ 38.595726, 58.489372, 0.0 ], [ 40.72914, 57.249077, 0.0 ]] 
boundary 0: [[ 41.69854, 70.034546, 0.0 ], [ 41.041336, 69.123436, 0.0 ], [ 38.84571, 67.99682, 0.0 ], [ 35.326508, 66.76536, 0.0 ], [ 30.828213, 65.54937, 0.0 ], [ 25.791319, 64.46783, 0.0 ], [ 20.70877, 63.62687, 0.0 ], [ 16.077938, 63.108627, 0.0 ], [ 12.352345, 62.963886, 0.0 ], [ 9.89649, 63.20665, 0.0 ], [ 8.950927, 63.81342, 0.0 ], [ 9.608101, 64.72454, 0.0 ], [ 11.803731, 65.85106, 0.0 ], [ 15.322983, 67.08261, 0.0 ], [ 19.821243, 68.29863, 0.0 ], [ 24.85812, 69.37995, 0.0 ], [ 29.940775, 70.22107, 0.0 ], [ 34.57156, 70.73935, 0.0 ], [ 38.297142, 70.88403, 0.0 ], [ 40.753002, 70.64136, 0.0 ]] 
boundary 1: [[ 41.698486, 57.965477, 0.0 ], [ 40.752968, 57.358746, 0.0 ], [ 38.297188, 57.115757, 0.0 ], [ 34.571545, 57.260647, 0.0 ], [ 29.940723, 57.778942, 0.0 ], [ 24.858128, 58.619953, 0.0 ], [ 19.82124, 59.70137, 0.0 ], [ 15.322966, 60.917404, 0.0 ], [ 11.803822, 62.148872, 0.0 ], [ 9.60814, 63.275387, 0.0 ], [ 8.950883, 64.18665, 0.0 ], [ 9.896466, 64.79338, 0.0 ], [ 12.352269, 65.03618, 0.0 ], [ 16.077888, 64.89146, 0.0 ], [ 20.70874, 64.37317, 0.0 ], [ 25.791307, 63.53216, 0.0 ], [ 30.828247, 62.450672, 0.0 ], [ 35.326427, 61.234703, 0.0 ], [ 38.84571, 60.003166, 0.0 ], [ 41.041344, 58.876686, 0.0 ]] 
boundary 0: [[ 41.719666, 69.92221, 0.0 ], [ 41.059242, 69.013435, 0.0 ], [ 38.85965, 67.894585, 0.0 ], [ 35.336124, 66.675575, 0.0 ], [ 30.83355, 65.475494, 0.0 ], [ 25.792871, 64.41175, 0.0 ], [ 20.707382, 63.588787, 0.0 ], [ 16.074745, 63.08691, 0.0 ], [ 12.348666, 62.95534, 0.0 ], [ 9.893688, 63.206787, 0.0 ], [ 8.950274, 63.816906, 0.0 ], [ 9.610663, 64.72567, 0.0 ], [ 11.810262, 65.84444, 0.0 ], [ 15.333846, 67.06353, 0.0 ], [ 19.836382, 68.26366, 0.0 ], [ 24.877037, 69.32716, 0.0 ], [ 29.96263, 70.15031, 0.0 ], [ 34.59523, 70.652214, 0.0 ], [ 38.321274, 70.78373, 0.0 ], [ 40.77628, 70.532364, 0.0 ]] 
boundary 1: [[ 41.719612, 58.077805, 0.0 ], [ 40.77624, 57.467735, 0.0 ], [ 38.321335, 57.21606, 0.0 ], [ 34.595215, 57.347786, 0.0 ], [ 29.962578, 57.849705, 0.0 ], [ 24.877048, 58.67275, 0.0 ], [ 19.836378, 59.736343, 0.0 ], [ 15.333829, 60.936478, 0.0 ], [ 11.810353, 62.1555, 0.0 ], [ 9.6107025, 63.27424, 0.0 ], [ 8.950229, 64.183205, 0.0 ], [ 9.893664, 64.79325, 0.0 ], [ 12.34859, 65.044716, 0.0 ], [ 16.074696, 64.91316, 0.0 ], [ 20.707352, 64.41125, 0.0 ], [ 25.79286, 63.588223, 0.0 ], [ 30.833584, 62.524544, 0.0 ], [ 35.33604, 61.324482, 0.0 ], [ 38.85965, 60.1054, 0.0 ], [ 41.05925, 58.986683, 0.0 ]] 
boundary 0: [[ 41.54125, 70.810524, 0.0 ], [ 40.906555, 69.883606, 0.0 ], [ 38.73917, 68.70355, 0.0 ], [ 35.251183, 67.3863, 0.0 ], [ 30.784004, 66.060524, 0.0 ], [ 25.775105, 64.855965, 0.0 ], [ 20.714676, 63.89083, 0.0 ], [ 16.097916, 63.25935, 0.0 ], [ 12.376989, 63.02343, 0.0 ], [ 9.91593, 63.205986, 0.0 ], [ 8.95579, 63.78943, 0.0 ], [ 9.590458, 64.71634, 0.0 ], [ 11.757847, 65.8963, 0.0 ], [ 15.245888, 67.213646, 0.0 ], [ 19.713036, 68.53946, 0.0 ], [ 24.721909, 69.74379, 0.0 ], [ 29.782442, 70.70911, 0.0 ], [ 34.39915, 71.34061, 0.0 ], [ 38.120056, 71.57647, 0.0 ], [ 40.581146, 71.394, 0.0 ]] 
boundary 1: [[ 41.541195, 57.1895, 0.0 ], [ 40.581116, 56.606094, 0.0 ], [ 38.12011, 56.42331, 0.0 ], [ 34.399136, 56.659386, 0.0 ], [ 29.782393, 57.290913, 0.0 ], [ 24.721916, 58.25613, 0.0 ], [ 19.713032, 59.460537, 0.0 ], [ 15.245871, 60.78636, 0.0 ], [ 11.757935, 62.10363, 0.0 ], [ 9.590494, 63.28357, 0.0 ], [ 8.955748, 64.21067, 0.0 ], [ 9.915907, 64.794044, 0.0 ], [ 12.376913, 64.97664, 0.0 ], [ 16.097866, 64.74073, 0.0 ], [ 20.71465, 64.10921, 0.0 ], [ 25.775093, 63.144012, 0.0 ], [ 30.784039, 61.939518, 0.0 ], [ 35.2511, 60.613766, 0.0 ], [ 38.73917, 59.296436, 0.0 ], [ 40.90657, 58.11652, 0.0 ]] 
boundary 0: [[ 41.10633, 72.584145, 0.0 ], [ 40.52498, 71.62288, 0.0 ], [ 38.427677, 70.32234, 0.0 ], [ 35.019615, 68.81027, 0.0 ], [ 30.634418, 67.23442, 0.0 ], [ 25.701511, 65.74898, 0.0 ], [ 20.703648, 64.49969, 0.0 ], [ 16.129898, 63.608562, 0.0 ], [ 12.428225, 63.16295, 0.0 ], [ 9.960785, 63.206272, 0.0 ], [ 8.969237, 63.73457, 0.0 ], [ 9.550562, 64.69584, 0.0 ], [ 11.647878, 65.99629, 0.0 ], [ 15.055981, 67.50846, 0.0 ], [ 19.441154, 69.08436, 0.0 ], [ 24.374043, 70.56953, 0.0 ], [ 29.37201, 71.81902, 0.0 ], [ 33.9457, 72.71016, 0.0 ], [ 37.647358, 73.155716, 0.0 ], [ 40.114822, 73.11249, 0.0 ]] 
boundary 1: [[ 41.106277, 55.41587, 0.0 ], [ 40.11479, 54.88761, 0.0 ], [ 37.6474, 54.844048, 0.0 ], [ 33.945683, 55.289825, 0.0 ], [ 29.37196, 56.18099, 0.0 ], [ 24.374046, 57.43037, 0.0 ], [ 19.44115, 58.915646, 0.0 ], [ 15.055965, 60.491558, 0.0 ], [ 11.647963, 62.003647, 0.0 ], [ 9.550593, 63.304066, 0.0 ], [ 8.9692, 64.2655, 0.0 ], [ 9.960765, 64.79376, 0.0 ], [ 12.428153, 64.83713, 0.0 ], [ 16.129852, 64.39152, 0.0 ], [ 20.70362, 63.50035, 0.0 ], [ 25.7015, 62.251, 0.0 ], [ 30.634457, 60.765636, 0.0 ], [ 35.019535, 59.1898, 0.0 ], [ 38.427677, 57.677643, 0.0 ], [ 40.52501, 56.377247, 0.0 ]] 
boundary 0: [[ 40.46604, 74.6394, 0.0 ], [ 39.949944, 73.64157, 0.0 ], [ 37.94382, 72.20437, 0.0 ], [ 34.643932, 70.46888, 0.0 ], [ 30.373316, 68.60473, 0.0 ], [ 25.550182, 66.794334, 0.0 ], [ 20.64653, 65.21524, 0.0 ], [ 16.14221, 64.02176, 0.0 ], [ 12.478394, 63.33082, 0.0 ], [ 10.013538, 63.209858, 0.0 ], [ 8.989037, 63.671, 0.0 ], [ 9.505109, 64.66883, 0.0 ], [ 11.511242, 66.10595, 0.0 ], [ 14.811174, 67.841545, 0.0 ], [ 19.081766, 69.70575, 0.0 ], [ 23.904896, 71.51586, 0.0 ], [ 28.80864, 73.09517, 0.0 ], [ 33.3129, 74.288666, 0.0 ], [ 36.976707, 74.97952, 0.0 ], [ 39.441574, 75.10059, 0.0 ]] 
boundary 1: [[ 40.465992, 53.360626, 0.0 ], [ 39.44155, 52.89951, 0.0 ], [ 36.976727, 53.02022, 0.0 ], [ 33.312885, 53.711323, 0.0 ], [ 28.80859, 54.90485, 0.0 ], [ 23.904892, 56.484028, 0.0 ], [ 19.081762, 58.29425, 0.0 ], [ 14.811159, 60.15847, 0.0 ], [ 11.511325, 61.893974, 0.0 ], [ 9.505133, 63.331074, 0.0 ], [ 8.989002, 64.329056, 0.0 ], [ 10.013521, 64.790184, 0.0 ], [ 12.478327, 64.66926, 0.0 ], [ 16.142166, 63.978325, 0.0 ], [ 20.646503, 62.784794, 0.0 ], [ 25.55017, 61.20565, 0.0 ], [ 30.37336, 59.395332, 0.0 ], [ 34.643856, 57.531208, 0.0 ], [ 37.94382, 55.795624, 0.0 ], [ 39.949986, 54.358547, 0.0 ]] 
boundary 0: [[ 39.370354, 77.375565, 0.0 ], [ 38.94726, 76.33487, 0.0 ], [ 37.080353, 74.72096, 0.0 ], [ 33.9522, 72.6922, 0.0 ], [ 29.869078, 70.4469, 0.0 ], [ 25.230843, 68.20482, 0.0 ], [ 20.49136, 66.18576, 0.0 ], [ 16.114437, 64.58706, 0.0 ], [ 12.528756, 63.56536, 0.0 ], [ 10.085157, 63.22045, 0.0 ], [ 9.022918, 63.586384, 0.0 ], [ 9.445983, 64.62706, 0.0 ], [ 11.312914, 66.2409, 0.0 ], [ 14.441092, 68.26976, 0.0 ], [ 18.524189, 70.515114, 0.0 ], [ 23.162445, 72.75691, 0.0 ], [ 27.902002, 74.77619, 0.0 ], [ 32.278866, 76.374916, 0.0 ], [ 35.86454, 77.396515, 0.0 ], [ 38.308136, 77.74154, 0.0 ]] 
boundary 1: [[ 39.370308, 50.62447, 0.0 ], [ 38.30813, 50.258556, 0.0 ], [ 35.864532, 50.60322, 0.0 ], [ 32.27885, 51.625084, 0.0 ], [ 27.901955, 53.223824, 0.0 ], [ 23.16243, 55.24298, 0.0 ], [ 18.524185, 57.484882, 0.0 ], [ 14.441078, 59.73025, 0.0 ], [ 11.31299, 61.759033, 0.0 ], [ 9.445998, 63.372845, 0.0 ], [ 9.02289, 64.41368, 0.0 ], [ 10.085143, 64.779594, 0.0 ], [ 12.528697, 64.434715, 0.0 ], [ 16.114395, 63.413033, 0.0 ], [ 20.491337, 61.81429, 0.0 ], [ 25.230831, 59.795162, 0.0 ], [ 29.869133, 57.55316, 0.0 ], [ 33.952133, 55.307903, 0.0 ], [ 37.080353, 53.279026, 0.0 ], [ 38.94731, 51.665234, 0.0 ]] 
boundary 0: [[ 38.135647, 79.81371, 0.0 ], [ 37.801956, 78.74101, 0.0 ], [ 36.078007, 76.97522, 0.0 ], [ 33.132355, 74.68954, 0.0 ], [ 29.253428, 72.10743, 0.0 ], [ 24.821106, 69.48167, 0.0 ], [ 20.269066, 67.06957, 0.0 ], [ 16.04278, 65.10696, 0.0 ], [ 12.5561905, 63.78609, 0.0 ], [ 10.150448, 63.236053, 0.0 ], [ 9.061099, 63.510975, 0.0 ], [ 9.39477, 64.583664, 0.0 ], [ 11.118742, 66.349396, 0.0 ], [ 14.06441, 68.63519, 0.0 ], [ 17.943302, 71.21734, 0.0 ], [ 22.375675, 73.84282, 0.0 ], [ 26.92778, 76.25514, 0.0 ], [ 31.153997, 78.21778, 0.0 ], [ 34.64059, 79.53852, 0.0 ], [ 37.046318, 80.0887, 0.0 ]] 
boundary 1: [[ 38.1356, 48.186317, 0.0 ], [ 37.046318, 47.911407, 0.0 ], [ 34.640556, 48.461205, 0.0 ], [ 31.153982, 49.782223, 0.0 ], [ 26.927734, 51.74488, 0.0 ], [ 22.37565, 54.15707, 0.0 ], [ 17.943298, 56.78267, 0.0 ], [ 14.064398, 59.364826, 0.0 ], [ 11.118814, 61.65052, 0.0 ], [ 9.394777, 63.41624, 0.0 ], [ 9.061076, 64.48909, 0.0 ], [ 10.150437, 64.76399, 0.0 ], [ 12.556137, 64.21398, 0.0 ], [ 16.042747, 62.893147, 0.0 ], [ 20.269043, 60.93048, 0.0 ], [ 24.821093, 58.518314, 0.0 ], [ 29.253487, 55.892616, 0.0 ], [ 33.132294, 53.31058, 0.0 ], [ 36.078007, 51.024773, 0.0 ], [ 37.802013, 49.259083, 0.0 ]] 
boundary 0: [[ 36.37504, 82.608635, 0.0 ], [ 36.15252, 81.50748, 0.0 ], [ 34.61774, 79.57502, 0.0 ], [ 31.92065, 77.00072, 0.0 ], [ 28.32542, 74.03631, 0.0 ], [ 24.184132, 70.97203, 0.0 ], [ 19.901953, 68.10809, 0.0 ], [ 15.897959, 65.72451, 0.0 ], [ 12.564329, 64.0548, 0.0 ], [ 10.227259, 63.262188, 0.0 ], [ 9.115544, 63.424534, 0.0 ], [ 9.33803, 64.52567, 0.0 ], [ 10.872852, 66.45807, 0.0 ], [ 13.569934, 69.032486, 0.0 ], [ 17.165134, 71.99691, 0.0 ], [ 21.306501, 75.06092, 0.0 ], [ 25.588728, 77.92511, 0.0 ], [ 29.592644, 80.308685, 0.0 ], [ 32.926296, 81.97827, 0.0 ], [ 35.26333, 82.77103, 0.0 ]] 
boundary 1: [[ 36.375, 45.39141, 0.0 ], [ 35.263344, 45.22908, 0.0 ], [ 32.92623, 46.02145, 0.0 ], [ 29.592628, 47.691307, 0.0 ], [ 25.588688, 50.07492, 0.0 ], [ 21.306465, 52.93896, 0.0 ], [ 17.165127, 56.003082, 0.0 ], [ 13.569923, 58.967533, 0.0 ], [ 10.872915, 61.541824, 0.0 ], [ 9.338029, 63.47423, 0.0 ], [ 9.11553, 64.57553, 0.0 ], [ 10.227252, 64.73785, 0.0 ], [ 12.564283, 63.94526, 0.0 ], [ 15.897938, 62.27559, 0.0 ], [ 19.901934, 59.891968, 0.0 ], [ 24.184116, 57.027954, 0.0 ], [ 28.325487, 53.963726, 0.0 ], [ 31.920607, 50.99941, 0.0 ], [ 34.61774, 48.424988, 0.0 ], [ 36.152603, 46.492622, 0.0 ]] 
boundary 0: [[ 34.4493, 85.0811, 0.0 ], [ 34.334427, 83.963585, 0.0 ], [ 32.993942, 81.89161, 0.0 ], [ 30.558744, 79.068275, 0.0 ], [ 27.26739, 75.769745, 0.0 ], [ 23.442219, 72.318924, 0.0 ], [ 19.457413, 69.05388, 0.0 ], [ 15.702988, 66.29386, 0.0 ], [ 12.546665, 64.30927, 0.0 ], [ 10.297308, 63.29411, 0.0 ], [ 9.175097, 63.348064, 0.0 ], [ 9.289933, 64.46557, 0.0 ], [ 10.63047, 66.537476, 0.0 ], [ 13.065647, 69.360916, 0.0 ], [ 16.35697, 72.65947, 0.0 ], [ 20.182247, 76.11003, 0.0 ], [ 24.167074, 79.37533, 0.0 ], [ 27.921417, 82.135345, 0.0 ], [ 31.077782, 84.11982, 0.0 ], [ 33.327087, 85.1351, 0.0 ]] 
boundary 1: [[ 34.44926, 42.918945, 0.0 ], [ 33.327118, 42.865, 0.0 ], [ 31.077694, 43.879906, 0.0 ], [ 27.921402, 45.86466, 0.0 ], [ 24.167036, 48.624702, 0.0 ], [ 20.182198, 51.88986, 0.0 ], [ 16.356962, 55.340515, 0.0 ], [ 13.065637, 58.639103, 0.0 ], [ 10.630522, 61.46241, 0.0 ], [ 9.289923, 63.53433, 0.0 ], [ 9.175089, 64.65199, 0.0 ], [ 10.297304, 64.705925, 0.0 ], [ 12.546624, 63.690807, 0.0 ], [ 15.702978, 61.706245, 0.0 ], [ 19.457403, 58.94618, 0.0 ], [ 23.4422, 55.68106, 0.0 ], [ 27.267467, 52.23029, 0.0 ], [ 30.558712, 48.931847, 0.0 ], [ 32.993942, 46.10839, 0.0 ], [ 34.33452, 44.036514, 0.0 ]] 
boundary 0: [[ 32.43516, 87.218796, 0.0 ], [ 32.422176, 86.095474, 0.0 ], [ 31.275236, 83.91039, 0.0 ], [ 29.10629, 80.87773, 0.0 ], [ 26.127834, 77.294136, 0.0 ], [ 22.631588, 73.51045, 0.0 ], [ 18.959507, 69.897285, 0.0 ], [ 15.471026, 66.80796, 0.0 ], [ 12.507817, 64.545135, 0.0 ], [ 10.35986, 63.330055, 0.0 ], [ 9.237386, 63.281956, 0.0 ], [ 9.25034, 64.405266, 0.0 ], [ 10.397331, 66.59027, 0.0 ], [ 12.566254, 69.62304, 0.0 ], [ 15.544672, 73.20665, 0.0 ], [ 19.041046, 76.9901, 0.0 ], [ 22.713127, 80.603516, 0.0 ], [ 26.201529, 83.692825, 0.0 ], [ 29.164783, 85.95555, 0.0 ], [ 31.312675, 87.17074, 0.0 ]] 
boundary 1: [[ 32.435127, 40.781246, 0.0 ], [ 31.312717, 40.82936, 0.0 ], [ 29.164673, 42.04419, 0.0 ], [ 26.201513, 44.307182, 0.0 ], [ 22.713089, 47.396523, 0.0 ], [ 19.04099, 51.009804, 0.0 ], [ 15.544661, 54.793335, 0.0 ], [ 12.566244, 58.376984, 0.0 ], [ 10.397373, 61.40961, 0.0 ], [ 9.25032, 63.594635, 0.0 ], [ 9.23738, 64.71811, 0.0 ], [ 10.359861, 64.66998, 0.0 ], [ 12.507785, 63.45495, 0.0 ], [ 15.471031, 61.192154, 0.0 ], [ 18.9595, 58.102787, 0.0 ], [ 22.631569, 54.489532, 0.0 ], [ 26.127914, 50.70588, 0.0 ], [ 29.106268, 47.122383, 0.0 ], [ 31.275236, 44.089607, 0.0 ], [ 32.42227, 41.904625, 0.0 ]] 
boundary 0: [[ 30.592026, 88.87294, 0.0 ], [ 30.665058, 87.75189, 0.0 ], [ 29.688723, 85.48545, 0.0 ], [ 27.758257, 82.295685, 0.0 ], [ 25.06282, 78.49462, 0.0 ], [ 21.866423, 74.45447, 0.0 ], [ 18.481659, 70.57083, 0.0 ], [ 15.239866, 67.22357, 0.0 ], [ 12.458544, 64.740585, 0.0 ], [ 10.409885, 63.364662, 0.0 ], [ 9.294385, 63.230797, 0.0 ], [ 9.221325, 64.35181, 0.0 ], [ 10.197716, 66.618195, 0.0 ], [ 12.128153, 69.80806, 0.0 ], [ 14.823551, 73.609116, 0.0 ], [ 18.020088, 77.64908, 0.0 ], [ 21.404835, 81.53294, 0.0 ], [ 24.646553, 84.88019, 0.0 ], [ 27.42793, 87.36307, 0.0 ], [ 29.476511, 88.73909, 0.0 ]] 
boundary 1: [[ 30.591991, 39.12712, 0.0 ], [ 29.476562, 39.261, 0.0 ], [ 27.4278, 40.636665, 0.0 ], [ 24.646538, 43.119816, 0.0 ], [ 21.404797, 46.467094, 0.0 ], [ 18.020027, 50.35083, 0.0 ], [ 14.82354, 54.390865, 0.0 ], [ 12.128145, 58.191963, 0.0 ], [ 10.197749, 61.381695, 0.0 ], [ 9.221298, 63.648094, 0.0 ], [ 9.294384, 64.769264, 0.0 ], [ 10.409886, 64.635376, 0.0 ], [ 12.458515, 63.259506, 0.0 ], [ 15.239879, 60.77655, 0.0 ], [ 18.481663, 57.429237, 0.0 ], [ 21.866404, 53.545532, 0.0 ], [ 25.0629, 49.505383, 0.0 ], [ 27.758244, 45.704437, 0.0 ], [ 29.688723, 42.514557, 0.0 ], [ 30.665163, 40.24819, 0.0 ]] 
boundary 0: [[ 29.106531, 90.035225, 0.0 ], [ 29.24481, 88.920334, 0.0 ], [ 28.402285, 86.600845, 0.0 ], [ 26.661104, 83.303925, 0.0 ], [ 24.191893, 79.35216, 0.0 ], [ 21.236515, 75.13249, 0.0 ], [ 18.08397, 71.058105, 0.0 ], [ 15.0428705, 67.52751, 0.0 ], [ 12.411061, 64.886566, 0.0 ], [ 10.446119, 63.39353, 0.0 ], [ 9.340323, 63.194855, 0.0 ], [ 9.202023, 64.30969, 0.0 ], [ 10.0446, 66.62916, 0.0 ], [ 11.785749, 69.92616, 0.0 ], [ 14.254921, 73.87792, 0.0 ], [ 17.210451, 78.09739, 0.0 ], [ 20.36297, 82.172005, 0.0 ], [ 23.403996, 85.702576, 0.0 ], [ 26.035866, 88.343414, 0.0 ], [ 28.00072, 89.83655, 0.0 ]] 
boundary 1: [[ 29.1065, 37.964836, 0.0 ], [ 28.000776, 38.163544, 0.0 ], [ 26.03572, 39.656326, 0.0 ], [ 23.40398, 42.297424, 0.0 ], [ 20.362936, 45.828033, 0.0 ], [ 17.210386, 49.90253, 0.0 ], [ 14.254908, 54.122063, 0.0 ], [ 11.785745, 58.073868, 0.0 ], [ 10.044624, 61.37073, 0.0 ], [ 9.20199, 63.69022, 0.0 ], [ 9.340328, 64.80522, 0.0 ], [ 10.446124, 64.60651, 0.0 ], [ 12.411039, 63.113525, 0.0 ], [ 15.042891, 60.47261, 0.0 ], [ 18.083977, 56.94197, 0.0 ], [ 21.236496, 52.867508, 0.0 ], [ 24.191977, 48.647846, 0.0 ], [ 26.661095, 44.696198, 0.0 ], [ 28.402285, 41.39917, 0.0 ], [ 29.244917, 39.079742, 0.0 ]] 
boundary 0: [[ 27.75891, 90.975784, 0.0 ], [ 27.95366, 89.869354, 0.0 ], [ 27.230074, 87.51006, 0.0 ], [ 25.658665, 84.12892, 0.0 ], [ 23.393433, 80.0568, 0.0 ], [ 20.65627, 75.69243, 0.0 ], [ 17.71482, 71.46311, 0.0 ], [ 14.8570385, 67.78257, 0.0 ], [ 12.362813, 65.01132, 0.0 ], [ 10.476273, 63.420376, 0.0 ], [ 9.381998, 63.16576, 0.0 ], [ 9.187232, 64.27213, 0.0 ], [ 9.910865, 66.631424, 0.0 ], [ 11.482246, 70.01261, 0.0 ], [ 13.74744, 74.08475, 0.0 ], [ 16.484758, 78.44893, 0.0 ], [ 19.426172, 82.67845, 0.0 ], [ 22.283882, 86.35899, 0.0 ], [ 24.778172, 89.13014, 0.0 ], [ 26.664621, 90.72118, 0.0 ]] 
boundary 1: [[ 27.75888, 37.02428, 0.0 ], [ 26.664684, 37.278908, 0.0 ], [ 24.778017, 38.869614, 0.0 ], [ 22.283867, 41.641018, 0.0 ], [ 19.426144, 45.321583, 0.0 ], [ 16.484694, 49.550995, 0.0 ], [ 13.747427, 53.91525, 0.0 ], [ 11.482244, 57.9874, 0.0 ], [ 9.91089, 61.368465, 0.0 ], [ 9.187195, 63.727783, 0.0 ], [ 9.382009, 64.83431, 0.0 ], [ 10.476278, 64.57967, 0.0 ], [ 12.362796, 62.988773, 0.0 ], [ 14.857064, 60.217552, 0.0 ], [ 17.714828, 56.536957, 0.0 ], [ 20.65625, 52.307575, 0.0 ], [ 23.393517, 47.94319, 0.0 ], [ 25.658655, 43.8712, 0.0 ], [ 27.230074, 40.489952, 0.0 ], [ 27.953766, 38.130714, 0.0 ]] 
