boundary 0: [[ 27.189846, 91.34332, 0.0 ], [ 27.40778, 90.241104, 0.0 ], [ 26.733727, 87.86722, 0.0 ], [ 25.23357, 84.45387, 0.0 ], [ 23.054134, 80.3353, 0.0 ], [ 20.408882, 75.914566, 0.0 ], [ 17.55666, 71.624466, 0.0 ], [ 14.7767315, 67.884834, 0.0 ], [ 12.341125, 65.061874, 0.0 ], [ 10.488278, 63.43186, 0.0 ], [ 9.399605, 63.15435, 0.0 ], [ 9.181677, 64.25648, 0.0 ], [ 9.855808, 66.63037, 0.0 ], [ 11.355902, 70.04377, 0.0 ], [ 13.535256, 74.162384, 0.0 ], [ 16.180567, 78.583084, 0.0 ], [ 19.032753, 82.87321, 0.0 ], [ 21.81275, 86.6128, 0.0 ], [ 24.248318, 89.43577, 0.0 ], [ 26.101171, 91.06582, 0.0 ]] 
boundary 1: [[ 27.18984, 36.65668, 0.0 ], [ 26.10114, 36.934193, 0.0 ], [ 24.248312, 38.56424, 0.0 ], [ 21.812769, 41.387207, 0.0 ], [ 19.032734, 45.126793, 0.0 ], [ 16.18058, 49.416924, 0.0 ], [ 13.535274, 53.83766, 0.0 ], [ 11.355915, 57.95627, 0.0 ], [ 9.855762, 61.369595, 0.0 ], [ 9.181685, 63.74353, 0.0 ], [ 9.399635, 64.84564, 0.0 ], [ 10.488309, 64.56816, 0.0 ], [ 12.341111, 62.938118, 0.0 ], [ 14.776774, 60.115204, 0.0 ], [ 17.556698, 56.37559, 0.0 ], [ 20.408916, 52.085464, 0.0 ], [ 23.054161, 47.66472, 0.0 ], [ 25.23355, 43.546085, 0.0 ], [ 26.733704, 40.132767, 0.0 ], [ 27.407778, 37.75886, 0.0 ]] 
boundary 0: [[ 35.06926, 84.33789, 0.0 ], [ 34.920998, 83.22413, 0.0 ], [ 33.519066, 81.19333, 0.0 ], [ 31.000523, 78.44408, 0.0 ], [ 27.61194, 75.24562, 0.0 ], [ 23.68509, 71.91095, 0.0 ], [ 19.604296, 68.76656, 0.0 ], [ 15.769058, 66.12009, 0.0 ], [ 12.55474, 64.23079, 0.0 ], [ 10.275993, 63.28353, 0.0 ], [ 9.155918, 63.371017, 0.0 ], [ 9.304152, 64.484665, 0.0 ], [ 10.70617, 66.51548, 0.0 ], [ 13.224665, 69.26479, 0.0 ], [ 16.61319, 72.46331, 0.0 ], [ 20.540077, 75.79792, 0.0 ], [ 24.620842, 78.94236, 0.0 ], [ 28.456139, 81.588745, 0.0 ], [ 31.67042, 83.47809, 0.0 ], [ 33.94919, 84.425385, 0.0 ]] 
boundary 1: [[ 35.06926, 43.66212, 0.0 ], [ 33.949154, 43.574623, 0.0 ], [ 31.67041, 44.521927, 0.0 ], [ 28.456154, 46.41125, 0.0 ], [ 24.620827, 49.05763, 0.0 ], [ 20.540092, 52.202095, 0.0 ], [ 16.613192, 55.53675, 0.0 ], [ 13.224664, 58.735252, 0.0 ], [ 10.706138, 61.48448, 0.0 ], [ 9.304157, 63.515343, 0.0 ], [ 9.155953, 64.628975, 0.0 ], [ 10.276015, 64.71651, 0.0 ], [ 12.5547285, 63.769203, 0.0 ], [ 15.769085, 61.87996, 0.0 ], [ 19.604317, 59.233517, 0.0 ], [ 23.685114, 56.089085, 0.0 ], [ 27.611961, 52.754395, 0.0 ], [ 31.000513, 49.555878, 0.0 ], [ 33.519043, 46.806656, 0.0 ], [ 34.921005, 44.775826, 0.0 ]] 
boundary 0: [[ 37.882187, 80.257484, 0.0 ], [ 37.565453, 79.17947, 0.0 ], [ 35.86962, 77.38677, 0.0 ], [ 32.96051, 75.054726, 0.0 ], [ 29.122917, 72.41171, 0.0 ], [ 24.732561, 69.716354, 0.0 ], [ 20.219152, 67.23256, 0.0 ], [ 16.024517, 65.203316, 0.0 ], [ 12.559217, 63.82746, 0.0 ], [ 10.162471, 63.239582, 0.0 ], [ 9.068924, 63.497223, 0.0 ], [ 9.3856125, 64.575134, 0.0 ], [ 11.081529, 66.36782, 0.0 ], [ 13.990612, 68.69994, 0.0 ], [ 17.82816, 71.34302, 0.0 ], [ 22.218536, 74.038315, 0.0 ], [ 26.731922, 76.52215, 0.0 ], [ 30.926615, 78.5513, 0.0 ], [ 34.39187, 79.927216, 0.0 ], [ 36.788643, 80.51514, 0.0 ]] 
boundary 1: [[ 37.882187, 47.742523, 0.0 ], [ 36.788612, 47.48488, 0.0 ], [ 34.39186, 48.0728, 0.0 ], [ 30.92663, 49.448696, 0.0 ], [ 26.73191, 51.47783, 0.0 ], [ 22.218548, 53.961704, 0.0 ], [ 17.828148, 56.657043, 0.0 ], [ 13.990602, 59.30011, 0.0 ], [ 11.081503, 61.63214, 0.0 ], [ 9.385617, 63.42488, 0.0 ], [ 9.068961, 64.502785, 0.0 ], [ 10.162489, 64.76045, 0.0 ], [ 12.559206, 64.17255, 0.0 ], [ 16.024532, 62.79673, 0.0 ], [ 20.219162, 60.76752, 0.0 ], [ 24.732584, 58.283684, 0.0 ], [ 29.122936, 55.5883, 0.0 ], [ 32.96051, 52.94523, 0.0 ], [ 35.8696, 50.613205, 0.0 ], [ 37.565468, 48.820488, 0.0 ]] 
boundary 0: [[ 39.55443, 76.96282, 0.0 ], [ 39.116776, 75.92796, 0.0 ], [ 37.22751, 74.34044, 0.0 ], [ 34.07133, 72.35551, 0.0 ], [ 29.95727, 70.16757, 0.0 ], [ 25.288082, 67.99068, 0.0 ], [ 20.520784, 66.03802, 0.0 ], [ 16.122026, 64.50055, 0.0 ], [ 12.522389, 63.529015, 0.0 ], [ 10.074222, 63.218407, 0.0 ], [ 9.017208, 63.599125, 0.0 ], [ 9.4548025, 64.63386, 0.0 ], [ 11.344163, 66.22137, 0.0 ], [ 14.500313, 68.206375, 0.0 ], [ 18.614338, 70.39441, 0.0 ], [ 23.283539, 72.571236, 0.0 ], [ 28.050823, 74.52393, 0.0 ], [ 32.449623, 76.06129, 0.0 ], [ 36.04922, 77.03289, 0.0 ], [ 38.497414, 77.34355, 0.0 ]] 
boundary 1: [[ 39.55443, 51.03719, 0.0 ], [ 38.497383, 50.656464, 0.0 ], [ 36.049213, 50.967117, 0.0 ], [ 32.44964, 51.938705, 0.0 ], [ 28.050814, 53.47603, 0.0 ], [ 23.28355, 55.42879, 0.0 ], [ 18.614315, 57.605656, 0.0 ], [ 14.500293, 59.79366, 0.0 ], [ 11.344141, 61.778587, 0.0 ], [ 9.454806, 63.366146, 0.0 ], [ 9.017244, 64.400894, 0.0 ], [ 10.074238, 64.78163, 0.0 ], [ 12.522377, 64.470985, 0.0 ], [ 16.122036, 63.499493, 0.0 ], [ 20.520779, 61.96208, 0.0 ], [ 25.288105, 60.00937, 0.0 ], [ 29.957289, 57.832443, 0.0 ], [ 34.07134, 55.64444, 0.0 ], [ 37.227486, 53.659523, 0.0 ], [ 39.11679, 52.071976, 0.0 ]] 
boundary 0: [[ 40.517555, 74.490425, 0.0 ], [ 39.996532, 73.494934, 0.0 ], [ 37.98345, 72.06767, 0.0 ], [ 34.675156, 70.3482, 0.0 ], [ 30.395552, 68.50495, 0.0 ], [ 25.563591, 66.71824, 0.0 ], [ 20.65224, 65.16305, 0.0 ], [ 16.142231, 63.991436, 0.0 ], [ 12.475053, 63.318314, 0.0 ], [ 10.009663, 63.209488, 0.0 ], [ 8.987423, 63.675587, 0.0 ], [ 9.508388, 64.67097, 0.0 ], [ 11.52155, 66.098206, 0.0 ], [ 14.829834, 67.81776, 0.0 ], [ 19.10941, 69.661095, 0.0 ], [ 23.941376, 71.44774, 0.0 ], [ 28.852715, 73.00297, 0.0 ], [ 33.362755, 74.17446, 0.0 ], [ 37.029892, 74.84767, 0.0 ], [ 39.495323, 74.95656, 0.0 ]] 
boundary 1: [[ 40.517555, 53.50958, 0.0 ], [ 39.495293, 53.043465, 0.0 ], [ 37.029884, 53.15234, 0.0 ], [ 33.362778, 53.825516, 0.0 ], [ 28.852707, 54.996983, 0.0 ], [ 23.941385, 56.55229, 0.0 ], [ 19.109383, 58.338974, 0.0 ], [ 14.82981, 60.182285, 0.0 ], [ 11.521533, 61.901745, 0.0 ], [ 9.50839, 63.32904, 0.0 ], [ 8.987458, 64.324425, 0.0 ], [ 10.009673, 64.79056, 0.0 ], [ 12.4750395, 64.681694, 0.0 ], [ 16.142237, 64.00861, 0.0 ], [ 20.652225, 62.837044, 0.0 ], [ 25.56361, 61.2818, 0.0 ], [ 30.39557, 59.495052, 0.0 ], [ 34.675163, 57.65174, 0.0 ], [ 37.98343, 55.932297, 0.0 ], [ 39.99655, 54.505, 0.0 ]] 
boundary 0: [[ 41.178772, 72.31664, 0.0 ], [ 40.58912, 71.36021, 0.0 ], [ 38.48078, 70.07785, 0.0 ], [ 35.05989, 68.59495, 0.0 ], [ 30.661404, 67.0568, 0.0 ], [ 25.7159, 65.61383, 0.0 ], [ 20.707457, 64.4074, 0.0 ], [ 16.1263, 63.55542, 0.0 ], [ 12.420904, 63.141502, 0.0 ], [ 9.953957, 63.20608, 0.0 ], [ 8.966976, 63.742817, 0.0 ], [ 9.556557, 64.69916, 0.0 ], [ 11.664981, 65.98148, 0.0 ], [ 15.08586, 67.46446, 0.0 ], [ 19.484322, 69.00269, 0.0 ], [ 24.429829, 70.44558, 0.0 ], [ 29.438265, 71.65207, 0.0 ], [ 34.01945, 72.503944, 0.0 ], [ 37.7248, 72.91796, 0.0 ], [ 40.191807, 72.853424, 0.0 ]] 
boundary 1: [[ 41.178772, 55.683353, 0.0 ], [ 40.19176, 55.146606, 0.0 ], [ 37.724792, 55.08207, 0.0 ], [ 34.019474, 55.496044, 0.0 ], [ 29.438261, 56.34788, 0.0 ], [ 24.429836, 57.55444, 0.0 ], [ 19.484287, 58.99736, 0.0 ], [ 15.085833, 60.535576, 0.0 ], [ 11.66497, 62.01846, 0.0 ], [ 9.55656, 63.300858, 0.0 ], [ 8.96701, 64.257195, 0.0 ], [ 9.953964, 64.79397, 0.0 ], [ 12.420891, 64.85852, 0.0 ], [ 16.1263, 64.44464, 0.0 ], [ 20.707434, 63.592686, 0.0 ], [ 25.715916, 62.38619, 0.0 ], [ 30.661423, 60.9432, 0.0 ], [ 35.059906, 59.40499, 0.0 ], [ 38.48076, 57.922123, 0.0 ], [ 40.58914, 56.639725, 0.0 ]] 
boundary 0: [[ 41.577892, 70.638145, 0.0 ], [ 40.938057, 69.71452, 0.0 ], [ 38.764328, 68.54644, 0.0 ], [ 35.269203, 67.24813, 0.0 ], [ 30.79494, 65.9468, 0.0 ], [ 25.77951, 64.76969, 0.0 ], [ 20.713848, 63.83212, 0.0 ], [ 16.093765, 63.225716, 0.0 ], [ 12.37157, 63.010036, 0.0 ], [ 9.911581, 63.206116, 0.0 ], [ 8.954635, 63.794727, 0.0 ], [ 9.594386, 64.71826, 0.0 ], [ 11.768209, 65.88629, 0.0 ], [ 15.263321, 67.18469, 0.0 ], [ 19.737568, 68.486115, 0.0 ], [ 24.753002, 69.66315, 0.0 ], [ 29.818657, 70.60078, 0.0 ], [ 34.438766, 71.20706, 0.0 ], [ 38.160927, 71.42285, 0.0 ], [ 40.62097, 71.226814, 0.0 ]] 
boundary 1: [[ 41.577892, 57.361843, 0.0 ], [ 40.620926, 56.773212, 0.0 ], [ 38.16092, 56.577183, 0.0 ], [ 34.43879, 56.79293, 0.0 ], [ 29.818655, 57.399185, 0.0 ], [ 24.753006, 58.336872, 0.0 ], [ 19.73753, 59.513935, 0.0 ], [ 15.26329, 60.81535, 0.0 ], [ 11.768201, 62.11365, 0.0 ], [ 9.594387, 63.281754, 0.0 ], [ 8.954665, 64.205284, 0.0 ], [ 9.911584, 64.79393, 0.0 ], [ 12.371555, 64.98999, 0.0 ], [ 16.093765, 64.77435, 0.0 ], [ 20.713821, 64.16795, 0.0 ], [ 25.779522, 63.23034, 0.0 ], [ 30.794958, 62.053204, 0.0 ], [ 35.26922, 60.7518, 0.0 ], [ 38.764313, 59.45351, 0.0 ], [ 40.938087, 58.285404, 0.0 ]] 
boundary 0: [[ 41.750988, 69.75146, 0.0 ], [ 41.085594, 68.84607, 0.0 ], [ 38.880085, 67.73917, 0.0 ], [ 35.350063, 66.539024, 0.0 ], [ 30.841187, 65.363205, 0.0 ], [ 25.794828, 64.326675, 0.0 ], [ 20.70494, 63.531002, 0.0 ], [ 16.069727, 63.05391, 0.0 ], [ 12.342958, 62.942303, 0.0 ], [ 9.88941, 63.207035, 0.0 ], [ 8.949283, 63.82215, 0.0 ], [ 9.614585, 64.727455, 0.0 ], [ 11.820192, 65.8343, 0.0 ], [ 15.350214, 67.03454, 0.0 ], [ 19.859074, 68.21045, 0.0 ], [ 24.905434, 69.246895, 0.0 ], [ 29.995304, 70.04263, 0.0 ], [ 34.63055, 70.51962, 0.0 ], [ 38.35728, 70.631325, 0.0 ], [ 40.81089, 70.36662, 0.0 ]] 
boundary 1: [[ 41.750988, 58.24853, 0.0 ], [ 40.810844, 57.63339, 0.0 ], [ 38.357273, 57.368713, 0.0 ], [ 34.630573, 57.48039, 0.0 ], [ 29.995302, 57.957325, 0.0 ], [ 24.905436, 58.75312, 0.0 ], [ 19.859035, 59.789597, 0.0 ], [ 15.350182, 60.965508, 0.0 ], [ 11.820185, 62.165653, 0.0 ], [ 9.614586, 63.272564, 0.0 ], [ 8.949313, 64.177864, 0.0 ], [ 9.88941, 64.79301, 0.0 ], [ 12.342945, 65.057724, 0.0 ], [ 16.069727, 64.94616, 0.0 ], [ 20.704914, 64.46908, 0.0 ], [ 25.79484, 63.67336, 0.0 ], [ 30.841204, 62.636803, 0.0 ], [ 35.35008, 61.460915, 0.0 ], [ 38.880074, 60.260777, 0.0 ], [ 41.085625, 59.15386, 0.0 ]] 
boundary 0: [[ 41.790894, 69.52614, 0.0 ], [ 41.11911, 68.62548, 0.0 ], [ 38.905815, 67.53422, 0.0 ], [ 35.3674, 66.359085, 0.0 ], [ 30.850315, 65.21521, 0.0 ], [ 25.79674, 64.21444, 0.0 ], [ 20.701355, 63.45479, 0.0 ], [ 16.062878, 63.0105, 0.0 ], [ 12.335412, 62.925278, 0.0 ], [ 9.8838005, 63.207367, 0.0 ], [ 8.948049, 63.829132, 0.0 ], [ 9.619741, 64.7297, 0.0 ], [ 11.833126, 65.820885, 0.0 ], [ 15.371555, 66.996124, 0.0 ], [ 19.888622, 68.1401, 0.0 ], [ 24.942192, 69.1408, 0.0 ], [ 30.037567, 69.900505, 0.0 ], [ 34.67607, 70.34469, 0.0 ], [ 38.40351, 70.43, 0.0 ], [ 40.85518, 70.147934, 0.0 ]] 
boundary 1: [[ 41.790894, 58.47385, 0.0 ], [ 40.855133, 57.85206, 0.0 ], [ 38.403503, 57.570023, 0.0 ], [ 34.676094, 57.65534, 0.0 ], [ 30.037565, 58.099457, 0.0 ], [ 24.942192, 58.859215, 0.0 ], [ 19.888584, 59.859947, 0.0 ], [ 15.371523, 61.00392, 0.0 ], [ 11.833118, 62.17905, 0.0 ], [ 9.619742, 63.27033, 0.0 ], [ 8.948079, 64.17092, 0.0 ], [ 9.883799, 64.79267, 0.0 ], [ 12.335399, 65.074745, 0.0 ], [ 16.062878, 64.98956, 0.0 ], [ 20.701328, 64.54531, 0.0 ], [ 25.796751, 63.785625, 0.0 ], [ 30.850332, 62.784805, 0.0 ], [ 35.367416, 61.64085, 0.0 ], [ 38.9058, 60.465725, 0.0 ], [ 41.11914, 59.37444, 0.0 ]] 
boundary 0: [[ 41.803246, 69.45456, 0.0 ], [ 41.129425, 68.55545, 0.0 ], [ 38.91369, 67.46912, 0.0 ], [ 35.372643, 66.30196, 0.0 ], [ 30.852993, 65.16826, 0.0 ], [ 25.797188, 64.17883, 0.0 ], [ 20.700106, 63.43061, 0.0 ], [ 16.06064, 62.99673, 0.0 ], [ 12.332991, 62.91988, 0.0 ], [ 9.88202, 63.207485, 0.0 ], [ 8.947667, 63.83136, 0.0 ], [ 9.621385, 64.7304, 0.0 ], [ 11.837213, 65.81658, 0.0 ], [ 15.378271, 66.98392, 0.0 ], [ 19.8979, 68.11772, 0.0 ], [ 24.953705, 69.10708, 0.0 ], [ 30.050768, 69.855354, 0.0 ], [ 34.69027, 70.289116, 0.0 ], [ 38.41789, 70.36605, 0.0 ], [ 40.86892, 70.07845, 0.0 ]] 
boundary 1: [[ 41.803246, 58.54541, 0.0 ], [ 40.868874, 57.921524, 0.0 ], [ 38.41788, 57.63398, 0.0 ], [ 34.690292, 57.71093, 0.0 ], [ 30.050766, 58.14462, 0.0 ], [ 24.953705, 58.89294, 0.0 ], [ 19.897861, 59.882324, 0.0 ], [ 15.378239, 61.01613, 0.0 ], [ 11.837205, 62.183315, 0.0 ], [ 9.621386, 63.269627, 0.0 ], [ 8.947698, 64.168724, 0.0 ], [ 9.882018, 64.79259, 0.0 ], [ 12.332977, 65.08014, 0.0 ], [ 16.06064, 65.003334, 0.0 ], [ 20.700079, 64.56949, 0.0 ], [ 25.7972, 63.821266, 0.0 ], [ 30.85301, 62.83179, 0.0 ], [ 35.372658, 61.69797, 0.0 ], [ 38.913673, 60.530804, 0.0 ], [ 41.129456, 59.444496, 0.0 ]] 
boundary 0: [[ 41.806953, 69.43282, 0.0 ], [ 41.13252, 68.53416, 0.0 ], [ 38.916046, 67.44933, 0.0 ], [ 35.37421, 66.284615, 0.0 ], [ 30.853773, 65.154, 0.0 ], [ 25.797306, 64.168, 0.0 ], [ 20.699715, 63.42327, 0.0 ], [ 16.059954, 62.99254, 0.0 ], [ 12.3322525, 62.91824, 0.0 ], [ 9.881478, 63.207527, 0.0 ], [ 8.947554, 63.83203, 0.0 ], [ 9.621885, 64.7306, 0.0 ], [ 11.8384495, 65.81526, 0.0 ], [ 15.380304, 66.980225, 0.0 ], [ 19.9007, 68.11092, 0.0 ], [ 24.957184, 69.09682, 0.0 ], [ 30.054747, 69.84163, 0.0 ], [ 34.694557, 70.27222, 0.0 ], [ 38.422222, 70.34663, 0.0 ], [ 40.87306, 70.05736, 0.0 ]] 
boundary 1: [[ 41.806953, 58.567146, 0.0 ], [ 40.873013, 57.942623, 0.0 ], [ 38.422215, 57.65341, 0.0 ], [ 34.69458, 57.727818, 0.0 ], [ 30.054743, 58.158344, 0.0 ], [ 24.957184, 58.90319, 0.0 ], [ 19.900661, 59.889122, 0.0 ], [ 15.380272, 61.01985, 0.0 ], [ 11.838444, 62.18461, 0.0 ], [ 9.621886, 63.26943, 0.0 ], [ 8.947584, 64.16802, 0.0 ], [ 9.881474, 64.79254, 0.0 ], [ 12.332239, 65.08174, 0.0 ], [ 16.059954, 65.00752, 0.0 ], [ 20.699688, 64.57683, 0.0 ], [ 25.797314, 63.832096, 0.0 ], [ 30.85379, 62.84605, 0.0 ], [ 35.374226, 61.715317, 0.0 ], [ 38.91603, 60.550568, 0.0 ], [ 41.13255, 59.465775, 0.0 ]] 
boundary 0: [[ 41.694176, 70.05739, 0.0 ], [ 41.03752, 69.14564, 0.0 ], [ 38.84277, 68.01754, 0.0 ], [ 35.324463, 66.7835, 0.0 ], [ 30.827084, 65.56439, 0.0 ], [ 25.79095, 64.47934, 0.0 ], [ 20.70896, 63.6347, 0.0 ], [ 16.078547, 63.112988, 0.0 ], [ 12.3530245, 62.965534, 0.0 ], [ 9.897043, 63.206665, 0.0 ], [ 8.95104, 63.812717, 0.0 ], [ 9.607604, 64.72434, 0.0 ], [ 11.802454, 65.8523, 0.0 ], [ 15.320761, 67.086555, 0.0 ], [ 19.818089, 68.30577, 0.0 ], [ 24.854252, 69.390724, 0.0 ], [ 29.936213, 70.23545, 0.0 ], [ 34.566677, 70.75702, 0.0 ], [ 38.292164, 70.90457, 0.0 ], [ 40.748215, 70.66347, 0.0 ]] 
boundary 1: [[ 41.694176, 57.94258, 0.0 ], [ 40.74817, 57.33651, 0.0 ], [ 38.292156, 57.095467, 0.0 ], [ 34.5667, 57.243015, 0.0 ], [ 29.936209, 57.76453, 0.0 ], [ 24.854252, 58.609287, 0.0 ], [ 19.818054, 59.694275, 0.0 ], [ 15.320731, 60.913517, 0.0 ], [ 11.802444, 62.147564, 0.0 ], [ 9.607606, 63.275684, 0.0 ], [ 8.951074, 64.18733, 0.0 ], [ 9.897038, 64.7934, 0.0 ], [ 12.353011, 65.03445, 0.0 ], [ 16.078547, 64.887085, 0.0 ], [ 20.708935, 64.365395, 0.0 ], [ 25.790958, 63.520756, 0.0 ], [ 30.827103, 62.435646, 0.0 ], [ 35.32448, 61.216408, 0.0 ], [ 38.84275, 59.98237, 0.0 ], [ 41.037544, 58.854275, 0.0 ]] 
boundary 0: [[ 41.450928, 71.21693, 0.0 ], [ 40.828125, 70.28174, 0.0 ], [ 38.676178, 69.07399, 0.0 ], [ 35.205437, 67.71188, 0.0 ], [ 30.755743, 66.32883, 0.0 ], [ 25.762749, 65.06, 0.0 ], [ 20.71511, 64.02973, 0.0 ], [ 16.10692, 63.338726, 0.0 ], [ 12.389298, 63.05488, 0.0 ], [ 9.926133, 63.205868, 0.0 ], [ 8.958562, 63.776855, 0.0 ], [ 9.581285, 64.71192, 0.0 ], [ 11.733336, 65.91953, 0.0 ], [ 15.204065, 67.281845, 0.0 ], [ 19.653706, 68.66503, 0.0 ], [ 24.646742, 69.93377, 0.0 ], [ 29.69434, 70.964096, 0.0 ], [ 34.30259, 71.65496, 0.0 ], [ 38.02018, 71.93891, 0.0 ], [ 40.483406, 71.78795, 0.0 ]] 
boundary 1: [[ 41.45092, 56.78303, 0.0 ], [ 40.48336, 56.21202, 0.0 ], [ 38.020172, 56.061115, 0.0 ], [ 34.30262, 56.34506, 0.0 ], [ 29.694336, 57.035873, 0.0 ], [ 24.646742, 58.06625, 0.0 ], [ 19.653675, 59.335014, 0.0 ], [ 15.204037, 60.71821, 0.0 ], [ 11.733322, 62.08033, 0.0 ], [ 9.581288, 63.288105, 0.0 ], [ 8.958595, 64.2232, 0.0 ], [ 9.92613, 64.7942, 0.0 ], [ 12.389284, 64.9451, 0.0 ], [ 16.106924, 64.66136, 0.0 ], [ 20.715086, 63.970364, 0.0 ], [ 25.762756, 62.9401, 0.0 ], [ 30.755766, 61.67122, 0.0 ], [ 35.205452, 60.288033, 0.0 ], [ 38.676155, 58.92591, 0.0 ], [ 40.82814, 57.718166, 0.0 ]] 
boundary 0: [[ 41.03695, 72.83226, 0.0 ], [ 40.46318, 71.8662, 0.0 ], [ 38.376358, 70.54912, 0.0 ], [ 34.98046, 69.00989, 0.0 ], [ 30.607988, 67.399254, 0.0 ], [ 25.68705, 65.87469, 0.0 ], [ 20.699238, 64.58556, 0.0 ], [ 16.132801, 63.65789, 0.0 ], [ 12.434761, 63.182755, 0.0 ], [ 9.967084, 63.206554, 0.0 ], [ 8.971363, 63.7269, 0.0 ], [ 9.545051, 64.69282, 0.0 ], [ 11.631978, 66.009796, 0.0 ], [ 15.027858, 67.54922, 0.0 ], [ 19.40026, 69.15998, 0.0 ], [ 24.321255, 70.68444, 0.0 ], [ 29.309021, 71.97362, 0.0 ], [ 33.87552, 72.90115, 0.0 ], [ 37.573524, 73.37641, 0.0 ], [ 40.041267, 73.352646, 0.0 ]] 
boundary 1: [[ 41.03694, 55.167706, 0.0 ], [ 40.04122, 54.647335, 0.0 ], [ 37.573517, 54.623623, 0.0 ], [ 33.87555, 55.098846, 0.0 ], [ 29.309013, 56.026333, 0.0 ], [ 24.321255, 57.315575, 0.0 ], [ 19.400238, 58.840073, 0.0 ], [ 15.027831, 60.45084, 0.0 ], [ 11.631958, 61.99009, 0.0 ], [ 9.5450535, 63.307198, 0.0 ], [ 8.971398, 64.273155, 0.0 ], [ 9.967087, 64.793526, 0.0 ], [ 12.434744, 64.81723, 0.0 ], [ 16.132814, 64.3422, 0.0 ], [ 20.699219, 63.414543, 0.0 ], [ 25.687061, 62.12541, 0.0 ], [ 30.608013, 60.600796, 0.0 ], [ 34.98047, 58.990044, 0.0 ], [ 38.376328, 57.450798, 0.0 ], [ 40.463196, 56.1337, 0.0 ]] 
boundary 0: [[ 40.573532, 74.32577, 0.0 ], [ 40.047142, 73.3331, 0.0 ], [ 38.026443, 71.916664, 0.0 ], [ 34.708942, 70.21504, 0.0 ], [ 30.419453, 68.394875, 0.0 ], [ 25.57798, 66.63416, 0.0 ], [ 20.658335, 65.10541, 0.0 ], [ 16.14209, 63.95803, 0.0 ], [ 12.471349, 63.304653, 0.0 ], [ 10.005407, 63.209118, 0.0 ], [ 8.985694, 63.680706, 0.0 ], [ 9.512007, 64.67324, 0.0 ], [ 11.53282, 66.08957, 0.0 ], [ 14.850296, 67.79138, 0.0 ], [ 19.139704, 69.61168, 0.0 ], [ 23.981237, 71.37227, 0.0 ], [ 28.90084, 72.90108, 0.0 ], [ 33.417145, 74.048325, 0.0 ], [ 37.087852, 74.70181, 0.0 ], [ 39.553856, 74.79739, 0.0 ]] 
boundary 1: [[ 40.573524, 53.674202, 0.0 ], [ 39.55381, 53.20258, 0.0 ], [ 37.087845, 53.29821, 0.0 ], [ 33.417175, 53.95168, 0.0 ], [ 28.90083, 55.098858, 0.0 ], [ 23.981237, 56.627754, 0.0 ], [ 19.139683, 58.38839, 0.0 ], [ 14.850273, 60.20868, 0.0 ], [ 11.532792, 61.91031, 0.0 ], [ 9.512011, 63.326786, 0.0 ], [ 8.985729, 64.31934, 0.0 ], [ 10.005414, 64.79097, 0.0 ], [ 12.471331, 64.69533, 0.0 ], [ 16.142105, 64.04207, 0.0 ], [ 20.658321, 62.89471, 0.0 ], [ 25.578, 61.365917, 0.0 ], [ 30.419477, 59.60517, 0.0 ], [ 34.70895, 57.78489, 0.0 ], [ 38.026413, 56.083263, 0.0 ], [ 40.047157, 54.666813, 0.0 ]] 
boundary 0: [[ 39.798256, 76.39074, 0.0 ], [ 39.34076, 75.36449, 0.0 ], [ 37.42134, 73.813576, 0.0 ], [ 34.227566, 71.88973, 0.0 ], [ 30.072155, 69.78136, 0.0 ], [ 25.36199, 67.694664, 0.0 ], [ 20.558014, 65.83405, 0.0 ], [ 16.130505, 64.381424, 0.0 ], [ 12.512853, 63.479305, 0.0 ], [ 10.059161, 63.215874, 0.0 ], [ 9.009667, 63.61684, 0.0 ], [ 9.467088, 64.64294, 0.0 ], [ 11.386633, 66.19377, 0.0 ], [ 14.580367, 68.11778, 0.0 ], [ 18.735691, 70.22629, 0.0 ], [ 23.445925, 72.312874, 0.0 ], [ 28.249846, 74.17355, 0.0 ], [ 32.677433, 75.626015, 0.0 ], [ 36.295048, 76.528244, 0.0 ], [ 38.7488, 76.79173, 0.0 ]] 
boundary 1: [[ 39.79825, 51.60924, 0.0 ], [ 38.748753, 51.208237, 0.0 ], [ 36.29504, 51.471764, 0.0 ], [ 32.677464, 52.373978, 0.0 ], [ 28.249834, 53.82639, 0.0 ], [ 23.445925, 55.687145, 0.0 ], [ 18.735672, 57.773773, 0.0 ], [ 14.580346, 59.882267, 0.0 ], [ 11.3866005, 61.80612, 0.0 ], [ 9.4670925, 63.357082, 0.0 ], [ 9.0097065, 64.38321, 0.0 ], [ 10.059174, 64.78422, 0.0 ], [ 12.512833, 64.520676, 0.0 ], [ 16.130527, 63.618675, 0.0 ], [ 20.55801, 62.166073, 0.0 ], [ 25.362011, 60.305424, 0.0 ], [ 30.072182, 58.21869, 0.0 ], [ 34.227573, 56.1102, 0.0 ], [ 37.421303, 54.186348, 0.0 ], [ 39.340775, 52.635426, 0.0 ]] 
boundary 0: [[ 38.802795, 78.560165, 0.0 ], [ 38.42225, 77.50297, 0.0 ], [ 36.622467, 75.81468, 0.0 ], [ 33.579323, 73.66045, 0.0 ], [ 29.590775, 71.25128, 0.0 ], [ 25.047386, 68.822815, 0.0 ], [ 20.39376, 66.612854, 0.0 ], [ 16.08548, 64.83756, 0.0 ], [ 12.544235, 63.67102, 0.0 ], [ 10.116664, 63.227287, 0.0 ], [ 9.040451, 63.549747, 0.0 ], [ 9.420926, 64.60679, 0.0 ], [ 11.220834, 66.29499, 0.0 ], [ 14.263925, 68.44939, 0.0 ], [ 18.252377, 70.85869, 0.0 ], [ 22.795845, 73.28708, 0.0 ], [ 27.44941, 75.49708, 0.0 ], [ 31.75779, 77.27222, 0.0 ], [ 35.298973, 78.43886, 0.0 ], [ 37.726597, 78.882645, 0.0 ]] 
boundary 1: [[ 38.802788, 49.43982, 0.0 ], [ 37.72655, 49.11733, 0.0 ], [ 35.298965, 49.561142, 0.0 ], [ 31.75782, 50.72778, 0.0 ], [ 27.449394, 52.50287, 0.0 ], [ 22.795849, 54.712948, 0.0 ], [ 18.252361, 57.141376, 0.0 ], [ 14.2639065, 59.55067, 0.0 ], [ 11.220793, 61.70489, 0.0 ], [ 9.420935, 63.393227, 0.0 ], [ 9.040494, 64.45031, 0.0 ], [ 10.116683, 64.77279, 0.0 ], [ 12.544214, 64.32896, 0.0 ], [ 16.085508, 63.16254, 0.0 ], [ 20.393764, 61.387264, 0.0 ], [ 25.04741, 59.177288, 0.0 ], [ 29.590803, 56.74876, 0.0 ], [ 33.57933, 54.33946, 0.0 ], [ 36.62242, 52.185253, 0.0 ], [ 38.42225, 50.496952, 0.0 ]] 
boundary 0: [[ 37.857834, 80.29929, 0.0 ], [ 37.542683, 79.220795, 0.0 ], [ 35.84957, 77.425545, 0.0 ], [ 32.943935, 75.08916, 0.0 ], [ 29.11027, 72.44044, 0.0 ], [ 24.723976, 69.73853, 0.0 ], [ 20.21429, 67.24799, 0.0 ], [ 16.022709, 65.212425, 0.0 ], [ 12.559472, 63.831383, 0.0 ], [ 10.163599, 63.239952, 0.0 ], [ 9.069674, 63.495956, 0.0 ], [ 9.384759, 64.5743, 0.0 ], [ 11.077999, 66.36948, 0.0 ], [ 13.983573, 68.706024, 0.0 ], [ 17.817139, 71.35485, 0.0 ], [ 22.20351, 74.05668, 0.0 ], [ 26.713133, 76.54727, 0.0 ], [ 30.90483, 78.5827, 0.0 ], [ 34.36799, 79.96381, 0.0 ], [ 36.763916, 80.55531, 0.0 ]] 
boundary 1: [[ 37.857826, 47.7007, 0.0 ], [ 36.76387, 47.444656, 0.0 ], [ 34.36798, 48.036175, 0.0 ], [ 30.904861, 49.4173, 0.0 ], [ 26.713116, 51.45268, 0.0 ], [ 22.20352, 53.943344, 0.0 ], [ 17.817125, 56.64522, 0.0 ], [ 13.983559, 59.29404, 0.0 ], [ 11.077951, 61.630417, 0.0 ], [ 9.3847685, 63.425716, 0.0 ], [ 9.06972, 64.50409, 0.0 ], [ 10.163624, 64.760124, 0.0 ], [ 12.559451, 64.16859, 0.0 ], [ 16.022741, 62.787678, 0.0 ], [ 20.214308, 60.752132, 0.0 ], [ 24.72401, 58.26156, 0.0 ], [ 29.1103, 55.559586, 0.0 ], [ 32.943943, 52.91076, 0.0 ], [ 35.84952, 50.574394, 0.0 ], [ 37.54268, 48.779133, 0.0 ]] 
boundary 0: [[ 34.755314, 84.7199, 0.0 ], [ 34.62407, 83.60399, 0.0 ], [ 33.253387, 81.55196, 0.0 ], [ 30.77718, 78.76452, 0.0 ], [ 27.437868, 75.51465, 0.0 ], [ 23.562485, 72.120346, 0.0 ], [ 19.530254, 68.91392, 0.0 ], [ 15.735961, 66.20907, 0.0 ], [ 12.550903, 64.27085, 0.0 ], [ 10.286895, 63.288876, 0.0 ], [ 9.165619, 63.359226, 0.0 ], [ 9.296821, 64.474976, 0.0 ], [ 10.667638, 66.52695, 0.0 ], [ 13.143766, 69.31453, 0.0 ], [ 16.482964, 72.564514, 0.0 ], [ 20.358437, 75.95873, 0.0 ], [ 24.390593, 79.1652, 0.0 ], [ 28.185028, 81.86993, 0.0 ], [ 31.369986, 83.80821, 0.0 ], [ 33.63404, 84.79026, 0.0 ]] 
boundary 1: [[ 34.755306, 43.2801, 0.0 ], [ 33.63399, 43.209713, 0.0 ], [ 31.369976, 44.19178, 0.0 ], [ 28.185057, 46.130066, 0.0 ], [ 24.390566, 48.834755, 0.0 ], [ 20.358444, 52.041286, 0.0 ], [ 16.482962, 55.43558, 0.0 ], [ 13.143763, 58.685543, 0.0 ], [ 10.667572, 61.472954, 0.0 ], [ 9.296833, 63.525036, 0.0 ], [ 9.165673, 64.64081, 0.0 ], [ 10.286932, 64.71119, 0.0 ], [ 12.5508795, 63.729122, 0.0 ], [ 15.736006, 61.791023, 0.0 ], [ 19.530285, 59.086193, 0.0 ], [ 23.562534, 55.87973, 0.0 ], [ 27.437902, 52.485367, 0.0 ], [ 30.777166, 49.235394, 0.0 ], [ 33.25333, 46.44799, 0.0 ], [ 34.624054, 44.395947, 0.0 ]] 
boundary 0: [[ 26.23237, 91.92465, 0.0 ], [ 26.488335, 90.8306, 0.0 ], [ 25.896942, 88.43481, 0.0 ], [ 24.515911, 84.971535, 0.0 ], [ 22.480415, 80.77994, 0.0 ], [ 19.989872, 76.27029, 0.0 ], [ 17.287952, 71.88398, 0.0 ], [ 14.639273, 68.05026, 0.0 ], [ 12.3029, 65.14464, 0.0 ], [ 10.507602, 63.45144, 0.0 ], [ 9.429201, 63.136387, 0.0 ], [ 9.173252, 64.230286, 0.0 ], [ 9.764782, 66.62608, 0.0 ], [ 11.145693, 70.08945, 0.0 ], [ 13.181052, 74.28108, 0.0 ], [ 15.671702, 78.79072, 0.0 ], [ 18.373543, 83.17704, 0.0 ], [ 21.022398, 87.01069, 0.0 ], [ 23.358654, 89.916336, 0.0 ], [ 25.153969, 91.60962, 0.0 ]] 
boundary 1: [[ 26.232365, 36.075356, 0.0 ], [ 25.15392, 36.39038, 0.0 ], [ 23.358643, 38.083664, 0.0 ], [ 21.022423, 40.98931, 0.0 ], [ 18.373497, 44.822933, 0.0 ], [ 15.671722, 49.209312, 0.0 ], [ 13.181082, 53.718994, 0.0 ], [ 11.145715, 57.91062, 0.0 ], [ 9.7646885, 61.37385, 0.0 ], [ 9.173269, 63.76973, 0.0 ], [ 9.429262, 64.86362, 0.0 ], [ 10.507661, 64.548615, 0.0 ], [ 12.302866, 62.855343, 0.0 ], [ 14.639347, 59.94981, 0.0 ], [ 17.288017, 56.11612, 0.0 ], [ 19.989944, 51.72977, 0.0 ], [ 22.48045, 47.220055, 0.0 ], [ 24.515877, 43.02839, 0.0 ], [ 25.896875, 39.565178, 0.0 ], [ 26.4883, 37.169353, 0.0 ]] 
boundary 0: [[ 27.189846, 91.34332, 0.0 ], [ 27.407759, 90.24106, 0.0 ], [ 26.733738, 87.867195, 0.0 ], [ 25.233574, 84.45384, 0.0 ], [ 23.054111, 80.335266, 0.0 ], [ 20.408855, 75.91458, 0.0 ], [ 17.556625, 71.6245, 0.0 ], [ 14.776742, 67.88483, 0.0 ], [ 12.341126, 65.061874, 0.0 ], [ 10.488256, 63.431877, 0.0 ], [ 9.39959, 63.154366, 0.0 ], [ 9.1816845, 64.25648, 0.0 ], [ 9.855845, 66.63035, 0.0 ], [ 11.355892, 70.0438, 0.0 ], [ 13.53522, 74.162415, 0.0 ], [ 16.18058, 78.58308, 0.0 ], [ 19.032734, 82.87318, 0.0 ], [ 21.81279, 86.61278, 0.0 ], [ 24.24829, 89.43576, 0.0 ], [ 26.10118, 91.065834, 0.0 ]] 
boundary 1: [[ 27.18984, 36.65668, 0.0 ], [ 26.10113, 36.934162, 0.0 ], [ 24.248278, 38.564243, 0.0 ], [ 21.812813, 41.387222, 0.0 ], [ 19.032688, 45.126793, 0.0 ], [ 16.1806, 49.416954, 0.0 ], [ 13.535247, 53.837658, 0.0 ], [ 11.355911, 57.95627, 0.0 ], [ 9.855755, 61.369587, 0.0 ], [ 9.181702, 63.74354, 0.0 ], [ 9.399651, 64.84564, 0.0 ], [ 10.488314, 64.56818, 0.0 ], [ 12.341093, 62.938107, 0.0 ], [ 14.7768135, 60.11525, 0.0 ], [ 17.556686, 56.375603, 0.0 ], [ 20.408928, 52.085476, 0.0 ], [ 23.054146, 47.664734, 0.0 ], [ 25.233541, 43.546085, 0.0 ], [ 26.733671, 40.13279, 0.0 ], [ 27.407726, 37.75889, 0.0 ]] 
boundary 0: [[ 35.06926, 84.33789, 0.0 ], [ 34.920967, 83.22414, 0.0 ], [ 33.519066, 81.1933, 0.0 ], [ 31.000519, 78.444046, 0.0 ], [ 27.611912, 75.24562, 0.0 ], [ 23.685066, 71.91097, 0.0 ], [ 19.604277, 68.766594, 0.0 ], [ 15.769064, 66.12008, 0.0 ], [ 12.554742, 64.23079, 0.0 ], [ 10.275979, 63.283558, 0.0 ], [ 9.155912, 63.371048, 0.0 ], [ 9.304159, 64.484665, 0.0 ], [ 10.706198, 66.515434, 0.0 ], [ 13.224666, 69.264824, 0.0 ], [ 16.613167, 72.46334, 0.0 ], [ 20.540092, 75.79791, 0.0 ], [ 24.62081, 78.94234, 0.0 ], [ 28.456167, 81.58873, 0.0 ], [ 31.670391, 83.4781, 0.0 ], [ 33.949203, 84.42539, 0.0 ]] 
boundary 1: [[ 35.06926, 43.66212, 0.0 ], [ 33.94915, 43.574593, 0.0 ], [ 31.670378, 44.52191, 0.0 ], [ 28.45619, 46.411278, 0.0 ], [ 24.62078, 49.057613, 0.0 ], [ 20.5401, 52.202126, 0.0 ], [ 16.613165, 55.536736, 0.0 ], [ 13.22466, 58.735252, 0.0 ], [ 10.706131, 61.484474, 0.0 ], [ 9.304172, 63.51536, 0.0 ], [ 9.155967, 64.62898, 0.0 ], [ 10.276015, 64.71652, 0.0 ], [ 12.554716, 63.769184, 0.0 ], [ 15.769106, 61.88002, 0.0 ], [ 19.604301, 59.23353, 0.0 ], [ 23.685118, 56.0891, 0.0 ], [ 27.611944, 52.7544, 0.0 ], [ 31.000507, 49.55587, 0.0 ], [ 33.519005, 46.806664, 0.0 ], [ 34.92095, 44.775826, 0.0 ]] 
boundary 0: [[ 37.882187, 80.257484, 0.0 ], [ 37.565422, 79.179474, 0.0 ], [ 35.86962, 77.38674, 0.0 ], [ 32.960495, 75.054695, 0.0 ], [ 29.122889, 72.41171, 0.0 ], [ 24.732544, 69.716385, 0.0 ], [ 20.219141, 67.232605, 0.0 ], [ 16.02452, 65.20331, 0.0 ], [ 12.559219, 63.82746, 0.0 ], [ 10.162462, 63.23961, 0.0 ], [ 9.068922, 63.497253, 0.0 ], [ 9.38562, 64.575134, 0.0 ], [ 11.08155, 66.367775, 0.0 ], [ 13.990618, 68.699974, 0.0 ], [ 17.828142, 71.34305, 0.0 ], [ 22.218548, 74.03831, 0.0 ], [ 26.731888, 76.52213, 0.0 ], [ 30.926638, 78.551285, 0.0 ], [ 34.391846, 79.92723, 0.0 ], [ 36.788666, 80.51513, 0.0 ]] 
boundary 1: [[ 37.882187, 47.742523, 0.0 ], [ 36.788612, 47.484848, 0.0 ], [ 34.391823, 48.072784, 0.0 ], [ 30.92666, 49.448723, 0.0 ], [ 26.731865, 51.477806, 0.0 ], [ 22.218552, 53.96174, 0.0 ], [ 17.828123, 56.657024, 0.0 ], [ 13.990598, 59.30011, 0.0 ], [ 11.081498, 61.63213, 0.0 ], [ 9.38563, 63.4249, 0.0 ], [ 9.068973, 64.50279, 0.0 ], [ 10.162485, 64.76047, 0.0 ], [ 12.559197, 64.17252, 0.0 ], [ 16.024548, 62.796803, 0.0 ], [ 20.219147, 60.767525, 0.0 ], [ 24.732582, 58.2837, 0.0 ], [ 29.12292, 55.588306, 0.0 ], [ 32.960503, 52.94522, 0.0 ], [ 35.86956, 50.613205, 0.0 ], [ 37.565414, 48.820484, 0.0 ]] 
boundary 0: [[ 39.55443, 76.96282, 0.0 ], [ 39.116745, 75.92801, 0.0 ], [ 37.2275, 74.34041, 0.0 ], [ 34.071316, 72.35548, 0.0 ], [ 29.957241, 70.16758, 0.0 ], [ 25.28807, 67.99071, 0.0 ], [ 20.520775, 66.03806, 0.0 ], [ 16.12203, 64.50054, 0.0 ], [ 12.522391, 63.529015, 0.0 ], [ 10.074218, 63.218433, 0.0 ], [ 9.017212, 63.599155, 0.0 ], [ 9.45481, 64.63386, 0.0 ], [ 11.344178, 66.22132, 0.0 ], [ 14.50032, 68.206406, 0.0 ], [ 18.614319, 70.39444, 0.0 ], [ 23.28355, 72.57122, 0.0 ], [ 28.050785, 74.52392, 0.0 ], [ 32.449646, 76.06127, 0.0 ], [ 36.049206, 77.03292, 0.0 ], [ 38.497437, 77.34355, 0.0 ]] 
boundary 1: [[ 39.55443, 51.03719, 0.0 ], [ 38.49739, 50.656433, 0.0 ], [ 36.049175, 50.9671, 0.0 ], [ 32.44966, 51.938736, 0.0 ], [ 28.050772, 53.476006, 0.0 ], [ 23.283548, 55.428825, 0.0 ], [ 18.614294, 57.605633, 0.0 ], [ 14.500289, 59.79366, 0.0 ], [ 11.344139, 61.77858, 0.0 ], [ 9.454817, 63.366165, 0.0 ], [ 9.017255, 64.4009, 0.0 ], [ 10.074232, 64.78165, 0.0 ], [ 12.522371, 64.47096, 0.0 ], [ 16.122046, 63.499565, 0.0 ], [ 20.520763, 61.96208, 0.0 ], [ 25.288101, 60.009384, 0.0 ], [ 29.957272, 57.83245, 0.0 ], [ 34.07133, 55.644432, 0.0 ], [ 37.227448, 53.659515, 0.0 ], [ 39.116737, 52.071968, 0.0 ]] 
boundary 0: [[ 40.517555, 74.490425, 0.0 ], [ 39.996506, 73.494995, 0.0 ], [ 37.983444, 72.06764, 0.0 ], [ 34.67514, 70.34818, 0.0 ], [ 30.395525, 68.50498, 0.0 ], [ 25.563583, 66.71827, 0.0 ], [ 20.652237, 65.16309, 0.0 ], [ 16.142235, 63.99143, 0.0 ], [ 12.475055, 63.318314, 0.0 ], [ 10.00966, 63.209515, 0.0 ], [ 8.987429, 63.675613, 0.0 ], [ 9.508395, 64.67097, 0.0 ], [ 11.521562, 66.09816, 0.0 ], [ 14.829842, 67.81778, 0.0 ], [ 19.109392, 69.66113, 0.0 ], [ 23.941385, 71.44772, 0.0 ], [ 28.852674, 73.00295, 0.0 ], [ 33.362778, 74.174446, 0.0 ], [ 37.029877, 74.8477, 0.0 ], [ 39.495346, 74.95654, 0.0 ]] 
boundary 1: [[ 40.517555, 53.50958, 0.0 ], [ 39.4953, 53.04344, 0.0 ], [ 37.029846, 53.152313, 0.0 ], [ 33.362793, 53.825546, 0.0 ], [ 28.852667, 54.996956, 0.0 ], [ 23.94138, 56.552322, 0.0 ], [ 19.10936, 58.33895, 0.0 ], [ 14.829806, 60.182285, 0.0 ], [ 11.521531, 61.901737, 0.0 ], [ 9.508398, 63.32906, 0.0 ], [ 8.987468, 64.32443, 0.0 ], [ 10.009666, 64.79057, 0.0 ], [ 12.475038, 64.68167, 0.0 ], [ 16.142239, 64.00868, 0.0 ], [ 20.65221, 62.837044, 0.0 ], [ 25.563606, 61.281815, 0.0 ], [ 30.39555, 59.49506, 0.0 ], [ 34.675156, 57.651733, 0.0 ], [ 37.98339, 55.93229, 0.0 ], [ 39.9965, 54.50499, 0.0 ]] 
boundary 0: [[ 41.178772, 72.31664, 0.0 ], [ 40.589096, 71.36027, 0.0 ], [ 38.480774, 70.07782, 0.0 ], [ 35.059875, 68.59493, 0.0 ], [ 30.66138, 67.056854, 0.0 ], [ 25.715893, 65.61386, 0.0 ], [ 20.707455, 64.40745, 0.0 ], [ 16.126305, 63.555412, 0.0 ], [ 12.420906, 63.141502, 0.0 ], [ 9.9539585, 63.20611, 0.0 ], [ 8.966985, 63.742844, 0.0 ], [ 9.556564, 64.69916, 0.0 ], [ 11.664991, 65.98144, 0.0 ], [ 15.085869, 67.464485, 0.0 ], [ 19.484308, 69.00273, 0.0 ], [ 24.429836, 70.445564, 0.0 ], [ 29.438225, 71.652054, 0.0 ], [ 34.01947, 72.503914, 0.0 ], [ 37.724785, 72.91799, 0.0 ], [ 40.191814, 72.8534, 0.0 ]] 
boundary 1: [[ 41.178772, 55.683353, 0.0 ], [ 40.191784, 55.146584, 0.0 ], [ 37.724754, 55.08203, 0.0 ], [ 34.01949, 55.496075, 0.0 ], [ 29.438225, 56.34785, 0.0 ], [ 24.429832, 57.55447, 0.0 ], [ 19.484266, 58.997337, 0.0 ], [ 15.085829, 60.535576, 0.0 ], [ 11.6649685, 62.01845, 0.0 ], [ 9.556566, 63.300877, 0.0 ], [ 8.967018, 64.25721, 0.0 ], [ 9.953957, 64.79398, 0.0 ], [ 12.42089, 64.8585, 0.0 ], [ 16.126295, 64.44471, 0.0 ], [ 20.707418, 63.592686, 0.0 ], [ 25.715912, 62.386204, 0.0 ], [ 30.661402, 60.943207, 0.0 ], [ 35.0599, 59.404984, 0.0 ], [ 38.48073, 57.92211, 0.0 ], [ 40.58909, 56.639706, 0.0 ]] 
boundary 0: [[ 41.577892, 70.638145, 0.0 ], [ 40.93804, 69.714584, 0.0 ], [ 38.76432, 68.54641, 0.0 ], [ 35.269188, 67.248116, 0.0 ], [ 30.794924, 65.946846, 0.0 ], [ 25.779507, 64.76972, 0.0 ], [ 20.713848, 63.832165, 0.0 ], [ 16.09377, 63.225708, 0.0 ], [ 12.371572, 63.010036, 0.0 ], [ 9.911583, 63.206142, 0.0 ], [ 8.954644, 63.794754, 0.0 ], [ 9.594394, 64.718254, 0.0 ], [ 11.768215, 65.886246, 0.0 ], [ 15.263329, 67.184715, 0.0 ], [ 19.737556, 68.48616, 0.0 ], [ 24.75301, 69.66313, 0.0 ], [ 29.818617, 70.60076, 0.0 ], [ 34.43879, 71.20703, 0.0 ], [ 38.16091, 71.42288, 0.0 ], [ 40.62098, 71.22678, 0.0 ]] 
boundary 1: [[ 41.577892, 57.361843, 0.0 ], [ 40.62095, 56.773197, 0.0 ], [ 38.16088, 56.577145, 0.0 ], [ 34.438805, 56.79296, 0.0 ], [ 29.818619, 57.399155, 0.0 ], [ 24.753002, 58.336903, 0.0 ], [ 19.73751, 59.513912, 0.0 ], [ 15.263287, 60.81535, 0.0 ], [ 11.768199, 62.113644, 0.0 ], [ 9.594394, 63.281773, 0.0 ], [ 8.954673, 64.2053, 0.0 ], [ 9.911575, 64.793945, 0.0 ], [ 12.371554, 64.98997, 0.0 ], [ 16.093758, 64.77442, 0.0 ], [ 20.713806, 64.16795, 0.0 ], [ 25.779518, 63.230354, 0.0 ], [ 30.794937, 62.05321, 0.0 ], [ 35.26922, 60.751793, 0.0 ], [ 38.764282, 59.4535, 0.0 ], [ 40.938034, 58.285385, 0.0 ]] 
boundary 0: [[ 41.750988, 69.75146, 0.0 ], [ 41.08558, 68.84613, 0.0 ], [ 38.880077, 67.739136, 0.0 ], [ 35.350048, 66.53901, 0.0 ], [ 30.841173, 65.363266, 0.0 ], [ 25.794825, 64.326706, 0.0 ], [ 20.70494, 63.531048, 0.0 ], [ 16.06973, 63.0539, 0.0 ], [ 12.34296, 62.942303, 0.0 ], [ 9.889412, 63.20706, 0.0 ], [ 8.949293, 63.822178, 0.0 ], [ 9.614593, 64.72745, 0.0 ], [ 11.820196, 65.83425, 0.0 ], [ 15.350222, 67.03457, 0.0 ], [ 19.859062, 68.210495, 0.0 ], [ 24.90544, 69.24688, 0.0 ], [ 29.995264, 70.04262, 0.0 ], [ 34.630573, 70.51959, 0.0 ], [ 38.357265, 70.631355, 0.0 ], [ 40.810898, 70.36659, 0.0 ]] 
boundary 1: [[ 41.750988, 58.24853, 0.0 ], [ 40.810867, 57.633373, 0.0 ], [ 38.357235, 57.36867, 0.0 ], [ 34.63059, 57.48042, 0.0 ], [ 29.995268, 57.957294, 0.0 ], [ 24.905428, 58.75315, 0.0 ], [ 19.859016, 59.789574, 0.0 ], [ 15.350178, 60.965508, 0.0 ], [ 11.820183, 62.165646, 0.0 ], [ 9.614592, 63.272583, 0.0 ], [ 8.949321, 64.17788, 0.0 ], [ 9.889401, 64.79302, 0.0 ], [ 12.342943, 65.0577, 0.0 ], [ 16.069714, 64.94623, 0.0 ], [ 20.704899, 64.46908, 0.0 ], [ 25.794836, 63.673374, 0.0 ], [ 30.841183, 62.63681, 0.0 ], [ 35.35008, 61.460907, 0.0 ], [ 38.880043, 60.26077, 0.0 ], [ 41.08557, 59.153835, 0.0 ]] 
boundary 0: [[ 41.790894, 69.52614, 0.0 ], [ 41.119095, 68.62555, 0.0 ], [ 38.905807, 67.53419, 0.0 ], [ 35.367386, 66.35907, 0.0 ], [ 30.850302, 65.21527, 0.0 ], [ 25.796736, 64.21447, 0.0 ], [ 20.701355, 63.454834, 0.0 ], [ 16.062881, 63.010494, 0.0 ], [ 12.335414, 62.925278, 0.0 ], [ 9.883802, 63.207394, 0.0 ], [ 8.948059, 63.82916, 0.0 ], [ 9.619749, 64.72969, 0.0 ], [ 11.83313, 65.82084, 0.0 ], [ 15.371563, 66.996155, 0.0 ], [ 19.88861, 68.140144, 0.0 ], [ 24.942196, 69.140785, 0.0 ], [ 30.037527, 69.90049, 0.0 ], [ 34.676094, 70.34466, 0.0 ], [ 38.403496, 70.43003, 0.0 ], [ 40.855186, 70.1479, 0.0 ]] 
boundary 1: [[ 41.790894, 58.47385, 0.0 ], [ 40.855156, 57.852043, 0.0 ], [ 38.403465, 57.56998, 0.0 ], [ 34.67611, 57.65537, 0.0 ], [ 30.03753, 58.099426, 0.0 ], [ 24.942184, 58.859245, 0.0 ], [ 19.888565, 59.859924, 0.0 ], [ 15.371519, 61.00392, 0.0 ], [ 11.833117, 62.179043, 0.0 ], [ 9.619747, 63.270344, 0.0 ], [ 8.948087, 64.17094, 0.0 ], [ 9.88379, 64.79269, 0.0 ], [ 12.335397, 65.07472, 0.0 ], [ 16.062862, 64.98963, 0.0 ], [ 20.701313, 64.54531, 0.0 ], [ 25.796747, 63.78564, 0.0 ], [ 30.850311, 62.78481, 0.0 ], [ 35.367416, 61.640842, 0.0 ], [ 38.90577, 60.465717, 0.0 ], [ 41.119087, 59.374416, 0.0 ]] 
boundary 0: [[ 41.803246, 69.45456, 0.0 ], [ 41.12941, 68.55551, 0.0 ], [ 38.91368, 67.469086, 0.0 ], [ 35.372627, 66.30195, 0.0 ], [ 30.85298, 65.16832, 0.0 ], [ 25.797184, 64.17886, 0.0 ], [ 20.700106, 63.430656, 0.0 ], [ 16.060644, 62.996723, 0.0 ], [ 12.332993, 62.91988, 0.0 ], [ 9.882022, 63.20751, 0.0 ], [ 8.947678, 63.831387, 0.0 ], [ 9.621392, 64.73039, 0.0 ], [ 11.837216, 65.816536, 0.0 ], [ 15.378279, 66.98395, 0.0 ], [ 19.897888, 68.11777, 0.0 ], [ 24.953709, 69.10706, 0.0 ], [ 30.050728, 69.85534, 0.0 ], [ 34.690292, 70.289085, 0.0 ], [ 38.417873, 70.36608, 0.0 ], [ 40.868927, 70.07842, 0.0 ]] 
boundary 1: [[ 41.803246, 58.54541, 0.0 ], [ 40.868896, 57.92151, 0.0 ], [ 38.417843, 57.63394, 0.0 ], [ 34.690308, 57.71096, 0.0 ], [ 30.050732, 58.14459, 0.0 ], [ 24.953697, 58.89297, 0.0 ], [ 19.897842, 59.8823, 0.0 ], [ 15.378235, 61.01613, 0.0 ], [ 11.837203, 62.183308, 0.0 ], [ 9.62139, 63.26964, 0.0 ], [ 8.947705, 64.16874, 0.0 ], [ 9.8820095, 64.7926, 0.0 ], [ 12.332975, 65.08012, 0.0 ], [ 16.060625, 65.0034, 0.0 ], [ 20.700064, 64.56949, 0.0 ], [ 25.797195, 63.82128, 0.0 ], [ 30.85299, 62.831795, 0.0 ], [ 35.372658, 61.697964, 0.0 ], [ 38.913643, 60.530796, 0.0 ], [ 41.129402, 59.444473, 0.0 ]] 
boundary 0: [[ 41.806953, 69.43282, 0.0 ], [ 41.132504, 68.53422, 0.0 ], [ 38.91604, 67.4493, 0.0 ], [ 35.374195, 66.2846, 0.0 ], [ 30.85376, 65.15406, 0.0 ], [ 25.797302, 64.16803, 0.0 ], [ 20.699715, 63.423317, 0.0 ], [ 16.059958, 62.99253, 0.0 ], [ 12.332254, 62.91824, 0.0 ], [ 9.881481, 63.207554, 0.0 ], [ 8.947563, 63.832058, 0.0 ], [ 9.621893, 64.73059, 0.0 ], [ 11.838453, 65.815216, 0.0 ], [ 15.380312, 66.980255, 0.0 ], [ 19.900688, 68.11097, 0.0 ], [ 24.957188, 69.0968, 0.0 ], [ 30.054707, 69.84161, 0.0 ], [ 34.69458, 70.27219, 0.0 ], [ 38.422207, 70.34666, 0.0 ], [ 40.873066, 70.05733, 0.0 ]] 
boundary 1: [[ 41.806953, 58.567146, 0.0 ], [ 40.873035, 57.942608, 0.0 ], [ 38.422176, 57.653374, 0.0 ], [ 34.694595, 57.727848, 0.0 ], [ 30.054708, 58.158314, 0.0 ], [ 24.957176, 58.90322, 0.0 ], [ 19.900642, 59.8891, 0.0 ], [ 15.380268, 61.01985, 0.0 ], [ 11.838442, 62.1846, 0.0 ], [ 9.621891, 63.269444, 0.0 ], [ 8.947592, 64.16804, 0.0 ], [ 9.881465, 64.79256, 0.0 ], [ 12.332237, 65.08172, 0.0 ], [ 16.059938, 65.00759, 0.0 ], [ 20.699673, 64.57683, 0.0 ], [ 25.79731, 63.83211, 0.0 ], [ 30.853771, 62.846054, 0.0 ], [ 35.374226, 61.71531, 0.0 ], [ 38.916, 60.55056, 0.0 ], [ 41.132496, 59.46575, 0.0 ]] 
boundary 0: [[ 41.694176, 70.05739, 0.0 ], [ 41.0375, 69.1457, 0.0 ], [ 38.842762, 68.01751, 0.0 ], [ 35.324448, 66.783485, 0.0 ], [ 30.82707, 65.56445, 0.0 ], [ 25.790945, 64.47937, 0.0 ], [ 20.70896, 63.634747, 0.0 ], [ 16.07855, 63.11298, 0.0 ], [ 12.353026, 62.965534, 0.0 ], [ 9.897045, 63.20669, 0.0 ], [ 8.951049, 63.812744, 0.0 ], [ 9.607613, 64.724335, 0.0 ], [ 11.802458, 65.85226, 0.0 ], [ 15.320768, 67.086586, 0.0 ], [ 19.818077, 68.30582, 0.0 ], [ 24.854256, 69.39071, 0.0 ], [ 29.936172, 70.235435, 0.0 ], [ 34.5667, 70.75699, 0.0 ], [ 38.29215, 70.9046, 0.0 ], [ 40.748222, 70.66344, 0.0 ]] 
boundary 1: [[ 41.694176, 57.94258, 0.0 ], [ 40.74819, 57.336494, 0.0 ], [ 38.292118, 57.09543, 0.0 ], [ 34.566715, 57.243046, 0.0 ], [ 29.936174, 57.7645, 0.0 ], [ 24.854244, 58.609318, 0.0 ], [ 19.818035, 59.694252, 0.0 ], [ 15.320727, 60.913517, 0.0 ], [ 11.802443, 62.147556, 0.0 ], [ 9.607611, 63.2757, 0.0 ], [ 8.951081, 64.18735, 0.0 ], [ 9.897031, 64.79342, 0.0 ], [ 12.353008, 65.034424, 0.0 ], [ 16.078531, 64.88715, 0.0 ], [ 20.70892, 64.365395, 0.0 ], [ 25.790958, 63.52077, 0.0 ], [ 30.827084, 62.43565, 0.0 ], [ 35.32448, 61.2164, 0.0 ], [ 38.84272, 59.98236, 0.0 ], [ 41.03749, 58.85425, 0.0 ]] 
boundary 0: [[ 41.450928, 71.21693, 0.0 ], [ 40.828094, 70.2818, 0.0 ], [ 38.67617, 69.07396, 0.0 ], [ 35.20542, 67.71187, 0.0 ], [ 30.755728, 66.32889, 0.0 ], [ 25.762741, 65.06003, 0.0 ], [ 20.715103, 64.02978, 0.0 ], [ 16.106924, 63.33872, 0.0 ], [ 12.3893, 63.05488, 0.0 ], [ 9.926133, 63.205894, 0.0 ], [ 8.95857, 63.776882, 0.0 ], [ 9.581294, 64.711914, 0.0 ], [ 11.733343, 65.91949, 0.0 ], [ 15.204073, 67.281876, 0.0 ], [ 19.65369, 68.66508, 0.0 ], [ 24.646746, 69.933754, 0.0 ], [ 29.6943, 70.96408, 0.0 ], [ 34.30262, 71.65493, 0.0 ], [ 38.020164, 71.93894, 0.0 ], [ 40.48342, 71.78792, 0.0 ]] 
boundary 1: [[ 41.45092, 56.78303, 0.0 ], [ 40.483383, 56.211998, 0.0 ], [ 38.020134, 56.061085, 0.0 ], [ 34.302635, 56.34509, 0.0 ], [ 29.6943, 57.035843, 0.0 ], [ 24.646736, 58.06628, 0.0 ], [ 19.653652, 59.33499, 0.0 ], [ 15.204033, 60.71821, 0.0 ], [ 11.733319, 62.080322, 0.0 ], [ 9.581293, 63.28812, 0.0 ], [ 8.958603, 64.223206, 0.0 ], [ 9.926124, 64.79421, 0.0 ], [ 12.389282, 64.945076, 0.0 ], [ 16.106909, 64.66143, 0.0 ], [ 20.71507, 63.970364, 0.0 ], [ 25.762756, 62.940117, 0.0 ], [ 30.755747, 61.671223, 0.0 ], [ 35.205452, 60.288025, 0.0 ], [ 38.676125, 58.92591, 0.0 ], [ 40.828087, 57.718143, 0.0 ]] 
boundary 0: [[ 41.03695, 72.83226, 0.0 ], [ 40.46315, 71.866264, 0.0 ], [ 38.376358, 70.54909, 0.0 ], [ 34.980446, 69.00987, 0.0 ], [ 30.607971, 67.399315, 0.0 ], [ 25.687042, 65.87472, 0.0 ], [ 20.699226, 64.58561, 0.0 ], [ 16.132809, 63.657883, 0.0 ], [ 12.434763, 63.182755, 0.0 ], [ 9.967083, 63.20658, 0.0 ], [ 8.971369, 63.726925, 0.0 ], [ 9.545059, 64.69281, 0.0 ], [ 11.631986, 66.00975, 0.0 ], [ 15.027863, 67.54925, 0.0 ], [ 19.400246, 69.16003, 0.0 ], [ 24.321259, 70.684425, 0.0 ], [ 29.30898, 71.9736, 0.0 ], [ 33.875553, 72.90112, 0.0 ], [ 37.5735, 73.37644, 0.0 ], [ 40.041283, 73.352615, 0.0 ]] 
boundary 1: [[ 41.03694, 55.167706, 0.0 ], [ 40.041245, 54.647312, 0.0 ], [ 37.57347, 54.6236, 0.0 ], [ 33.87557, 55.098877, 0.0 ], [ 29.308977, 56.026302, 0.0 ], [ 24.32125, 57.315605, 0.0 ], [ 19.400215, 58.84005, 0.0 ], [ 15.027827, 60.45084, 0.0 ], [ 11.631954, 61.99008, 0.0 ], [ 9.54506, 63.307213, 0.0 ], [ 8.971407, 64.27316, 0.0 ], [ 9.967081, 64.79354, 0.0 ], [ 12.434742, 64.81721, 0.0 ], [ 16.132803, 64.34227, 0.0 ], [ 20.699203, 63.414543, 0.0 ], [ 25.687061, 62.125423, 0.0 ], [ 30.607994, 60.6008, 0.0 ], [ 34.98047, 58.990036, 0.0 ], [ 38.376297, 57.450798, 0.0 ], [ 40.463135, 56.133686, 0.0 ]] 
boundary 0: [[ 40.573532, 74.32577, 0.0 ], [ 40.04711, 73.33316, 0.0 ], [ 38.026443, 71.91663, 0.0 ], [ 34.708927, 70.21503, 0.0 ], [ 30.41943, 68.394936, 0.0 ], [ 25.577972, 66.63419, 0.0 ], [ 20.658321, 65.10545, 0.0 ], [ 16.142097, 63.958023, 0.0 ], [ 12.471351, 63.304653, 0.0 ], [ 10.005403, 63.209145, 0.0 ], [ 8.985697, 63.680733, 0.0 ], [ 9.512015, 64.67323, 0.0 ], [ 11.532829, 66.08952, 0.0 ], [ 14.850298, 67.79142, 0.0 ], [ 19.139687, 69.611725, 0.0 ], [ 23.981241, 71.37225, 0.0 ], [ 28.9008, 72.90106, 0.0 ], [ 33.417183, 74.048294, 0.0 ], [ 37.08783, 74.70184, 0.0 ], [ 39.55387, 74.79736, 0.0 ]] 
boundary 1: [[ 40.573524, 53.674202, 0.0 ], [ 39.553833, 53.202557, 0.0 ], [ 37.0878, 53.298187, 0.0 ], [ 33.4172, 53.95171, 0.0 ], [ 28.900793, 55.098827, 0.0 ], [ 23.98124, 56.627785, 0.0 ], [ 19.13966, 58.388374, 0.0 ], [ 14.850269, 60.20868, 0.0 ], [ 11.532787, 61.910305, 0.0 ], [ 9.512019, 63.3268, 0.0 ], [ 8.985738, 64.31934, 0.0 ], [ 10.005409, 64.790985, 0.0 ], [ 12.471327, 64.695305, 0.0 ], [ 16.142097, 64.04214, 0.0 ], [ 20.658306, 62.89471, 0.0 ], [ 25.578, 61.365932, 0.0 ], [ 30.419458, 59.60518, 0.0 ], [ 34.70895, 57.78488, 0.0 ], [ 38.026382, 56.083263, 0.0 ], [ 40.047096, 54.666798, 0.0 ]] 
boundary 0: [[ 39.798256, 76.39074, 0.0 ], [ 39.34073, 75.36455, 0.0 ], [ 37.421345, 73.813545, 0.0 ], [ 34.22755, 71.88971, 0.0 ], [ 30.07213, 69.78142, 0.0 ], [ 25.361982, 67.694695, 0.0 ], [ 20.558002, 65.8341, 0.0 ], [ 16.130512, 64.38142, 0.0 ], [ 12.512855, 63.479305, 0.0 ], [ 10.059155, 63.2159, 0.0 ], [ 9.009668, 63.616867, 0.0 ], [ 9.467097, 64.64293, 0.0 ], [ 11.386649, 66.193726, 0.0 ], [ 14.580368, 68.11783, 0.0 ], [ 18.735668, 70.226326, 0.0 ], [ 23.445929, 72.31286, 0.0 ], [ 28.24981, 74.17354, 0.0 ], [ 32.67747, 75.625984, 0.0 ], [ 36.29502, 76.528275, 0.0 ], [ 38.748814, 76.7917, 0.0 ]] 
boundary 1: [[ 39.79825, 51.60924, 0.0 ], [ 38.748775, 51.20821, 0.0 ], [ 36.294994, 51.47175, 0.0 ], [ 32.677486, 52.37401, 0.0 ], [ 28.249798, 53.82637, 0.0 ], [ 23.445934, 55.687176, 0.0 ], [ 18.73565, 57.773758, 0.0 ], [ 14.580342, 59.882267, 0.0 ], [ 11.386593, 61.806118, 0.0 ], [ 9.467103, 63.357098, 0.0 ], [ 9.009714, 64.3832, 0.0 ], [ 10.05917, 64.78423, 0.0 ], [ 12.512827, 64.52065, 0.0 ], [ 16.13052, 63.618744, 0.0 ], [ 20.557995, 62.166073, 0.0 ], [ 25.362011, 60.30544, 0.0 ], [ 30.072163, 58.2187, 0.0 ], [ 34.227573, 56.11019, 0.0 ], [ 37.421272, 54.186348, 0.0 ], [ 39.340714, 52.63541, 0.0 ]] 
boundary 0: [[ 38.802795, 78.560165, 0.0 ], [ 38.42221, 77.50302, 0.0 ], [ 36.622482, 75.81465, 0.0 ], [ 33.579308, 73.66044, 0.0 ], [ 29.590748, 71.25134, 0.0 ], [ 25.047375, 68.82283, 0.0 ], [ 20.393745, 66.61289, 0.0 ], [ 16.085487, 64.837555, 0.0 ], [ 12.544237, 63.67102, 0.0 ], [ 10.116657, 63.227314, 0.0 ], [ 9.040448, 63.549774, 0.0 ], [ 9.420938, 64.60679, 0.0 ], [ 11.220855, 66.294945, 0.0 ], [ 14.263922, 68.44943, 0.0 ], [ 18.252354, 70.858734, 0.0 ], [ 22.795849, 73.28706, 0.0 ], [ 27.449375, 75.49706, 0.0 ], [ 31.757828, 77.27219, 0.0 ], [ 35.29895, 78.43889, 0.0 ], [ 37.72662, 78.882614, 0.0 ]] 
boundary 1: [[ 38.802788, 49.43982, 0.0 ], [ 37.726574, 49.1173, 0.0 ], [ 35.29892, 49.561127, 0.0 ], [ 31.757843, 50.727802, 0.0 ], [ 27.449356, 52.502853, 0.0 ], [ 22.795856, 54.71297, 0.0 ], [ 18.252338, 57.141365, 0.0 ], [ 14.263903, 59.55067, 0.0 ], [ 11.220784, 61.704884, 0.0 ], [ 9.420946, 63.39324, 0.0 ], [ 9.040502, 64.4503, 0.0 ], [ 10.11668, 64.772804, 0.0 ], [ 12.544207, 64.32893, 0.0 ], [ 16.085505, 63.16261, 0.0 ], [ 20.39375, 61.387264, 0.0 ], [ 25.04741, 59.177303, 0.0 ], [ 29.590786, 56.748775, 0.0 ], [ 33.57933, 54.33945, 0.0 ], [ 36.62239, 52.185253, 0.0 ], [ 38.422188, 50.49694, 0.0 ]] 
boundary 0: [[ 37.857834, 80.29929, 0.0 ], [ 37.54264, 79.220856, 0.0 ], [ 35.849586, 77.425514, 0.0 ], [ 32.94392, 75.08914, 0.0 ], [ 29.110239, 72.4405, 0.0 ], [ 24.723965, 69.73855, 0.0 ], [ 20.214275, 67.24803, 0.0 ], [ 16.022717, 65.21242, 0.0 ], [ 12.559474, 63.831383, 0.0 ], [ 10.163592, 63.23998, 0.0 ], [ 9.069669, 63.495983, 0.0 ], [ 9.38477, 64.5743, 0.0 ], [ 11.078022, 66.36943, 0.0 ], [ 13.983564, 68.70607, 0.0 ], [ 17.817114, 71.3549, 0.0 ], [ 22.20352, 74.05666, 0.0 ], [ 26.7131, 76.54726, 0.0 ], [ 30.904873, 78.58267, 0.0 ], [ 34.367966, 79.963844, 0.0 ], [ 36.76394, 80.55529, 0.0 ]] 
boundary 1: [[ 37.857826, 47.7007, 0.0 ], [ 36.763885, 47.444626, 0.0 ], [ 34.367935, 48.036167, 0.0 ], [ 30.904886, 49.417324, 0.0 ], [ 26.713078, 51.452663, 0.0 ], [ 22.203527, 53.943367, 0.0 ], [ 17.817102, 56.64521, 0.0 ], [ 13.983555, 59.29404, 0.0 ], [ 11.077943, 61.63041, 0.0 ], [ 9.38478, 63.425728, 0.0 ], [ 9.069728, 64.50408, 0.0 ], [ 10.163622, 64.76014, 0.0 ], [ 12.5594425, 64.16857, 0.0 ], [ 16.02274, 62.787746, 0.0 ], [ 20.214293, 60.752132, 0.0 ], [ 24.72401, 58.261574, 0.0 ], [ 29.110285, 55.5596, 0.0 ], [ 32.94394, 52.91075, 0.0 ], [ 35.84949, 50.574394, 0.0 ], [ 37.542618, 48.77913, 0.0 ]] 
boundary 0: [[ 34.755314, 84.7199, 0.0 ], [ 34.624016, 83.60405, 0.0 ], [ 33.253403, 81.55193, 0.0 ], [ 30.777164, 78.7645, 0.0 ], [ 27.437828, 75.5147, 0.0 ], [ 23.562473, 72.12036, 0.0 ], [ 19.530235, 68.913956, 0.0 ], [ 15.735969, 66.20906, 0.0 ], [ 12.550905, 64.27085, 0.0 ], [ 10.286885, 63.288902, 0.0 ], [ 9.165609, 63.359253, 0.0 ], [ 9.296831, 64.47498, 0.0 ], [ 10.667669, 66.5269, 0.0 ], [ 13.143749, 69.314575, 0.0 ], [ 16.482933, 72.564545, 0.0 ], [ 20.358444, 75.95872, 0.0 ], [ 24.390564, 79.165184, 0.0 ], [ 28.185076, 81.86991, 0.0 ], [ 31.36996, 83.80824, 0.0 ], [ 33.634064, 84.790245, 0.0 ]] 
boundary 1: [[ 34.755306, 43.2801, 0.0 ], [ 33.634003, 43.209682, 0.0 ], [ 31.36993, 44.19178, 0.0 ], [ 28.18509, 46.13009, 0.0 ], [ 24.390528, 48.834755, 0.0 ], [ 20.358456, 52.041306, 0.0 ], [ 16.482939, 55.435577, 0.0 ], [ 13.143759, 58.685543, 0.0 ], [ 10.6675625, 61.47295, 0.0 ], [ 9.296846, 63.525047, 0.0 ], [ 9.165677, 64.6408, 0.0 ], [ 10.286934, 64.711205, 0.0 ], [ 12.550864, 63.729107, 0.0 ], [ 15.736019, 61.791092, 0.0 ], [ 19.530272, 59.086197, 0.0 ], [ 23.562534, 55.879745, 0.0 ], [ 27.43789, 52.485382, 0.0 ], [ 30.777164, 49.235386, 0.0 ], [ 33.253304, 46.447998, 0.0 ], [ 34.623993, 44.395958, 0.0 ]] 
boundary 0: [[ 26.23237, 91.92465, 0.0 ], [ 26.488264, 90.83063, 0.0 ], [ 25.896973, 88.43478, 0.0 ], [ 24.515911, 84.971504, 0.0 ], [ 22.480358, 80.77998, 0.0 ], [ 19.98986, 76.27029, 0.0 ], [ 17.287922, 71.88402, 0.0 ], [ 14.639283, 68.050255, 0.0 ], [ 12.302902, 65.14464, 0.0 ], [ 10.507584, 63.45146, 0.0 ], [ 9.429184, 63.136406, 0.0 ], [ 9.17326, 64.23029, 0.0 ], [ 9.764831, 66.626045, 0.0 ], [ 11.14566, 70.089485, 0.0 ], [ 13.181013, 74.28111, 0.0 ], [ 15.671713, 78.7907, 0.0 ], [ 18.373522, 83.177, 0.0 ], [ 21.022446, 87.01069, 0.0 ], [ 23.35862, 89.91635, 0.0 ], [ 25.153997, 91.609604, 0.0 ]] 
boundary 1: [[ 26.232365, 36.075356, 0.0 ], [ 25.153917, 36.39035, 0.0 ], [ 23.3586, 38.083687, 0.0 ], [ 21.022457, 40.98931, 0.0 ], [ 18.373463, 44.822952, 0.0 ], [ 15.671738, 49.209316, 0.0 ], [ 13.18106, 53.718998, 0.0 ], [ 11.145711, 57.91063, 0.0 ], [ 9.764678, 61.373856, 0.0 ], [ 9.173286, 63.769733, 0.0 ], [ 9.429263, 64.86361, 0.0 ], [ 10.507666, 64.54863, 0.0 ], [ 12.302845, 62.85533, 0.0 ], [ 14.639381, 59.94987, 0.0 ], [ 17.288012, 56.116123, 0.0 ], [ 19.989946, 51.729786, 0.0 ], [ 22.480438, 47.220078, 0.0 ], [ 24.515873, 43.02839, 0.0 ], [ 25.89685, 39.56521, 0.0 ], [ 26.488243, 37.169388, 0.0 ]] 
