boundary 0: [[ 26.61365, 91.69864, 0.0 ], [ 26.854698, 90.601166, 0.0 ], [ 26.230385, 88.213715, 0.0 ], [ 24.802013, 84.769714, 0.0 ], [ 22.709362, 80.606384, 0.0 ], [ 20.157211, 76.13124, 0.0 ], [ 17.395403, 71.78238, 0.0 ], [ 14.69433, 67.985374, 0.0 ], [ 12.31836, 65.112045, 0.0 ], [ 10.500069, 63.4436, 0.0 ], [ 9.417461, 63.143322, 0.0 ], [ 9.176454, 64.24069, 0.0 ], [ 9.800725, 66.62819, 0.0 ], [ 11.229059, 70.07223, 0.0 ], [ 13.321789, 74.2355, 0.0 ], [ 15.873896, 78.71069, 0.0 ], [ 18.63569, 83.05956, 0.0 ], [ 21.336758, 86.85655, 0.0 ], [ 23.71277, 89.72986, 0.0 ], [ 25.531044, 91.39836, 0.0 ]] 
boundary 1: [[ 26.613699, 36.301445, 0.0 ], [ 25.531046, 36.601665, 0.0 ], [ 23.712759, 38.27011, 0.0 ], [ 21.336761, 41.14348, 0.0 ], [ 18.635683, 44.940445, 0.0 ], [ 15.873921, 49.289337, 0.0 ], [ 13.321774, 53.7645, 0.0 ], [ 11.229107, 57.927834, 0.0 ], [ 9.800713, 61.371803, 0.0 ], [ 9.176459, 63.7593, 0.0 ], [ 9.417451, 64.85666, 0.0 ], [ 10.500092, 64.55641, 0.0 ], [ 12.318363, 62.887936, 0.0 ], [ 14.69434, 60.01461, 0.0 ], [ 17.395447, 56.21766, 0.0 ], [ 20.157196, 51.86877, 0.0 ], [ 22.709358, 47.393593, 0.0 ], [ 24.802055, 43.230293, 0.0 ], [ 26.230392, 39.786274, 0.0 ], [ 26.85466, 37.398766, 0.0 ]] 
boundary 0: [[ 30.244917, 89.15724, 0.0 ], [ 30.333612, 88.03713, 0.0 ], [ 29.388668, 85.757484, 0.0 ], [ 27.502724, 82.54118, 0.0 ], [ 24.860367, 78.70315, 0.0 ], [ 21.720186, 74.61908, 0.0 ], [ 18.38959, 70.68877, 0.0 ], [ 15.194628, 67.29682, 0.0 ], [ 12.448032, 64.77542, 0.0 ], [ 10.418652, 63.37132, 0.0 ], [ 9.305151, 63.221912, 0.0 ], [ 9.216481, 64.341934, 0.0 ], [ 10.161393, 66.62163, 0.0 ], [ 12.047306, 69.83798, 0.0 ], [ 14.68973, 73.675934, 0.0 ], [ 17.829876, 77.76006, 0.0 ], [ 21.160458, 81.69039, 0.0 ], [ 24.355415, 85.082306, 0.0 ], [ 27.102045, 87.60368, 0.0 ], [ 29.131418, 89.00786, 0.0 ]] 
boundary 1: [[ 30.244953, 38.84285, 0.0 ], [ 29.131418, 38.99218, 0.0 ], [ 27.102037, 40.396286, 0.0 ], [ 24.355415, 42.91772, 0.0 ], [ 21.16045, 46.309616, 0.0 ], [ 17.829893, 50.239964, 0.0 ], [ 14.689715, 54.324055, 0.0 ], [ 12.047344, 58.162094, 0.0 ], [ 10.161382, 61.37836, 0.0 ], [ 9.216487, 63.658054, 0.0 ], [ 9.305141, 64.77806, 0.0 ], [ 10.418674, 64.62869, 0.0 ], [ 12.448037, 63.224545, 0.0 ], [ 15.194639, 60.703156, 0.0 ], [ 18.389627, 57.31127, 0.0 ], [ 21.720171, 53.38093, 0.0 ], [ 24.860367, 49.29683, 0.0 ], [ 27.502756, 45.45883, 0.0 ], [ 29.388678, 42.242508, 0.0 ], [ 30.333586, 39.9628, 0.0 ]] 
boundary 0: [[ 33.55713, 86.07632, 0.0 ], [ 33.48863, 84.954796, 0.0 ], [ 32.234783, 82.829315, 0.0 ], [ 29.91842, 79.907715, 0.0 ], [ 26.76628, 76.476006, 0.0 ], [ 23.086851, 72.87016, 0.0 ], [ 19.24033, 69.44316, 0.0 ], [ 15.603247, 66.530266, 0.0 ], [ 12.531641, 64.41688, 0.0 ], [ 10.326162, 63.309746, 0.0 ], [ 9.202708, 63.317196, 0.0 ], [ 9.271218, 64.43864, 0.0 ], [ 10.525043, 66.564156, 0.0 ], [ 12.841377, 69.48582, 0.0 ], [ 15.993574, 72.917435, 0.0 ], [ 19.672977, 76.52335, 0.0 ], [ 23.519484, 79.95037, 0.0 ], [ 27.156559, 82.863205, 0.0 ], [ 30.228199, 84.97657, 0.0 ], [ 32.433678, 86.083786, 0.0 ]] 
boundary 1: [[ 33.55716, 41.923775, 0.0 ], [ 32.433678, 41.91624, 0.0 ], [ 30.228195, 43.023384, 0.0 ], [ 27.156557, 45.136818, 0.0 ], [ 23.519476, 48.04963, 0.0 ], [ 19.672989, 51.476692, 0.0 ], [ 15.993561, 55.08256, 0.0 ], [ 12.841404, 58.514263, 0.0 ], [ 10.525032, 61.435844, 0.0 ], [ 9.271224, 63.56136, 0.0 ], [ 9.2027025, 64.68277, 0.0 ], [ 10.326181, 64.69028, 0.0 ], [ 12.53165, 63.583088, 0.0 ], [ 15.603264, 61.4697, 0.0 ], [ 19.24036, 58.556915, 0.0 ], [ 23.086836, 55.129852, 0.0 ], [ 26.766287, 51.52397, 0.0 ], [ 29.91845, 48.092308, 0.0 ], [ 32.234795, 45.170666, 0.0 ], [ 33.488613, 43.04514, 0.0 ]] 
boundary 0: [[ 36.887047, 81.85905, 0.0 ], [ 36.633743, 80.76435, 0.0 ], [ 35.04521, 78.87588, 0.0 ], [ 32.276978, 76.378235, 0.0 ], [ 28.600027, 73.51595, 0.0 ], [ 24.374233, 70.56927, 0.0 ], [ 20.013273, 67.82664, 0.0 ], [ 15.9439945, 65.55631, 0.0 ], [ 12.5648, 63.980797, 0.0 ], [ 10.206423, 63.254223, 0.0 ], [ 9.099716, 63.447628, 0.0 ], [ 9.353004, 64.54224, 0.0 ], [ 10.941532, 66.430756, 0.0 ], [ 13.709744, 68.92845, 0.0 ], [ 17.386734, 71.79063, 0.0 ], [ 21.612514, 74.7374, 0.0 ], [ 25.973463, 77.480064, 0.0 ], [ 30.042723, 79.75032, 0.0 ], [ 33.421944, 81.32579, 0.0 ], [ 35.78035, 82.05247, 0.0 ]] 
boundary 1: [[ 36.887062, 46.14106, 0.0 ], [ 35.780327, 45.94756, 0.0 ], [ 33.421947, 46.67416, 0.0 ], [ 30.042715, 48.24971, 0.0 ], [ 25.973455, 50.519943, 0.0 ], [ 21.61252, 53.262646, 0.0 ], [ 17.386726, 56.20936, 0.0 ], [ 13.70976, 59.071632, 0.0 ], [ 10.941521, 61.569244, 0.0 ], [ 9.353012, 63.45776, 0.0 ], [ 9.099715, 64.552345, 0.0 ], [ 10.206439, 64.7458, 0.0 ], [ 12.564814, 64.019165, 0.0 ], [ 15.944021, 62.443657, 0.0 ], [ 20.013287, 60.173447, 0.0 ], [ 24.374218, 57.43074, 0.0 ], [ 28.600035, 54.484013, 0.0 ], [ 32.277, 51.621788, 0.0 ], [ 35.04522, 49.12411, 0.0 ], [ 36.633736, 47.23558, 0.0 ]] 
boundary 0: [[ 39.41778, 77.27085, 0.0 ], [ 38.99099, 76.231445, 0.0 ], [ 37.11828, 74.62436, 0.0 ], [ 33.982964, 72.60666, 0.0 ], [ 29.891972, 70.37587, 0.0 ], [ 25.245705, 68.15046, 0.0 ], [ 20.499, 66.14825, 0.0 ], [ 16.116451, 64.565025, 0.0 ], [ 12.527145, 63.556004, 0.0 ], [ 10.082375, 63.219906, 0.0 ], [ 9.021441, 63.58953, 0.0 ], [ 9.448212, 64.62885, 0.0 ], [ 11.32092, 66.235985, 0.0 ], [ 14.456219, 68.253746, 0.0 ], [ 18.54724, 70.484406, 0.0 ], [ 23.1935, 72.709915, 0.0 ], [ 27.940199, 74.7122, 0.0 ], [ 32.322716, 76.29535, 0.0 ], [ 35.91204, 77.304306, 0.0 ], [ 38.356857, 77.64049, 0.0 ]] 
boundary 1: [[ 39.417786, 50.72925, 0.0 ], [ 38.356834, 50.359528, 0.0 ], [ 35.912064, 50.69565, 0.0 ], [ 32.32271, 51.70468, 0.0 ], [ 27.940191, 53.28782, 0.0 ], [ 23.1935, 55.290108, 0.0 ], [ 18.547232, 57.515564, 0.0 ], [ 14.456222, 59.74633, 0.0 ], [ 11.320908, 61.76401, 0.0 ], [ 9.448219, 63.371143, 0.0 ], [ 9.021444, 64.41044, 0.0 ], [ 10.082387, 64.78012, 0.0 ], [ 12.527163, 64.44396, 0.0 ], [ 16.116482, 63.434967, 0.0 ], [ 20.499006, 61.85185, 0.0 ], [ 25.24569, 59.84955, 0.0 ], [ 29.89198, 57.624092, 0.0 ], [ 33.98298, 55.39338, 0.0 ], [ 37.118286, 53.37563, 0.0 ], [ 38.990982, 51.76848, 0.0 ]] 
boundary 0: [[ 40.937393, 73.17583, 0.0 ], [ 40.374405, 72.20343, 0.0 ], [ 38.302177, 70.86342, 0.0 ], [ 34.923527, 69.28671, 0.0 ], [ 30.569199, 67.627655, 0.0 ], [ 25.665382, 66.04878, 0.0 ], [ 20.692135, 64.704605, 0.0 ], [ 16.136189, 63.726513, 0.0 ], [ 12.443637, 63.21046, 0.0 ], [ 9.975874, 63.20694, 0.0 ], [ 8.97444, 63.71618, 0.0 ], [ 9.537395, 64.68849, 0.0 ], [ 11.609627, 66.02857, 0.0 ], [ 14.988271, 67.60534, 0.0 ], [ 19.342613, 69.26425, 0.0 ], [ 24.24643, 70.843216, 0.0 ], [ 29.219685, 72.18747, 0.0 ], [ 33.77559, 73.16551, 0.0 ], [ 37.46815, 73.68149, 0.0 ], [ 39.935978, 73.68508, 0.0 ]] 
boundary 1: [[ 40.937386, 54.824276, 0.0 ], [ 39.935955, 54.314926, 0.0 ], [ 37.468174, 54.318474, 0.0 ], [ 33.77558, 54.834522, 0.0 ], [ 29.219677, 55.81254, 0.0 ], [ 24.24643, 57.156788, 0.0 ], [ 19.34261, 58.735718, 0.0 ], [ 14.988264, 60.39474, 0.0 ], [ 11.609614, 61.97143, 0.0 ], [ 9.537403, 63.311493, 0.0 ], [ 8.974446, 64.283775, 0.0 ], [ 9.97588, 64.793106, 0.0 ], [ 12.443657, 64.78951, 0.0 ], [ 16.136215, 64.27348, 0.0 ], [ 20.692127, 63.295498, 0.0 ], [ 25.665367, 61.951233, 0.0 ], [ 30.56921, 60.372307, 0.0 ], [ 34.923542, 58.713333, 0.0 ], [ 38.302185, 57.136578, 0.0 ], [ 40.374413, 55.796494, 0.0 ]] 
boundary 0: [[ 41.646065, 70.304794, 0.0 ], [ 40.996593, 69.38787, 0.0 ], [ 38.8106, 68.242805, 0.0 ], [ 35.302025, 66.98139, 0.0 ], [ 30.81433, 65.72709, 0.0 ], [ 25.786772, 64.60287, 0.0 ], [ 20.711514, 63.71869, 0.0 ], [ 16.085258, 63.16094, 0.0 ], [ 12.361005, 62.984406, 0.0 ], [ 9.903236, 63.206367, 0.0 ], [ 8.952519, 63.804977, 0.0 ], [ 9.6019535, 64.72179, 0.0 ], [ 11.787956, 65.86693, 0.0 ], [ 15.296531, 67.12842, 0.0 ], [ 19.784225, 68.38255, 0.0 ], [ 24.811794, 69.50689, 0.0 ], [ 29.887066, 70.39114, 0.0 ], [ 34.51326, 70.948845, 0.0 ], [ 38.237534, 71.1253, 0.0 ], [ 40.69537, 70.903404, 0.0 ]] 
boundary 1: [[ 41.64604, 57.69532, 0.0 ], [ 40.695347, 57.096603, 0.0 ], [ 38.237564, 56.87467, 0.0 ], [ 34.513252, 57.05119, 0.0 ], [ 29.887058, 57.60887, 0.0 ], [ 24.811794, 58.49312, 0.0 ], [ 19.784225, 59.617405, 0.0 ], [ 15.296516, 60.871662, 0.0 ], [ 11.787944, 62.13307, 0.0 ], [ 9.601964, 63.278194, 0.0 ], [ 8.95253, 64.194984, 0.0 ], [ 9.903241, 64.79368, 0.0 ], [ 12.361025, 65.01556, 0.0 ], [ 16.085285, 64.839066, 0.0 ], [ 20.711498, 64.28141, 0.0 ], [ 25.786753, 63.397152, 0.0 ], [ 30.814342, 62.272865, 0.0 ], [ 35.30204, 61.018658, 0.0 ], [ 38.810608, 59.757183, 0.0 ], [ 40.996613, 58.612034, 0.0 ]] 
boundary 0: [[ 41.892456, 68.90534, 0.0 ], [ 41.203312, 68.017845, 0.0 ], [ 38.96913, 66.96994, 0.0 ], [ 35.408516, 65.86389, 0.0 ], [ 30.870047, 64.80797, 0.0 ], [ 25.79795, 63.905724, 0.0 ], [ 20.688742, 63.245407, 0.0 ], [ 16.042458, 62.891457, 0.0 ], [ 12.31404, 62.878723, 0.0 ], [ 9.868396, 63.208454, 0.0 ], [ 8.944898, 63.848263, 0.0 ], [ 9.633987, 64.73565, 0.0 ], [ 11.868191, 65.78364, 0.0 ], [ 15.428804, 66.88977, 0.0 ], [ 19.967266, 67.945496, 0.0 ], [ 25.03938, 68.84786, 0.0 ], [ 30.1486, 69.50827, 0.0 ], [ 34.79483, 69.862175, 0.0 ], [ 38.523262, 69.87481, 0.0 ], [ 40.96898, 69.54516, 0.0 ]] 
boundary 1: [[ 41.892426, 59.09476, 0.0 ], [ 40.968956, 58.454857, 0.0 ], [ 38.523293, 58.12515, 0.0 ], [ 34.794823, 58.137867, 0.0 ], [ 30.148592, 58.491753, 0.0 ], [ 25.03938, 59.152153, 0.0 ], [ 19.96727, 60.05445, 0.0 ], [ 15.428785, 61.11033, 0.0 ], [ 11.868178, 62.21636, 0.0 ], [ 9.633998, 63.26433, 0.0 ], [ 8.94491, 64.15171, 0.0 ], [ 9.8684, 64.79159, 0.0 ], [ 12.314062, 65.12123, 0.0 ], [ 16.04248, 65.10855, 0.0 ], [ 20.688725, 64.7547, 0.0 ], [ 25.797932, 64.09428, 0.0 ], [ 30.870062, 63.191982, 0.0 ], [ 35.40853, 62.136158, 0.0 ], [ 38.96914, 61.03006, 0.0 ], [ 41.203335, 59.982056, 0.0 ]] 
boundary 0: [[ 41.917473, 68.73957, 0.0 ], [ 41.223732, 67.85565, 0.0 ], [ 38.98414, 66.81935, 0.0 ], [ 35.417847, 65.73178, 0.0 ], [ 30.873957, 64.699394, 0.0 ], [ 25.79725, 63.82348, 0.0 ], [ 20.684687, 63.18965, 0.0 ], [ 16.036623, 62.859795, 0.0 ], [ 12.308193, 62.86639, 0.0 ], [ 9.864293, 63.208805, 0.0 ], [ 8.944124, 63.85338, 0.0 ], [ 9.637806, 64.7372, 0.0 ], [ 11.877413, 65.77358, 0.0 ], [ 15.443716, 66.86124, 0.0 ], [ 19.987587, 67.89342, 0.0 ], [ 25.06431, 68.76948, 0.0 ], [ 30.176893, 69.40337, 0.0 ], [ 34.824883, 69.733185, 0.0 ], [ 38.553352, 69.72649, 0.0 ], [ 40.997314, 69.38416, 0.0 ]] 
boundary 1: [[ 41.917442, 59.260532, 0.0 ], [ 40.99729, 58.615845, 0.0 ], [ 38.553383, 58.27346, 0.0 ], [ 34.824875, 58.26685, 0.0 ], [ 30.176886, 58.596634, 0.0 ], [ 25.06431, 59.230537, 0.0 ], [ 19.987598, 60.10653, 0.0 ], [ 15.443697, 61.13886, 0.0 ], [ 11.877401, 62.226414, 0.0 ], [ 9.637817, 63.26279, 0.0 ], [ 8.944137, 64.1466, 0.0 ], [ 9.864296, 64.791245, 0.0 ], [ 12.308218, 65.13356, 0.0 ], [ 16.036646, 65.14021, 0.0 ], [ 20.684671, 64.81046, 0.0 ], [ 25.797232, 64.17652, 0.0 ], [ 30.873974, 63.300552, 0.0 ], [ 35.417862, 62.26827, 0.0 ], [ 38.984146, 61.18065, 0.0 ], [ 41.223755, 60.144245, 0.0 ]] 
boundary 0: [[ 41.80417, 69.4496, 0.0 ], [ 41.130272, 68.55046, 0.0 ], [ 38.91426, 67.46464, 0.0 ], [ 35.373043, 66.29802, 0.0 ], [ 30.853212, 65.16486, 0.0 ], [ 25.797253, 64.17626, 0.0 ], [ 20.700052, 63.42892, 0.0 ], [ 16.06047, 62.995792, 0.0 ], [ 12.332813, 62.919483, 0.0 ], [ 9.881904, 63.207462, 0.0 ], [ 8.947629, 63.83142, 0.0 ], [ 9.621488, 64.730446, 0.0 ], [ 11.837496, 65.81636, 0.0 ], [ 15.378729, 66.98307, 0.0 ], [ 19.898523, 68.116035, 0.0 ], [ 24.954515, 69.10476, 0.0 ], [ 30.051737, 69.85218, 0.0 ], [ 34.691223, 70.285255, 0.0 ], [ 38.41895, 70.36146, 0.0 ], [ 40.869915, 70.07358, 0.0 ]] 
boundary 1: [[ 41.804146, 58.55051, 0.0 ], [ 40.869892, 57.926434, 0.0 ], [ 38.41898, 57.638474, 0.0 ], [ 34.691216, 57.714783, 0.0 ], [ 30.05173, 58.14783, 0.0 ], [ 24.954517, 58.89527, 0.0 ], [ 19.898535, 59.883923, 0.0 ], [ 15.378714, 61.017048, 0.0 ], [ 11.837484, 62.183624, 0.0 ], [ 9.621497, 63.269543, 0.0 ], [ 8.947641, 64.16855, 0.0 ], [ 9.881907, 64.79258, 0.0 ], [ 12.332834, 65.080475, 0.0 ], [ 16.060493, 65.00422, 0.0 ], [ 20.700039, 64.57119, 0.0 ], [ 25.797234, 63.823734, 0.0 ], [ 30.85323, 62.835083, 0.0 ], [ 35.37306, 61.702026, 0.0 ], [ 38.91427, 60.535362, 0.0 ], [ 41.130295, 59.449417, 0.0 ]] 
boundary 0: [[ 41.519314, 70.91188, 0.0 ], [ 40.88756, 69.98265, 0.0 ], [ 38.723923, 68.7959, 0.0 ], [ 35.2402, 67.46741, 0.0 ], [ 30.777357, 66.12725, 0.0 ], [ 25.772297, 64.9068, 0.0 ], [ 20.71494, 63.925472, 0.0 ], [ 16.100224, 63.279083, 0.0 ], [ 12.380037, 63.03116, 0.0 ], [ 9.918465, 63.20594, 0.0 ], [ 8.95644, 63.78619, 0.0 ], [ 9.588172, 64.71531, 0.0 ], [ 11.751809, 65.90214, 0.0 ], [ 15.23554, 67.23074, 0.0 ], [ 19.698349, 68.570694, 0.0 ], [ 24.703434, 69.79125, 0.0 ], [ 29.76082, 70.77268, 0.0 ], [ 34.37544, 71.41901, 0.0 ], [ 38.095695, 71.666824, 0.0 ], [ 40.557323, 71.49214, 0.0 ]] 
boundary 1: [[ 41.519295, 57.08824, 0.0 ], [ 40.5573, 56.50785, 0.0 ], [ 38.09572, 56.333096, 0.0 ], [ 34.37543, 56.581036, 0.0 ], [ 29.760813, 57.22733, 0.0 ], [ 24.703442, 58.20877, 0.0 ], [ 19.69836, 59.42927, 0.0 ], [ 15.235533, 60.769386, 0.0 ], [ 11.751798, 62.097843, 0.0 ], [ 9.588181, 63.284687, 0.0 ], [ 8.956452, 64.21377, 0.0 ], [ 9.918471, 64.79413, 0.0 ], [ 12.380056, 64.9688, 0.0 ], [ 16.100246, 64.72091, 0.0 ], [ 20.714926, 64.074646, 0.0 ], [ 25.772278, 63.09318, 0.0 ], [ 30.777372, 61.872692, 0.0 ], [ 35.240215, 60.532646, 0.0 ], [ 38.72393, 59.204098, 0.0 ], [ 40.887573, 58.01723, 0.0 ]] 
boundary 0: [[ 41.011665, 72.92113, 0.0 ], [ 40.440735, 71.95333, 0.0 ], [ 38.35756, 70.6304, 0.0 ], [ 34.966095, 69.081474, 0.0 ], [ 30.598274, 67.458176, 0.0 ], [ 25.681677, 65.9196, 0.0 ], [ 20.697565, 64.61631, 0.0 ], [ 16.133738, 63.675617, 0.0 ], [ 12.4370775, 63.189888, 0.0 ], [ 9.969364, 63.206615, 0.0 ], [ 8.972144, 63.72405, 0.0 ], [ 9.543057, 64.69173, 0.0 ], [ 11.626223, 66.01472, 0.0 ], [ 15.017685, 67.56378, 0.0 ], [ 19.38549, 69.18686, 0.0 ], [ 24.302101, 70.72555, 0.0 ], [ 29.286228, 72.02895, 0.0 ], [ 33.84996, 72.96956, 0.0 ], [ 37.546715, 73.45519, 0.0 ], [ 40.014473, 73.43855, 0.0 ]] 
boundary 1: [[ 41.01165, 55.079002, 0.0 ], [ 40.01445, 54.561436, 0.0 ], [ 37.54673, 54.544735, 0.0 ], [ 33.849953, 55.030487, 0.0 ], [ 29.28622, 55.97107, 0.0 ], [ 24.302109, 57.274467, 0.0 ], [ 19.385498, 58.813095, 0.0 ], [ 15.017689, 60.43636, 0.0 ], [ 11.626207, 61.98526, 0.0 ], [ 9.543066, 63.308266, 0.0 ], [ 8.972153, 64.27591, 0.0 ], [ 9.969375, 64.79346, 0.0 ], [ 12.437095, 64.810074, 0.0 ], [ 16.13376, 64.32437, 0.0 ], [ 20.697563, 63.383812, 0.0 ], [ 25.681658, 62.080383, 0.0 ], [ 30.598286, 60.541775, 0.0 ], [ 34.966118, 58.918583, 0.0 ], [ 38.357567, 57.369595, 0.0 ], [ 40.44074, 56.04656, 0.0 ]] 
boundary 0: [[ 40.188236, 75.40572, 0.0 ], [ 39.697456, 74.39491, 0.0 ], [ 37.72811, 72.90782, 0.0 ], [ 34.47305, 71.08964, 0.0 ], [ 30.250845, 69.11836, 0.0 ], [ 25.474804, 67.18714, 0.0 ], [ 20.612442, 65.484985, 0.0 ], [ 16.139664, 64.17821, 0.0 ], [ 12.494402, 63.395065, 0.0 ], [ 10.03342, 63.212128, 0.0 ], [ 8.997612, 63.647205, 0.0 ], [ 9.488385, 64.65789, 0.0 ], [ 11.457712, 66.14505, 0.0 ], [ 14.712763, 67.963356, 0.0 ], [ 18.934975, 69.93441, 0.0 ], [ 23.711016, 71.86576, 0.0 ], [ 28.57338, 73.56804, 0.0 ], [ 33.046085, 74.87471, 0.0 ], [ 36.691437, 75.65775, 0.0 ], [ 39.15246, 75.84078, 0.0 ]] 
boundary 1: [[ 40.188232, 52.594414, 0.0 ], [ 39.152435, 52.159203, 0.0 ], [ 36.691452, 52.342163, 0.0 ], [ 33.046078, 53.125347, 0.0 ], [ 28.573376, 54.431995, 0.0 ], [ 23.711023, 56.134262, 0.0 ], [ 18.934978, 58.06554, 0.0 ], [ 14.712778, 60.03679, 0.0 ], [ 11.457695, 61.85493, 0.0 ], [ 9.488393, 63.342102, 0.0 ], [ 8.99762, 64.35275, 0.0 ], [ 10.033437, 64.78794, 0.0 ], [ 12.494414, 64.60489, 0.0 ], [ 16.139687, 63.821777, 0.0 ], [ 20.61245, 62.515156, 0.0 ], [ 25.474785, 60.812847, 0.0 ], [ 30.250853, 58.88159, 0.0 ], [ 34.473083, 56.910416, 0.0 ], [ 37.72812, 55.09218, 0.0 ], [ 39.69745, 53.604973, 0.0 ]] 
boundary 0: [[ 39.009533, 78.14298, 0.0 ], [ 38.613907, 77.091255, 0.0 ], [ 36.789856, 75.42917, 0.0 ], [ 33.716034, 73.31901, 0.0 ], [ 29.693262, 70.96735, 0.0 ], [ 25.11533, 68.60458, 0.0 ], [ 20.430347, 66.46195, 0.0 ], [ 16.09689, 64.748886, 0.0 ], [ 12.539222, 63.633446, 0.0 ], [ 10.1055355, 63.224693, 0.0 ], [ 9.034071, 63.562546, 0.0 ], [ 9.4297, 64.61414, 0.0 ], [ 11.253733, 66.27629, 0.0 ], [ 14.3275385, 68.38657, 0.0 ], [ 18.350325, 70.738014, 0.0 ], [ 22.928251, 73.10091, 0.0 ], [ 27.613224, 75.24367, 0.0 ], [ 31.946617, 76.956604, 0.0 ], [ 35.50438, 78.07197, 0.0 ], [ 37.9381, 78.48082, 0.0 ]] 
boundary 1: [[ 39.009544, 49.857162, 0.0 ], [ 37.938076, 49.519176, 0.0 ], [ 35.50439, 49.92794, 0.0 ], [ 31.946617, 51.04345, 0.0 ], [ 27.613224, 52.756367, 0.0 ], [ 22.928265, 54.89911, 0.0 ], [ 18.350327, 57.261925, 0.0 ], [ 14.327564, 59.613564, 0.0 ], [ 11.253714, 61.723686, 0.0 ], [ 9.429708, 63.385868, 0.0 ], [ 9.034074, 64.437416, 0.0 ], [ 10.105562, 64.77538, 0.0 ], [ 12.539231, 64.36651, 0.0 ], [ 16.096912, 63.251087, 0.0 ], [ 20.430368, 61.538185, 0.0 ], [ 25.11531, 59.39542, 0.0 ], [ 29.693268, 57.03261, 0.0 ], [ 33.716072, 54.681046, 0.0 ], [ 36.789864, 52.570827, 0.0 ], [ 38.61389, 50.908623, 0.0 ]] 
boundary 0: [[ 37.466045, 80.95283, 0.0 ], [ 37.17652, 79.86709, 0.0 ], [ 35.526024, 78.03255, 0.0 ], [ 32.676277, 75.62836, 0.0 ], [ 28.906172, 72.88988, 0.0 ], [ 24.584719, 70.08541, 0.0 ], [ 20.134947, 67.489365, 0.0 ], [ 15.992428, 65.35557, 0.0 ], [ 12.562712, 63.893307, 0.0 ], [ 10.181467, 63.245556, 0.0 ], [ 9.081812, 63.47564, 0.0 ], [ 9.371358, 64.56126, 0.0 ], [ 11.021826, 66.39586, 0.0 ], [ 13.871543, 68.80017, 0.0 ], [ 17.641697, 71.53842, 0.0 ], [ 21.963123, 74.34303, 0.0 ], [ 26.412868, 76.9392, 0.0 ], [ 30.555338, 79.072845, 0.0 ], [ 33.98516, 80.53506, 0.0 ], [ 36.366432, 81.18292, 0.0 ]] 
boundary 1: [[ 37.466072, 47.04731, 0.0 ], [ 36.36641, 46.817093, 0.0 ], [ 33.98516, 47.46485, 0.0 ], [ 30.555344, 48.927204, 0.0 ], [ 26.41287, 51.06082, 0.0 ], [ 21.963139, 53.656982, 0.0 ], [ 17.641685, 56.461533, 0.0 ], [ 13.871585, 59.19998, 0.0 ], [ 11.021803, 61.604115, 0.0 ], [ 9.3713665, 63.438755, 0.0 ], [ 9.081811, 64.52431, 0.0 ], [ 10.181499, 64.75452, 0.0 ], [ 12.562717, 64.10665, 0.0 ], [ 15.992449, 62.644405, 0.0 ], [ 20.134981, 60.510784, 0.0 ], [ 24.584702, 57.914616, 0.0 ], [ 28.906172, 55.110065, 0.0 ], [ 32.676323, 52.37169, 0.0 ], [ 35.52603, 49.96744, 0.0 ], [ 37.176487, 48.132782, 0.0 ]] 
boundary 0: [[ 35.6053, 83.65702, 0.0 ], [ 35.427357, 82.54752, 0.0 ], [ 33.971363, 80.55508, 0.0 ], [ 31.38007, 77.874344, 0.0 ], [ 27.907047, 74.76773, 0.0 ], [ 23.89221, 71.539566, 0.0 ], [ 19.728584, 68.50573, 0.0 ], [ 15.823761, 65.96292, 0.0 ], [ 12.5599785, 64.160446, 0.0 ], [ 10.256681, 63.274605, 0.0 ], [ 9.139366, 63.392014, 0.0 ], [ 9.3173485, 64.50139, 0.0 ], [ 10.773298, 66.49388, 0.0 ], [ 13.364554, 69.17473, 0.0 ], [ 16.83765, 72.28113, 0.0 ], [ 20.852448, 75.50944, 0.0 ], [ 25.016031, 78.5434, 0.0 ], [ 28.920824, 81.08606, 0.0 ], [ 32.184715, 82.88847, 0.0 ], [ 34.488037, 83.77443, 0.0 ]] 
boundary 1: [[ 35.605347, 44.343117, 0.0 ], [ 34.488014, 44.225582, 0.0 ], [ 32.184715, 45.11144, 0.0 ], [ 28.920835, 46.914, 0.0 ], [ 25.016035, 49.456627, 0.0 ], [ 20.852463, 52.49058, 0.0 ], [ 16.837631, 55.718834, 0.0 ], [ 13.364613, 58.825417, 0.0 ], [ 10.773273, 61.5061, 0.0 ], [ 9.317357, 63.498623, 0.0 ], [ 9.139358, 64.60794, 0.0 ], [ 10.25672, 64.725464, 0.0 ], [ 12.55998, 63.83951, 0.0 ], [ 15.82378, 62.037056, 0.0 ], [ 19.728638, 59.49441, 0.0 ], [ 23.8922, 56.46046, 0.0 ], [ 27.907045, 53.23221, 0.0 ], [ 31.38012, 50.125694, 0.0 ], [ 33.971367, 47.4449, 0.0 ], [ 35.427307, 45.452354, 0.0 ]] 
boundary 0: [[ 33.519836, 86.116165, 0.0 ], [ 33.453274, 84.99448, 0.0 ], [ 32.20298, 82.8669, 0.0 ], [ 29.891565, 79.94142, 0.0 ], [ 26.74522, 76.50434, 0.0 ], [ 23.071869, 72.89235, 0.0 ], [ 19.23111, 69.45891, 0.0 ], [ 15.598965, 66.53985, 0.0 ], [ 12.530935, 64.421265, 0.0 ], [ 10.327321, 63.31042, 0.0 ], [ 9.203869, 63.315952, 0.0 ], [ 9.2704735, 64.43754, 0.0 ], [ 10.520736, 66.565125, 0.0 ], [ 12.832097, 69.49073, 0.0 ], [ 15.978532, 72.927605, 0.0 ], [ 19.651827, 76.53973, 0.0 ], [ 23.492537, 79.9733, 0.0 ], [ 27.12466, 82.89223, 0.0 ], [ 30.192806, 85.010765, 0.0 ], [ 32.39644, 86.121704, 0.0 ]] 
boundary 1: [[ 33.519897, 41.883965, 0.0 ], [ 32.396416, 41.878304, 0.0 ], [ 30.192797, 42.98916, 0.0 ], [ 27.12468, 45.10783, 0.0 ], [ 23.492542, 48.026733, 0.0 ], [ 19.651844, 51.460285, 0.0 ], [ 15.978504, 55.072353, 0.0 ], [ 12.8321705, 58.509396, 0.0 ], [ 10.520708, 61.434837, 0.0 ], [ 9.270484, 63.562473, 0.0 ], [ 9.2038555, 64.68399, 0.0 ], [ 10.327367, 64.68965, 0.0 ], [ 12.530934, 63.5787, 0.0 ], [ 15.598982, 61.46014, 0.0 ], [ 19.231176, 58.541214, 0.0 ], [ 23.071865, 55.107666, 0.0 ], [ 26.745214, 51.495598, 0.0 ], [ 29.891619, 48.058617, 0.0 ], [ 32.20298, 45.133068, 0.0 ], [ 33.45321, 43.005417, 0.0 ]] 
boundary 0: [[ 31.304539, 88.26353, 0.0 ], [ 31.34518, 87.14061, 0.0 ], [ 30.303371, 84.90355, 0.0 ], [ 28.281315, 81.77108, 0.0 ], [ 25.476883, 78.04977, 0.0 ], [ 22.164513, 74.10411, 0.0 ], [ 18.668484, 70.32023, 0.0 ], [ 15.331099, 67.06827, 0.0 ], [ 12.478956, 64.66694, 0.0 ], [ 10.391251, 63.35111, 0.0 ], [ 9.272387, 63.249535, 0.0 ], [ 9.231789, 64.37236, 0.0 ], [ 10.273576, 66.60943, 0.0 ], [ 12.295572, 69.742004, 0.0 ], [ 15.100113, 73.463135, 0.0 ], [ 18.412407, 77.40893, 0.0 ], [ 21.90838, 81.19292, 0.0 ], [ 25.245762, 84.44475, 0.0 ], [ 28.098013, 86.84607, 0.0 ], [ 30.18573, 88.16198, 0.0 ]] 
boundary 1: [[ 31.304619, 39.7366, 0.0 ], [ 30.185707, 39.838028, 0.0 ], [ 28.097994, 41.153862, 0.0 ], [ 25.245785, 43.55532, 0.0 ], [ 21.908386, 46.807106, 0.0 ], [ 18.412422, 50.591095, 0.0 ], [ 15.1000805, 54.536827, 0.0 ], [ 12.295658, 58.258102, 0.0 ], [ 10.273546, 61.39053, 0.0 ], [ 9.231799, 63.62764, 0.0 ], [ 9.2723675, 64.7504, 0.0 ], [ 10.391305, 64.64895, 0.0 ], [ 12.478954, 63.333042, 0.0 ], [ 15.331115, 60.931705, 0.0 ], [ 18.66856, 57.67988, 0.0 ], [ 22.164513, 53.8959, 0.0 ], [ 25.476875, 49.950165, 0.0 ], [ 28.281374, 46.228954, 0.0 ], [ 30.303371, 43.096413, 0.0 ], [ 31.34511, 40.859295, 0.0 ]] 
boundary 0: [[ 28.986864, 90.122986, 0.0 ], [ 29.130419, 89.008545, 0.0 ], [ 28.29838, 86.68528, 0.0 ], [ 26.572426, 83.3804, 0.0 ], [ 24.121458, 79.417366, 0.0 ], [ 21.185293, 75.184296, 0.0 ], [ 18.051388, 71.09544, 0.0 ], [ 15.026632, 67.55084, 0.0 ], [ 12.4069805, 64.89781, 0.0 ], [ 10.448887, 63.395885, 0.0 ], [ 9.344071, 63.192028, 0.0 ], [ 9.200567, 64.30639, 0.0 ], [ 10.032589, 66.62965, 0.0 ], [ 11.758472, 69.93461, 0.0 ], [ 14.209562, 73.89749, 0.0 ], [ 17.145643, 78.1307, 0.0 ], [ 20.279478, 82.219635, 0.0 ], [ 23.304245, 85.764114, 0.0 ], [ 25.924, 88.417145, 0.0 ], [ 27.882105, 89.91916, 0.0 ]] 
boundary 1: [[ 28.986958, 37.877136, 0.0 ], [ 27.882082, 38.080856, 0.0 ], [ 25.923979, 39.58279, 0.0 ], [ 23.304272, 42.235947, 0.0 ], [ 20.279484, 45.780388, 0.0 ], [ 17.145658, 49.86932, 0.0 ], [ 14.209528, 54.102474, 0.0 ], [ 11.758566, 58.065487, 0.0 ], [ 10.0325575, 61.37032, 0.0 ], [ 9.200579, 63.69361, 0.0 ], [ 9.344047, 64.80791, 0.0 ], [ 10.448946, 64.60416, 0.0 ], [ 12.406978, 63.10216, 0.0 ], [ 15.026646, 60.44914, 0.0 ], [ 18.05148, 56.90466, 0.0 ], [ 21.185293, 52.81572, 0.0 ], [ 24.121443, 48.582573, 0.0 ], [ 26.572487, 44.61962, 0.0 ], [ 28.298374, 41.314682, 0.0 ], [ 29.13034, 38.99139, 0.0 ]] 
boundary 0: [[ 26.231758, 91.92505, 0.0 ], [ 26.487892, 90.83098, 0.0 ], [ 25.896406, 88.43514, 0.0 ], [ 24.51546, 84.97191, 0.0 ], [ 22.480183, 80.78018, 0.0 ], [ 19.989685, 76.27049, 0.0 ], [ 17.2878, 71.884155, 0.0 ], [ 14.63916, 68.050354, 0.0 ], [ 12.302862, 65.14469, 0.0 ], [ 10.507645, 63.451443, 0.0 ], [ 9.429284, 63.136295, 0.0 ], [ 9.173209, 64.23028, 0.0 ], [ 9.764677, 66.62611, 0.0 ], [ 11.145545, 70.08944, 0.0 ], [ 13.18096, 74.28102, 0.0 ], [ 15.671362, 78.79084, 0.0 ], [ 18.373169, 83.17724, 0.0 ], [ 21.021832, 87.010925, 0.0 ], [ 23.35823, 89.916595, 0.0 ], [ 25.15345, 91.60994, 0.0 ]] 
boundary 1: [[ 26.231861, 36.075058, 0.0 ], [ 25.15343, 36.390076, 0.0 ], [ 23.358202, 38.08334, 0.0 ], [ 21.021862, 40.98913, 0.0 ], [ 18.373177, 44.822777, 0.0 ], [ 15.671378, 49.209175, 0.0 ], [ 13.180922, 53.71895, 0.0 ], [ 11.145647, 57.910645, 0.0 ], [ 9.764643, 61.37386, 0.0 ], [ 9.173221, 63.769703, 0.0 ], [ 9.429252, 64.86364, 0.0 ], [ 10.507707, 64.54859, 0.0 ], [ 12.302857, 62.85528, 0.0 ], [ 14.639172, 59.949627, 0.0 ], [ 17.287905, 56.115936, 0.0 ], [ 19.989685, 51.729523, 0.0 ], [ 22.480162, 47.219765, 0.0 ], [ 24.51552, 43.028114, 0.0 ], [ 25.896397, 39.56481, 0.0 ], [ 26.48781, 37.16897, 0.0 ]] 
boundary 0: [[ 26.613344, 91.698814, 0.0 ], [ 26.854443, 90.60133, 0.0 ], [ 26.230145, 88.21384, 0.0 ], [ 24.801811, 84.769875, 0.0 ], [ 22.709219, 80.60646, 0.0 ], [ 20.157085, 76.13137, 0.0 ], [ 17.395275, 71.78252, 0.0 ], [ 14.694286, 67.98541, 0.0 ], [ 12.318344, 65.112076, 0.0 ], [ 10.500065, 63.443615, 0.0 ], [ 9.417482, 63.14329, 0.0 ], [ 9.17644, 64.240685, 0.0 ], [ 9.800722, 66.628174, 0.0 ], [ 11.228975, 70.072235, 0.0 ], [ 13.321705, 74.2355, 0.0 ], [ 15.873745, 78.710724, 0.0 ], [ 18.635479, 83.05965, 0.0 ], [ 21.336487, 86.85663, 0.0 ], [ 23.712532, 89.72997, 0.0 ], [ 25.530815, 91.39853, 0.0 ]] 
boundary 1: [[ 26.613445, 36.301292, 0.0 ], [ 25.530796, 36.601486, 0.0 ], [ 23.712503, 38.269962, 0.0 ], [ 21.336517, 41.143425, 0.0 ], [ 18.635487, 44.940372, 0.0 ], [ 15.873762, 49.28929, 0.0 ], [ 13.321668, 53.764473, 0.0 ], [ 11.229076, 57.92785, 0.0 ], [ 9.800688, 61.37179, 0.0 ], [ 9.176452, 63.759296, 0.0 ], [ 9.41745, 64.85664, 0.0 ], [ 10.500126, 64.55642, 0.0 ], [ 12.318339, 62.887897, 0.0 ], [ 14.694298, 60.01457, 0.0 ], [ 17.395378, 56.21758, 0.0 ], [ 20.157085, 51.868645, 0.0 ], [ 22.709198, 47.39348, 0.0 ], [ 24.801872, 43.23015, 0.0 ], [ 26.230135, 39.786118, 0.0 ], [ 26.854362, 37.398613, 0.0 ]] 
boundary 0: [[ 30.244637, 89.157455, 0.0 ], [ 30.333382, 88.03731, 0.0 ], [ 29.388447, 85.757645, 0.0 ], [ 27.502544, 82.54136, 0.0 ], [ 24.860237, 78.70323, 0.0 ], [ 21.720081, 74.61922, 0.0 ], [ 18.38948, 70.68892, 0.0 ], [ 15.194588, 67.296875, 0.0 ], [ 12.44802, 64.77545, 0.0 ], [ 10.418651, 63.371334, 0.0 ], [ 9.305167, 63.22188, 0.0 ], [ 9.216468, 64.341934, 0.0 ], [ 10.161388, 66.62161, 0.0 ], [ 12.047224, 69.838005, 0.0 ], [ 14.689647, 73.67595, 0.0 ], [ 17.82973, 77.760124, 0.0 ], [ 21.160255, 81.69049, 0.0 ], [ 24.355156, 85.0824, 0.0 ], [ 27.101826, 87.60382, 0.0 ], [ 29.131212, 89.00803, 0.0 ]] 
boundary 1: [[ 30.244722, 38.84266, 0.0 ], [ 29.131193, 38.991974, 0.0 ], [ 27.101807, 40.396095, 0.0 ], [ 24.355179, 42.91765, 0.0 ], [ 21.160263, 46.309525, 0.0 ], [ 17.829742, 50.239906, 0.0 ], [ 14.689613, 54.32402, 0.0 ], [ 12.047313, 58.1621, 0.0 ], [ 10.161361, 61.378345, 0.0 ], [ 9.21648, 63.658047, 0.0 ], [ 9.305144, 64.778046, 0.0 ], [ 10.418706, 64.6287, 0.0 ], [ 12.448019, 63.224506, 0.0 ], [ 15.194603, 60.703114, 0.0 ], [ 18.389572, 57.31118, 0.0 ], [ 21.720081, 53.3808, 0.0 ], [ 24.860224, 49.29669, 0.0 ], [ 27.502602, 45.458664, 0.0 ], [ 29.388443, 42.242325, 0.0 ], [ 30.333313, 39.962616, 0.0 ]] 
boundary 0: [[ 33.55688, 86.07655, 0.0 ], [ 33.488426, 84.95499, 0.0 ], [ 32.23459, 82.82953, 0.0 ], [ 29.918272, 79.90791, 0.0 ], [ 26.766165, 76.47609, 0.0 ], [ 23.08677, 72.87031, 0.0 ], [ 19.240246, 69.44331, 0.0 ], [ 15.603215, 66.530334, 0.0 ], [ 12.531632, 64.41691, 0.0 ], [ 10.326165, 63.30976, 0.0 ], [ 9.202719, 63.317165, 0.0 ], [ 9.271205, 64.43864, 0.0 ], [ 10.525034, 66.56414, 0.0 ], [ 12.841301, 69.485855, 0.0 ], [ 15.993492, 72.91746, 0.0 ], [ 19.672836, 76.523415, 0.0 ], [ 23.519299, 79.9505, 0.0 ], [ 27.156317, 82.86335, 0.0 ], [ 30.228, 84.976746, 0.0 ], [ 32.433495, 86.083984, 0.0 ]] 
boundary 1: [[ 33.556946, 41.92357, 0.0 ], [ 32.43348, 41.916016, 0.0 ], [ 30.227993, 43.02316, 0.0 ], [ 27.156334, 45.136703, 0.0 ], [ 23.519302, 48.049503, 0.0 ], [ 19.672848, 51.476612, 0.0 ], [ 15.993464, 55.08251, 0.0 ], [ 12.841373, 58.514267, 0.0 ], [ 10.525013, 61.435825, 0.0 ], [ 9.271219, 63.56135, 0.0 ], [ 9.202705, 64.682755, 0.0 ], [ 10.326213, 64.690285, 0.0 ], [ 12.531638, 63.58305, 0.0 ], [ 15.603231, 61.469646, 0.0 ], [ 19.240318, 58.556812, 0.0 ], [ 23.086765, 55.129707, 0.0 ], [ 26.766161, 51.52382, 0.0 ], [ 29.918324, 48.092117, 0.0 ], [ 32.23459, 45.170456, 0.0 ], [ 33.488365, 43.044926, 0.0 ]] 
boundary 0: [[ 36.886833, 81.85932, 0.0 ], [ 36.633575, 80.76459, 0.0 ], [ 35.045055, 78.87612, 0.0 ], [ 32.276863, 76.37848, 0.0 ], [ 28.599928, 73.51607, 0.0 ], [ 24.374174, 70.56943, 0.0 ], [ 20.013214, 67.8268, 0.0 ], [ 15.943978, 65.55638, 0.0 ], [ 12.564797, 63.980827, 0.0 ], [ 10.206427, 63.25424, 0.0 ], [ 9.099721, 63.447598, 0.0 ], [ 9.352991, 64.54224, 0.0 ], [ 10.941519, 66.43074, 0.0 ], [ 13.709676, 68.928505, 0.0 ], [ 17.38666, 71.79067, 0.0 ], [ 21.612387, 74.737495, 0.0 ], [ 25.973305, 77.48022, 0.0 ], [ 30.04251, 79.75051, 0.0 ], [ 33.42178, 81.326004, 0.0 ], [ 35.78019, 82.05269, 0.0 ]] 
boundary 1: [[ 36.88688, 46.140816, 0.0 ], [ 35.780174, 45.947304, 0.0 ], [ 33.421787, 46.673904, 0.0 ], [ 30.042517, 48.249546, 0.0 ], [ 25.973309, 50.519787, 0.0 ], [ 21.612396, 53.262543, 0.0 ], [ 17.386637, 56.209293, 0.0 ], [ 13.709727, 59.07163, 0.0 ], [ 10.9415045, 61.56922, 0.0 ], [ 9.353009, 63.457752, 0.0 ], [ 9.099721, 64.55233, 0.0 ], [ 10.206469, 64.745804, 0.0 ], [ 12.564811, 64.01913, 0.0 ], [ 15.943996, 62.4436, 0.0 ], [ 20.013264, 60.173336, 0.0 ], [ 24.374165, 57.43058, 0.0 ], [ 28.599936, 54.48385, 0.0 ], [ 32.27691, 51.62158, 0.0 ], [ 35.045055, 49.12387, 0.0 ], [ 36.633533, 47.23532, 0.0 ]] 
boundary 0: [[ 39.417618, 77.271164, 0.0 ], [ 38.990856, 76.23172, 0.0 ], [ 37.118164, 74.62462, 0.0 ], [ 33.982887, 72.60692, 0.0 ], [ 29.891891, 70.37601, 0.0 ], [ 25.245672, 68.15063, 0.0 ], [ 20.49897, 66.14841, 0.0 ], [ 16.116447, 64.565094, 0.0 ], [ 12.527144, 63.556034, 0.0 ], [ 10.082383, 63.219917, 0.0 ], [ 9.0214405, 63.5895, 0.0 ], [ 9.448198, 64.62886, 0.0 ], [ 11.320904, 66.23597, 0.0 ], [ 14.45616, 68.25381, 0.0 ], [ 18.547173, 70.484474, 0.0 ], [ 23.193394, 72.71006, 0.0 ], [ 27.940063, 74.71236, 0.0 ], [ 32.32254, 76.29558, 0.0 ], [ 35.91192, 77.304535, 0.0 ], [ 38.356735, 77.64074, 0.0 ]] 
boundary 1: [[ 39.417637, 50.728977, 0.0 ], [ 38.35672, 50.359253, 0.0 ], [ 35.91194, 50.695374, 0.0 ], [ 32.322533, 51.704494, 0.0 ], [ 27.940067, 53.28765, 0.0 ], [ 23.193396, 55.28999, 0.0 ], [ 18.54715, 57.515484, 0.0 ], [ 14.456191, 59.746323, 0.0 ], [ 11.320894, 61.76398, 0.0 ], [ 9.448216, 63.371136, 0.0 ], [ 9.021454, 64.41043, 0.0 ], [ 10.082417, 64.780136, 0.0 ], [ 12.527166, 64.443924, 0.0 ], [ 16.116467, 63.434906, 0.0 ], [ 20.499, 61.851738, 0.0 ], [ 25.245663, 59.84939, 0.0 ], [ 29.89191, 57.623924, 0.0 ], [ 33.98292, 55.393147, 0.0 ], [ 37.118164, 53.375366, 0.0 ], [ 38.99083, 51.76819, 0.0 ]] 
boundary 0: [[ 40.93727, 73.17616, 0.0 ], [ 40.37432, 72.20373, 0.0 ], [ 38.3021, 70.86368, 0.0 ], [ 34.92348, 69.28698, 0.0 ], [ 30.569138, 67.62779, 0.0 ], [ 25.665377, 66.04895, 0.0 ], [ 20.692127, 64.704765, 0.0 ], [ 16.136196, 63.72658, 0.0 ], [ 12.44364, 63.21049, 0.0 ], [ 9.9758835, 63.20695, 0.0 ], [ 8.974433, 63.71615, 0.0 ], [ 9.537382, 64.6885, 0.0 ], [ 11.609608, 66.02856, 0.0 ], [ 14.988222, 67.60542, 0.0 ], [ 19.342556, 69.26433, 0.0 ], [ 24.246346, 70.84339, 0.0 ], [ 29.219576, 72.18766, 0.0 ], [ 33.77545, 73.16576, 0.0 ], [ 37.468056, 73.68174, 0.0 ], [ 39.93589, 73.685356, 0.0 ]] 
boundary 1: [[ 40.937286, 54.823975, 0.0 ], [ 39.935875, 54.314644, 0.0 ], [ 37.468086, 54.31818, 0.0 ], [ 33.77543, 54.834312, 0.0 ], [ 29.219576, 55.812355, 0.0 ], [ 24.246338, 57.156666, 0.0 ], [ 19.342543, 58.735626, 0.0 ], [ 14.988235, 60.394733, 0.0 ], [ 11.609605, 61.971397, 0.0 ], [ 9.537401, 63.311485, 0.0 ], [ 8.974457, 64.28377, 0.0 ], [ 9.975909, 64.79312, 0.0 ], [ 12.443666, 64.789474, 0.0 ], [ 16.136211, 64.27342, 0.0 ], [ 20.692135, 63.295387, 0.0 ], [ 25.665361, 61.951065, 0.0 ], [ 30.569168, 60.372124, 0.0 ], [ 34.923508, 58.713097, 0.0 ], [ 38.3021, 57.136295, 0.0 ], [ 40.374306, 55.79618, 0.0 ]] 
boundary 0: [[ 41.64598, 70.30513, 0.0 ], [ 40.996544, 69.38818, 0.0 ], [ 38.810555, 68.24308, 0.0 ], [ 35.30201, 66.98167, 0.0 ], [ 30.814285, 65.727234, 0.0 ], [ 25.786781, 64.603035, 0.0 ], [ 20.711525, 63.71885, 0.0 ], [ 16.085274, 63.161007, 0.0 ], [ 12.361008, 62.984436, 0.0 ], [ 9.903248, 63.206375, 0.0 ], [ 8.952509, 63.804947, 0.0 ], [ 9.601943, 64.721794, 0.0 ], [ 11.787935, 65.86691, 0.0 ], [ 15.296488, 67.12852, 0.0 ], [ 19.784178, 68.38264, 0.0 ], [ 24.81173, 69.507065, 0.0 ], [ 29.886976, 70.391335, 0.0 ], [ 34.513165, 70.949104, 0.0 ], [ 38.237465, 71.12555, 0.0 ], [ 40.695312, 70.90369, 0.0 ]] 
boundary 1: [[ 41.645985, 57.695004, 0.0 ], [ 40.695297, 57.096313, 0.0 ], [ 38.237503, 56.874367, 0.0 ], [ 34.513126, 57.05096, 0.0 ], [ 29.886976, 57.608673, 0.0 ], [ 24.811716, 58.49298, 0.0 ], [ 19.784166, 59.617313, 0.0 ], [ 15.296488, 60.871647, 0.0 ], [ 11.787935, 62.133034, 0.0 ], [ 9.601962, 63.278187, 0.0 ], [ 8.95254, 64.19498, 0.0 ], [ 9.903269, 64.79369, 0.0 ], [ 12.361038, 65.01552, 0.0 ], [ 16.085289, 64.839005, 0.0 ], [ 20.71152, 64.281296, 0.0 ], [ 25.786766, 63.396984, 0.0 ], [ 30.814318, 62.27268, 0.0 ], [ 35.302025, 61.018417, 0.0 ], [ 38.810555, 59.756897, 0.0 ], [ 40.99653, 58.61171, 0.0 ]] 
boundary 0: [[ 41.892387, 68.905685, 0.0 ], [ 41.20328, 68.018166, 0.0 ], [ 38.969097, 66.970215, 0.0 ], [ 35.408516, 65.86417, 0.0 ], [ 30.870012, 64.80811, 0.0 ], [ 25.79797, 63.90589, 0.0 ], [ 20.68876, 63.245567, 0.0 ], [ 16.042473, 62.891525, 0.0 ], [ 12.314043, 62.878754, 0.0 ], [ 9.868407, 63.20846, 0.0 ], [ 8.944885, 63.848232, 0.0 ], [ 9.633977, 64.73566, 0.0 ], [ 11.868169, 65.78362, 0.0 ], [ 15.428768, 66.88987, 0.0 ], [ 19.96722, 67.94559, 0.0 ], [ 25.039324, 68.84804, 0.0 ], [ 30.148523, 69.50847, 0.0 ], [ 34.794746, 69.862434, 0.0 ], [ 38.5232, 69.87506, 0.0 ], [ 40.968937, 69.54544, 0.0 ]] 
boundary 1: [[ 41.89238, 59.094444, 0.0 ], [ 40.96892, 58.454567, 0.0 ], [ 38.523247, 58.124844, 0.0 ], [ 34.79471, 58.137634, 0.0 ], [ 30.14852, 58.491547, 0.0 ], [ 25.039307, 59.152004, 0.0 ], [ 19.967213, 60.054356, 0.0 ], [ 15.428757, 61.110313, 0.0 ], [ 11.868174, 62.21632, 0.0 ], [ 9.633996, 63.264324, 0.0 ], [ 8.944921, 64.1517, 0.0 ], [ 9.868425, 64.79161, 0.0 ], [ 12.314075, 65.1212, 0.0 ], [ 16.042488, 65.10849, 0.0 ], [ 20.68875, 64.754585, 0.0 ], [ 25.797955, 64.09411, 0.0 ], [ 30.870049, 63.191795, 0.0 ], [ 35.40853, 62.135918, 0.0 ], [ 38.969097, 61.02977, 0.0 ], [ 41.203274, 59.981735, 0.0 ]] 
boundary 0: [[ 41.917404, 68.739914, 0.0 ], [ 41.2237, 67.85597, 0.0 ], [ 38.9841, 66.819626, 0.0 ], [ 35.417847, 65.732056, 0.0 ], [ 30.873926, 64.69954, 0.0 ], [ 25.79727, 63.823647, 0.0 ], [ 20.684704, 63.18981, 0.0 ], [ 16.036638, 62.859863, 0.0 ], [ 12.308199, 62.86642, 0.0 ], [ 9.864305, 63.208813, 0.0 ], [ 8.944112, 63.853348, 0.0 ], [ 9.637796, 64.737206, 0.0 ], [ 11.877392, 65.77357, 0.0 ], [ 15.44368, 66.86134, 0.0 ], [ 19.987549, 67.89351, 0.0 ], [ 25.064257, 68.76965, 0.0 ], [ 30.176819, 69.40357, 0.0 ], [ 34.824806, 69.733444, 0.0 ], [ 38.55329, 69.72673, 0.0 ], [ 40.997276, 69.38445, 0.0 ]] 
boundary 1: [[ 41.917397, 59.26022, 0.0 ], [ 40.99726, 58.615555, 0.0 ], [ 38.553337, 58.273155, 0.0 ], [ 34.824768, 58.266617, 0.0 ], [ 30.176815, 58.596428, 0.0 ], [ 25.064238, 59.230392, 0.0 ], [ 19.987541, 60.106434, 0.0 ], [ 15.443668, 61.138844, 0.0 ], [ 11.877396, 62.226376, 0.0 ], [ 9.637815, 63.262783, 0.0 ], [ 8.944147, 64.14659, 0.0 ], [ 9.864322, 64.79127, 0.0 ], [ 12.308231, 65.13353, 0.0 ], [ 16.036654, 65.14015, 0.0 ], [ 20.684694, 64.81035, 0.0 ], [ 25.797255, 64.17635, 0.0 ], [ 30.873964, 63.30036, 0.0 ], [ 35.417862, 62.26803, 0.0 ], [ 38.9841, 61.180363, 0.0 ], [ 41.223694, 60.143925, 0.0 ]] 
boundary 0: [[ 41.804092, 69.44995, 0.0 ], [ 41.130234, 68.55078, 0.0 ], [ 38.914215, 67.46491, 0.0 ], [ 35.37304, 66.298294, 0.0 ], [ 30.853182, 65.16501, 0.0 ], [ 25.797268, 64.17643, 0.0 ], [ 20.700066, 63.42908, 0.0 ], [ 16.060484, 62.99586, 0.0 ], [ 12.332817, 62.919514, 0.0 ], [ 9.881915, 63.20747, 0.0 ], [ 8.947619, 63.83139, 0.0 ], [ 9.621476, 64.73045, 0.0 ], [ 11.837475, 65.816345, 0.0 ], [ 15.378691, 66.98318, 0.0 ], [ 19.898485, 68.11613, 0.0 ], [ 24.954454, 69.104935, 0.0 ], [ 30.051653, 69.85238, 0.0 ], [ 34.691147, 70.285515, 0.0 ], [ 38.418877, 70.3617, 0.0 ], [ 40.869865, 70.07387, 0.0 ]] 
boundary 1: [[ 41.80409, 58.550198, 0.0 ], [ 40.869854, 57.926144, 0.0 ], [ 38.418915, 57.63817, 0.0 ], [ 34.69111, 57.71455, 0.0 ], [ 30.05165, 58.14763, 0.0 ], [ 24.954435, 58.895126, 0.0 ], [ 19.898478, 59.88383, 0.0 ], [ 15.378685, 61.017033, 0.0 ], [ 11.837479, 62.183586, 0.0 ], [ 9.621495, 63.269535, 0.0 ], [ 8.947651, 64.16854, 0.0 ], [ 9.881933, 64.7926, 0.0 ], [ 12.332848, 65.080444, 0.0 ], [ 16.0605, 65.00416, 0.0 ], [ 20.70006, 64.571075, 0.0 ], [ 25.797253, 63.823566, 0.0 ], [ 30.85322, 62.834892, 0.0 ], [ 35.373055, 61.701786, 0.0 ], [ 38.914215, 60.535084, 0.0 ], [ 41.130222, 59.4491, 0.0 ]] 
boundary 0: [[ 41.519234, 70.91223, 0.0 ], [ 40.887505, 69.98297, 0.0 ], [ 38.723854, 68.796165, 0.0 ], [ 35.24018, 67.46768, 0.0 ], [ 30.777319, 66.127396, 0.0 ], [ 25.772305, 64.90697, 0.0 ], [ 20.714941, 63.925632, 0.0 ], [ 16.100235, 63.279152, 0.0 ], [ 12.380039, 63.03119, 0.0 ], [ 9.918474, 63.205948, 0.0 ], [ 8.956431, 63.78616, 0.0 ], [ 9.5881605, 64.71531, 0.0 ], [ 11.751788, 65.90212, 0.0 ], [ 15.235497, 67.23085, 0.0 ], [ 19.69831, 68.570786, 0.0 ], [ 24.703365, 69.79142, 0.0 ], [ 29.760729, 70.77287, 0.0 ], [ 34.375343, 71.41926, 0.0 ], [ 38.09561, 71.66707, 0.0 ], [ 40.55726, 71.49243, 0.0 ]] 
boundary 1: [[ 41.519238, 57.087936, 0.0 ], [ 40.557243, 56.50756, 0.0 ], [ 38.095642, 56.33279, 0.0 ], [ 34.375305, 56.580807, 0.0 ], [ 29.760725, 57.22714, 0.0 ], [ 24.70335, 58.20863, 0.0 ], [ 19.6983, 59.42918, 0.0 ], [ 15.235502, 60.76937, 0.0 ], [ 11.75179, 62.097805, 0.0 ], [ 9.588179, 63.28468, 0.0 ], [ 8.956461, 64.21376, 0.0 ], [ 9.918499, 64.79415, 0.0 ], [ 12.38007, 64.96877, 0.0 ], [ 16.10025, 64.72085, 0.0 ], [ 20.714947, 64.074524, 0.0 ], [ 25.772287, 63.093014, 0.0 ], [ 30.777353, 61.8725, 0.0 ], [ 35.240196, 60.532406, 0.0 ], [ 38.723854, 59.20382, 0.0 ], [ 40.887486, 58.01692, 0.0 ]] 
boundary 0: [[ 41.01156, 72.92146, 0.0 ], [ 40.44065, 71.95363, 0.0 ], [ 38.35747, 70.63066, 0.0 ], [ 34.966064, 69.08175, 0.0 ], [ 30.598225, 67.45831, 0.0 ], [ 25.681671, 65.91977, 0.0 ], [ 20.69756, 64.61647, 0.0 ], [ 16.133747, 63.67569, 0.0 ], [ 12.4370775, 63.18992, 0.0 ], [ 9.969374, 63.206627, 0.0 ], [ 8.9721365, 63.72402, 0.0 ], [ 9.543046, 64.69173, 0.0 ], [ 11.626202, 66.0147, 0.0 ], [ 15.017635, 67.56388, 0.0 ], [ 19.385445, 69.18695, 0.0 ], [ 24.302029, 70.725716, 0.0 ], [ 29.286129, 72.029144, 0.0 ], [ 33.849854, 72.9698, 0.0 ], [ 37.546608, 73.45542, 0.0 ], [ 40.01439, 73.43883, 0.0 ]] 
boundary 1: [[ 41.011566, 55.078705, 0.0 ], [ 40.014374, 54.561153, 0.0 ], [ 37.54663, 54.54443, 0.0 ], [ 33.84982, 55.030266, 0.0 ], [ 29.286125, 55.970886, 0.0 ], [ 24.302013, 57.27434, 0.0 ], [ 19.385433, 58.81301, 0.0 ], [ 15.017656, 60.436348, 0.0 ], [ 11.626198, 61.98522, 0.0 ], [ 9.543064, 63.308258, 0.0 ], [ 8.97216, 64.2759, 0.0 ], [ 9.969405, 64.79348, 0.0 ], [ 12.437105, 64.81004, 0.0 ], [ 16.133762, 64.32431, 0.0 ], [ 20.697573, 63.38369, 0.0 ], [ 25.681652, 62.080215, 0.0 ], [ 30.598255, 60.541588, 0.0 ], [ 34.96608, 58.918346, 0.0 ], [ 38.35747, 57.36932, 0.0 ], [ 40.440636, 56.046253, 0.0 ]] 
boundary 0: [[ 40.188107, 75.406044, 0.0 ], [ 39.697357, 74.395195, 0.0 ], [ 37.72801, 72.908066, 0.0 ], [ 34.473, 71.08991, 0.0 ], [ 30.250784, 69.1185, 0.0 ], [ 25.474789, 67.18731, 0.0 ], [ 20.612425, 65.485146, 0.0 ], [ 16.139666, 64.17828, 0.0 ], [ 12.4944, 63.395096, 0.0 ], [ 10.033428, 63.21214, 0.0 ], [ 8.997611, 63.647175, 0.0 ], [ 9.488374, 64.65789, 0.0 ], [ 11.457693, 66.14503, 0.0 ], [ 14.712705, 67.963455, 0.0 ], [ 18.93492, 69.934494, 0.0 ], [ 23.710932, 71.86592, 0.0 ], [ 28.573265, 73.56822, 0.0 ], [ 33.04595, 74.87494, 0.0 ], [ 36.691322, 75.657974, 0.0 ], [ 39.152363, 75.84106, 0.0 ]] 
boundary 1: [[ 40.188118, 52.594124, 0.0 ], [ 39.152344, 52.158936, 0.0 ], [ 36.691322, 52.341866, 0.0 ], [ 33.04593, 53.125137, 0.0 ], [ 28.573267, 54.431812, 0.0 ], [ 23.710922, 56.134148, 0.0 ], [ 18.934904, 58.06546, 0.0 ], [ 14.712744, 60.036777, 0.0 ], [ 11.4576845, 61.854897, 0.0 ], [ 9.48839, 63.342094, 0.0 ], [ 8.997627, 64.352745, 0.0 ], [ 10.033468, 64.78796, 0.0 ], [ 12.494423, 64.60485, 0.0 ], [ 16.13968, 63.821716, 0.0 ], [ 20.61245, 62.51503, 0.0 ], [ 25.47477, 60.81268, 0.0 ], [ 30.250807, 58.8814, 0.0 ], [ 34.473022, 56.910187, 0.0 ], [ 37.728, 55.091915, 0.0 ], [ 39.69733, 53.604683, 0.0 ]] 
boundary 0: [[ 39.009377, 78.14327, 0.0 ], [ 38.613785, 77.09153, 0.0 ], [ 36.78972, 75.4294, 0.0 ], [ 33.715958, 73.31928, 0.0 ], [ 29.693188, 70.96748, 0.0 ], [ 25.115297, 68.60475, 0.0 ], [ 20.430313, 66.462105, 0.0 ], [ 16.096886, 64.74896, 0.0 ], [ 12.539216, 63.633476, 0.0 ], [ 10.105544, 63.224705, 0.0 ], [ 9.034072, 63.562515, 0.0 ], [ 9.429688, 64.61414, 0.0 ], [ 11.2537155, 66.27627, 0.0 ], [ 14.327471, 68.38667, 0.0 ], [ 18.350266, 70.7381, 0.0 ], [ 22.928158, 73.10106, 0.0 ], [ 27.613094, 75.24383, 0.0 ], [ 31.946463, 76.95682, 0.0 ], [ 35.504253, 78.07219, 0.0 ], [ 37.93798, 78.48108, 0.0 ]] 
boundary 1: [[ 39.0094, 49.85688, 0.0 ], [ 37.937965, 49.51891, 0.0 ], [ 35.504234, 49.927666, 0.0 ], [ 31.946447, 51.04325, 0.0 ], [ 27.613098, 52.756195, 0.0 ], [ 22.92815, 54.898994, 0.0 ], [ 18.350246, 57.26186, 0.0 ], [ 14.327528, 59.613556, 0.0 ], [ 11.2537, 61.723656, 0.0 ], [ 9.429704, 63.38586, 0.0 ], [ 9.0340805, 64.43741, 0.0 ], [ 10.105594, 64.77539, 0.0 ], [ 12.539234, 64.36647, 0.0 ], [ 16.0969, 63.251026, 0.0 ], [ 20.430355, 61.538063, 0.0 ], [ 25.115278, 59.395252, 0.0 ], [ 29.693203, 57.03242, 0.0 ], [ 33.71598, 54.680824, 0.0 ], [ 36.78971, 52.57058, 0.0 ], [ 38.61376, 50.90834, 0.0 ]] 
boundary 0: [[ 37.465874, 80.95311, 0.0 ], [ 37.17637, 79.86735, 0.0 ], [ 35.52586, 78.03276, 0.0 ], [ 32.67618, 75.62863, 0.0 ], [ 28.906082, 72.890015, 0.0 ], [ 24.584671, 70.08556, 0.0 ], [ 20.134895, 67.4895, 0.0 ], [ 15.992422, 65.355644, 0.0 ], [ 12.562702, 63.893337, 0.0 ], [ 10.181474, 63.245567, 0.0 ], [ 9.081816, 63.47561, 0.0 ], [ 9.371346, 64.56126, 0.0 ], [ 11.02181, 66.395836, 0.0 ], [ 13.871466, 68.80025, 0.0 ], [ 17.641624, 71.53849, 0.0 ], [ 21.963017, 74.34318, 0.0 ], [ 26.412725, 76.939354, 0.0 ], [ 30.555166, 79.07305, 0.0 ], [ 33.985016, 80.53527, 0.0 ], [ 36.366287, 81.18316, 0.0 ]] 
boundary 1: [[ 37.4659, 47.047047, 0.0 ], [ 36.366272, 46.81684, 0.0 ], [ 33.98498, 47.464592, 0.0 ], [ 30.555157, 48.927017, 0.0 ], [ 26.412735, 51.06067, 0.0 ], [ 21.963015, 53.65688, 0.0 ], [ 17.641603, 56.46147, 0.0 ], [ 13.871549, 59.199974, 0.0 ], [ 11.021786, 61.604084, 0.0 ], [ 9.371362, 63.438747, 0.0 ], [ 9.081817, 64.5243, 0.0 ], [ 10.181532, 64.754524, 0.0 ], [ 12.5627165, 64.10661, 0.0 ], [ 15.992437, 62.644344, 0.0 ], [ 20.134956, 60.510666, 0.0 ], [ 24.584652, 57.914448, 0.0 ], [ 28.906088, 55.109882, 0.0 ], [ 32.67621, 52.37147, 0.0 ], [ 35.525852, 49.967224, 0.0 ], [ 37.176342, 48.13252, 0.0 ]] 
boundary 0: [[ 35.60511, 83.65727, 0.0 ], [ 35.427177, 82.54776, 0.0 ], [ 33.97118, 80.55529, 0.0 ], [ 31.379948, 77.87461, 0.0 ], [ 27.906946, 74.76787, 0.0 ], [ 23.89215, 71.5397, 0.0 ], [ 19.728523, 68.50587, 0.0 ], [ 15.823748, 65.963, 0.0 ], [ 12.559966, 64.16048, 0.0 ], [ 10.256686, 63.274616, 0.0 ], [ 9.139372, 63.391983, 0.0 ], [ 9.317337, 64.50139, 0.0 ], [ 10.773286, 66.49386, 0.0 ], [ 13.364473, 69.17478, 0.0 ], [ 16.837566, 72.2812, 0.0 ], [ 20.852325, 75.50957, 0.0 ], [ 25.015873, 78.54353, 0.0 ], [ 28.920635, 81.08622, 0.0 ], [ 32.184547, 82.88867, 0.0 ], [ 34.48786, 83.77465, 0.0 ]] 
boundary 1: [[ 35.60515, 44.342873, 0.0 ], [ 34.487846, 44.22535, 0.0 ], [ 32.18451, 45.1112, 0.0 ], [ 28.92063, 46.913837, 0.0 ], [ 25.015884, 49.4565, 0.0 ], [ 20.852325, 52.490482, 0.0 ], [ 16.837543, 55.71878, 0.0 ], [ 13.364576, 58.82541, 0.0 ], [ 10.773253, 61.50607, 0.0 ], [ 9.317352, 63.498615, 0.0 ], [ 9.139363, 64.60793, 0.0 ], [ 10.256754, 64.72546, 0.0 ], [ 12.559977, 63.839474, 0.0 ], [ 15.823763, 62.036995, 0.0 ], [ 19.728598, 59.4943, 0.0 ], [ 23.892132, 56.460297, 0.0 ], [ 27.906942, 53.23204, 0.0 ], [ 31.379984, 50.12549, 0.0 ], [ 33.971172, 47.444702, 0.0 ], [ 35.427143, 45.452103, 0.0 ]] 
boundary 0: [[ 33.519627, 86.116394, 0.0 ], [ 33.45308, 84.99469, 0.0 ], [ 32.202766, 82.8671, 0.0 ], [ 29.891415, 79.94167, 0.0 ], [ 26.745113, 76.504456, 0.0 ], [ 23.071796, 72.89249, 0.0 ], [ 19.231041, 69.459045, 0.0 ], [ 15.598946, 66.539925, 0.0 ], [ 12.530921, 64.421295, 0.0 ], [ 10.327325, 63.310432, 0.0 ], [ 9.203877, 63.31592, 0.0 ], [ 9.270462, 64.43754, 0.0 ], [ 10.520726, 66.565094, 0.0 ], [ 12.832012, 69.49078, 0.0 ], [ 15.978439, 72.927666, 0.0 ], [ 19.6517, 76.53984, 0.0 ], [ 23.49236, 79.97341, 0.0 ], [ 27.12446, 82.89237, 0.0 ], [ 30.19262, 85.01094, 0.0 ], [ 32.39624, 86.12192, 0.0 ]] 
boundary 1: [[ 33.51967, 41.883743, 0.0 ], [ 32.396225, 41.878086, 0.0 ], [ 30.192572, 42.988937, 0.0 ], [ 27.124458, 45.10769, 0.0 ], [ 23.492378, 48.02662, 0.0 ], [ 19.651701, 51.460197, 0.0 ], [ 15.978416, 55.072315, 0.0 ], [ 12.832132, 58.50939, 0.0 ], [ 10.520684, 61.434807, 0.0 ], [ 9.270479, 63.562466, 0.0 ], [ 9.203859, 64.68398, 0.0 ], [ 10.327399, 64.689644, 0.0 ], [ 12.530929, 63.578663, 0.0 ], [ 15.598962, 61.46008, 0.0 ], [ 19.231129, 58.541107, 0.0 ], [ 23.071777, 55.10751, 0.0 ], [ 26.745094, 51.495445, 0.0 ], [ 29.891462, 48.058422, 0.0 ], [ 32.20276, 45.13289, 0.0 ], [ 33.453033, 43.00518, 0.0 ]] 
boundary 0: [[ 31.304314, 88.26374, 0.0 ], [ 31.344975, 87.1408, 0.0 ], [ 30.30314, 84.90373, 0.0 ], [ 28.281136, 81.77133, 0.0 ], [ 25.476767, 78.04987, 0.0 ], [ 22.164429, 74.10425, 0.0 ], [ 18.668411, 70.32036, 0.0 ], [ 15.331072, 67.068344, 0.0 ], [ 12.478941, 64.66697, 0.0 ], [ 10.391253, 63.351124, 0.0 ], [ 9.272399, 63.249504, 0.0 ], [ 9.231777, 64.37236, 0.0 ], [ 10.273571, 66.6094, 0.0 ], [ 12.295485, 69.74206, 0.0 ], [ 15.100013, 73.46319, 0.0 ], [ 18.41227, 77.40903, 0.0 ], [ 21.908192, 81.19302, 0.0 ], [ 25.245546, 84.44487, 0.0 ], [ 28.097809, 86.84623, 0.0 ], [ 30.185514, 88.162186, 0.0 ]] 
boundary 1: [[ 31.30437, 39.73639, 0.0 ], [ 30.1855, 39.83783, 0.0 ], [ 28.09775, 41.153664, 0.0 ], [ 25.245548, 43.55519, 0.0 ], [ 21.90821, 46.807007, 0.0 ], [ 18.412277, 50.59101, 0.0 ], [ 15.099987, 54.53679, 0.0 ], [ 12.295618, 58.2581, 0.0 ], [ 10.2735195, 61.390503, 0.0 ], [ 9.231794, 63.627632, 0.0 ], [ 9.272371, 64.7504, 0.0 ], [ 10.391337, 64.64893, 0.0 ], [ 12.478946, 63.333004, 0.0 ], [ 15.331089, 60.93165, 0.0 ], [ 18.668503, 57.67977, 0.0 ], [ 22.164412, 53.89576, 0.0 ], [ 25.476738, 49.95002, 0.0 ], [ 28.281199, 46.228767, 0.0 ], [ 30.303133, 43.09626, 0.0 ], [ 31.344923, 40.85907, 0.0 ]] 
boundary 0: [[ 28.986622, 90.123184, 0.0 ], [ 29.130198, 89.00869, 0.0 ], [ 28.298136, 86.68544, 0.0 ], [ 26.57222, 83.380646, 0.0 ], [ 24.12133, 79.41746, 0.0 ], [ 21.185192, 75.184425, 0.0 ], [ 18.051306, 71.09556, 0.0 ], [ 15.026599, 67.55092, 0.0 ], [ 12.406964, 64.89784, 0.0 ], [ 10.448887, 63.3959, 0.0 ], [ 9.344085, 63.191998, 0.0 ], [ 9.200556, 64.30639, 0.0 ], [ 10.032587, 66.629616, 0.0 ], [ 11.758382, 69.934654, 0.0 ], [ 14.209461, 73.89752, 0.0 ], [ 17.145494, 78.13078, 0.0 ], [ 20.279282, 82.21973, 0.0 ], [ 23.304014, 85.76423, 0.0 ], [ 25.923786, 88.41728, 0.0 ], [ 27.88187, 89.919334, 0.0 ]] 
boundary 1: [[ 28.986689, 37.876953, 0.0 ], [ 27.881859, 38.08068, 0.0 ], [ 25.923716, 39.58261, 0.0 ], [ 23.304028, 42.23584, 0.0 ], [ 20.2793, 45.780296, 0.0 ], [ 17.145508, 49.86925, 0.0 ], [ 14.209433, 54.102444, 0.0 ], [ 11.758526, 58.065487, 0.0 ], [ 10.032527, 61.3703, 0.0 ], [ 9.200573, 63.693604, 0.0 ], [ 9.34405, 64.80791, 0.0 ], [ 10.448976, 64.60414, 0.0 ], [ 12.406965, 63.102123, 0.0 ], [ 15.026616, 60.44908, 0.0 ], [ 18.05141, 56.904556, 0.0 ], [ 21.185173, 52.81559, 0.0 ], [ 24.121292, 48.582443, 0.0 ], [ 26.572296, 44.61945, 0.0 ], [ 28.298128, 41.314545, 0.0 ], [ 29.130135, 38.99118, 0.0 ]] 
boundary 0: [[ 26.231497, 91.92522, 0.0 ], [ 26.487658, 90.8311, 0.0 ], [ 25.896145, 88.43527, 0.0 ], [ 24.515228, 84.97212, 0.0 ], [ 22.480043, 80.78025, 0.0 ], [ 19.989567, 76.27061, 0.0 ], [ 17.287708, 71.884254, 0.0 ], [ 14.63912, 68.05043, 0.0 ], [ 12.302844, 65.14472, 0.0 ], [ 10.507643, 63.451458, 0.0 ], [ 9.429304, 63.136265, 0.0 ], [ 9.173198, 64.23028, 0.0 ], [ 9.764678, 66.626076, 0.0 ], [ 11.14545, 70.08948, 0.0 ], [ 13.180859, 74.28104, 0.0 ], [ 15.671207, 78.79091, 0.0 ], [ 18.372963, 83.17732, 0.0 ], [ 21.021587, 87.01102, 0.0 ], [ 23.358002, 89.91671, 0.0 ], [ 25.1532, 91.61009, 0.0 ]] 
boundary 1: [[ 26.231575, 36.074913, 0.0 ], [ 25.153189, 36.38993, 0.0 ], [ 23.357922, 38.083183, 0.0 ], [ 21.021612, 40.989044, 0.0 ], [ 18.372982, 44.8227, 0.0 ], [ 15.671222, 49.20912, 0.0 ], [ 13.180823, 53.718933, 0.0 ], [ 11.145607, 57.910652, 0.0 ], [ 9.764609, 61.373848, 0.0 ], [ 9.173215, 63.7697, 0.0 ], [ 9.4292555, 64.86364, 0.0 ], [ 10.507736, 64.54858, 0.0 ], [ 12.302839, 62.855244, 0.0 ], [ 14.639137, 59.949577, 0.0 ], [ 17.287823, 56.115845, 0.0 ], [ 19.989552, 51.72941, 0.0 ], [ 22.479996, 47.219646, 0.0 ], [ 24.515312, 43.02796, 0.0 ], [ 25.896137, 39.564697, 0.0 ], [ 26.487581, 37.16877, 0.0 ]] 
