boundary 0: [[ 37.38787, 81.07905, 0.0 ], [ 37.103264, 79.99218, 0.0 ], [ 35.461296, 78.15001, 0.0 ], [ 32.622578, 75.73272, 0.0 ], [ 28.865084, 72.977036, 0.0 ], [ 24.556576, 70.15263, 0.0 ], [ 20.118809, 67.53603, 0.0 ], [ 15.986158, 65.38341, 0.0 ], [ 12.563179, 63.9054, 0.0 ], [ 10.1849375, 63.246685, 0.0 ], [ 9.084227, 63.471767, 0.0 ], [ 9.368798, 64.55863, 0.0 ], [ 11.010778, 66.40087, 0.0 ], [ 13.849471, 68.81812, 0.0 ], [ 17.60695, 71.5739, 0.0 ], [ 21.915497, 74.3982, 0.0 ], [ 26.353277, 77.01478, 0.0 ], [ 30.48588, 79.1674, 0.0 ], [ 33.908867, 80.645424, 0.0 ], [ 36.287125, 81.30416, 0.0 ]] 
boundary 1: [[ 37.38787, 46.92092, 0.0 ], [ 36.287132, 46.69584, 0.0 ], [ 33.908867, 47.354538, 0.0 ], [ 30.485872, 48.832554, 0.0 ], [ 26.353283, 50.98525, 0.0 ], [ 21.915485, 53.601784, 0.0 ], [ 17.606955, 56.426178, 0.0 ], [ 13.84946, 59.18187, 0.0 ], [ 11.01078, 61.599167, 0.0 ], [ 9.3688, 63.44137, 0.0 ], [ 9.0842285, 64.52822, 0.0 ], [ 10.18494, 64.75332, 0.0 ], [ 12.563182, 64.09466, 0.0 ], [ 15.986168, 62.61659, 0.0 ], [ 20.118813, 60.463898, 0.0 ], [ 24.55658, 57.84735, 0.0 ], [ 28.865086, 55.02296, 0.0 ], [ 32.6226, 52.26729, 0.0 ], [ 35.46129, 49.85001, 0.0 ], [ 37.103264, 48.007797, 0.0 ]] 
boundary 0: [[ 37.5736, 80.77679, 0.0 ], [ 37.27709, 79.69311, 0.0 ], [ 35.615013, 77.86907, 0.0 ], [ 32.74994, 75.483086, 0.0 ], [ 28.962425, 72.76878, 0.0 ], [ 24.623201, 69.99181, 0.0 ], [ 20.156986, 67.42407, 0.0 ], [ 16.000969, 65.31692, 0.0 ], [ 12.561982, 63.87655, 0.0 ], [ 10.176656, 63.24397, 0.0 ], [ 9.078483, 63.481113, 0.0 ], [ 9.374962, 64.5648, 0.0 ], [ 11.037055, 66.3889, 0.0 ], [ 13.902097, 68.77486, 0.0 ], [ 17.689587, 71.48926, 0.0 ], [ 22.028862, 74.2661, 0.0 ], [ 26.49508, 76.83383, 0.0 ], [ 30.651049, 78.94099, 0.0 ], [ 34.09004, 80.381355, 0.0 ], [ 36.475403, 81.01397, 0.0 ]] 
boundary 1: [[ 37.5736, 47.223183, 0.0 ], [ 36.47541, 46.98603, 0.0 ], [ 34.09004, 47.6186, 0.0 ], [ 30.651041, 49.058968, 0.0 ], [ 26.495087, 51.16619, 0.0 ], [ 22.02885, 53.73388, 0.0 ], [ 17.68959, 56.510834, 0.0 ], [ 13.902085, 59.22513, 0.0 ], [ 11.037056, 61.611134, 0.0 ], [ 9.374964, 63.43521, 0.0 ], [ 9.078485, 64.51887, 0.0 ], [ 10.17666, 64.75605, 0.0 ], [ 12.561983, 64.12351, 0.0 ], [ 16.000978, 62.683083, 0.0 ], [ 20.15699, 60.575863, 0.0 ], [ 24.623205, 58.008163, 0.0 ], [ 28.962427, 55.23122, 0.0 ], [ 32.74996, 52.516922, 0.0 ], [ 35.615005, 50.130943, 0.0 ], [ 37.27709, 48.306873, 0.0 ]] 
boundary 0: [[ 38.19107, 79.71448, 0.0 ], [ 37.8536, 78.642845, 0.0 ], [ 36.123413, 76.883286, 0.0 ], [ 33.169754, 74.60788, 0.0 ], [ 29.281847, 72.039444, 0.0 ], [ 24.840246, 69.42934, 0.0 ], [ 20.279703, 67.03315, 0.0 ], [ 16.046627, 65.08543, 0.0 ], [ 12.555393, 63.776764, 0.0 ], [ 10.147754, 63.23527, 0.0 ], [ 9.059385, 63.51397, 0.0 ], [ 9.396826, 64.58561, 0.0 ], [ 11.127025, 66.34526, 0.0 ], [ 14.080651, 68.62061, 0.0 ], [ 17.968538, 71.18915, 0.0 ], [ 22.410185, 73.79913, 0.0 ], [ 26.97074, 76.1953, 0.0 ], [ 31.203766, 78.14302, 0.0 ], [ 34.694992, 79.4517, 0.0 ], [ 37.102676, 79.993225, 0.0 ]] 
boundary 1: [[ 38.19107, 48.285492, 0.0 ], [ 37.102684, 48.006775, 0.0 ], [ 34.694996, 48.548256, 0.0 ], [ 31.203758, 49.856922, 0.0 ], [ 26.970745, 51.80472, 0.0 ], [ 22.410173, 54.20086, 0.0 ], [ 17.968536, 56.81094, 0.0 ], [ 14.080641, 59.379375, 0.0 ], [ 11.127024, 61.654804, 0.0 ], [ 9.396828, 63.4144, 0.0 ], [ 9.059387, 64.486015, 0.0 ], [ 10.147758, 64.76475, 0.0 ], [ 12.555391, 64.22329, 0.0 ], [ 16.046635, 62.914566, 0.0 ], [ 20.279709, 60.966778, 0.0 ], [ 24.840254, 58.570637, 0.0 ], [ 29.281849, 55.960556, 0.0 ], [ 33.169777, 53.39212, 0.0 ], [ 36.123405, 51.116734, 0.0 ], [ 37.8536, 49.35713, 0.0 ]] 
boundary 0: [[ 39.05471, 78.04955, 0.0 ], [ 38.65567, 76.9993, 0.0 ], [ 36.82637, 75.34303, 0.0 ], [ 33.74574, 73.242714, 0.0 ], [ 29.71545, 70.90403, 0.0 ], [ 25.129978, 68.55585, 0.0 ], [ 20.438168, 66.428116, 0.0 ], [ 16.09928, 64.729126, 0.0 ], [ 12.538038, 63.625103, 0.0 ], [ 10.103051, 63.224125, 0.0 ], [ 9.032672, 63.56545, 0.0 ], [ 9.4316845, 64.61573, 0.0 ], [ 11.261002, 66.27211, 0.0 ], [ 14.341592, 68.37237, 0.0 ], [ 18.371872, 70.711136, 0.0 ], [ 22.95738, 73.059204, 0.0 ], [ 27.649202, 75.186905, 0.0 ], [ 31.98804, 76.885895, 0.0 ], [ 35.54928, 77.98993, 0.0 ], [ 37.984314, 78.39096, 0.0 ]] 
boundary 1: [[ 39.05471, 49.95041, 0.0 ], [ 37.98432, 49.609055, 0.0 ], [ 35.54928, 50.01002, 0.0 ], [ 31.988037, 51.11405, 0.0 ], [ 27.649204, 52.81313, 0.0 ], [ 22.957369, 54.94079, 0.0 ], [ 18.371864, 57.288944, 0.0 ], [ 14.341582, 59.627625, 0.0 ], [ 11.260999, 61.727966, 0.0 ], [ 9.431686, 63.384274, 0.0 ], [ 9.032679, 64.4345, 0.0 ], [ 10.103054, 64.77589, 0.0 ], [ 12.538033, 64.374954, 0.0 ], [ 16.099287, 63.270866, 0.0 ], [ 20.438179, 61.571796, 0.0 ], [ 25.129986, 59.444138, 0.0 ], [ 29.715452, 57.095978, 0.0 ], [ 33.74576, 54.7573, 0.0 ], [ 36.826355, 52.657005, 0.0 ], [ 38.655678, 51.000683, 0.0 ]] 
boundary 0: [[ 39.87258, 76.21005, 0.0 ], [ 39.408966, 75.18667, 0.0 ], [ 37.480133, 73.64744, 0.0 ], [ 34.274773, 71.742905, 0.0 ], [ 30.106752, 69.65957, 0.0 ], [ 25.384039, 67.6013, 0.0 ], [ 20.56891, 65.76968, 0.0 ], [ 16.132702, 64.344, 0.0 ], [ 12.509659, 63.463734, 0.0 ], [ 10.054439, 63.215065, 0.0 ], [ 9.007375, 63.622345, 0.0 ], [ 9.470974, 64.64575, 0.0 ], [ 11.399826, 66.18508, 0.0 ], [ 14.605147, 68.08956, 0.0 ], [ 18.773163, 70.17298, 0.0 ], [ 23.495905, 72.23113, 0.0 ], [ 28.31104, 74.06272, 0.0 ], [ 32.7472, 75.4884, 0.0 ], [ 36.370243, 76.36868, 0.0 ], [ 38.825512, 76.61742, 0.0 ]] 
boundary 1: [[ 39.87259, 51.789913, 0.0 ], [ 38.82552, 51.382614, 0.0 ], [ 36.370243, 51.631264, 0.0 ], [ 32.7472, 52.511528, 0.0 ], [ 28.31104, 53.9373, 0.0 ], [ 23.495893, 55.768856, 0.0 ], [ 18.773146, 57.827095, 0.0 ], [ 14.605139, 59.91044, 0.0 ], [ 11.3998165, 61.814995, 0.0 ], [ 9.470976, 63.354248, 0.0 ], [ 9.007384, 64.3776, 0.0 ], [ 10.054441, 64.784935, 0.0 ], [ 12.509651, 64.53633, 0.0 ], [ 16.13271, 63.656002, 0.0 ], [ 20.568932, 62.230236, 0.0 ], [ 25.384048, 60.39868, 0.0 ], [ 30.106754, 58.340435, 0.0 ], [ 34.274788, 56.257107, 0.0 ], [ 37.480118, 54.352592, 0.0 ], [ 39.408974, 52.813316, 0.0 ]] 
boundary 0: [[ 40.58325, 74.29696, 0.0 ], [ 40.056, 73.304855, 0.0 ], [ 38.033897, 71.89037, 0.0 ], [ 34.714767, 70.19185, 0.0 ], [ 30.423618, 68.37562, 0.0 ], [ 25.58046, 66.61939, 0.0 ], [ 20.659374, 65.095184, 0.0 ], [ 16.142056, 63.95221, 0.0 ], [ 12.4706955, 63.30226, 0.0 ], [ 10.00468, 63.20899, 0.0 ], [ 8.985394, 63.68151, 0.0 ], [ 9.512634, 64.67364, 0.0 ], [ 11.534756, 66.08821, 0.0 ], [ 14.853841, 67.786674, 0.0 ], [ 19.144993, 69.603, 0.0 ], [ 23.988167, 71.35911, 0.0 ], [ 28.909264, 72.88328, 0.0 ], [ 33.42653, 74.02626, 0.0 ], [ 37.097893, 74.676216, 0.0 ], [ 39.563957, 74.76956, 0.0 ]] 
boundary 1: [[ 40.583256, 53.70301, 0.0 ], [ 39.563965, 53.23047, 0.0 ], [ 37.0979, 53.323727, 0.0 ], [ 33.42653, 53.97367, 0.0 ], [ 28.909264, 55.11674, 0.0 ], [ 23.988155, 56.640873, 0.0 ], [ 19.144974, 58.397064, 0.0 ], [ 14.853833, 60.21331, 0.0 ], [ 11.53474, 61.911865, 0.0 ], [ 9.512636, 63.326366, 0.0 ], [ 8.985406, 64.31844, 0.0 ], [ 10.004683, 64.79101, 0.0 ], [ 12.470684, 64.69779, 0.0 ], [ 16.142063, 64.04779, 0.0 ], [ 20.659393, 62.90473, 0.0 ], [ 25.580467, 61.3806, 0.0 ], [ 30.42362, 59.62439, 0.0 ], [ 34.714775, 57.808163, 0.0 ], [ 38.03388, 56.109657, 0.0 ], [ 40.056007, 54.695133, 0.0 ]] 
boundary 0: [[ 41.048977, 72.789856, 0.0 ], [ 40.47397, 71.824646, 0.0 ], [ 38.385284, 70.510475, 0.0 ], [ 34.987267, 68.97585, 0.0 ], [ 30.61264, 67.37106, 0.0 ], [ 25.689598, 65.853134, 0.0 ], [ 20.700022, 64.57074, 0.0 ], [ 16.132336, 63.649456, 0.0 ], [ 12.433644, 63.17934, 0.0 ], [ 9.966015, 63.20645, 0.0 ], [ 8.970988, 63.72813, 0.0 ], [ 9.545989, 64.69335, 0.0 ], [ 11.634697, 66.007614, 0.0 ], [ 15.03267, 67.54219, 0.0 ], [ 19.407299, 69.14707, 0.0 ], [ 24.33036, 70.66487, 0.0 ], [ 29.319937, 71.94722, 0.0 ], [ 33.887566, 72.868515, 0.0 ], [ 37.586266, 73.33865, 0.0 ], [ 40.053944, 73.31162, 0.0 ]] 
boundary 1: [[ 41.048985, 55.210114, 0.0 ], [ 40.05395, 54.68842, 0.0 ], [ 37.586273, 54.66129, 0.0 ], [ 33.887566, 55.131405, 0.0 ], [ 29.319937, 56.0528, 0.0 ], [ 24.330349, 57.335106, 0.0 ], [ 19.407276, 58.852997, 0.0 ], [ 15.032662, 60.457794, 0.0 ], [ 11.634677, 61.992447, 0.0 ], [ 9.545991, 63.306652, 0.0 ], [ 8.971003, 64.27186, 0.0 ], [ 9.966018, 64.79355, 0.0 ], [ 12.433631, 64.82071, 0.0 ], [ 16.132343, 64.35055, 0.0 ], [ 20.700047, 63.42916, 0.0 ], [ 25.689606, 62.14685, 0.0 ], [ 30.612642, 60.62894, 0.0 ], [ 34.987274, 59.024162, 0.0 ], [ 38.385265, 57.489555, 0.0 ], [ 40.473976, 56.175335, 0.0 ]] 
boundary 0: [[ 41.259323, 72.00795, 0.0 ], [ 40.660324, 71.05745, 0.0 ], [ 38.539383, 69.795975, 0.0 ], [ 35.104008, 68.34693, 0.0 ], [ 30.690569, 66.852196, 0.0 ], [ 25.731064, 65.458015, 0.0 ], [ 20.710941, 64.30096, 0.0 ], [ 16.121616, 63.494343, 0.0 ], [ 12.412312, 63.11699, 0.0 ], [ 9.946135, 63.205883, 0.0 ], [ 8.964482, 63.75232, 0.0 ], [ 9.563472, 64.702835, 0.0 ], [ 11.684433, 65.964386, 0.0 ], [ 15.11977, 67.41339, 0.0 ], [ 19.533205, 68.908226, 0.0 ], [ 24.49274, 70.30227, 0.0 ], [ 29.512857, 71.459274, 0.0 ], [ 34.102127, 72.26591, 0.0 ], [ 37.811424, 72.643295, 0.0 ], [ 40.277657, 72.554474, 0.0 ]] 
boundary 1: [[ 41.25933, 55.99202, 0.0 ], [ 40.277664, 55.445568, 0.0 ], [ 37.81144, 55.356655, 0.0 ], [ 34.102127, 55.73401, 0.0 ], [ 29.512857, 56.54074, 0.0 ], [ 24.49273, 57.697697, 0.0 ], [ 19.533182, 59.09184, 0.0 ], [ 15.119762, 60.586594, 0.0 ], [ 11.684413, 62.03568, 0.0 ], [ 9.563474, 63.297173, 0.0 ], [ 8.964498, 64.24767, 0.0 ], [ 9.946137, 64.79412, 0.0 ], [ 12.412298, 64.883064, 0.0 ], [ 16.121624, 64.50566, 0.0 ], [ 20.710972, 63.698948, 0.0 ], [ 25.731071, 62.541985, 0.0 ], [ 30.690569, 61.147816, 0.0 ], [ 35.104015, 59.653088, 0.0 ], [ 38.539368, 58.204044, 0.0 ], [ 40.66033, 56.942535, 0.0 ]] 
boundary 0: [[ 41.316772, 71.77972, 0.0 ], [ 40.71087, 70.8336, 0.0 ], [ 38.580814, 69.5876, 0.0 ], [ 35.13499, 68.163605, 0.0 ], [ 30.710783, 66.70103, 0.0 ], [ 25.741257, 65.34298, 0.0 ], [ 20.712849, 64.22249, 0.0 ], [ 16.117777, 63.449314, 0.0 ], [ 12.405819, 63.09897, 0.0 ], [ 9.940354, 63.205807, 0.0 ], [ 8.962707, 63.759373, 0.0 ], [ 9.568598, 64.70551, 0.0 ], [ 11.698685, 65.951584, 0.0 ], [ 15.14448, 67.37554, 0.0 ], [ 19.568676, 68.83822, 0.0 ], [ 24.53823, 70.19613, 0.0 ], [ 29.566633, 71.31656, 0.0 ], [ 34.161644, 72.08977, 0.0 ], [ 37.873596, 72.44013, 0.0 ], [ 40.339108, 72.33336, 0.0 ]] 
boundary 1: [[ 41.31678, 56.220257, 0.0 ], [ 40.339115, 55.66667, 0.0 ], [ 37.87361, 55.559807, 0.0 ], [ 34.161644, 55.91015, 0.0 ], [ 29.566633, 56.683456, 0.0 ], [ 24.53822, 57.80384, 0.0 ], [ 19.568653, 59.161846, 0.0 ], [ 15.144472, 60.624428, 0.0 ], [ 11.698664, 62.048477, 0.0 ], [ 9.5686, 63.2945, 0.0 ], [ 8.962721, 64.240616, 0.0 ], [ 9.940357, 64.79419, 0.0 ], [ 12.405806, 64.901085, 0.0 ], [ 16.117785, 64.5507, 0.0 ], [ 20.71288, 63.7774, 0.0 ], [ 25.741264, 62.657013, 0.0 ], [ 30.710783, 61.29898, 0.0 ], [ 35.13499, 59.836422, 0.0 ], [ 38.5808, 58.412422, 0.0 ], [ 40.710876, 57.166386, 0.0 ]] 
boundary 0: [[ 41.199417, 72.23869, 0.0 ], [ 40.60746, 71.28381, 0.0 ], [ 38.495872, 70.00673, 0.0 ], [ 35.07128, 68.5324, 0.0 ], [ 30.668982, 67.00515, 0.0 ], [ 25.719883, 65.57445, 0.0 ], [ 20.708435, 64.3804, 0.0 ], [ 16.125185, 63.53998, 0.0 ], [ 12.418756, 63.13529, 0.0 ], [ 9.951987, 63.205994, 0.0 ], [ 8.966336, 63.74518, 0.0 ], [ 9.5583, 64.70009, 0.0 ], [ 11.669901, 65.97724, 0.0 ], [ 15.094463, 67.45154, 0.0 ], [ 19.496761, 68.97888, 0.0 ], [ 24.445885, 70.409454, 0.0 ], [ 29.457335, 71.603455, 0.0 ], [ 34.040516, 72.44388, 0.0 ], [ 37.74694, 72.848595, 0.0 ], [ 40.213753, 72.77796, 0.0 ]] 
boundary 1: [[ 41.199425, 55.761276, 0.0 ], [ 40.21376, 55.22207, 0.0 ], [ 37.746956, 55.151337, 0.0 ], [ 34.040512, 55.556038, 0.0 ], [ 29.457336, 56.3966, 0.0 ], [ 24.445873, 57.590523, 0.0 ], [ 19.496738, 59.02119, 0.0 ], [ 15.094456, 60.54844, 0.0 ], [ 11.669882, 62.022823, 0.0 ], [ 9.558302, 63.299915, 0.0 ], [ 8.966351, 64.25481, 0.0 ], [ 9.95199, 64.794, 0.0 ], [ 12.418743, 64.86476, 0.0 ], [ 16.125193, 64.46002, 0.0 ], [ 20.708466, 63.61949, 0.0 ], [ 25.71989, 62.42555, 0.0 ], [ 30.668982, 60.994854, 0.0 ], [ 35.07129, 59.46763, 0.0 ], [ 38.495857, 57.993294, 0.0 ], [ 40.607468, 56.716183, 0.0 ]] 
boundary 0: [[ 41.0435, 72.809204, 0.0 ], [ 40.469086, 71.84366, 0.0 ], [ 38.381233, 70.52817, 0.0 ], [ 34.98418, 68.99144, 0.0 ], [ 30.61054, 67.38392, 0.0 ], [ 25.688437, 65.86293, 0.0 ], [ 20.699669, 64.57742, 0.0 ], [ 16.132559, 63.653316, 0.0 ], [ 12.434155, 63.180893, 0.0 ], [ 9.966508, 63.206467, 0.0 ], [ 8.971159, 63.72753, 0.0 ], [ 9.545558, 64.69311, 0.0 ], [ 11.633444, 66.00867, 0.0 ], [ 15.030467, 67.545364, 0.0 ], [ 19.40409, 69.152985, 0.0 ], [ 24.326218, 70.67383, 0.0 ], [ 29.31499, 71.9593, 0.0 ], [ 33.882023, 72.88341, 0.0 ], [ 37.580437, 73.35585, 0.0 ], [ 40.048126, 73.33035, 0.0 ]] 
boundary 1: [[ 41.043507, 55.190765, 0.0 ], [ 40.048134, 54.669674, 0.0 ], [ 37.580452, 54.64408, 0.0 ], [ 33.882023, 55.1165, 0.0 ], [ 29.314991, 56.040756, 0.0 ], [ 24.326206, 57.326145, 0.0 ], [ 19.404068, 58.847095, 0.0 ], [ 15.030459, 60.454617, 0.0 ], [ 11.633427, 61.991394, 0.0 ], [ 9.54556, 63.306892, 0.0 ], [ 8.971172, 64.27245, 0.0 ], [ 9.966511, 64.793526, 0.0 ], [ 12.434144, 64.81915, 0.0 ], [ 16.132566, 64.34669, 0.0 ], [ 20.699696, 63.42247, 0.0 ], [ 25.688444, 62.137062, 0.0 ], [ 30.61054, 60.61608, 0.0 ], [ 34.984188, 59.008595, 0.0 ], [ 38.381218, 57.471867, 0.0 ], [ 40.469093, 56.15634, 0.0 ]] 
boundary 0: [[ 40.797794, 73.63484, 0.0 ], [ 40.2493, 72.65434, 0.0 ], [ 38.197243, 71.2837, 0.0 ], [ 34.842308, 69.65702, 0.0 ], [ 30.513054, 67.933556, 0.0 ], [ 25.633217, 66.28199, 0.0 ], [ 20.680468, 64.86403, 0.0 ], [ 16.139597, 63.81859, 0.0 ], [ 12.455089, 63.247807, 0.0 ], [ 9.987636, 63.207634, 0.0 ], [ 8.978758, 63.701996, 0.0 ], [ 9.527232, 64.68253, 0.0 ], [ 11.5793295, 66.053246, 0.0 ], [ 14.934212, 67.679886, 0.0 ], [ 19.263453, 69.403465, 0.0 ], [ 24.143324, 71.05488, 0.0 ], [ 29.096083, 72.47279, 0.0 ], [ 33.63687, 73.51825, 0.0 ], [ 37.32139, 74.08906, 0.0 ], [ 39.78888, 74.12929, 0.0 ]] 
boundary 1: [[ 40.797802, 54.36512, 0.0 ], [ 39.788895, 53.87074, 0.0 ], [ 37.321404, 53.91089, 0.0 ], [ 33.63687, 54.481655, 0.0 ], [ 29.096085, 55.527256, 0.0 ], [ 24.14331, 56.945084, 0.0 ], [ 19.263435, 58.596626, 0.0 ], [ 14.934204, 60.320087, 0.0 ], [ 11.579312, 61.946815, 0.0 ], [ 9.527234, 63.317467, 0.0 ], [ 8.978771, 64.29799, 0.0 ], [ 9.987638, 64.792366, 0.0 ], [ 12.455079, 64.75225, 0.0 ], [ 16.139605, 64.18142, 0.0 ], [ 20.680489, 63.135857, 0.0 ], [ 25.633224, 61.71801, 0.0 ], [ 30.513054, 60.066444, 0.0 ], [ 34.842323, 58.343014, 0.0 ], [ 38.197227, 56.716335, 0.0 ], [ 40.249306, 55.34566, 0.0 ]] 
boundary 0: [[ 40.371918, 74.90583, 0.0 ], [ 39.864532, 73.90346, 0.0 ], [ 37.871063, 72.44893, 0.0 ], [ 34.586426, 70.68459, 0.0 ], [ 30.332327, 68.78317, 0.0 ], [ 25.525143, 66.930756, 0.0 ], [ 20.635418, 65.30874, 0.0 ], [ 16.14178, 64.07598, 0.0 ], [ 12.484099, 63.352978, 0.0 ], [ 10.0204315, 63.210564, 0.0 ], [ 8.99193, 63.662685, 0.0 ], [ 9.499291, 64.665115, 0.0 ], [ 11.492809, 66.1197, 0.0 ], [ 14.77739, 67.883995, 0.0 ], [ 19.03147, 69.785545, 0.0 ], [ 23.8387, 71.63779, 0.0 ], [ 28.728432, 73.25977, 0.0 ], [ 33.22199, 74.492546, 0.0 ], [ 36.879684, 75.215576, 0.0 ], [ 39.34339, 75.35805, 0.0 ]] 
boundary 1: [[ 40.371918, 53.094124, 0.0 ], [ 39.343407, 52.64199, 0.0 ], [ 36.8797, 52.78437, 0.0 ], [ 33.221977, 53.50737, 0.0 ], [ 28.728437, 54.740276, 0.0 ], [ 23.838688, 56.36217, 0.0 ], [ 19.031456, 58.214558, 0.0 ], [ 14.777382, 60.11598, 0.0 ], [ 11.492798, 61.880356, 0.0 ], [ 9.499293, 63.33489, 0.0 ], [ 8.991942, 64.337296, 0.0 ], [ 10.020434, 64.78944, 0.0 ], [ 12.48409, 64.64709, 0.0 ], [ 16.141792, 63.924026, 0.0 ], [ 20.635433, 62.691154, 0.0 ], [ 25.52515, 61.069244, 0.0 ], [ 30.332327, 59.21683, 0.0 ], [ 34.58644, 57.315445, 0.0 ], [ 37.871048, 55.551105, 0.0 ], [ 39.86454, 54.096558, 0.0 ]] 
boundary 0: [[ 39.911976, 76.11301, 0.0 ], [ 39.445045, 75.09117, 0.0 ], [ 37.51127, 73.55817, 0.0 ], [ 34.29973, 71.66404, 0.0 ], [ 30.124975, 69.59421, 0.0 ], [ 25.395624, 67.55125, 0.0 ], [ 20.574594, 65.7352, 0.0 ], [ 16.13379, 64.32393, 0.0 ], [ 12.507908, 63.455387, 0.0 ], [ 10.051895, 63.214672, 0.0 ], [ 9.006156, 63.625347, 0.0 ], [ 9.47307, 64.64724, 0.0 ], [ 11.406892, 66.180305, 0.0 ], [ 14.618376, 68.07437, 0.0 ], [ 18.793102, 70.144356, 0.0 ], [ 23.522503, 72.18714, 0.0 ], [ 28.343544, 74.00316, 0.0 ], [ 32.784264, 75.41445, 0.0 ], [ 36.410156, 76.283005, 0.0 ], [ 38.866207, 76.52378, 0.0 ]] 
boundary 1: [[ 39.911976, 51.88695, 0.0 ], [ 38.866226, 51.476265, 0.0 ], [ 36.41017, 51.716946, 0.0 ], [ 32.78425, 52.58547, 0.0 ], [ 28.343552, 53.99689, 0.0 ], [ 23.522491, 55.812813, 0.0 ], [ 18.793089, 57.85575, 0.0 ], [ 14.618367, 59.925575, 0.0 ], [ 11.40688, 61.819756, 0.0 ], [ 9.473072, 63.352764, 0.0 ], [ 9.006167, 64.37463, 0.0 ], [ 10.051899, 64.78533, 0.0 ], [ 12.507903, 64.54468, 0.0 ], [ 16.133804, 63.676086, 0.0 ], [ 20.574608, 62.264698, 0.0 ], [ 25.395632, 60.448765, 0.0 ], [ 30.124975, 58.405804, 0.0 ], [ 34.299744, 56.336006, 0.0 ], [ 37.51126, 54.44187, 0.0 ], [ 39.445053, 52.908848, 0.0 ]] 
boundary 0: [[ 39.346786, 77.42734, 0.0 ], [ 38.925526, 76.38585, 0.0 ], [ 37.06145, 74.76879, 0.0 ], [ 33.93684, 72.73445, 0.0 ], [ 29.85774, 70.481964, 0.0 ], [ 25.223392, 68.23178, 0.0 ], [ 20.487421, 66.20425, 0.0 ], [ 16.113392, 64.597916, 0.0 ], [ 12.529482, 63.569813, 0.0 ], [ 10.08652, 63.220688, 0.0 ], [ 9.023639, 63.584698, 0.0 ], [ 9.444887, 64.62624, 0.0 ], [ 11.308997, 66.24336, 0.0 ], [ 14.43355, 68.27763, 0.0 ], [ 18.512615, 70.53028, 0.0 ], [ 23.147022, 72.78028, 0.0 ], [ 27.883013, 74.80779, 0.0 ], [ 32.25695, 76.41415, 0.0 ], [ 35.840866, 77.44225, 0.0 ], [ 38.283875, 77.791435, 0.0 ]] 
boundary 1: [[ 39.346786, 50.572624, 0.0 ], [ 38.28389, 50.208603, 0.0 ], [ 35.84088, 50.55769, 0.0 ], [ 32.256935, 51.585777, 0.0 ], [ 27.88302, 53.19226, 0.0 ], [ 23.14701, 55.219673, 0.0 ], [ 18.512608, 57.469837, 0.0 ], [ 14.433537, 59.72231, 0.0 ], [ 11.308988, 61.756702, 0.0 ], [ 9.44489, 63.37376, 0.0 ], [ 9.023649, 64.41528, 0.0 ], [ 10.086524, 64.77932, 0.0 ], [ 12.529478, 64.43025, 0.0 ], [ 16.113407, 63.402115, 0.0 ], [ 20.487429, 61.79565, 0.0 ], [ 25.2234, 59.768223, 0.0 ], [ 29.85774, 57.518047, 0.0 ], [ 33.936855, 55.265594, 0.0 ], [ 37.061443, 53.23124, 0.0 ], [ 38.925533, 51.61418, 0.0 ]] 
boundary 0: [[ 38.90766, 78.35038, 0.0 ], [ 38.519527, 77.29611, 0.0 ], [ 36.7075, 75.62093, 0.0 ], [ 33.64875, 73.48883, 0.0 ], [ 29.64289, 71.108536, 0.0 ], [ 25.081993, 68.713, 0.0 ], [ 20.412472, 66.53676, 0.0 ], [ 16.091408, 64.79296, 0.0 ], [ 12.541784, 63.652092, 0.0 ], [ 10.111077, 63.225918, 0.0 ], [ 9.037221, 63.55614, 0.0 ], [ 9.425336, 64.61049, 0.0 ], [ 11.237397, 66.28573, 0.0 ], [ 14.296087, 68.41775, 0.0 ], [ 18.301907, 70.79821, 0.0 ], [ 22.86288, 73.19357, 0.0 ], [ 27.532417, 75.369774, 0.0 ], [ 31.85339, 77.11359, 0.0 ], [ 35.403015, 78.25446, 0.0 ], [ 37.833767, 78.680695, 0.0 ]] 
boundary 1: [[ 38.90766, 49.649582, 0.0 ], [ 37.833782, 49.319336, 0.0 ], [ 35.40303, 49.745476, 0.0 ], [ 31.853374, 50.886337, 0.0 ], [ 27.532429, 52.63027, 0.0 ], [ 22.86287, 54.806374, 0.0 ], [ 18.301903, 57.201912, 0.0 ], [ 14.29607, 59.5822, 0.0 ], [ 11.237391, 61.71434, 0.0 ], [ 9.425339, 63.38951, 0.0 ], [ 9.0372305, 64.443825, 0.0 ], [ 10.111081, 64.774086, 0.0 ], [ 12.541782, 64.34797, 0.0 ], [ 16.091423, 63.207066, 0.0 ], [ 20.412476, 61.46314, 0.0 ], [ 25.082, 59.28702, 0.0 ], [ 29.64289, 56.891483, 0.0 ], [ 33.648766, 54.511215, 0.0 ], [ 36.707493, 52.379105, 0.0 ], [ 38.519535, 50.70393, 0.0 ]] 
boundary 0: [[ 38.21818, 79.66565, 0.0 ], [ 37.878876, 78.59467, 0.0 ], [ 36.14566, 76.83806, 0.0 ], [ 33.188034, 74.56775, 0.0 ], [ 29.295702, 72.00605, 0.0 ], [ 24.849613, 69.40361, 0.0 ], [ 20.28494, 67.01526, 0.0 ], [ 16.048504, 65.07488, 0.0 ], [ 12.555008, 63.772232, 0.0 ], [ 10.146435, 63.234894, 0.0 ], [ 9.058546, 63.51546, 0.0 ], [ 9.39784, 64.586525, 0.0 ], [ 11.131069, 66.343185, 0.0 ], [ 14.0886345, 68.61343, 0.0 ], [ 17.980925, 71.1753, 0.0 ], [ 22.427101, 73.777565, 0.0 ], [ 26.991793, 76.165886, 0.0 ], [ 31.228136, 78.10626, 0.0 ], [ 34.72164, 79.40891, 0.0 ], [ 37.13025, 79.94632, 0.0 ]] 
boundary 1: [[ 38.218174, 48.33431, 0.0 ], [ 37.130276, 48.05372, 0.0 ], [ 34.721657, 48.591022, 0.0 ], [ 31.228117, 49.89366, 0.0 ], [ 26.991808, 51.834164, 0.0 ], [ 22.42709, 54.22239, 0.0 ], [ 17.98093, 56.824825, 0.0 ], [ 14.088617, 59.386536, 0.0 ], [ 11.131067, 61.656876, 0.0 ], [ 9.397843, 63.41348, 0.0 ], [ 9.058555, 64.484505, 0.0 ], [ 10.146439, 64.76511, 0.0 ], [ 12.555008, 64.22783, 0.0 ], [ 16.048525, 62.925144, 0.0 ], [ 20.28494, 60.984642, 0.0 ], [ 24.84962, 58.59641, 0.0 ], [ 29.295704, 55.99398, 0.0 ], [ 33.188057, 53.432278, 0.0 ], [ 36.14566, 51.161976, 0.0 ], [ 37.878883, 49.40536, 0.0 ]] 
boundary 0: [[ 37.808342, 80.3838, 0.0 ], [ 37.49653, 79.30452, 0.0 ], [ 35.808807, 77.50415, 0.0 ], [ 32.910202, 75.15894, 0.0 ], [ 29.084654, 72.49854, 0.0 ], [ 24.706562, 69.78325, 0.0 ], [ 20.204453, 67.27898, 0.0 ], [ 16.01902, 65.23089, 0.0 ], [ 12.559977, 63.839348, 0.0 ], [ 10.165929, 63.240593, 0.0 ], [ 9.071221, 63.49325, 0.0 ], [ 9.383017, 64.57265, 0.0 ], [ 11.07076, 66.37305, 0.0 ], [ 13.969305, 68.71817, 0.0 ], [ 17.794813, 71.378746, 0.0 ], [ 22.172993, 74.093834, 0.0 ], [ 26.675123, 76.59813, 0.0 ], [ 30.860458, 78.64617, 0.0 ], [ 34.31952, 80.03776, 0.0 ], [ 36.7136, 80.63658, 0.0 ]] 
boundary 1: [[ 37.808334, 47.61615, 0.0 ], [ 36.71363, 47.363472, 0.0 ], [ 34.319534, 47.96219, 0.0 ], [ 30.86044, 49.353737, 0.0 ], [ 26.675142, 51.40193, 0.0 ], [ 22.172981, 53.906105, 0.0 ], [ 17.794823, 56.62139, 0.0 ], [ 13.969287, 59.281788, 0.0 ], [ 11.070759, 61.627014, 0.0 ], [ 9.38302, 63.42737, 0.0 ], [ 9.07123, 64.50672, 0.0 ], [ 10.165934, 64.75941, 0.0 ], [ 12.5599785, 64.16072, 0.0 ], [ 16.019043, 62.769115, 0.0 ], [ 20.204453, 60.720924, 0.0 ], [ 24.70657, 58.21674, 0.0 ], [ 29.084656, 55.501472, 0.0 ], [ 32.910225, 52.841084, 0.0 ], [ 35.808807, 50.495884, 0.0 ], [ 37.496536, 48.695534, 0.0 ]] 
boundary 0: [[ 37.4914, 80.911446, 0.0 ], [ 37.200188, 79.82643, 0.0 ], [ 35.54705, 77.99427, 0.0 ], [ 32.69361, 75.5943, 0.0 ], [ 28.9194, 72.86156, 0.0 ], [ 24.593796, 70.06342, 0.0 ], [ 20.140171, 67.47389, 0.0 ], [ 15.994481, 65.346504, 0.0 ], [ 12.562557, 63.889378, 0.0 ], [ 10.180344, 63.24516, 0.0 ], [ 9.081024, 63.476933, 0.0 ], [ 9.372215, 64.562065, 0.0 ], [ 11.02538, 66.39427, 0.0 ], [ 13.878757, 68.79414, 0.0 ], [ 17.652924, 71.52707, 0.0 ], [ 21.978626, 74.32499, 0.0 ], [ 26.432278, 76.914536, 0.0 ], [ 30.577858, 79.04186, 0.0 ], [ 34.009804, 80.499054, 0.0 ], [ 36.392048, 81.14336, 0.0 ]] 
boundary 1: [[ 37.491394, 47.08849, 0.0 ], [ 36.39208, 46.8567, 0.0 ], [ 34.00982, 47.500893, 0.0 ], [ 30.577839, 48.95803, 0.0 ], [ 26.432297, 51.085526, 0.0 ], [ 21.978615, 53.67494, 0.0 ], [ 17.652939, 56.473076, 0.0 ], [ 13.87874, 59.205814, 0.0 ], [ 11.025381, 61.605793, 0.0 ], [ 9.372219, 63.437946, 0.0 ], [ 9.081031, 64.52304, 0.0 ], [ 10.180348, 64.75484, 0.0 ], [ 12.562561, 64.1107, 0.0 ], [ 15.994504, 62.65349, 0.0 ], [ 20.140167, 60.526, 0.0 ], [ 24.593803, 57.936565, 0.0 ], [ 28.919401, 55.13846, 0.0 ], [ 32.693634, 52.405727, 0.0 ], [ 35.54705, 50.005775, 0.0 ], [ 37.200195, 48.173622, 0.0 ]] 
boundary 0: [[ 37.37401, 81.10128, 0.0 ], [ 37.090294, 80.01428, 0.0 ], [ 35.44982, 78.170746, 0.0 ], [ 32.613026, 75.75113, 0.0 ], [ 28.857777, 72.99241, 0.0 ], [ 24.551588, 70.16448, 0.0 ], [ 20.115952, 67.544266, 0.0 ], [ 15.985041, 65.38831, 0.0 ], [ 12.563257, 63.90754, 0.0 ], [ 10.185549, 63.246883, 0.0 ], [ 9.084655, 63.47106, 0.0 ], [ 9.368349, 64.55817, 0.0 ], [ 11.008826, 66.40176, 0.0 ], [ 13.84557, 68.82126, 0.0 ], [ 17.60078, 71.58018, 0.0 ], [ 21.907063, 74.4079, 0.0 ], [ 26.342728, 77.02811, 0.0 ], [ 30.473536, 79.184006, 0.0 ], [ 33.89533, 80.664856, 0.0 ], [ 36.27307, 81.32559, 0.0 ]] 
boundary 1: [[ 37.374, 46.898666, 0.0 ], [ 36.2731, 46.674465, 0.0 ], [ 33.895344, 47.335087, 0.0 ], [ 30.473515, 48.815884, 0.0 ], [ 26.342747, 50.971954, 0.0 ], [ 21.907051, 53.592033, 0.0 ], [ 17.600796, 56.41997, 0.0 ], [ 13.845552, 59.17869, 0.0 ], [ 11.008827, 61.598312, 0.0 ], [ 9.368353, 63.44183, 0.0 ], [ 9.084662, 64.528915, 0.0 ], [ 10.185554, 64.75312, 0.0 ], [ 12.563263, 64.092575, 0.0 ], [ 15.985064, 62.61168, 0.0 ], [ 20.115944, 60.455627, 0.0 ], [ 24.551596, 57.835514, 0.0 ], [ 28.857779, 55.00761, 0.0 ], [ 32.61305, 52.248894, 0.0 ], [ 35.44982, 49.829292, 0.0 ], [ 37.0903, 47.98578, 0.0 ]] 
boundary 0: [[ 37.38804, 81.07874, 0.0 ], [ 37.10343, 79.99198, 0.0 ], [ 35.46145, 78.149796, 0.0 ], [ 32.622665, 75.732506, 0.0 ], [ 28.865152, 72.97687, 0.0 ], [ 24.556644, 70.15248, 0.0 ], [ 20.118858, 67.535904, 0.0 ], [ 15.986177, 65.38335, 0.0 ], [ 12.563181, 63.90538, 0.0 ], [ 10.184931, 63.246677, 0.0 ], [ 9.084221, 63.47176, 0.0 ], [ 9.368808, 64.55863, 0.0 ], [ 11.0107975, 66.40087, 0.0 ], [ 13.849526, 68.81805, 0.0 ], [ 17.607, 71.57388, 0.0 ], [ 21.915604, 74.39806, 0.0 ], [ 26.353418, 77.01463, 0.0 ], [ 30.485994, 79.16714, 0.0 ], [ 33.909004, 80.64518, 0.0 ], [ 36.287285, 81.30396, 0.0 ]] 
boundary 1: [[ 37.38803, 46.921204, 0.0 ], [ 36.287315, 46.6961, 0.0 ], [ 33.90902, 47.354767, 0.0 ], [ 30.485973, 48.832752, 0.0 ], [ 26.353437, 50.98543, 0.0 ], [ 21.915592, 53.601868, 0.0 ], [ 17.607016, 56.42627, 0.0 ], [ 13.849509, 59.181908, 0.0 ], [ 11.010798, 61.599197, 0.0 ], [ 9.368812, 63.441364, 0.0 ], [ 9.0842285, 64.52822, 0.0 ], [ 10.184936, 64.75333, 0.0 ], [ 12.563186, 64.094734, 0.0 ], [ 15.9862, 62.61665, 0.0 ], [ 20.11885, 60.46399, 0.0 ], [ 24.556652, 57.84752, 0.0 ], [ 28.865154, 55.02315, 0.0 ], [ 32.62269, 52.267517, 0.0 ], [ 35.46145, 49.850246, 0.0 ], [ 37.10344, 48.00808, 0.0 ]] 
boundary 0: [[ 37.57377, 80.77648, 0.0 ], [ 37.277252, 79.69291, 0.0 ], [ 35.615158, 77.86886, 0.0 ], [ 32.750023, 75.48287, 0.0 ], [ 28.962494, 72.768616, 0.0 ], [ 24.62327, 69.99166, 0.0 ], [ 20.157036, 67.42394, 0.0 ], [ 16.000988, 65.31686, 0.0 ], [ 12.561984, 63.87653, 0.0 ], [ 10.17665, 63.24396, 0.0 ], [ 9.078477, 63.481106, 0.0 ], [ 9.374971, 64.5648, 0.0 ], [ 11.037074, 66.3889, 0.0 ], [ 13.902151, 68.77478, 0.0 ], [ 17.689636, 71.48924, 0.0 ], [ 22.028969, 74.26596, 0.0 ], [ 26.49522, 76.83368, 0.0 ], [ 30.651161, 78.94073, 0.0 ], [ 34.090176, 80.38111, 0.0 ], [ 36.47556, 81.01377, 0.0 ]] 
boundary 1: [[ 37.57376, 47.223465, 0.0 ], [ 36.47559, 46.98629, 0.0 ], [ 34.09019, 47.618828, 0.0 ], [ 30.651142, 49.059166, 0.0 ], [ 26.49524, 51.166374, 0.0 ], [ 22.028957, 53.73397, 0.0 ], [ 17.689651, 56.510925, 0.0 ], [ 13.902135, 59.225166, 0.0 ], [ 11.037074, 61.611164, 0.0 ], [ 9.374975, 63.435207, 0.0 ], [ 9.078485, 64.51887, 0.0 ], [ 10.176654, 64.75605, 0.0 ], [ 12.561986, 64.12359, 0.0 ], [ 16.00101, 62.683144, 0.0 ], [ 20.157028, 60.575954, 0.0 ], [ 24.623278, 58.00833, 0.0 ], [ 28.962496, 55.23141, 0.0 ], [ 32.750046, 52.51716, 0.0 ], [ 35.615158, 50.13118, 0.0 ], [ 37.27726, 48.307156, 0.0 ]] 
boundary 0: [[ 38.19123, 79.714165, 0.0 ], [ 37.853756, 78.64265, 0.0 ], [ 36.123558, 76.88306, 0.0 ], [ 33.169838, 74.607666, 0.0 ], [ 29.281912, 72.03927, 0.0 ], [ 24.840313, 69.429184, 0.0 ], [ 20.279743, 67.03302, 0.0 ], [ 16.046644, 65.085365, 0.0 ], [ 12.555393, 63.776745, 0.0 ], [ 10.147748, 63.235264, 0.0 ], [ 9.05938, 63.51396, 0.0 ], [ 9.396835, 64.58561, 0.0 ], [ 11.127044, 66.34526, 0.0 ], [ 14.0807, 68.62054, 0.0 ], [ 17.968588, 71.18913, 0.0 ], [ 22.410286, 73.79898, 0.0 ], [ 26.970875, 76.195145, 0.0 ], [ 31.203873, 78.14276, 0.0 ], [ 34.69513, 79.451454, 0.0 ], [ 37.10282, 79.99302, 0.0 ]] 
boundary 1: [[ 38.191223, 48.285778, 0.0 ], [ 37.10285, 48.007042, 0.0 ], [ 34.695145, 48.548496, 0.0 ], [ 31.203857, 49.85713, 0.0 ], [ 26.97089, 51.80491, 0.0 ], [ 22.410276, 54.20096, 0.0 ], [ 17.968597, 56.81103, 0.0 ], [ 14.0806875, 59.379414, 0.0 ], [ 11.127039, 61.654835, 0.0 ], [ 9.396839, 63.4144, 0.0 ], [ 9.059387, 64.486015, 0.0 ], [ 10.147752, 64.76475, 0.0 ], [ 12.555393, 64.223366, 0.0 ], [ 16.046667, 62.914627, 0.0 ], [ 20.279745, 60.96687, 0.0 ], [ 24.84032, 58.570805, 0.0 ], [ 29.281914, 55.960747, 0.0 ], [ 33.169853, 53.392357, 0.0 ], [ 36.123558, 51.116978, 0.0 ], [ 37.853756, 49.357414, 0.0 ]] 
boundary 0: [[ 39.054848, 78.04925, 0.0 ], [ 38.655815, 76.999084, 0.0 ], [ 36.826492, 75.342804, 0.0 ], [ 33.745815, 73.242485, 0.0 ], [ 29.715506, 70.903854, 0.0 ], [ 25.130037, 68.55569, 0.0 ], [ 20.438198, 66.427986, 0.0 ], [ 16.09929, 64.729065, 0.0 ], [ 12.538038, 63.625084, 0.0 ], [ 10.103045, 63.224117, 0.0 ], [ 9.032666, 63.56545, 0.0 ], [ 9.431694, 64.61573, 0.0 ], [ 11.261021, 66.27211, 0.0 ], [ 14.341637, 68.37229, 0.0 ], [ 18.371922, 70.71112, 0.0 ], [ 22.957474, 73.05905, 0.0 ], [ 27.649324, 75.18674, 0.0 ], [ 31.988132, 76.885635, 0.0 ], [ 35.549397, 77.98967, 0.0 ], [ 37.984444, 78.39074, 0.0 ]] 
boundary 1: [[ 39.05484, 49.950706, 0.0 ], [ 37.984467, 49.60933, 0.0 ], [ 35.54941, 50.01027, 0.0 ], [ 31.988121, 51.114265, 0.0 ], [ 27.64934, 52.81332, 0.0 ], [ 22.957462, 54.940895, 0.0 ], [ 18.371922, 57.289043, 0.0 ], [ 14.341627, 59.627666, 0.0 ], [ 11.261011, 61.727997, 0.0 ], [ 9.431698, 63.384277, 0.0 ], [ 9.032679, 64.4345, 0.0 ], [ 10.103048, 64.77589, 0.0 ], [ 12.53803, 64.37503, 0.0 ], [ 16.099314, 63.270927, 0.0 ], [ 20.43821, 61.571888, 0.0 ], [ 25.130045, 59.444305, 0.0 ], [ 29.715506, 57.09618, 0.0 ], [ 33.74583, 54.757538, 0.0 ], [ 36.826492, 52.657257, 0.0 ], [ 38.655815, 51.000977, 0.0 ]] 
boundary 0: [[ 39.87271, 76.20973, 0.0 ], [ 39.40909, 75.18645, 0.0 ], [ 37.480236, 73.64721, 0.0 ], [ 34.274837, 71.74266, 0.0 ], [ 30.106794, 69.65939, 0.0 ], [ 25.38409, 67.60114, 0.0 ], [ 20.568935, 65.76955, 0.0 ], [ 16.13271, 64.34394, 0.0 ], [ 12.509657, 63.463715, 0.0 ], [ 10.054433, 63.215057, 0.0 ], [ 9.007369, 63.622345, 0.0 ], [ 9.4709835, 64.64575, 0.0 ], [ 11.399845, 66.18508, 0.0 ], [ 14.605186, 68.089485, 0.0 ], [ 18.773212, 70.172966, 0.0 ], [ 23.49599, 72.23098, 0.0 ], [ 28.311153, 74.06255, 0.0 ], [ 32.747276, 75.488144, 0.0 ], [ 36.370346, 76.36842, 0.0 ], [ 38.82563, 76.61719, 0.0 ]] 
boundary 1: [[ 39.87271, 51.79022, 0.0 ], [ 38.825645, 51.38289, 0.0 ], [ 36.37036, 51.631523, 0.0 ], [ 32.74727, 52.511753, 0.0 ], [ 28.311165, 53.9375, 0.0 ], [ 23.49598, 55.768963, 0.0 ], [ 18.773197, 57.827198, 0.0 ], [ 14.605181, 59.91048, 0.0 ], [ 11.399829, 61.815025, 0.0 ], [ 9.470987, 63.35425, 0.0 ], [ 9.007384, 64.3776, 0.0 ], [ 10.054436, 64.78493, 0.0 ], [ 12.509641, 64.53641, 0.0 ], [ 16.132732, 63.656067, 0.0 ], [ 20.56895, 62.230328, 0.0 ], [ 25.384098, 60.398857, 0.0 ], [ 30.106792, 58.34065, 0.0 ], [ 34.274853, 56.257347, 0.0 ], [ 37.480236, 54.352856, 0.0 ], [ 39.40909, 52.81362, 0.0 ]] 
boundary 0: [[ 40.58335, 74.29663, 0.0 ], [ 40.056103, 73.30463, 0.0 ], [ 38.033985, 71.89014, 0.0 ], [ 34.714825, 70.19159, 0.0 ], [ 30.423649, 68.37544, 0.0 ], [ 25.580502, 66.61923, 0.0 ], [ 20.659393, 65.095055, 0.0 ], [ 16.142063, 63.95215, 0.0 ], [ 12.470694, 63.302242, 0.0 ], [ 10.004673, 63.20898, 0.0 ], [ 8.985388, 63.68151, 0.0 ], [ 9.512644, 64.67364, 0.0 ], [ 11.534775, 66.08821, 0.0 ], [ 14.853876, 67.7866, 0.0 ], [ 19.145042, 69.60298, 0.0 ], [ 23.988247, 71.358955, 0.0 ], [ 28.909365, 72.88311, 0.0 ], [ 33.426598, 74.02599, 0.0 ], [ 37.09797, 74.67596, 0.0 ], [ 39.564064, 74.76932, 0.0 ]] 
boundary 1: [[ 40.583366, 53.703323, 0.0 ], [ 39.56408, 53.23075, 0.0 ], [ 37.097992, 53.323997, 0.0 ], [ 33.426598, 53.973892, 0.0 ], [ 28.909372, 55.11694, 0.0 ], [ 23.98824, 56.64098, 0.0 ], [ 19.145016, 58.39717, 0.0 ], [ 14.853872, 60.21336, 0.0 ], [ 11.534753, 61.911896, 0.0 ], [ 9.512648, 63.32637, 0.0 ], [ 8.985406, 64.31844, 0.0 ], [ 10.004677, 64.791, 0.0 ], [ 12.470668, 64.69787, 0.0 ], [ 16.142082, 64.04785, 0.0 ], [ 20.65941, 62.904823, 0.0 ], [ 25.58051, 61.38078, 0.0 ], [ 30.423645, 59.624603, 0.0 ], [ 34.71484, 57.808403, 0.0 ], [ 38.033978, 56.109924, 0.0 ], [ 40.05609, 54.695442, 0.0 ]] 
boundary 0: [[ 41.04907, 72.78952, 0.0 ], [ 40.47406, 71.82441, 0.0 ], [ 38.385365, 70.51022, 0.0 ], [ 34.987305, 68.97559, 0.0 ], [ 30.612665, 67.37089, 0.0 ], [ 25.689632, 65.85297, 0.0 ], [ 20.700027, 64.57061, 0.0 ], [ 16.13234, 63.649395, 0.0 ], [ 12.433642, 63.17932, 0.0 ], [ 9.966008, 63.206444, 0.0 ], [ 8.970983, 63.72813, 0.0 ], [ 9.545999, 64.69335, 0.0 ], [ 11.634716, 66.007614, 0.0 ], [ 15.0327015, 67.542114, 0.0 ], [ 19.407345, 69.14705, 0.0 ], [ 24.330431, 70.66472, 0.0 ], [ 29.32003, 71.94705, 0.0 ], [ 33.887623, 72.868256, 0.0 ], [ 37.586334, 73.338394, 0.0 ], [ 40.054043, 73.31137, 0.0 ]] 
boundary 1: [[ 41.049084, 55.21043, 0.0 ], [ 40.054058, 54.68871, 0.0 ], [ 37.586357, 54.66156, 0.0 ], [ 33.887623, 55.13163, 0.0 ], [ 29.320034, 56.052998, 0.0 ], [ 24.330427, 57.33522, 0.0 ], [ 19.407314, 58.85311, 0.0 ], [ 15.0327, 60.457848, 0.0 ], [ 11.634686, 61.992477, 0.0 ], [ 9.546002, 63.306656, 0.0 ], [ 8.971003, 64.27186, 0.0 ], [ 9.966012, 64.79354, 0.0 ], [ 12.433612, 64.820786, 0.0 ], [ 16.132359, 64.35062, 0.0 ], [ 20.70006, 63.429253, 0.0 ], [ 25.689632, 62.14703, 0.0 ], [ 30.612661, 60.629158, 0.0 ], [ 34.98732, 59.024406, 0.0 ], [ 38.385357, 57.489822, 0.0 ], [ 40.474045, 56.175648, 0.0 ]] 
boundary 0: [[ 41.259407, 72.007614, 0.0 ], [ 40.660408, 71.05721, 0.0 ], [ 38.539467, 69.79572, 0.0 ], [ 35.104042, 68.34667, 0.0 ], [ 30.69059, 66.85202, 0.0 ], [ 25.73109, 65.45785, 0.0 ], [ 20.710945, 64.30083, 0.0 ], [ 16.121618, 63.49428, 0.0 ], [ 12.41231, 63.11697, 0.0 ], [ 9.946128, 63.205875, 0.0 ], [ 8.964477, 63.75232, 0.0 ], [ 9.563481, 64.702835, 0.0 ], [ 11.684452, 65.964386, 0.0 ], [ 15.1198, 67.413315, 0.0 ], [ 19.53325, 68.908195, 0.0 ], [ 24.492805, 70.30212, 0.0 ], [ 29.512947, 71.45911, 0.0 ], [ 34.102173, 72.26565, 0.0 ], [ 37.811485, 72.64302, 0.0 ], [ 40.277756, 72.55423, 0.0 ]] 
boundary 1: [[ 41.25943, 55.992336, 0.0 ], [ 40.27777, 55.445866, 0.0 ], [ 37.81151, 55.35693, 0.0 ], [ 34.10219, 55.73423, 0.0 ], [ 29.51295, 56.54094, 0.0 ], [ 24.492805, 57.69782, 0.0 ], [ 19.53322, 59.091965, 0.0 ], [ 15.119798, 60.586647, 0.0 ], [ 11.6844225, 62.03571, 0.0 ], [ 9.563485, 63.297176, 0.0 ], [ 8.964498, 64.24767, 0.0 ], [ 9.946132, 64.79411, 0.0 ], [ 12.412275, 64.88313, 0.0 ], [ 16.121637, 64.50573, 0.0 ], [ 20.71098, 63.69904, 0.0 ], [ 25.73109, 62.542164, 0.0 ], [ 30.690584, 61.148033, 0.0 ], [ 35.104057, 59.65333, 0.0 ], [ 38.53946, 58.204315, 0.0 ], [ 40.660393, 56.942856, 0.0 ]] 
boundary 0: [[ 41.316856, 71.77938, 0.0 ], [ 40.710953, 70.83337, 0.0 ], [ 38.580894, 69.58734, 0.0 ], [ 35.13502, 68.163345, 0.0 ], [ 30.7108, 66.70086, 0.0 ], [ 25.741283, 65.34281, 0.0 ], [ 20.712849, 64.22236, 0.0 ], [ 16.117777, 63.449253, 0.0 ], [ 12.405817, 63.09895, 0.0 ], [ 9.940348, 63.2058, 0.0 ], [ 8.962701, 63.759373, 0.0 ], [ 9.568607, 64.70551, 0.0 ], [ 11.698704, 65.951584, 0.0 ], [ 15.144506, 67.375465, 0.0 ], [ 19.568722, 68.83819, 0.0 ], [ 24.538292, 70.19598, 0.0 ], [ 29.566721, 71.31639, 0.0 ], [ 34.161682, 72.08951, 0.0 ], [ 37.873657, 72.43986, 0.0 ], [ 40.339207, 72.333115, 0.0 ]] 
boundary 1: [[ 41.31688, 56.220573, 0.0 ], [ 40.339214, 55.66697, 0.0 ], [ 37.87368, 55.56008, 0.0 ], [ 34.161705, 55.91037, 0.0 ], [ 29.566723, 56.683655, 0.0 ], [ 24.538296, 57.803963, 0.0 ], [ 19.568687, 59.161976, 0.0 ], [ 15.144506, 60.62449, 0.0 ], [ 11.698673, 62.048508, 0.0 ], [ 9.568611, 63.294502, 0.0 ], [ 8.962721, 64.240616, 0.0 ], [ 9.9403515, 64.79418, 0.0 ], [ 12.405782, 64.90115, 0.0 ], [ 16.117796, 64.550766, 0.0 ], [ 20.712887, 63.777493, 0.0 ], [ 25.741283, 62.657192, 0.0 ], [ 30.710794, 61.2992, 0.0 ], [ 35.135036, 59.836666, 0.0 ], [ 38.580887, 58.412697, 0.0 ], [ 40.710938, 57.166706, 0.0 ]] 
boundary 0: [[ 41.19951, 72.23836, 0.0 ], [ 40.60755, 71.28357, 0.0 ], [ 38.495964, 70.00647, 0.0 ], [ 35.07132, 68.53214, 0.0 ], [ 30.669, 67.00498, 0.0 ], [ 25.71991, 65.57428, 0.0 ], [ 20.708435, 64.38027, 0.0 ], [ 16.125185, 63.53992, 0.0 ], [ 12.418754, 63.13527, 0.0 ], [ 9.951981, 63.205986, 0.0 ], [ 8.966331, 63.74518, 0.0 ], [ 9.55831, 64.70009, 0.0 ], [ 11.66992, 65.97724, 0.0 ], [ 15.094492, 67.45146, 0.0 ], [ 19.496807, 68.97885, 0.0 ], [ 24.445946, 70.4093, 0.0 ], [ 29.457428, 71.60329, 0.0 ], [ 34.040554, 72.44362, 0.0 ], [ 37.747, 72.84832, 0.0 ], [ 40.21386, 72.77772, 0.0 ]] 
boundary 1: [[ 41.19953, 55.76159, 0.0 ], [ 40.213867, 55.222366, 0.0 ], [ 37.747025, 55.15161, 0.0 ], [ 34.040577, 55.55626, 0.0 ], [ 29.457432, 56.39679, 0.0 ], [ 24.44595, 57.590645, 0.0 ], [ 19.496773, 59.02132, 0.0 ], [ 15.094492, 60.5485, 0.0 ], [ 11.669891, 62.022854, 0.0 ], [ 9.558313, 63.29992, 0.0 ], [ 8.966351, 64.25481, 0.0 ], [ 9.951984, 64.794, 0.0 ], [ 12.418718, 64.86483, 0.0 ], [ 16.125204, 64.46009, 0.0 ], [ 20.708473, 63.619583, 0.0 ], [ 25.71991, 62.425728, 0.0 ], [ 30.668997, 60.99507, 0.0 ], [ 35.071335, 59.467873, 0.0 ], [ 38.495956, 57.993565, 0.0 ], [ 40.607536, 56.716503, 0.0 ]] 
boundary 0: [[ 41.043594, 72.80887, 0.0 ], [ 40.469193, 71.843414, 0.0 ], [ 38.381325, 70.52791, 0.0 ], [ 34.98423, 68.99118, 0.0 ], [ 30.610563, 67.38376, 0.0 ], [ 25.688465, 65.86276, 0.0 ], [ 20.699669, 64.57729, 0.0 ], [ 16.132559, 63.653255, 0.0 ], [ 12.434154, 63.180874, 0.0 ], [ 9.966502, 63.20646, 0.0 ], [ 8.971153, 63.72753, 0.0 ], [ 9.5455675, 64.69311, 0.0 ], [ 11.633463, 66.00867, 0.0 ], [ 15.0304985, 67.54529, 0.0 ], [ 19.404137, 69.15296, 0.0 ], [ 24.326284, 70.673676, 0.0 ], [ 29.315088, 71.95913, 0.0 ], [ 33.88206, 72.88315, 0.0 ], [ 37.580505, 73.355576, 0.0 ], [ 40.048233, 73.33011, 0.0 ]] 
boundary 1: [[ 41.043617, 55.19108, 0.0 ], [ 40.04824, 54.66997, 0.0 ], [ 37.58052, 54.644352, 0.0 ], [ 33.882084, 55.116722, 0.0 ], [ 29.315092, 56.040947, 0.0 ], [ 24.326286, 57.326263, 0.0 ], [ 19.404106, 58.847225, 0.0 ], [ 15.030496, 60.454678, 0.0 ], [ 11.633437, 61.991425, 0.0 ], [ 9.545571, 63.306892, 0.0 ], [ 8.971172, 64.27245, 0.0 ], [ 9.966505, 64.793526, 0.0 ], [ 12.434122, 64.81922, 0.0 ], [ 16.132578, 64.346756, 0.0 ], [ 20.699707, 63.42256, 0.0 ], [ 25.688465, 62.137238, 0.0 ], [ 30.61056, 60.616295, 0.0 ], [ 34.984245, 59.008835, 0.0 ], [ 38.381317, 57.472137, 0.0 ], [ 40.469177, 56.156662, 0.0 ]] 
boundary 0: [[ 40.797897, 73.63451, 0.0 ], [ 40.24941, 72.654106, 0.0 ], [ 38.197334, 71.28345, 0.0 ], [ 34.842373, 69.65676, 0.0 ], [ 30.513083, 67.93339, 0.0 ], [ 25.63325, 66.28182, 0.0 ], [ 20.68047, 64.8639, 0.0 ], [ 16.139597, 63.818527, 0.0 ], [ 12.455087, 63.247787, 0.0 ], [ 9.98763, 63.207626, 0.0 ], [ 8.978752, 63.701996, 0.0 ], [ 9.527242, 64.68253, 0.0 ], [ 11.579349, 66.053246, 0.0 ], [ 14.934242, 67.67981, 0.0 ], [ 19.2635, 69.403435, 0.0 ], [ 24.143389, 71.05473, 0.0 ], [ 29.096186, 72.472626, 0.0 ], [ 33.636917, 73.51799, 0.0 ], [ 37.321465, 74.08878, 0.0 ], [ 39.788994, 74.12904, 0.0 ]] 
boundary 1: [[ 40.79792, 54.365425, 0.0 ], [ 39.789, 53.871025, 0.0 ], [ 37.321472, 53.911163, 0.0 ], [ 33.636932, 54.481876, 0.0 ], [ 29.096195, 55.527447, 0.0 ], [ 24.143393, 56.945198, 0.0 ], [ 19.263477, 58.596756, 0.0 ], [ 14.93424, 60.32015, 0.0 ], [ 11.579325, 61.946846, 0.0 ], [ 9.5272455, 63.317467, 0.0 ], [ 8.978771, 64.29799, 0.0 ], [ 9.987633, 64.792366, 0.0 ], [ 12.455057, 64.75232, 0.0 ], [ 16.139616, 64.18148, 0.0 ], [ 20.680506, 63.13595, 0.0 ], [ 25.63325, 61.718185, 0.0 ], [ 30.513079, 60.066658, 0.0 ], [ 34.84239, 58.34325, 0.0 ], [ 38.197327, 56.71661, 0.0 ], [ 40.249393, 55.345978, 0.0 ]] 
boundary 0: [[ 40.372036, 74.9055, 0.0 ], [ 39.864662, 73.90321, 0.0 ], [ 37.871162, 72.448685, 0.0 ], [ 34.586494, 70.68433, 0.0 ], [ 30.332363, 68.783005, 0.0 ], [ 25.525177, 66.9306, 0.0 ], [ 20.635424, 65.30861, 0.0 ], [ 16.141788, 64.07592, 0.0 ], [ 12.4840975, 63.35296, 0.0 ], [ 10.020426, 63.210556, 0.0 ], [ 8.991924, 63.662685, 0.0 ], [ 9.499301, 64.665115, 0.0 ], [ 11.492828, 66.1197, 0.0 ], [ 14.777422, 67.88393, 0.0 ], [ 19.03152, 69.785515, 0.0 ], [ 23.838772, 71.63765, 0.0 ], [ 28.728542, 73.259605, 0.0 ], [ 33.222046, 74.49229, 0.0 ], [ 36.87977, 75.21531, 0.0 ], [ 39.343506, 75.3578, 0.0 ]] 
boundary 1: [[ 40.37206, 53.09442, 0.0 ], [ 39.34352, 52.642265, 0.0 ], [ 36.879776, 52.784645, 0.0 ], [ 33.22206, 53.507587, 0.0 ], [ 28.728556, 54.74046, 0.0 ], [ 23.838772, 56.362286, 0.0 ], [ 19.031502, 58.21468, 0.0 ], [ 14.777418, 60.11604, 0.0 ], [ 11.492812, 61.880386, 0.0 ], [ 9.499305, 63.33489, 0.0 ], [ 8.991942, 64.337296, 0.0 ], [ 10.020429, 64.78944, 0.0 ], [ 12.484072, 64.647156, 0.0 ], [ 16.141808, 63.924088, 0.0 ], [ 20.635452, 62.691246, 0.0 ], [ 25.525177, 61.06942, 0.0 ], [ 30.33236, 59.21704, 0.0 ], [ 34.586517, 57.315678, 0.0 ], [ 37.871155, 55.551376, 0.0 ], [ 39.864647, 54.09687, 0.0 ]] 
boundary 0: [[ 39.912113, 76.112686, 0.0 ], [ 39.445175, 75.09093, 0.0 ], [ 37.511375, 73.55793, 0.0 ], [ 34.2998, 71.66378, 0.0 ], [ 30.125021, 69.59404, 0.0 ], [ 25.395664, 67.551094, 0.0 ], [ 20.574606, 65.73507, 0.0 ], [ 16.1338, 64.32387, 0.0 ], [ 12.507908, 63.455368, 0.0 ], [ 10.05189, 63.214664, 0.0 ], [ 9.00615, 63.625347, 0.0 ], [ 9.47308, 64.64724, 0.0 ], [ 11.406911, 66.180305, 0.0 ], [ 14.618412, 68.0743, 0.0 ], [ 18.793152, 70.144325, 0.0 ], [ 23.52258, 72.187004, 0.0 ], [ 28.343658, 74.00299, 0.0 ], [ 32.784336, 75.41419, 0.0 ], [ 36.410248, 76.28274, 0.0 ], [ 38.86634, 76.52355, 0.0 ]] 
boundary 1: [[ 39.912136, 51.887238, 0.0 ], [ 38.866356, 51.476532, 0.0 ], [ 36.41025, 51.717216, 0.0 ], [ 32.784344, 52.58569, 0.0 ], [ 28.343672, 53.997066, 0.0 ], [ 23.522575, 55.812927, 0.0 ], [ 18.793137, 57.855873, 0.0 ], [ 14.618404, 59.925636, 0.0 ], [ 11.4068985, 61.819786, 0.0 ], [ 9.473083, 63.352757, 0.0 ], [ 9.006167, 64.37463, 0.0 ], [ 10.051893, 64.78533, 0.0 ], [ 12.507885, 64.54475, 0.0 ], [ 16.13382, 63.676147, 0.0 ], [ 20.574629, 62.26479, 0.0 ], [ 25.395664, 60.44894, 0.0 ], [ 30.12502, 58.406013, 0.0 ], [ 34.299828, 56.336235, 0.0 ], [ 37.511368, 54.44214, 0.0 ], [ 39.44516, 52.90916, 0.0 ]] 
boundary 0: [[ 39.34694, 77.42703, 0.0 ], [ 38.925663, 76.385605, 0.0 ], [ 37.061565, 74.76857, 0.0 ], [ 33.93692, 72.73419, 0.0 ], [ 29.857792, 70.4818, 0.0 ], [ 25.223438, 68.23163, 0.0 ], [ 20.487432, 66.204124, 0.0 ], [ 16.113405, 64.597855, 0.0 ], [ 12.529482, 63.569794, 0.0 ], [ 10.086515, 63.22068, 0.0 ], [ 9.023633, 63.584694, 0.0 ], [ 9.444897, 64.62624, 0.0 ], [ 11.309016, 66.24336, 0.0 ], [ 14.433588, 68.27757, 0.0 ], [ 18.512667, 70.53025, 0.0 ], [ 23.14711, 72.78014, 0.0 ], [ 27.883131, 74.80764, 0.0 ], [ 32.25704, 76.413895, 0.0 ], [ 35.84098, 77.44198, 0.0 ], [ 38.28401, 77.79121, 0.0 ]] 
boundary 1: [[ 39.346954, 50.572906, 0.0 ], [ 38.284027, 50.208862, 0.0 ], [ 35.84098, 50.557964, 0.0 ], [ 32.25704, 51.585995, 0.0 ], [ 27.883146, 53.192425, 0.0 ], [ 23.147095, 55.219788, 0.0 ], [ 18.512661, 57.46995, 0.0 ], [ 14.4335785, 59.722366, 0.0 ], [ 11.30901, 61.756733, 0.0 ], [ 9.4449005, 63.373753, 0.0 ], [ 9.023649, 64.41528, 0.0 ], [ 10.086518, 64.77932, 0.0 ], [ 12.529464, 64.43032, 0.0 ], [ 16.113424, 63.402176, 0.0 ], [ 20.487453, 61.795742, 0.0 ], [ 25.223438, 59.7684, 0.0 ], [ 29.857792, 57.518257, 0.0 ], [ 33.93696, 55.265823, 0.0 ], [ 37.061558, 53.231506, 0.0 ], [ 38.925648, 51.61448, 0.0 ]] 
boundary 0: [[ 38.90782, 78.35008, 0.0 ], [ 38.51967, 77.29587, 0.0 ], [ 36.707626, 75.62071, 0.0 ], [ 33.64884, 73.48857, 0.0 ], [ 29.642952, 71.108376, 0.0 ], [ 25.08204, 68.712845, 0.0 ], [ 20.412485, 66.53664, 0.0 ], [ 16.09142, 64.7929, 0.0 ], [ 12.541784, 63.652073, 0.0 ], [ 10.111073, 63.22591, 0.0 ], [ 9.037215, 63.556137, 0.0 ], [ 9.425345, 64.61049, 0.0 ], [ 11.237416, 66.28573, 0.0 ], [ 14.296125, 68.41769, 0.0 ], [ 18.30196, 70.79818, 0.0 ], [ 22.862968, 73.19345, 0.0 ], [ 27.53254, 75.36962, 0.0 ], [ 31.853493, 77.11333, 0.0 ], [ 35.40314, 78.25419, 0.0 ], [ 37.833916, 78.680466, 0.0 ]] 
boundary 1: [[ 38.907837, 49.649845, 0.0 ], [ 37.83393, 49.319595, 0.0 ], [ 35.40314, 49.745735, 0.0 ], [ 31.853481, 50.88656, 0.0 ], [ 27.532555, 52.630436, 0.0 ], [ 22.862953, 54.806488, 0.0 ], [ 18.301962, 57.202023, 0.0 ], [ 14.296116, 59.582253, 0.0 ], [ 11.237414, 61.71437, 0.0 ], [ 9.425349, 63.389503, 0.0 ], [ 9.0372305, 64.443825, 0.0 ], [ 10.111075, 64.774086, 0.0 ], [ 12.541769, 64.34804, 0.0 ], [ 16.091438, 63.207127, 0.0 ], [ 20.412502, 61.46323, 0.0 ], [ 25.082043, 59.287193, 0.0 ], [ 29.642954, 56.891693, 0.0 ], [ 33.64888, 54.511436, 0.0 ], [ 36.707626, 52.379364, 0.0 ], [ 38.51966, 50.704216, 0.0 ]] 
boundary 0: [[ 38.218357, 79.665375, 0.0 ], [ 37.879025, 78.59445, 0.0 ], [ 36.1458, 76.83786, 0.0 ], [ 33.18815, 74.567505, 0.0 ], [ 29.295776, 72.00588, 0.0 ], [ 24.849663, 69.40346, 0.0 ], [ 20.284958, 67.01514, 0.0 ], [ 16.048521, 65.07482, 0.0 ], [ 12.555008, 63.772213, 0.0 ], [ 10.14643, 63.234886, 0.0 ], [ 9.05854, 63.515457, 0.0 ], [ 9.397849, 64.586525, 0.0 ], [ 11.131088, 66.343185, 0.0 ], [ 14.088678, 68.613365, 0.0 ], [ 17.98098, 71.17527, 0.0 ], [ 22.4272, 73.77744, 0.0 ], [ 26.991926, 76.16573, 0.0 ], [ 31.228254, 78.106, 0.0 ], [ 34.72178, 79.408646, 0.0 ], [ 37.130413, 79.9461, 0.0 ]] 
boundary 1: [[ 38.218372, 48.33456, 0.0 ], [ 37.130436, 48.053967, 0.0 ], [ 34.72177, 48.59127, 0.0 ], [ 31.228233, 49.89388, 0.0 ], [ 26.991945, 51.83432, 0.0 ], [ 22.427181, 54.22249, 0.0 ], [ 17.980995, 56.824932, 0.0 ], [ 14.088665, 59.38659, 0.0 ], [ 11.131091, 61.6569, 0.0 ], [ 9.397853, 63.41347, 0.0 ], [ 9.058555, 64.484505, 0.0 ], [ 10.146433, 64.76511, 0.0 ], [ 12.554998, 64.2279, 0.0 ], [ 16.04854, 62.925205, 0.0 ], [ 20.284971, 60.984734, 0.0 ], [ 24.849667, 58.59658, 0.0 ], [ 29.295778, 55.994186, 0.0 ], [ 33.188187, 53.4325, 0.0 ], [ 36.145813, 51.16223, 0.0 ], [ 37.879017, 49.405647, 0.0 ]] 
boundary 0: [[ 37.808533, 80.38354, 0.0 ], [ 37.49669, 79.30429, 0.0 ], [ 35.808956, 77.50395, 0.0 ], [ 32.910324, 75.1587, 0.0 ], [ 29.084734, 72.498375, 0.0 ], [ 24.706612, 69.7831, 0.0 ], [ 20.204475, 67.278854, 0.0 ], [ 16.01904, 65.23083, 0.0 ], [ 12.5599785, 63.83933, 0.0 ], [ 10.165925, 63.240585, 0.0 ], [ 9.071216, 63.493248, 0.0 ], [ 9.383026, 64.57265, 0.0 ], [ 11.070779, 66.37305, 0.0 ], [ 13.969349, 68.71812, 0.0 ], [ 17.794867, 71.378716, 0.0 ], [ 22.1731, 74.09372, 0.0 ], [ 26.67526, 76.59798, 0.0 ], [ 30.860588, 78.64591, 0.0 ], [ 34.319656, 80.03749, 0.0 ], [ 36.713776, 80.63635, 0.0 ]] 
boundary 1: [[ 37.80854, 47.616394, 0.0 ], [ 36.7138, 47.363716, 0.0 ], [ 34.31965, 47.962433, 0.0 ], [ 30.86056, 49.35395, 0.0 ], [ 26.67528, 51.402077, 0.0 ], [ 22.173077, 53.9062, 0.0 ], [ 17.794888, 56.62149, 0.0 ], [ 13.969336, 59.281837, 0.0 ], [ 11.070784, 61.627037, 0.0 ], [ 9.38303, 63.42736, 0.0 ], [ 9.07123, 64.50672, 0.0 ], [ 10.165928, 64.75941, 0.0 ], [ 12.559969, 64.16079, 0.0 ], [ 16.019058, 62.769176, 0.0 ], [ 20.204483, 60.721016, 0.0 ], [ 24.706615, 58.216915, 0.0 ], [ 29.084736, 55.501675, 0.0 ], [ 32.910362, 52.841305, 0.0 ], [ 35.80897, 50.496136, 0.0 ], [ 37.49668, 48.695816, 0.0 ]] 
boundary 0: [[ 37.491592, 80.91122, 0.0 ], [ 37.200356, 79.8262, 0.0 ], [ 35.547203, 77.99407, 0.0 ], [ 32.69374, 75.594055, 0.0 ], [ 28.919481, 72.86139, 0.0 ], [ 24.593845, 70.06327, 0.0 ], [ 20.140198, 67.47377, 0.0 ], [ 15.9945, 65.34644, 0.0 ], [ 12.562559, 63.889362, 0.0 ], [ 10.18034, 63.24515, 0.0 ], [ 9.081018, 63.476933, 0.0 ], [ 9.372225, 64.562065, 0.0 ], [ 11.025399, 66.39427, 0.0 ], [ 13.878801, 68.79409, 0.0 ], [ 17.652977, 71.52705, 0.0 ], [ 21.978737, 74.32487, 0.0 ], [ 26.432415, 76.91438, 0.0 ], [ 30.57799, 79.0416, 0.0 ], [ 34.00995, 80.498795, 0.0 ], [ 36.392227, 81.14313, 0.0 ]] 
boundary 1: [[ 37.4916, 47.088722, 0.0 ], [ 36.392258, 46.856945, 0.0 ], [ 34.00994, 47.501137, 0.0 ], [ 30.577961, 48.958244, 0.0 ], [ 26.432434, 51.08567, 0.0 ], [ 21.97871, 53.675037, 0.0 ], [ 17.653004, 56.473175, 0.0 ], [ 13.878788, 59.205868, 0.0 ], [ 11.025407, 61.605816, 0.0 ], [ 9.372229, 63.43794, 0.0 ], [ 9.081031, 64.52304, 0.0 ], [ 10.180343, 64.75484, 0.0 ], [ 12.562554, 64.11077, 0.0 ], [ 15.994519, 62.65355, 0.0 ], [ 20.140202, 60.526093, 0.0 ], [ 24.593853, 57.93674, 0.0 ], [ 28.919485, 55.13865, 0.0 ], [ 32.69378, 52.405937, 0.0 ], [ 35.54722, 50.00602, 0.0 ], [ 37.200356, 48.173904, 0.0 ]] 
boundary 0: [[ 37.374207, 81.10105, 0.0 ], [ 37.09046, 80.01405, 0.0 ], [ 35.449974, 78.170555, 0.0 ], [ 32.613155, 75.750885, 0.0 ], [ 28.857859, 72.99224, 0.0 ], [ 24.551638, 70.16433, 0.0 ], [ 20.115978, 67.54414, 0.0 ], [ 15.98506, 65.38825, 0.0 ], [ 12.563259, 63.907524, 0.0 ], [ 10.185545, 63.246876, 0.0 ], [ 9.084649, 63.47106, 0.0 ], [ 9.368359, 64.55817, 0.0 ], [ 11.008845, 66.40176, 0.0 ], [ 13.8456135, 68.82121, 0.0 ], [ 17.600834, 71.580154, 0.0 ], [ 21.907173, 74.407776, 0.0 ], [ 26.342867, 77.027954, 0.0 ], [ 30.473671, 79.18375, 0.0 ], [ 33.895473, 80.6646, 0.0 ], [ 36.273254, 81.32536, 0.0 ]] 
boundary 1: [[ 37.374214, 46.898888, 0.0 ], [ 36.273285, 46.67471, 0.0 ], [ 33.895466, 47.33533, 0.0 ], [ 30.473639, 48.816097, 0.0 ], [ 26.342886, 50.9721, 0.0 ], [ 21.907146, 53.592133, 0.0 ], [ 17.60086, 56.42007, 0.0 ], [ 13.8456, 59.178745, 0.0 ], [ 11.008853, 61.598335, 0.0 ], [ 9.368362, 63.441822, 0.0 ], [ 9.084662, 64.528915, 0.0 ], [ 10.185548, 64.75312, 0.0 ], [ 12.563255, 64.09264, 0.0 ], [ 15.985079, 62.61174, 0.0 ], [ 20.115978, 60.45572, 0.0 ], [ 24.551645, 57.83569, 0.0 ], [ 28.857862, 55.0078, 0.0 ], [ 32.613194, 52.249107, 0.0 ], [ 35.449993, 49.829536, 0.0 ], [ 37.09046, 47.986053, 0.0 ]] 
