boundary 0: [[ 30.908169, 88.6069, 0.0 ], [ 30.966915, 87.485016, 0.0 ], [ 29.961634, 85.23119, 0.0 ], [ 27.990637, 82.06636, 0.0 ], [ 25.246918, 78.30013, 0.0 ], [ 21.998985, 74.30116, 0.0 ], [ 18.564854, 70.46099, 0.0 ], [ 15.280641, 67.15546, 0.0 ], [ 12.467811, 64.70817, 0.0 ], [ 10.40173, 63.358624, 0.0 ], [ 9.28464, 63.238945, 0.0 ], [ 9.225855, 64.36089, 0.0 ], [ 10.231186, 66.614624, 0.0 ], [ 12.20218, 69.77951, 0.0 ], [ 14.945917, 73.545746, 0.0 ], [ 18.193798, 77.54471, 0.0 ], [ 21.627953, 81.3849, 0.0 ], [ 24.91219, 84.6904, 0.0 ], [ 27.725012, 87.13776, 0.0 ], [ 29.791037, 88.48728, 0.0 ]] 
boundary 1: [[ 30.908167, 39.393078, 0.0 ], [ 29.791054, 39.51274, 0.0 ], [ 27.725012, 40.862247, 0.0 ], [ 24.912153, 43.309563, 0.0 ], [ 21.627937, 46.615105, 0.0 ], [ 18.193798, 50.455276, 0.0 ], [ 14.945899, 54.454227, 0.0 ], [ 12.202168, 58.220463, 0.0 ], [ 10.231188, 61.38537, 0.0 ], [ 9.225848, 63.63908, 0.0 ], [ 9.284621, 64.761024, 0.0 ], [ 10.401737, 64.6414, 0.0 ], [ 12.467809, 63.29184, 0.0 ], [ 15.280641, 60.84454, 0.0 ], [ 18.564861, 57.53902, 0.0 ], [ 21.999004, 53.69883, 0.0 ], [ 25.246906, 49.699863, 0.0 ], [ 27.990635, 45.933636, 0.0 ], [ 29.96163, 42.768715, 0.0 ], [ 30.966942, 40.51504, 0.0 ]] 
boundary 0: [[ 32.359726, 87.29166, 0.0 ], [ 32.350433, 86.16826, 0.0 ], [ 31.210516, 83.97943, 0.0 ], [ 29.05149, 80.93977, 0.0 ], [ 26.084745, 77.3466, 0.0 ], [ 22.60062, 73.551636, 0.0 ], [ 18.94025, 69.92646, 0.0 ], [ 15.461903, 66.82587, 0.0 ], [ 12.506043, 64.553406, 0.0 ], [ 10.362034, 63.33144, 0.0 ], [ 9.239744, 63.279625, 0.0 ], [ 9.249007, 64.403076, 0.0 ], [ 10.388964, 66.59179, 0.0 ], [ 12.547991, 69.631516, 0.0 ], [ 15.514751, 73.224686, 0.0 ], [ 18.998825, 77.01966, 0.0 ], [ 22.659218, 80.64485, 0.0 ], [ 26.13759, 83.745415, 0.0 ], [ 29.093447, 86.01795, 0.0 ], [ 31.237398, 87.23988, 0.0 ]] 
boundary 1: [[ 32.359726, 40.70834, 0.0 ], [ 31.237415, 40.760136, 0.0 ], [ 29.093447, 41.982056, 0.0 ], [ 26.137552, 44.254555, 0.0 ], [ 22.659203, 47.355164, 0.0 ], [ 18.998827, 50.980335, 0.0 ], [ 15.514734, 54.775276, 0.0 ], [ 12.54798, 58.368458, 0.0 ], [ 10.388967, 61.408207, 0.0 ], [ 9.2490015, 63.5969, 0.0 ], [ 9.239728, 64.720345, 0.0 ], [ 10.362038, 64.66859, 0.0 ], [ 12.506042, 63.446617, 0.0 ], [ 15.461903, 61.17413, 0.0 ], [ 18.940258, 58.073547, 0.0 ], [ 22.600643, 54.448357, 0.0 ], [ 26.084734, 50.6534, 0.0 ], [ 29.05149, 47.060226, 0.0 ], [ 31.210522, 44.020454, 0.0 ], [ 32.350456, 41.8318, 0.0 ]] 
boundary 0: [[ 34.312294, 85.23935, 0.0 ], [ 34.204723, 84.12108, 0.0 ], [ 32.877594, 82.04042, 0.0 ], [ 30.460806, 79.20141, 0.0 ], [ 27.19095, 75.88169, 0.0 ], [ 23.388031, 72.40625, 0.0 ], [ 19.424408, 69.11538, 0.0 ], [ 15.6880245, 66.33113, 0.0 ], [ 12.544607, 64.32611, 0.0 ], [ 10.301872, 63.296482, 0.0 ], [ 9.179353, 63.343094, 0.0 ], [ 9.286913, 64.46142, 0.0 ], [ 10.614067, 66.54196, 0.0 ], [ 13.030865, 69.381035, 0.0 ], [ 16.30074, 72.70076, 0.0 ], [ 20.103605, 76.176216, 0.0 ], [ 24.06725, 79.46713, 0.0 ], [ 27.803661, 82.25132, 0.0 ], [ 30.947079, 84.256424, 0.0 ], [ 33.18976, 85.286026, 0.0 ]] 
boundary 1: [[ 34.312294, 42.760643, 0.0 ], [ 33.189774, 42.713997, 0.0 ], [ 30.947075, 43.743587, 0.0 ], [ 27.803627, 45.748642, 0.0 ], [ 24.067234, 48.532898, 0.0 ], [ 20.103605, 51.823776, 0.0 ], [ 16.300724, 55.299206, 0.0 ], [ 13.030857, 58.61892, 0.0 ], [ 10.614069, 61.45803, 0.0 ], [ 9.286911, 63.53855, 0.0 ], [ 9.179341, 64.65687, 0.0 ], [ 10.301874, 64.70354, 0.0 ], [ 12.544603, 63.673923, 0.0 ], [ 15.6880245, 61.668873, 0.0 ], [ 19.424416, 58.884644, 0.0 ], [ 23.388054, 55.59375, 0.0 ], [ 27.190939, 52.118305, 0.0 ], [ 30.460806, 48.798588, 0.0 ], [ 32.87761, 45.959454, 0.0 ], [ 34.204742, 43.878975, 0.0 ]] 
boundary 0: [[ 36.587006, 82.303696, 0.0 ], [ 36.351913, 81.20516, 0.0 ], [ 34.79495, 79.290405, 0.0 ], [ 32.06855, 76.74724, 0.0 ], [ 28.43959, 73.82437, 0.0 ], [ 24.263226, 70.80793, 0.0 ], [ 19.948383, 67.993286, 0.0 ], [ 15.9173765, 65.65585, 0.0 ], [ 12.564779, 64.02452, 0.0 ], [ 10.218768, 63.258865, 0.0 ], [ 9.108998, 63.43389, 0.0 ], [ 9.344088, 64.5325, 0.0 ], [ 10.901064, 66.447136, 0.0 ], [ 13.627478, 68.99035, 0.0 ], [ 17.256456, 71.91321, 0.0 ], [ 21.43277, 74.92967, 0.0 ], [ 25.747639, 77.74436, 0.0 ], [ 29.778666, 80.081726, 0.0 ], [ 33.131275, 81.71316, 0.0 ], [ 35.477226, 82.478806, 0.0 ]] 
boundary 1: [[ 36.587006, 45.696285, 0.0 ], [ 35.477234, 45.521217, 0.0 ], [ 33.131275, 46.286854, 0.0 ], [ 29.778637, 47.918236, 0.0 ], [ 25.74762, 50.25567, 0.0 ], [ 21.43277, 53.070328, 0.0 ], [ 17.256447, 56.08675, 0.0 ], [ 13.627476, 59.00961, 0.0 ], [ 10.901067, 61.55286, 0.0 ], [ 9.3440895, 63.467472, 0.0 ], [ 9.108991, 64.566086, 0.0 ], [ 10.218769, 64.74116, 0.0 ], [ 12.564771, 63.97551, 0.0 ], [ 15.9173765, 62.34414, 0.0 ], [ 19.948387, 60.00673, 0.0 ], [ 24.26325, 57.192047, 0.0 ], [ 28.43958, 54.17561, 0.0 ], [ 32.06855, 51.252747, 0.0 ], [ 34.794983, 48.709476, 0.0 ], [ 36.351925, 46.794907, 0.0 ]] 
boundary 0: [[ 38.639328, 78.879814, 0.0 ], [ 38.27066, 77.81864, 0.0 ], [ 36.489616, 76.11031, 0.0 ], [ 33.470615, 73.922485, 0.0 ], [ 29.509151, 71.46909, 0.0 ], [ 24.992908, 68.99026, 0.0 ], [ 20.36412, 66.72876, 0.0 ], [ 16.07581, 64.90585, 0.0 ], [ 12.547745, 63.700077, 0.0 ], [ 10.125267, 63.229343, 0.0 ], [ 9.045524, 63.539783, 0.0 ], [ 9.414195, 64.60106, 0.0 ], [ 11.195235, 66.309235, 0.0 ], [ 14.214255, 68.497116, 0.0 ], [ 18.175743, 70.950516, 0.0 ], [ 22.691929, 73.42937, 0.0 ], [ 27.320745, 75.6909, 0.0 ], [ 31.609072, 77.51374, 0.0 ], [ 35.137157, 78.71961, 0.0 ], [ 37.559586, 79.19036, 0.0 ]] 
boundary 1: [[ 38.639328, 49.12016, 0.0 ], [ 37.559578, 48.809666, 0.0 ], [ 35.137157, 49.280396, 0.0 ], [ 31.609049, 50.48621, 0.0 ], [ 27.320726, 52.309113, 0.0 ], [ 22.691929, 54.57063, 0.0 ], [ 18.175735, 57.04944, 0.0 ], [ 14.214256, 59.502853, 0.0 ], [ 11.195238, 61.690758, 0.0 ], [ 9.414201, 63.39893, 0.0 ], [ 9.045518, 64.46019, 0.0 ], [ 10.125265, 64.77069, 0.0 ], [ 12.547735, 64.29995, 0.0 ], [ 16.07581, 63.094135, 0.0 ], [ 20.364124, 61.271263, 0.0 ], [ 24.992939, 59.00972, 0.0 ], [ 29.509142, 56.5309, 0.0 ], [ 33.470615, 54.077488, 0.0 ], [ 36.489662, 51.889565, 0.0 ], [ 38.270668, 50.18144, 0.0 ]] 
boundary 0: [[ 40.178535, 75.43117, 0.0 ], [ 39.688644, 74.42023, 0.0 ], [ 37.720554, 72.93121, 0.0 ], [ 34.467045, 71.11033, 0.0 ], [ 30.24653, 69.13558, 0.0 ], [ 25.472054, 67.200264, 0.0 ], [ 20.611147, 65.4939, 0.0 ], [ 16.13953, 64.18346, 0.0 ], [ 12.49494, 63.39728, 0.0 ], [ 10.034099, 63.212223, 0.0 ], [ 8.997918, 63.64644, 0.0 ], [ 9.487822, 64.65749, 0.0 ], [ 11.455886, 66.14634, 0.0 ], [ 14.709424, 67.967285, 0.0 ], [ 18.929956, 69.942024, 0.0 ], [ 23.704376, 71.87738, 0.0 ], [ 28.565317, 73.58378, 0.0 ], [ 33.036938, 74.894135, 0.0 ], [ 36.68156, 75.68042, 0.0 ], [ 39.14235, 75.8655, 0.0 ]] 
boundary 1: [[ 40.178535, 52.5688, 0.0 ], [ 39.142338, 52.134525, 0.0 ], [ 36.68156, 52.319588, 0.0 ], [ 33.036922, 53.105804, 0.0 ], [ 28.565294, 54.416245, 0.0 ], [ 23.704376, 56.122612, 0.0 ], [ 18.929955, 58.057922, 0.0 ], [ 14.709429, 60.032684, 0.0 ], [ 11.455892, 61.85365, 0.0 ], [ 9.487827, 63.342495, 0.0 ], [ 8.997913, 64.35354, 0.0 ], [ 10.034093, 64.78782, 0.0 ], [ 12.494928, 64.602745, 0.0 ], [ 16.139534, 63.81653, 0.0 ], [ 20.611149, 62.506123, 0.0 ], [ 25.47209, 60.799725, 0.0 ], [ 30.246521, 58.8644, 0.0 ], [ 34.467045, 56.88965, 0.0 ], [ 37.720615, 55.068672, 0.0 ], [ 39.688637, 53.579857, 0.0 ]] 
boundary 0: [[ 41.118774, 72.53892, 0.0 ], [ 40.536064, 71.57847, 0.0 ], [ 38.436775, 70.28095, 0.0 ], [ 35.026566, 68.77382, 0.0 ], [ 30.639193, 67.20433, 0.0 ], [ 25.703999, 65.726166, 0.0 ], [ 20.704273, 64.484055, 0.0 ], [ 16.129314, 63.599537, 0.0 ], [ 12.426979, 63.159267, 0.0 ], [ 9.959636, 63.206238, 0.0 ], [ 8.968838, 63.735893, 0.0 ], [ 9.551567, 64.69644, 0.0 ], [ 11.650808, 65.99379, 0.0 ], [ 15.061043, 67.50099, 0.0 ], [ 19.448444, 69.07046, 0.0 ], [ 24.383581, 70.548676, 0.0 ], [ 29.38335, 71.79082, 0.0 ], [ 33.95829, 72.67525, 0.0 ], [ 37.660675, 73.115616, 0.0 ], [ 40.127983, 73.068665, 0.0 ]] 
boundary 1: [[ 41.118774, 55.461056, 0.0 ], [ 40.12796, 54.931347, 0.0 ], [ 37.660675, 54.884396, 0.0 ], [ 33.95829, 55.32469, 0.0 ], [ 29.383324, 56.20921, 0.0 ], [ 24.383581, 57.451317, 0.0 ], [ 19.448448, 58.92949, 0.0 ], [ 15.061053, 60.49897, 0.0 ], [ 11.650818, 62.0062, 0.0 ], [ 9.551573, 63.303543, 0.0 ], [ 8.968835, 64.264084, 0.0 ], [ 9.959628, 64.7938, 0.0 ], [ 12.426966, 64.84075, 0.0 ], [ 16.129318, 64.400444, 0.0 ], [ 20.704273, 63.51597, 0.0 ], [ 25.704037, 62.273834, 0.0 ], [ 30.639185, 60.795643, 0.0 ], [ 35.026566, 59.22617, 0.0 ], [ 38.436844, 57.718937, 0.0 ], [ 40.53604, 56.421616, 0.0 ]] 
boundary 0: [[ 41.570976, 70.6711, 0.0 ], [ 40.932243, 69.74697, 0.0 ], [ 38.759575, 68.57647, 0.0 ], [ 35.265858, 67.2746, 0.0 ], [ 30.792986, 65.968544, 0.0 ], [ 25.77869, 64.78619, 0.0 ], [ 20.714005, 63.843296, 0.0 ], [ 16.094576, 63.232143, 0.0 ], [ 12.372625, 63.01261, 0.0 ], [ 9.912433, 63.206078, 0.0 ], [ 8.954851, 63.793663, 0.0 ], [ 9.593615, 64.71789, 0.0 ], [ 11.766226, 65.88824, 0.0 ], [ 15.259978, 67.19017, 0.0 ], [ 19.73287, 68.4962, 0.0 ], [ 24.747108, 69.678604, 0.0 ], [ 29.811838, 70.62152, 0.0 ], [ 34.431244, 71.2326, 0.0 ], [ 38.15325, 71.45223, 0.0 ], [ 40.613403, 71.25877, 0.0 ]] 
boundary 1: [[ 41.570984, 57.328873, 0.0 ], [ 40.61338, 56.74123, 0.0 ], [ 38.15325, 56.547775, 0.0 ], [ 34.431244, 56.767345, 0.0 ], [ 29.811811, 57.378494, 0.0 ], [ 24.747108, 58.321377, 0.0 ], [ 19.732876, 59.503742, 0.0 ], [ 15.25999, 60.80979, 0.0 ], [ 11.766235, 62.111755, 0.0 ], [ 9.593624, 63.282097, 0.0 ], [ 8.954849, 64.20631, 0.0 ], [ 9.912421, 64.79396, 0.0 ], [ 12.37261, 64.98742, 0.0 ], [ 16.09458, 64.767845, 0.0 ], [ 20.714005, 64.15672, 0.0 ], [ 25.778728, 63.213825, 0.0 ], [ 30.792978, 62.03144, 0.0 ], [ 35.265858, 60.725384, 0.0 ], [ 38.75966, 59.423424, 0.0 ], [ 40.932213, 58.253117, 0.0 ]] 
boundary 0: [[ 41.695713, 70.049385, 0.0 ], [ 41.038975, 69.137955, 0.0 ], [ 38.84378, 68.01028, 0.0 ], [ 35.32521, 66.77718, 0.0 ], [ 30.827583, 65.55909, 0.0 ], [ 25.791061, 64.47529, 0.0 ], [ 20.708858, 63.631912, 0.0 ], [ 16.078335, 63.111465, 0.0 ], [ 12.352794, 62.964962, 0.0 ], [ 9.896868, 63.206635, 0.0 ], [ 8.950994, 63.81289, 0.0 ], [ 9.607758, 64.72441, 0.0 ], [ 11.802905, 65.85193, 0.0 ], [ 15.321515, 67.0851, 0.0 ], [ 19.819166, 68.30315, 0.0 ], [ 24.85562, 69.38701, 0.0 ], [ 29.937866, 70.230415, 0.0 ], [ 34.568375, 70.75078, 0.0 ], [ 38.293983, 70.8974, 0.0 ], [ 40.74986, 70.65572, 0.0 ]] 
boundary 1: [[ 41.69572, 57.95059, 0.0 ], [ 40.749836, 57.34428, 0.0 ], [ 38.293976, 57.102623, 0.0 ], [ 34.568375, 57.249157, 0.0 ], [ 29.93784, 57.7696, 0.0 ], [ 24.85562, 58.612972, 0.0 ], [ 19.819174, 59.696777, 0.0 ], [ 15.321529, 60.914867, 0.0 ], [ 11.802915, 62.148067, 0.0 ], [ 9.607768, 63.275562, 0.0 ], [ 8.950992, 64.18708, 0.0 ], [ 9.896855, 64.793396, 0.0 ], [ 12.352777, 65.03506, 0.0 ], [ 16.078339, 64.88853, 0.0 ], [ 20.708858, 64.36811, 0.0 ], [ 25.7911, 63.52471, 0.0 ], [ 30.827576, 62.44089, 0.0 ], [ 35.32521, 61.222797, 0.0 ], [ 38.843864, 59.989616, 0.0 ], [ 41.038944, 58.862133, 0.0 ]] 
boundary 0: [[ 41.62992, 70.38515, 0.0 ], [ 40.982872, 69.46683, 0.0 ], [ 38.79972, 68.31598, 0.0 ], [ 35.29441, 67.045715, 0.0 ], [ 30.809923, 65.780106, 0.0 ], [ 25.785145, 64.643074, 0.0 ], [ 20.712154, 63.745956, 0.0 ], [ 16.087395, 63.17654, 0.0 ], [ 12.363611, 62.990623, 0.0 ], [ 9.905269, 63.20629, 0.0 ], [ 8.95303, 63.8025, 0.0 ], [ 9.60011, 64.72093, 0.0 ], [ 11.783204, 65.87161, 0.0 ], [ 15.28857, 67.141945, 0.0 ], [ 19.773075, 68.40751, 0.0 ], [ 24.79778, 69.54461, 0.0 ], [ 29.870825, 70.44175, 0.0 ], [ 34.495567, 71.01108, 0.0 ], [ 38.21942, 71.19712, 0.0 ], [ 40.677704, 70.98145, 0.0 ]] 
boundary 1: [[ 41.62993, 57.614826, 0.0 ], [ 40.67768, 57.01856, 0.0 ], [ 38.219414, 56.802902, 0.0 ], [ 34.495567, 56.988846, 0.0 ], [ 29.870798, 57.55826, 0.0 ], [ 24.79778, 58.455368, 0.0 ], [ 19.773083, 59.59241, 0.0 ], [ 15.288584, 60.858017, 0.0 ], [ 11.783214, 62.128387, 0.0 ], [ 9.60012, 63.279045, 0.0 ], [ 8.953026, 64.19747, 0.0 ], [ 9.905256, 64.79374, 0.0 ], [ 12.363594, 65.0094, 0.0 ], [ 16.087399, 64.82345, 0.0 ], [ 20.712154, 64.25407, 0.0 ], [ 25.785183, 63.356934, 0.0 ], [ 30.809916, 62.21988, 0.0 ], [ 35.29441, 60.954266, 0.0 ], [ 38.799805, 59.683914, 0.0 ], [ 40.98284, 58.533264, 0.0 ]] 
boundary 0: [[ 41.38179, 71.51253, 0.0 ], [ 40.76793, 70.57169, 0.0 ], [ 38.62726, 69.34365, 0.0 ], [ 35.169525, 67.949066, 0.0 ], [ 30.733067, 66.524185, 0.0 ], [ 25.752083, 65.20851, 0.0 ], [ 20.714352, 64.13088, 0.0 ], [ 16.11287, 63.396744, 0.0 ], [ 12.398094, 63.07802, 0.0 ], [ 9.933618, 63.205795, 0.0 ], [ 8.960705, 63.76763, 0.0 ], [ 9.574587, 64.70858, 0.0 ], [ 11.715216, 65.936455, 0.0 ], [ 15.173002, 67.331116, 0.0 ], [ 19.609474, 68.75595, 0.0 ], [ 24.590382, 70.07169, 0.0 ], [ 29.62817, 71.14934, 0.0 ], [ 34.229637, 71.883385, 0.0 ], [ 37.94448, 72.20224, 0.0 ], [ 40.408882, 72.07448, 0.0 ]] 
boundary 1: [[ 41.381798, 56.487442, 0.0 ], [ 40.40886, 55.925545, 0.0 ], [ 37.944473, 55.79777, 0.0 ], [ 34.229637, 56.11653, 0.0 ], [ 29.628143, 56.85067, 0.0 ], [ 24.590382, 57.9283, 0.0 ], [ 19.609482, 59.243973, 0.0 ], [ 15.173014, 60.668854, 0.0 ], [ 11.715225, 62.063545, 0.0 ], [ 9.574595, 63.2914, 0.0 ], [ 8.9607, 64.23234, 0.0 ], [ 9.933608, 64.794235, 0.0 ], [ 12.398078, 64.922, 0.0 ], [ 16.112873, 64.60326, 0.0 ], [ 20.714352, 63.86914, 0.0 ], [ 25.752121, 62.79149, 0.0 ], [ 30.733057, 61.475792, 0.0 ], [ 35.169525, 60.050903, 0.0 ], [ 38.627342, 58.65623, 0.0 ], [ 40.767906, 57.42839, 0.0 ]] 
boundary 0: [[ 40.92955, 73.20203, 0.0 ], [ 40.36746, 72.22938, 0.0 ], [ 38.296326, 70.88738, 0.0 ], [ 34.91906, 69.30786, 0.0 ], [ 30.566147, 67.64517, 0.0 ], [ 25.663586, 66.06211, 0.0 ], [ 20.6915, 64.713646, 0.0 ], [ 16.136448, 63.73177, 0.0 ], [ 12.444342, 63.212643, 0.0 ], [ 9.9765625, 63.20697, 0.0 ], [ 8.974691, 63.715374, 0.0 ], [ 9.536798, 64.68815, 0.0 ], [ 11.607901, 66.02997, 0.0 ], [ 14.985212, 67.60956, 0.0 ], [ 19.338146, 69.27221, 0.0 ], [ 24.240623, 70.85536, 0.0 ], [ 29.21277, 72.20383, 0.0 ], [ 33.76782, 73.18561, 0.0 ], [ 37.459984, 73.70487, 0.0 ], [ 39.92768, 73.71056, 0.0 ]] 
boundary 1: [[ 40.929558, 54.797935, 0.0 ], [ 39.92766, 54.28947, 0.0 ], [ 37.459976, 54.295135, 0.0 ], [ 33.767803, 54.8143, 0.0 ], [ 29.212744, 55.796177, 0.0 ], [ 24.240623, 57.144634, 0.0 ], [ 19.33815, 58.727715, 0.0 ], [ 14.985224, 60.390404, 0.0 ], [ 11.60791, 61.970028, 0.0 ], [ 9.536804, 63.31183, 0.0 ], [ 8.974687, 64.28457, 0.0 ], [ 9.976554, 64.79305, 0.0 ], [ 12.444326, 64.78738, 0.0 ], [ 16.136452, 64.268234, 0.0 ], [ 20.6915, 63.286373, 0.0 ], [ 25.663624, 61.937893, 0.0 ], [ 30.566135, 60.354786, 0.0 ], [ 34.91906, 58.692097, 0.0 ], [ 38.296394, 57.11249, 0.0 ], [ 40.367435, 55.7707, 0.0 ]] 
boundary 0: [[ 40.227585, 75.30051, 0.0 ], [ 39.733322, 74.2917, 0.0 ], [ 37.75884, 72.81118, 0.0 ], [ 34.497513, 71.004364, 0.0 ], [ 30.268515, 69.04785, 0.0 ], [ 25.48571, 67.13317, 0.0 ], [ 20.6175, 65.44779, 0.0 ], [ 16.14027, 64.15666, 0.0 ], [ 12.492313, 63.386234, 0.0 ], [ 10.030702, 63.211784, 0.0 ], [ 8.996405, 63.65047, 0.0 ], [ 9.49066, 64.6594, 0.0 ], [ 11.465134, 66.139755, 0.0 ], [ 14.7265, 67.94664, 0.0 ], [ 18.95552, 69.90313, 0.0 ], [ 23.738237, 71.81787, 0.0 ], [ 28.606512, 73.50326, 0.0 ], [ 33.08374, 74.7943, 0.0 ], [ 36.73175, 75.56488, 0.0 ], [ 39.193275, 75.739334, 0.0 ]] 
boundary 1: [[ 40.22759, 52.699448, 0.0 ], [ 39.193253, 52.260704, 0.0 ], [ 36.731743, 52.435135, 0.0 ], [ 33.08372, 53.205612, 0.0 ], [ 28.606485, 54.496742, 0.0 ], [ 23.738237, 56.182117, 0.0 ], [ 18.955524, 58.096798, 0.0 ], [ 14.726507, 60.053326, 0.0 ], [ 11.465145, 61.860252, 0.0 ], [ 9.490664, 63.34056, 0.0 ], [ 8.996393, 64.34948, 0.0 ], [ 10.030694, 64.78824, 0.0 ], [ 12.492298, 64.61378, 0.0 ], [ 16.140274, 63.843327, 0.0 ], [ 20.6175, 62.55222, 0.0 ], [ 25.485744, 60.86682, 0.0 ], [ 30.2685, 58.95211, 0.0 ], [ 34.497513, 56.995586, 0.0 ], [ 37.7589, 55.188683, 0.0 ], [ 39.733315, 53.708385, 0.0 ]] 
boundary 0: [[ 39.209145, 77.72481, 0.0 ], [ 38.798492, 76.67917, 0.0 ], [ 36.950836, 75.04309, 0.0 ], [ 33.847115, 72.97724, 0.0 ], [ 29.791086, 70.683556, 0.0 ], [ 25.179684, 68.386566, 0.0 ], [ 20.464521, 66.31119, 0.0 ], [ 16.107014, 64.66051, 0.0 ], [ 12.533726, 63.5962, 0.0 ], [ 10.094428, 63.222305, 0.0 ], [ 9.027905, 63.575493, 0.0 ], [ 9.438541, 64.621254, 0.0 ], [ 11.286196, 66.25714, 0.0 ], [ 14.38995, 68.323074, 0.0 ], [ 18.446007, 70.61674, 0.0 ], [ 23.05732, 72.91379, 0.0 ], [ 27.772543, 74.98918, 0.0 ], [ 32.130062, 76.63977, 0.0 ], [ 35.703392, 77.70422, 0.0 ], [ 38.1426, 78.078125, 0.0 ]] 
boundary 1: [[ 39.209145, 50.275158, 0.0 ], [ 38.14258, 49.921913, 0.0 ], [ 35.703384, 50.295784, 0.0 ], [ 32.130035, 51.36015, 0.0 ], [ 27.772516, 53.01082, 0.0 ], [ 23.05732, 55.086205, 0.0 ], [ 18.446005, 57.383194, 0.0 ], [ 14.389957, 59.67689, 0.0 ], [ 11.286207, 61.742855, 0.0 ], [ 9.438544, 63.37871, 0.0 ], [ 9.027889, 64.42445, 0.0 ], [ 10.094422, 64.77772, 0.0 ], [ 12.533712, 64.40382, 0.0 ], [ 16.107018, 63.33948, 0.0 ], [ 20.464521, 61.688828, 0.0 ], [ 25.179718, 59.613426, 0.0 ], [ 29.791069, 57.3164, 0.0 ], [ 33.847107, 55.022705, 0.0 ], [ 36.95089, 52.956764, 0.0 ], [ 38.798496, 51.32092, 0.0 ]] 
boundary 0: [[ 37.949234, 80.141655, 0.0 ], [ 37.628098, 79.06515, 0.0 ], [ 35.9248, 77.279274, 0.0 ], [ 33.00609, 74.95939, 0.0 ], [ 29.15765, 72.33223, 0.0 ], [ 24.75608, 69.65504, 0.0 ], [ 20.232458, 67.18992, 0.0 ], [ 16.029457, 65.17811, 0.0 ], [ 12.5584955, 63.816643, 0.0 ], [ 10.159354, 63.238636, 0.0 ], [ 9.066874, 63.500744, 0.0 ], [ 9.387977, 64.57737, 0.0 ], [ 11.091291, 66.36307, 0.0 ], [ 14.01003, 68.68304, 0.0 ], [ 17.8585, 71.31017, 0.0 ], [ 22.259975, 73.98742, 0.0 ], [ 26.783655, 76.45256, 0.0 ], [ 30.98668, 78.46428, 0.0 ], [ 34.45767, 79.82589, 0.0 ], [ 36.85672, 80.4039, 0.0 ]] 
boundary 1: [[ 37.949234, 47.858307, 0.0 ], [ 36.856705, 47.596146, 0.0 ], [ 34.45766, 48.17411, 0.0 ], [ 30.986645, 49.53565, 0.0 ], [ 26.783627, 51.54744, 0.0 ], [ 22.259975, 54.01257, 0.0 ], [ 17.858494, 56.689766, 0.0 ], [ 14.010031, 59.31691, 0.0 ], [ 11.091303, 61.636936, 0.0 ], [ 9.387976, 63.422592, 0.0 ], [ 9.066854, 64.4992, 0.0 ], [ 10.15935, 64.76138, 0.0 ], [ 12.558483, 64.18338, 0.0 ], [ 16.029457, 62.821873, 0.0 ], [ 20.232458, 60.810104, 0.0 ], [ 24.756115, 58.344963, 0.0 ], [ 29.15763, 55.667725, 0.0 ], [ 33.006073, 53.040573, 0.0 ], [ 35.924843, 50.72057, 0.0 ], [ 37.628113, 48.934937, 0.0 ]] 
boundary 0: [[ 36.45208, 82.498634, 0.0 ], [ 36.225014, 81.39844, 0.0 ], [ 34.682167, 79.47226, 0.0 ], [ 31.974497, 76.90921, 0.0 ], [ 28.367071, 73.95981, 0.0 ], [ 24.212902, 70.91283, 0.0 ], [ 19.918827, 68.06662, 0.0 ], [ 15.905079, 65.699684, 0.0 ], [ 12.564525, 64.04382, 0.0 ], [ 10.224202, 63.260983, 0.0 ], [ 9.113178, 63.427853, 0.0 ], [ 9.340195, 64.52816, 0.0 ], [ 10.883091, 66.45416, 0.0 ], [ 13.59078, 69.0173, 0.0 ], [ 17.198238, 71.96668, 0.0 ], [ 21.35231, 75.0137, 0.0 ], [ 25.646427, 77.85995, 0.0 ], [ 29.660212, 80.22678, 0.0 ], [ 33.00078, 81.88281, 0.0 ], [ 35.341015, 82.665634, 0.0 ]] 
boundary 1: [[ 36.45208, 45.50133, 0.0 ], [ 35.341, 45.33441, 0.0 ], [ 33.00077, 46.1172, 0.0 ], [ 29.660172, 47.773132, 0.0 ], [ 25.6464, 50.140057, 0.0 ], [ 21.35231, 52.986282, 0.0 ], [ 17.198221, 56.033257, 0.0 ], [ 13.590779, 58.98264, 0.0 ], [ 10.883102, 61.54585, 0.0 ], [ 9.34019, 63.471794, 0.0 ], [ 9.113156, 64.57211, 0.0 ], [ 10.224198, 64.739044, 0.0 ], [ 12.564518, 63.9562, 0.0 ], [ 15.905079, 62.3003, 0.0 ], [ 19.918835, 59.933407, 0.0 ], [ 24.212936, 57.087154, 0.0 ], [ 28.367052, 54.040146, 0.0 ], [ 31.974474, 51.09076, 0.0 ], [ 34.68219, 48.527576, 0.0 ], [ 36.225048, 46.601654, 0.0 ]] 
boundary 0: [[ 34.87511, 84.5755, 0.0 ], [ 34.73744, 83.46059, 0.0 ], [ 33.354836, 81.416336, 0.0 ], [ 30.862516, 78.643425, 0.0 ], [ 27.504505, 75.41292, 0.0 ], [ 23.60939, 72.04108, 0.0 ], [ 19.558638, 68.85808, 0.0 ], [ 15.748685, 66.1754, 0.0 ], [ 12.552437, 64.255714, 0.0 ], [ 10.28281, 63.286827, 0.0 ], [ 9.161953, 63.36362, 0.0 ], [ 9.299562, 64.478645, 0.0 ], [ 10.682232, 66.52272, 0.0 ], [ 13.174562, 69.295715, 0.0 ], [ 16.532616, 72.526215, 0.0 ], [ 20.427626, 75.89809, 0.0 ], [ 24.478409, 79.081116, 0.0 ], [ 28.288414, 81.76371, 0.0 ], [ 31.484663, 83.68355, 0.0 ], [ 33.754204, 84.652405, 0.0 ]] 
boundary 1: [[ 34.87511, 43.424465, 0.0 ], [ 33.75419, 43.347633, 0.0 ], [ 31.484655, 44.316456, 0.0 ], [ 28.288359, 46.236214, 0.0 ], [ 24.478382, 48.91889, 0.0 ], [ 20.427626, 52.1019, 0.0 ], [ 16.532593, 55.47372, 0.0 ], [ 13.174559, 58.70422, 0.0 ], [ 10.682243, 61.47729, 0.0 ], [ 9.299553, 63.521317, 0.0 ], [ 9.161926, 64.636345, 0.0 ], [ 10.282809, 64.7132, 0.0 ], [ 12.552431, 63.7443, 0.0 ], [ 15.748685, 61.824593, 0.0 ], [ 19.55865, 59.14195, 0.0 ], [ 23.60942, 55.958908, 0.0 ], [ 27.50448, 52.58705, 0.0 ], [ 30.862492, 49.356544, 0.0 ], [ 33.354847, 46.583504, 0.0 ], [ 34.737484, 44.53951, 0.0 ]] 
boundary 0: [[ 33.32923, 86.3176, 0.0 ], [ 33.272186, 85.195656, 0.0 ], [ 32.04032, 83.05719, 0.0 ], [ 29.754087, 80.11205, 0.0 ], [ 26.637335, 76.64819, 0.0 ], [ 22.995058, 73.0047, 0.0 ], [ 19.18395, 69.53835, 0.0 ], [ 15.576996, 66.58839, 0.0 ], [ 12.527234, 64.443596, 0.0 ], [ 10.333242, 63.31384, 0.0 ], [ 9.2097645, 63.309742, 0.0 ], [ 9.26675, 64.43178, 0.0 ], [ 10.498689, 66.57007, 0.0 ], [ 12.784934, 69.5153, 0.0 ], [ 15.901721, 72.97916, 0.0 ], [ 19.543896, 76.62266, 0.0 ], [ 23.355034, 80.089035, 0.0 ], [ 26.962042, 83.038956, 0.0 ], [ 30.011797, 85.18389, 0.0 ], [ 32.205704, 86.313614, 0.0 ]] 
boundary 1: [[ 33.32923, 41.682377, 0.0 ], [ 32.205696, 41.686428, 0.0 ], [ 30.01179, 42.816116, 0.0 ], [ 26.96198, 44.960968, 0.0 ], [ 23.355007, 47.910973, 0.0 ], [ 19.543896, 51.37732, 0.0 ], [ 15.901691, 55.02078, 0.0 ], [ 12.784923, 58.484634, 0.0 ], [ 10.4987, 61.429916, 0.0 ], [ 9.266739, 63.568184, 0.0 ], [ 9.209735, 64.69023, 0.0 ], [ 10.333244, 64.68621, 0.0 ], [ 12.527228, 63.556427, 0.0 ], [ 15.576996, 61.41161, 0.0 ], [ 19.183962, 58.461655, 0.0 ], [ 22.995089, 54.99527, 0.0 ], [ 26.63731, 51.35178, 0.0 ], [ 29.754059, 47.887917, 0.0 ], [ 32.04033, 44.94265, 0.0 ], [ 33.272232, 42.804436, 0.0 ]] 
boundary 0: [[ 31.949276, 87.67997, 0.0 ], [ 31.959593, 86.55664, 0.0 ], [ 30.85814, 84.34816, 0.0 ], [ 28.752571, 81.27127, 0.0 ], [ 25.849072, 77.6268, 0.0 ], [ 22.431763, 73.77152, 0.0 ], [ 18.83531, 70.08294, 0.0 ], [ 15.411681, 66.92206, 0.0 ], [ 12.495977, 64.5983, 0.0 ], [ 10.373657, 63.339046, 0.0 ], [ 9.252446, 63.267605, 0.0 ], [ 9.242065, 64.391014, 0.0 ], [ 10.343603, 66.599335, 0.0 ], [ 12.449181, 69.67632, 0.0 ], [ 15.352713, 73.32079, 0.0 ], [ 18.769917, 77.17609, 0.0 ], [ 22.366407, 80.8647, 0.0 ], [ 25.790085, 84.02553, 0.0 ], [ 28.70578, 86.349434, 0.0 ], [ 30.828014, 87.60866, 0.0 ]] 
boundary 1: [[ 31.949276, 40.32, 0.0 ], [ 30.828009, 40.391388, 0.0 ], [ 28.705772, 41.650566, 0.0 ], [ 25.79002, 43.974392, 0.0 ], [ 22.366383, 47.135315, 0.0 ], [ 18.769917, 50.82389, 0.0 ], [ 15.35268, 54.679142, 0.0 ], [ 12.449163, 58.32361, 0.0 ], [ 10.343615, 61.400642, 0.0 ], [ 9.24205, 63.60891, 0.0 ], [ 9.252414, 64.73236, 0.0 ], [ 10.37366, 64.66101, 0.0 ], [ 12.495973, 63.401726, 0.0 ], [ 15.411681, 61.077946, 0.0 ], [ 18.835321, 57.91707, 0.0 ], [ 22.431793, 54.22845, 0.0 ], [ 25.849045, 50.373177, 0.0 ], [ 28.75254, 46.728706, 0.0 ], [ 30.85814, 43.651672, 0.0 ], [ 31.959642, 41.44345, 0.0 ]] 
boundary 0: [[ 30.765312, 88.72794, 0.0 ], [ 30.830536, 87.60646, 0.0 ], [ 29.838371, 85.346756, 0.0 ], [ 27.885733, 82.17062, 0.0 ], [ 25.163872, 78.38857, 0.0 ], [ 21.939121, 74.37085, 0.0 ], [ 18.527294, 70.510864, 0.0 ], [ 15.262281, 67.186386, 0.0 ], [ 12.463664, 64.72286, 0.0 ], [ 10.405442, 63.361362, 0.0 ], [ 9.289066, 63.235195, 0.0 ], [ 9.223777, 64.35675, 0.0 ], [ 10.216041, 66.61629, 0.0 ], [ 12.168679, 69.792534, 0.0 ], [ 14.890572, 73.574585, 0.0 ], [ 18.11522, 77.592316, 0.0 ], [ 21.527084, 81.45233, 0.0 ], [ 24.792141, 84.776764, 0.0 ], [ 27.590744, 87.240425, 0.0 ], [ 29.648882, 88.60188, 0.0 ]] 
boundary 1: [[ 30.76531, 39.272026, 0.0 ], [ 29.648876, 39.398155, 0.0 ], [ 27.590736, 40.759583, 0.0 ], [ 24.792072, 43.223167, 0.0 ], [ 21.527058, 46.547676, 0.0 ], [ 18.115215, 50.407654, 0.0 ], [ 14.890535, 54.425354, 0.0 ], [ 12.168656, 58.207405, 0.0 ], [ 10.216051, 61.383694, 0.0 ], [ 9.223758, 63.64317, 0.0 ], [ 9.28903, 64.76477, 0.0 ], [ 10.405449, 64.63869, 0.0 ], [ 12.463661, 63.27716, 0.0 ], [ 15.262281, 60.813618, 0.0 ], [ 18.527306, 57.489155, 0.0 ], [ 21.939152, 53.62913, 0.0 ], [ 25.163845, 49.61141, 0.0 ], [ 27.885702, 45.82936, 0.0 ], [ 29.838358, 42.65306, 0.0 ], [ 30.83059, 40.39364, 0.0 ]] 
boundary 0: [[ 30.908161, 88.60689, 0.0 ], [ 30.966888, 87.48505, 0.0 ], [ 29.961657, 85.23113, 0.0 ], [ 27.990656, 82.06636, 0.0 ], [ 25.24694, 78.30013, 0.0 ], [ 21.998978, 74.30115, 0.0 ], [ 18.564854, 70.46099, 0.0 ], [ 15.280644, 67.15547, 0.0 ], [ 12.467808, 64.7082, 0.0 ], [ 10.401736, 63.35864, 0.0 ], [ 9.284648, 63.238937, 0.0 ], [ 9.225855, 64.360855, 0.0 ], [ 10.231187, 66.61461, 0.0 ], [ 12.202187, 69.779495, 0.0 ], [ 14.945934, 73.545715, 0.0 ], [ 18.193794, 77.54471, 0.0 ], [ 21.627956, 81.3849, 0.0 ], [ 24.912209, 84.69037, 0.0 ], [ 27.725033, 87.13779, 0.0 ], [ 29.791021, 88.4873, 0.0 ]] 
boundary 1: [[ 30.90816, 39.393078, 0.0 ], [ 29.791016, 39.51274, 0.0 ], [ 27.725025, 40.862225, 0.0 ], [ 24.912142, 43.309563, 0.0 ], [ 21.62793, 46.615105, 0.0 ], [ 18.19379, 50.45526, 0.0 ], [ 14.945899, 54.45422, 0.0 ], [ 12.202164, 58.220448, 0.0 ], [ 10.231197, 61.385376, 0.0 ], [ 9.225836, 63.639065, 0.0 ], [ 9.284612, 64.761024, 0.0 ], [ 10.401742, 64.64141, 0.0 ], [ 12.467805, 63.291824, 0.0 ], [ 15.280644, 60.844532, 0.0 ], [ 18.564865, 57.539032, 0.0 ], [ 21.999008, 53.69883, 0.0 ], [ 25.246914, 49.69985, 0.0 ], [ 27.990627, 45.933628, 0.0 ], [ 29.961643, 42.768684, 0.0 ], [ 30.966942, 40.51505, 0.0 ]] 
boundary 0: [[ 32.35972, 87.29164, 0.0 ], [ 32.350403, 86.16829, 0.0 ], [ 31.210535, 83.97937, 0.0 ], [ 29.05151, 80.93977, 0.0 ], [ 26.084766, 77.34659, 0.0 ], [ 22.600613, 73.55162, 0.0 ], [ 18.94025, 69.92646, 0.0 ], [ 15.46191, 66.82588, 0.0 ], [ 12.506042, 64.55344, 0.0 ], [ 10.3620405, 63.331455, 0.0 ], [ 9.239752, 63.279617, 0.0 ], [ 9.249004, 64.40304, 0.0 ], [ 10.388964, 66.591774, 0.0 ], [ 12.5479965, 69.6315, 0.0 ], [ 15.514769, 73.224655, 0.0 ], [ 18.998821, 77.01966, 0.0 ], [ 22.659222, 80.64485, 0.0 ], [ 26.137606, 83.745384, 0.0 ], [ 29.09347, 86.017975, 0.0 ], [ 31.237383, 87.2399, 0.0 ]] 
boundary 1: [[ 32.35972, 40.70834, 0.0 ], [ 31.237377, 40.760136, 0.0 ], [ 29.09346, 41.98204, 0.0 ], [ 26.13754, 44.254555, 0.0 ], [ 22.659195, 47.355164, 0.0 ], [ 18.998821, 50.98032, 0.0 ], [ 15.514734, 54.77527, 0.0 ], [ 12.547976, 58.368443, 0.0 ], [ 10.388975, 61.408215, 0.0 ], [ 9.248989, 63.596886, 0.0 ], [ 9.239718, 64.720345, 0.0 ], [ 10.362042, 64.668594, 0.0 ], [ 12.506038, 63.4466, 0.0 ], [ 15.461908, 61.17412, 0.0 ], [ 18.940262, 58.07356, 0.0 ], [ 22.600647, 54.448357, 0.0 ], [ 26.084742, 50.653385, 0.0 ], [ 29.051483, 47.06022, 0.0 ], [ 31.210537, 44.020424, 0.0 ], [ 32.350456, 41.831806, 0.0 ]] 
boundary 0: [[ 34.312286, 85.239334, 0.0 ], [ 34.204693, 84.12111, 0.0 ], [ 32.877605, 82.04036, 0.0 ], [ 30.460825, 79.2014, 0.0 ], [ 27.19097, 75.881676, 0.0 ], [ 23.38802, 72.406235, 0.0 ], [ 19.424408, 69.11538, 0.0 ], [ 15.688035, 66.33114, 0.0 ], [ 12.54461, 64.32614, 0.0 ], [ 10.301879, 63.296497, 0.0 ], [ 9.179359, 63.343086, 0.0 ], [ 9.286907, 64.46138, 0.0 ], [ 10.614066, 66.54195, 0.0 ], [ 13.030867, 69.38102, 0.0 ], [ 16.300753, 72.70073, 0.0 ], [ 20.103601, 76.176216, 0.0 ], [ 24.067253, 79.46713, 0.0 ], [ 27.80367, 82.25129, 0.0 ], [ 30.947104, 84.25644, 0.0 ], [ 33.189743, 85.28604, 0.0 ]] 
boundary 1: [[ 34.312286, 42.760643, 0.0 ], [ 33.189735, 42.713997, 0.0 ], [ 30.947094, 43.743572, 0.0 ], [ 27.803616, 45.748634, 0.0 ], [ 24.067226, 48.532898, 0.0 ], [ 20.103601, 51.82376, 0.0 ], [ 16.300724, 55.2992, 0.0 ], [ 13.030853, 58.618904, 0.0 ], [ 10.614078, 61.458042, 0.0 ], [ 9.286899, 63.538536, 0.0 ], [ 9.179332, 64.65687, 0.0 ], [ 10.301878, 64.703545, 0.0 ], [ 12.544601, 63.67391, 0.0 ], [ 15.68803, 61.668865, 0.0 ], [ 19.424417, 58.88465, 0.0 ], [ 23.388058, 55.59375, 0.0 ], [ 27.190947, 52.11829, 0.0 ], [ 30.460798, 48.79858, 0.0 ], [ 32.877632, 45.95943, 0.0 ], [ 34.204742, 43.878983, 0.0 ]] 
boundary 0: [[ 36.586998, 82.303696, 0.0 ], [ 36.351883, 81.20519, 0.0 ], [ 34.794952, 79.290344, 0.0 ], [ 32.068565, 76.74724, 0.0 ], [ 28.43961, 73.824356, 0.0 ], [ 24.263214, 70.80792, 0.0 ], [ 19.948383, 67.993286, 0.0 ], [ 15.917388, 65.65586, 0.0 ], [ 12.564783, 64.02455, 0.0 ], [ 10.218777, 63.25888, 0.0 ], [ 9.109004, 63.43388, 0.0 ], [ 9.344078, 64.53246, 0.0 ], [ 10.901062, 66.44712, 0.0 ], [ 13.627479, 68.99033, 0.0 ], [ 17.256466, 71.91318, 0.0 ], [ 21.432766, 74.92967, 0.0 ], [ 25.747643, 77.74436, 0.0 ], [ 29.77867, 80.081696, 0.0 ], [ 33.131306, 81.71317, 0.0 ], [ 35.47721, 82.47882, 0.0 ]] 
boundary 1: [[ 36.586998, 45.696285, 0.0 ], [ 35.477196, 45.521217, 0.0 ], [ 33.13129, 46.28684, 0.0 ], [ 29.778625, 47.91823, 0.0 ], [ 25.747612, 50.25567, 0.0 ], [ 21.432766, 53.070312, 0.0 ], [ 17.256447, 56.086742, 0.0 ], [ 13.627474, 59.009594, 0.0 ], [ 10.901073, 61.55287, 0.0 ], [ 9.344077, 63.467457, 0.0 ], [ 9.108981, 64.56608, 0.0 ], [ 10.218773, 64.741165, 0.0 ], [ 12.564769, 63.975494, 0.0 ], [ 15.917385, 62.34413, 0.0 ], [ 19.948391, 60.006737, 0.0 ], [ 24.263254, 57.192047, 0.0 ], [ 28.439589, 54.175594, 0.0 ], [ 32.068542, 51.25274, 0.0 ], [ 34.795006, 48.709454, 0.0 ], [ 36.351925, 46.794914, 0.0 ]] 
boundary 0: [[ 38.63932, 78.879814, 0.0 ], [ 38.27063, 77.81867, 0.0 ], [ 36.48962, 76.11025, 0.0 ], [ 33.47063, 73.922485, 0.0 ], [ 29.509167, 71.46908, 0.0 ], [ 24.992897, 68.99025, 0.0 ], [ 20.36412, 66.72876, 0.0 ], [ 16.07582, 64.90586, 0.0 ], [ 12.547754, 63.700108, 0.0 ], [ 10.1252775, 63.22936, 0.0 ], [ 9.0455265, 63.539772, 0.0 ], [ 9.414183, 64.60102, 0.0 ], [ 11.1952305, 66.30922, 0.0 ], [ 14.2142515, 68.4971, 0.0 ], [ 18.175747, 70.950485, 0.0 ], [ 22.691925, 73.42937, 0.0 ], [ 27.32075, 75.6909, 0.0 ], [ 31.60907, 77.51371, 0.0 ], [ 35.137196, 78.71963, 0.0 ], [ 37.55957, 79.19038, 0.0 ]] 
boundary 1: [[ 38.63932, 49.12016, 0.0 ], [ 37.55954, 48.80966, 0.0 ], [ 35.137173, 49.28038, 0.0 ], [ 31.609037, 50.486202, 0.0 ], [ 27.320719, 52.309113, 0.0 ], [ 22.691929, 54.570614, 0.0 ], [ 18.175737, 57.04943, 0.0 ], [ 14.214256, 59.50284, 0.0 ], [ 11.195244, 61.69077, 0.0 ], [ 9.41419, 63.39891, 0.0 ], [ 9.045508, 64.46018, 0.0 ], [ 10.125268, 64.7707, 0.0 ], [ 12.547735, 64.299934, 0.0 ], [ 16.07582, 63.09413, 0.0 ], [ 20.364128, 61.27127, 0.0 ], [ 24.992943, 59.00972, 0.0 ], [ 29.509151, 56.530884, 0.0 ], [ 33.470615, 54.07748, 0.0 ], [ 36.489685, 51.88954, 0.0 ], [ 38.270668, 50.181446, 0.0 ]] 
boundary 0: [[ 40.178528, 75.43117, 0.0 ], [ 39.688614, 74.42026, 0.0 ], [ 37.72056, 72.93115, 0.0 ], [ 34.46706, 71.11033, 0.0 ], [ 30.246542, 69.13556, 0.0 ], [ 25.472042, 67.20026, 0.0 ], [ 20.611147, 65.4939, 0.0 ], [ 16.139545, 64.183464, 0.0 ], [ 12.494956, 63.397312, 0.0 ], [ 10.03411, 63.21224, 0.0 ], [ 8.997919, 63.646427, 0.0 ], [ 9.487804, 64.657455, 0.0 ], [ 11.455879, 66.146324, 0.0 ], [ 14.709419, 67.96727, 0.0 ], [ 18.92996, 69.94199, 0.0 ], [ 23.704372, 71.87738, 0.0 ], [ 28.56532, 73.58376, 0.0 ], [ 33.036938, 74.894104, 0.0 ], [ 36.681606, 75.680435, 0.0 ], [ 39.14235, 75.86552, 0.0 ]] 
boundary 1: [[ 40.178528, 52.5688, 0.0 ], [ 39.1423, 52.13452, 0.0 ], [ 36.681583, 52.31958, 0.0 ], [ 33.036915, 53.105797, 0.0 ], [ 28.565287, 54.416245, 0.0 ], [ 23.70438, 56.122597, 0.0 ], [ 18.929962, 58.057915, 0.0 ], [ 14.709431, 60.03267, 0.0 ], [ 11.455895, 61.85366, 0.0 ], [ 9.487819, 63.342476, 0.0 ], [ 8.997907, 64.35352, 0.0 ], [ 10.034094, 64.78783, 0.0 ], [ 12.49493, 64.60273, 0.0 ], [ 16.139545, 63.816532, 0.0 ], [ 20.611153, 62.50613, 0.0 ], [ 25.472094, 60.799725, 0.0 ], [ 30.24653, 58.864388, 0.0 ], [ 34.467045, 56.88964, 0.0 ], [ 37.72064, 55.068653, 0.0 ], [ 39.688637, 53.579865, 0.0 ]] 
boundary 0: [[ 41.118767, 72.53892, 0.0 ], [ 40.536034, 71.5785, 0.0 ], [ 38.436775, 70.28089, 0.0 ], [ 35.02658, 68.77381, 0.0 ], [ 30.639202, 67.20431, 0.0 ], [ 25.703987, 65.72616, 0.0 ], [ 20.704273, 64.484055, 0.0 ], [ 16.12933, 63.599545, 0.0 ], [ 12.426999, 63.159298, 0.0 ], [ 9.959649, 63.206253, 0.0 ], [ 8.968836, 63.73588, 0.0 ], [ 9.551547, 64.6964, 0.0 ], [ 11.650802, 65.993774, 0.0 ], [ 15.061037, 67.50098, 0.0 ], [ 19.448446, 69.07043, 0.0 ], [ 24.383577, 70.548676, 0.0 ], [ 29.383348, 71.7908, 0.0 ], [ 33.95829, 72.67522, 0.0 ], [ 37.66072, 73.11563, 0.0 ], [ 40.127983, 73.06868, 0.0 ]] 
boundary 1: [[ 41.118767, 55.461056, 0.0 ], [ 40.127922, 54.93134, 0.0 ], [ 37.660698, 54.884388, 0.0 ], [ 33.958282, 55.324684, 0.0 ], [ 29.383316, 56.20921, 0.0 ], [ 24.383589, 57.4513, 0.0 ], [ 19.448456, 58.92948, 0.0 ], [ 15.061055, 60.498955, 0.0 ], [ 11.650818, 62.00621, 0.0 ], [ 9.551568, 63.303524, 0.0 ], [ 8.968828, 64.26407, 0.0 ], [ 9.959629, 64.79381, 0.0 ], [ 12.42697, 64.84074, 0.0 ], [ 16.12933, 64.40045, 0.0 ], [ 20.704277, 63.515984, 0.0 ], [ 25.70404, 62.273834, 0.0 ], [ 30.639196, 60.795628, 0.0 ], [ 35.026566, 59.226162, 0.0 ], [ 38.436867, 57.71892, 0.0 ], [ 40.53604, 56.421623, 0.0 ]] 
boundary 0: [[ 41.57097, 70.6711, 0.0 ], [ 40.932213, 69.747, 0.0 ], [ 38.75956, 68.57641, 0.0 ], [ 35.265873, 67.27459, 0.0 ], [ 30.792992, 65.96852, 0.0 ], [ 25.778679, 64.78618, 0.0 ], [ 20.714005, 63.843296, 0.0 ], [ 16.094591, 63.232147, 0.0 ], [ 12.37265, 63.012638, 0.0 ], [ 9.912447, 63.206093, 0.0 ], [ 8.954849, 63.79365, 0.0 ], [ 9.593595, 64.71785, 0.0 ], [ 11.766218, 65.88822, 0.0 ], [ 15.259971, 67.190155, 0.0 ], [ 19.732868, 68.49617, 0.0 ], [ 24.747105, 69.678604, 0.0 ], [ 29.811836, 70.621506, 0.0 ], [ 34.431244, 71.23257, 0.0 ], [ 38.153297, 71.45224, 0.0 ], [ 40.613403, 71.25879, 0.0 ]] 
boundary 1: [[ 41.570976, 57.328873, 0.0 ], [ 40.613342, 56.741222, 0.0 ], [ 38.153275, 56.54777, 0.0 ], [ 34.431244, 56.76733, 0.0 ], [ 29.811804, 57.378494, 0.0 ], [ 24.74712, 58.32136, 0.0 ], [ 19.732883, 59.503735, 0.0 ], [ 15.259994, 60.809776, 0.0 ], [ 11.766233, 62.111767, 0.0 ], [ 9.59362, 63.282078, 0.0 ], [ 8.9548435, 64.20629, 0.0 ], [ 9.912422, 64.79397, 0.0 ], [ 12.372616, 64.987404, 0.0 ], [ 16.094591, 64.76785, 0.0 ], [ 20.714008, 64.15674, 0.0 ], [ 25.778732, 63.213825, 0.0 ], [ 30.79299, 62.031425, 0.0 ], [ 35.265858, 60.725376, 0.0 ], [ 38.75968, 59.42341, 0.0 ], [ 40.932213, 58.253124, 0.0 ]] 
boundary 0: [[ 41.695705, 70.049385, 0.0 ], [ 41.038944, 69.137985, 0.0 ], [ 38.843765, 68.010216, 0.0 ], [ 35.325226, 66.777176, 0.0 ], [ 30.827587, 65.55907, 0.0 ], [ 25.79105, 64.47528, 0.0 ], [ 20.708858, 63.631912, 0.0 ], [ 16.07835, 63.11147, 0.0 ], [ 12.3528185, 62.96499, 0.0 ], [ 9.896881, 63.20665, 0.0 ], [ 8.950991, 63.812878, 0.0 ], [ 9.607738, 64.72437, 0.0 ], [ 11.802897, 65.85191, 0.0 ], [ 15.321506, 67.08508, 0.0 ], [ 19.819162, 68.303116, 0.0 ], [ 24.855616, 69.38701, 0.0 ], [ 29.937864, 70.2304, 0.0 ], [ 34.568375, 70.75075, 0.0 ], [ 38.29403, 70.8974, 0.0 ], [ 40.74986, 70.65574, 0.0 ]] 
boundary 1: [[ 41.695713, 57.95059, 0.0 ], [ 40.749798, 57.344273, 0.0 ], [ 38.294006, 57.10262, 0.0 ], [ 34.568375, 57.24914, 0.0 ], [ 29.937832, 57.7696, 0.0 ], [ 24.85563, 58.612957, 0.0 ], [ 19.819181, 59.69677, 0.0 ], [ 15.321533, 60.914852, 0.0 ], [ 11.802913, 62.14808, 0.0 ], [ 9.607765, 63.275543, 0.0 ], [ 8.950986, 64.187065, 0.0 ], [ 9.896856, 64.7934, 0.0 ], [ 12.352784, 65.03504, 0.0 ], [ 16.07835, 64.888535, 0.0 ], [ 20.708862, 64.368126, 0.0 ], [ 25.791103, 63.52471, 0.0 ], [ 30.827587, 62.440876, 0.0 ], [ 35.32521, 61.22279, 0.0 ], [ 38.843887, 59.9896, 0.0 ], [ 41.03894, 58.86214, 0.0 ]] 
boundary 0: [[ 41.629913, 70.38515, 0.0 ], [ 40.98284, 69.46686, 0.0 ], [ 38.799706, 68.31592, 0.0 ], [ 35.294426, 67.0457, 0.0 ], [ 30.809927, 65.78008, 0.0 ], [ 25.785133, 64.64307, 0.0 ], [ 20.712154, 63.745956, 0.0 ], [ 16.08741, 63.176548, 0.0 ], [ 12.363634, 62.990654, 0.0 ], [ 9.905281, 63.206306, 0.0 ], [ 8.953027, 63.80249, 0.0 ], [ 9.600091, 64.720894, 0.0 ], [ 11.783196, 65.8716, 0.0 ], [ 15.288561, 67.14193, 0.0 ], [ 19.773075, 68.40748, 0.0 ], [ 24.797775, 69.54461, 0.0 ], [ 29.870823, 70.441734, 0.0 ], [ 34.495567, 71.01105, 0.0 ], [ 38.219467, 71.19712, 0.0 ], [ 40.677704, 70.98147, 0.0 ]] 
boundary 1: [[ 41.62992, 57.614826, 0.0 ], [ 40.677643, 57.01855, 0.0 ], [ 38.219444, 56.802895, 0.0 ], [ 34.495567, 56.98883, 0.0 ], [ 29.87079, 57.55826, 0.0 ], [ 24.79779, 58.455353, 0.0 ], [ 19.77309, 59.592403, 0.0 ], [ 15.288588, 60.858, 0.0 ], [ 11.783212, 62.1284, 0.0 ], [ 9.600117, 63.279026, 0.0 ], [ 8.95302, 64.19746, 0.0 ], [ 9.905257, 64.79375, 0.0 ], [ 12.363602, 65.009384, 0.0 ], [ 16.08741, 64.823456, 0.0 ], [ 20.712158, 64.25408, 0.0 ], [ 25.785187, 63.356934, 0.0 ], [ 30.809927, 62.219864, 0.0 ], [ 35.29441, 60.954258, 0.0 ], [ 38.799828, 59.6839, 0.0 ], [ 40.982834, 58.53327, 0.0 ]] 
boundary 0: [[ 41.381783, 71.51253, 0.0 ], [ 40.7679, 70.571724, 0.0 ], [ 38.62725, 69.34358, 0.0 ], [ 35.16954, 67.94905, 0.0 ], [ 30.73307, 66.52416, 0.0 ], [ 25.752071, 65.2085, 0.0 ], [ 20.714352, 64.13088, 0.0 ], [ 16.112885, 63.39675, 0.0 ], [ 12.398117, 63.07805, 0.0 ], [ 9.93363, 63.20581, 0.0 ], [ 8.960702, 63.76762, 0.0 ], [ 9.574571, 64.70854, 0.0 ], [ 11.715208, 65.93644, 0.0 ], [ 15.172993, 67.3311, 0.0 ], [ 19.609474, 68.75592, 0.0 ], [ 24.590378, 70.07169, 0.0 ], [ 29.628168, 71.14932, 0.0 ], [ 34.229637, 71.883354, 0.0 ], [ 37.944527, 72.20224, 0.0 ], [ 40.408882, 72.07449, 0.0 ]] 
boundary 1: [[ 41.38179, 56.487442, 0.0 ], [ 40.40882, 55.925537, 0.0 ], [ 37.944504, 55.797764, 0.0 ], [ 34.229637, 56.116516, 0.0 ], [ 29.628136, 56.85067, 0.0 ], [ 24.590393, 57.92828, 0.0 ], [ 19.60949, 59.243965, 0.0 ], [ 15.1730175, 60.66884, 0.0 ], [ 11.715223, 62.063557, 0.0 ], [ 9.574593, 63.291386, 0.0 ], [ 8.960694, 64.23232, 0.0 ], [ 9.933609, 64.79424, 0.0 ], [ 12.398085, 64.92198, 0.0 ], [ 16.112885, 64.603264, 0.0 ], [ 20.714355, 63.869156, 0.0 ], [ 25.752125, 62.79149, 0.0 ], [ 30.733068, 61.475777, 0.0 ], [ 35.169525, 60.050896, 0.0 ], [ 38.627365, 58.656216, 0.0 ], [ 40.7679, 57.4284, 0.0 ]] 
boundary 0: [[ 40.929543, 73.20203, 0.0 ], [ 40.367428, 72.22941, 0.0 ], [ 38.296326, 70.88731, 0.0 ], [ 34.919083, 69.307846, 0.0 ], [ 30.56615, 67.64516, 0.0 ], [ 25.663574, 66.0621, 0.0 ], [ 20.6915, 64.713646, 0.0 ], [ 16.136463, 63.731777, 0.0 ], [ 12.444364, 63.212673, 0.0 ], [ 9.976573, 63.206985, 0.0 ], [ 8.97469, 63.715363, 0.0 ], [ 9.536784, 64.68811, 0.0 ], [ 11.607893, 66.02995, 0.0 ], [ 14.985204, 67.60954, 0.0 ], [ 19.338154, 69.27218, 0.0 ], [ 24.24062, 70.85536, 0.0 ], [ 29.21277, 72.20381, 0.0 ], [ 33.76782, 73.18558, 0.0 ], [ 37.46003, 73.70487, 0.0 ], [ 39.92768, 73.71058, 0.0 ]] 
boundary 1: [[ 40.92955, 54.797935, 0.0 ], [ 39.927624, 54.289463, 0.0 ], [ 37.460007, 54.29512, 0.0 ], [ 33.767803, 54.814285, 0.0 ], [ 29.212736, 55.796177, 0.0 ], [ 24.240631, 57.14462, 0.0 ], [ 19.338158, 58.727707, 0.0 ], [ 14.985228, 60.39039, 0.0 ], [ 11.607908, 61.97004, 0.0 ], [ 9.536799, 63.311817, 0.0 ], [ 8.97468, 64.28455, 0.0 ], [ 9.976555, 64.79306, 0.0 ], [ 12.444332, 64.78736, 0.0 ], [ 16.136463, 64.26824, 0.0 ], [ 20.691504, 63.28639, 0.0 ], [ 25.663628, 61.937893, 0.0 ], [ 30.566143, 60.35477, 0.0 ], [ 34.91906, 58.69209, 0.0 ], [ 38.296417, 57.112473, 0.0 ], [ 40.367435, 55.770706, 0.0 ]] 
boundary 0: [[ 40.227577, 75.30051, 0.0 ], [ 39.73329, 74.29173, 0.0 ], [ 37.75884, 72.811104, 0.0 ], [ 34.497536, 71.00435, 0.0 ], [ 30.268518, 69.04784, 0.0 ], [ 25.485699, 67.13316, 0.0 ], [ 20.6175, 65.44779, 0.0 ], [ 16.140285, 64.15667, 0.0 ], [ 12.492334, 63.386265, 0.0 ], [ 10.030711, 63.2118, 0.0 ], [ 8.996404, 63.65046, 0.0 ], [ 9.490649, 64.65936, 0.0 ], [ 11.46513, 66.13974, 0.0 ], [ 14.72649, 67.946625, 0.0 ], [ 18.955532, 69.9031, 0.0 ], [ 23.738234, 71.81787, 0.0 ], [ 28.606512, 73.50324, 0.0 ], [ 33.08374, 74.794266, 0.0 ], [ 36.731796, 75.56488, 0.0 ], [ 39.193275, 75.73935, 0.0 ]] 
boundary 1: [[ 40.22758, 52.699448, 0.0 ], [ 39.193214, 52.260696, 0.0 ], [ 36.731773, 52.43512, 0.0 ], [ 33.08372, 53.205597, 0.0 ], [ 28.606478, 54.496742, 0.0 ], [ 23.738243, 56.182102, 0.0 ], [ 18.955528, 58.09679, 0.0 ], [ 14.726511, 60.05331, 0.0 ], [ 11.465145, 61.860264, 0.0 ], [ 9.490659, 63.34055, 0.0 ], [ 8.996387, 64.349464, 0.0 ], [ 10.030695, 64.788246, 0.0 ], [ 12.492304, 64.61376, 0.0 ], [ 16.140285, 63.843334, 0.0 ], [ 20.617504, 62.552235, 0.0 ], [ 25.485748, 60.86682, 0.0 ], [ 30.268507, 58.952095, 0.0 ], [ 34.497513, 56.99558, 0.0 ], [ 37.75892, 55.188667, 0.0 ], [ 39.733315, 53.708393, 0.0 ]] 
boundary 0: [[ 39.209137, 77.72481, 0.0 ], [ 38.798462, 76.67919, 0.0 ], [ 36.950844, 75.043015, 0.0 ], [ 33.847137, 72.97723, 0.0 ], [ 29.791096, 70.68354, 0.0 ], [ 25.179672, 68.38655, 0.0 ], [ 20.464521, 66.31119, 0.0 ], [ 16.107029, 64.660515, 0.0 ], [ 12.533745, 63.59623, 0.0 ], [ 10.094437, 63.22232, 0.0 ], [ 9.0279045, 63.57548, 0.0 ], [ 9.438535, 64.62121, 0.0 ], [ 11.286192, 66.257126, 0.0 ], [ 14.389942, 68.32306, 0.0 ], [ 18.446018, 70.61671, 0.0 ], [ 23.057316, 72.91379, 0.0 ], [ 27.772543, 74.98917, 0.0 ], [ 32.130062, 76.63974, 0.0 ], [ 35.703438, 77.70422, 0.0 ], [ 38.1426, 78.07814, 0.0 ]] 
boundary 1: [[ 39.209137, 50.275158, 0.0 ], [ 38.14254, 49.921906, 0.0 ], [ 35.703415, 50.29577, 0.0 ], [ 32.130035, 51.360134, 0.0 ], [ 27.772509, 53.010822, 0.0 ], [ 23.057322, 55.08619, 0.0 ], [ 18.446009, 57.383186, 0.0 ], [ 14.389961, 59.676876, 0.0 ], [ 11.286207, 61.742867, 0.0 ], [ 9.438536, 63.3787, 0.0 ], [ 9.027882, 64.42444, 0.0 ], [ 10.094424, 64.777725, 0.0 ], [ 12.533715, 64.4038, 0.0 ], [ 16.107029, 63.339485, 0.0 ], [ 20.464527, 61.688843, 0.0 ], [ 25.179722, 59.613426, 0.0 ], [ 29.791077, 57.316383, 0.0 ], [ 33.847107, 55.022697, 0.0 ], [ 36.950912, 52.95675, 0.0 ], [ 38.798496, 51.320927, 0.0 ]] 
boundary 0: [[ 37.949226, 80.141655, 0.0 ], [ 37.628067, 79.06516, 0.0 ], [ 35.924816, 77.2792, 0.0 ], [ 33.00611, 74.95937, 0.0 ], [ 29.15766, 72.332214, 0.0 ], [ 24.75607, 69.65502, 0.0 ], [ 20.232458, 67.18992, 0.0 ], [ 16.029472, 65.178116, 0.0 ], [ 12.558513, 63.816673, 0.0 ], [ 10.159362, 63.23865, 0.0 ], [ 9.0668745, 63.500732, 0.0 ], [ 9.387976, 64.577324, 0.0 ], [ 11.0912895, 66.36305, 0.0 ], [ 14.010022, 68.68302, 0.0 ], [ 17.858513, 71.31014, 0.0 ], [ 22.259972, 73.98742, 0.0 ], [ 26.783655, 76.452545, 0.0 ], [ 30.986683, 78.46425, 0.0 ], [ 34.457714, 79.8259, 0.0 ], [ 36.85672, 80.403915, 0.0 ]] 
boundary 1: [[ 37.949226, 47.858307, 0.0 ], [ 36.856667, 47.59614, 0.0 ], [ 34.45769, 48.174095, 0.0 ], [ 30.986645, 49.535633, 0.0 ], [ 26.78362, 51.547447, 0.0 ], [ 22.259975, 54.012554, 0.0 ], [ 17.858498, 56.68976, 0.0 ], [ 14.010035, 59.316895, 0.0 ], [ 11.091305, 61.636948, 0.0 ], [ 9.387967, 63.42258, 0.0 ], [ 9.066846, 64.49918, 0.0 ], [ 10.159352, 64.76139, 0.0 ], [ 12.558486, 64.183365, 0.0 ], [ 16.029469, 62.821877, 0.0 ], [ 20.232466, 60.81012, 0.0 ], [ 24.756119, 58.344963, 0.0 ], [ 29.157637, 55.66771, 0.0 ], [ 33.006073, 53.040565, 0.0 ], [ 35.924866, 50.720554, 0.0 ], [ 37.628113, 48.934944, 0.0 ]] 
boundary 0: [[ 36.452072, 82.498634, 0.0 ], [ 36.224983, 81.39845, 0.0 ], [ 34.68219, 79.47218, 0.0 ], [ 31.97452, 76.909195, 0.0 ], [ 28.36708, 73.95979, 0.0 ], [ 24.21289, 70.91281, 0.0 ], [ 19.918827, 68.06662, 0.0 ], [ 15.905094, 65.69969, 0.0 ], [ 12.564542, 64.04385, 0.0 ], [ 10.224206, 63.260998, 0.0 ], [ 9.113182, 63.427837, 0.0 ], [ 9.340199, 64.528114, 0.0 ], [ 10.883089, 66.45415, 0.0 ], [ 13.5907755, 69.01729, 0.0 ], [ 17.19825, 71.96665, 0.0 ], [ 21.352306, 75.0137, 0.0 ], [ 25.646431, 77.85993, 0.0 ], [ 29.660215, 80.22675, 0.0 ], [ 33.000824, 81.88282, 0.0 ], [ 35.341015, 82.66565, 0.0 ]] 
boundary 1: [[ 36.452072, 45.50133, 0.0 ], [ 35.34096, 45.334404, 0.0 ], [ 33.0008, 46.117176, 0.0 ], [ 29.660172, 47.773117, 0.0 ], [ 25.646397, 50.140068, 0.0 ], [ 21.35231, 52.986267, 0.0 ], [ 17.198223, 56.03325, 0.0 ], [ 13.590781, 58.98262, 0.0 ], [ 10.883105, 61.54586, 0.0 ], [ 9.340181, 63.471786, 0.0 ], [ 9.113147, 64.5721, 0.0 ], [ 10.2242, 64.73906, 0.0 ], [ 12.564515, 63.956184, 0.0 ], [ 15.90509, 62.3003, 0.0 ], [ 19.918846, 59.933422, 0.0 ], [ 24.21294, 57.087154, 0.0 ], [ 28.367054, 54.04013, 0.0 ], [ 31.974474, 51.09075, 0.0 ], [ 34.682213, 48.52756, 0.0 ], [ 36.225048, 46.60166, 0.0 ]] 
boundary 0: [[ 34.875103, 84.5755, 0.0 ], [ 34.737408, 83.4606, 0.0 ], [ 33.35486, 81.41626, 0.0 ], [ 30.862545, 78.64341, 0.0 ], [ 27.504515, 75.4129, 0.0 ], [ 23.609379, 72.04106, 0.0 ], [ 19.558638, 68.85808, 0.0 ], [ 15.7487, 66.17541, 0.0 ], [ 12.55245, 64.255745, 0.0 ], [ 10.282812, 63.286842, 0.0 ], [ 9.161958, 63.36361, 0.0 ], [ 9.29957, 64.4786, 0.0 ], [ 10.68223, 66.522705, 0.0 ], [ 13.174557, 69.2957, 0.0 ], [ 16.532627, 72.526184, 0.0 ], [ 20.427622, 75.89809, 0.0 ], [ 24.478416, 79.0811, 0.0 ], [ 28.288418, 81.76368, 0.0 ], [ 31.484705, 83.68358, 0.0 ], [ 33.754204, 84.65242, 0.0 ]] 
boundary 1: [[ 34.875103, 43.424465, 0.0 ], [ 33.75415, 43.347626, 0.0 ], [ 31.484682, 44.316433, 0.0 ], [ 28.288359, 46.2362, 0.0 ], [ 24.478382, 48.9189, 0.0 ], [ 20.427626, 52.101883, 0.0 ], [ 16.532593, 55.473713, 0.0 ], [ 13.174559, 58.704205, 0.0 ], [ 10.682246, 61.4773, 0.0 ], [ 9.299544, 63.52131, 0.0 ], [ 9.161917, 64.63634, 0.0 ], [ 10.282812, 64.71322, 0.0 ], [ 12.552427, 63.744286, 0.0 ], [ 15.748696, 61.824593, 0.0 ], [ 19.558662, 59.141964, 0.0 ], [ 23.609425, 55.958908, 0.0 ], [ 27.504478, 52.587036, 0.0 ], [ 30.86249, 49.356537, 0.0 ], [ 33.35487, 46.58348, 0.0 ], [ 34.737484, 44.539516, 0.0 ]] 
boundary 0: [[ 33.329224, 86.3176, 0.0 ], [ 33.272156, 85.19567, 0.0 ], [ 32.04035, 83.05711, 0.0 ], [ 29.754116, 80.11205, 0.0 ], [ 26.637346, 76.64818, 0.0 ], [ 22.995049, 73.004684, 0.0 ], [ 19.18395, 69.53835, 0.0 ], [ 15.577011, 66.588394, 0.0 ], [ 12.527245, 64.44363, 0.0 ], [ 10.333243, 63.313854, 0.0 ], [ 9.209771, 63.30973, 0.0 ], [ 9.266761, 64.43173, 0.0 ], [ 10.498687, 66.57005, 0.0 ], [ 12.784928, 69.51528, 0.0 ], [ 15.901735, 72.979126, 0.0 ], [ 19.543892, 76.62266, 0.0 ], [ 23.355045, 80.08902, 0.0 ], [ 26.962048, 83.03893, 0.0 ], [ 30.011837, 85.18392, 0.0 ], [ 32.2057, 86.31363, 0.0 ]] 
boundary 1: [[ 33.329224, 41.682377, 0.0 ], [ 32.205658, 41.686428, 0.0 ], [ 30.011814, 42.816086, 0.0 ], [ 26.961979, 44.960953, 0.0 ], [ 23.355011, 47.91098, 0.0 ], [ 19.543896, 51.377304, 0.0 ], [ 15.901691, 55.02077, 0.0 ], [ 12.784923, 58.48462, 0.0 ], [ 10.498703, 61.429924, 0.0 ], [ 9.26673, 63.568176, 0.0 ], [ 9.209725, 64.69022, 0.0 ], [ 10.333247, 64.686226, 0.0 ], [ 12.527225, 63.55641, 0.0 ], [ 15.577007, 61.41161, 0.0 ], [ 19.183977, 58.46167, 0.0 ], [ 22.995092, 54.99527, 0.0 ], [ 26.637308, 51.351765, 0.0 ], [ 29.754057, 47.88791, 0.0 ], [ 32.04034, 44.942627, 0.0 ], [ 33.272232, 42.804443, 0.0 ]] 
boundary 0: [[ 31.949268, 87.67997, 0.0 ], [ 31.959562, 86.556656, 0.0 ], [ 30.858175, 84.34809, 0.0 ], [ 28.7526, 81.27127, 0.0 ], [ 25.849087, 77.626785, 0.0 ], [ 22.431751, 73.77151, 0.0 ], [ 18.83531, 70.08294, 0.0 ], [ 15.411696, 66.922066, 0.0 ], [ 12.495985, 64.59833, 0.0 ], [ 10.373657, 63.33906, 0.0 ], [ 9.252453, 63.267593, 0.0 ], [ 9.242081, 64.39097, 0.0 ], [ 10.343603, 66.59932, 0.0 ], [ 12.449175, 69.67631, 0.0 ], [ 15.352728, 73.32076, 0.0 ], [ 18.769913, 77.17609, 0.0 ], [ 22.36642, 80.864685, 0.0 ], [ 25.790094, 84.0255, 0.0 ], [ 28.705818, 86.34947, 0.0 ], [ 30.82801, 87.60867, 0.0 ]] 
boundary 1: [[ 31.949268, 40.32, 0.0 ], [ 30.82797, 40.391396, 0.0 ], [ 28.705797, 41.650536, 0.0 ], [ 25.79002, 43.974377, 0.0 ], [ 22.366386, 47.135323, 0.0 ], [ 18.769917, 50.823875, 0.0 ], [ 15.352678, 54.679134, 0.0 ], [ 12.449163, 58.323593, 0.0 ], [ 10.3436165, 61.40065, 0.0 ], [ 9.242042, 63.608902, 0.0 ], [ 9.252402, 64.73235, 0.0 ], [ 10.373665, 64.661026, 0.0 ], [ 12.495969, 63.40171, 0.0 ], [ 15.411693, 61.07794, 0.0 ], [ 18.83534, 57.917084, 0.0 ], [ 22.431797, 54.22845, 0.0 ], [ 25.849045, 50.37316, 0.0 ], [ 28.752539, 46.7287, 0.0 ], [ 30.858147, 43.65165, 0.0 ], [ 31.959642, 41.44346, 0.0 ]] 
boundary 0: [[ 30.765305, 88.72794, 0.0 ], [ 30.830503, 87.60646, 0.0 ], [ 29.838408, 85.346695, 0.0 ], [ 27.885761, 82.17062, 0.0 ], [ 25.163887, 78.38856, 0.0 ], [ 21.93911, 74.370834, 0.0 ], [ 18.527294, 70.510864, 0.0 ], [ 15.262297, 67.18639, 0.0 ], [ 12.463672, 64.72289, 0.0 ], [ 10.405442, 63.361378, 0.0 ], [ 9.289073, 63.235184, 0.0 ], [ 9.223795, 64.356705, 0.0 ], [ 10.216041, 66.61627, 0.0 ], [ 12.1686735, 69.79252, 0.0 ], [ 14.890589, 73.574554, 0.0 ], [ 18.115215, 77.592316, 0.0 ], [ 21.527096, 81.45233, 0.0 ], [ 24.792156, 84.77673, 0.0 ], [ 27.59078, 87.24046, 0.0 ], [ 29.648878, 88.6019, 0.0 ]] 
boundary 1: [[ 30.765303, 39.272026, 0.0 ], [ 29.64884, 39.398163, 0.0 ], [ 27.59076, 40.759552, 0.0 ], [ 24.792072, 43.223152, 0.0 ], [ 21.527061, 46.547684, 0.0 ], [ 18.115215, 50.40764, 0.0 ], [ 14.8905325, 54.425346, 0.0 ], [ 12.1686535, 58.20739, 0.0 ], [ 10.216053, 61.3837, 0.0 ], [ 9.223749, 63.64316, 0.0 ], [ 9.289019, 64.76476, 0.0 ], [ 10.405455, 64.6387, 0.0 ], [ 12.463655, 63.277145, 0.0 ], [ 15.262293, 60.813618, 0.0 ], [ 18.527325, 57.48917, 0.0 ], [ 21.939156, 53.62913, 0.0 ], [ 25.163843, 49.611393, 0.0 ], [ 27.8857, 45.829353, 0.0 ], [ 29.838364, 42.653038, 0.0 ], [ 30.83059, 40.393646, 0.0 ]] 
