boundary 0: [[ 30.912582, 88.60315, 0.0 ], [ 30.971199, 87.48118, 0.0 ], [ 29.965479, 85.227615, 0.0 ], [ 27.9939, 82.063065, 0.0 ], [ 25.24945, 78.297325, 0.0 ], [ 22.00085, 74.29898, 0.0 ], [ 18.566013, 70.45937, 0.0 ], [ 15.281203, 67.15451, 0.0 ], [ 12.467936, 64.70769, 0.0 ], [ 10.401617, 63.358513, 0.0 ], [ 9.284495, 63.239082, 0.0 ], [ 9.225929, 64.36103, 0.0 ], [ 10.231643, 66.614586, 0.0 ], [ 12.203199, 69.77913, 0.0 ], [ 14.947659, 73.54486, 0.0 ], [ 18.196222, 77.54327, 0.0 ], [ 21.6311, 81.38275, 0.0 ], [ 24.91589, 84.68773, 0.0 ], [ 27.729153, 87.13452, 0.0 ], [ 29.79549, 88.483635, 0.0 ]] 
boundary 1: [[ 30.912596, 39.39689, 0.0 ], [ 29.79548, 39.516304, 0.0 ], [ 27.72916, 40.865475, 0.0 ], [ 24.91589, 43.312313, 0.0 ], [ 21.631092, 46.617214, 0.0 ], [ 18.196257, 50.456802, 0.0 ], [ 14.947636, 54.455147, 0.0 ], [ 12.203207, 58.220875, 0.0 ], [ 10.231641, 61.385418, 0.0 ], [ 9.225927, 63.63896, 0.0 ], [ 9.284476, 64.7609, 0.0 ], [ 10.40162, 64.64152, 0.0 ], [ 12.467936, 63.29229, 0.0 ], [ 15.281196, 60.845497, 0.0 ], [ 18.566023, 57.54056, 0.0 ], [ 22.000843, 53.701015, 0.0 ], [ 25.249462, 49.702675, 0.0 ], [ 27.993895, 45.936905, 0.0 ], [ 29.965477, 42.77238, 0.0 ], [ 30.971218, 40.518845, 0.0 ]] 
boundary 0: [[ 32.4411, 87.21303, 0.0 ], [ 32.427933, 86.0896, 0.0 ], [ 31.280338, 83.90488, 0.0 ], [ 29.110668, 80.87271, 0.0 ], [ 26.13132, 77.28993, 0.0 ], [ 22.633987, 73.50723, 0.0 ], [ 18.96093, 69.89484, 0.0 ], [ 15.471756, 66.80652, 0.0 ], [ 12.507961, 64.54438, 0.0 ], [ 10.359691, 63.32991, 0.0 ], [ 9.237222, 63.282078, 0.0 ], [ 9.250432, 64.40548, 0.0 ], [ 10.398021, 66.590195, 0.0 ], [ 12.567663, 69.62236, 0.0 ], [ 15.5470295, 73.205124, 0.0 ], [ 19.044327, 76.98789, 0.0 ], [ 22.717413, 80.60016, 0.0 ], [ 26.206575, 83.6886, 0.0 ], [ 29.170368, 85.95072, 0.0 ], [ 31.318647, 87.1651, 0.0 ]] 
boundary 1: [[ 32.44111, 40.787014, 0.0 ], [ 31.318644, 40.83484, 0.0 ], [ 29.170376, 42.04928, 0.0 ], [ 26.206573, 44.311447, 0.0 ], [ 22.717405, 47.39981, 0.0 ], [ 19.044357, 51.012184, 0.0 ], [ 15.547005, 54.794884, 0.0 ], [ 12.567671, 58.37765, 0.0 ], [ 10.398019, 61.409813, 0.0 ], [ 9.250431, 63.594517, 0.0 ], [ 9.237203, 64.71791, 0.0 ], [ 10.359691, 64.670135, 0.0 ], [ 12.507963, 63.455612, 0.0 ], [ 15.471746, 61.19349, 0.0 ], [ 18.960947, 58.1051, 0.0 ], [ 22.63398, 54.49276, 0.0 ], [ 26.131332, 50.710068, 0.0 ], [ 29.110662, 47.127266, 0.0 ], [ 31.280336, 44.09511, 0.0 ], [ 32.42795, 41.910423, 0.0 ]] 
boundary 0: [[ 34.797123, 84.6697, 0.0 ], [ 34.663742, 83.55414, 0.0 ], [ 33.288834, 81.50484, 0.0 ], [ 30.806982, 78.72241, 0.0 ], [ 27.461157, 75.479225, 0.0 ], [ 23.57891, 72.09273, 0.0 ], [ 19.540192, 68.89436, 0.0 ], [ 15.740415, 66.197395, 0.0 ], [ 12.551448, 64.26559, 0.0 ], [ 10.285493, 63.28811, 0.0 ], [ 9.164357, 63.360737, 0.0 ], [ 9.297771, 64.47626, 0.0 ], [ 10.672682, 66.52554, 0.0 ], [ 13.154504, 69.30798, 0.0 ], [ 16.500347, 72.55115, 0.0 ], [ 20.38256, 75.93773, 0.0 ], [ 24.421295, 79.135956, 0.0 ], [ 28.221079, 81.83307, 0.0 ], [ 31.41004, 83.76484, 0.0 ], [ 33.67599, 84.742226, 0.0 ]] 
boundary 1: [[ 34.797123, 43.330338, 0.0 ], [ 33.676003, 43.257713, 0.0 ], [ 31.41005, 44.235153, 0.0 ], [ 28.221067, 46.16699, 0.0 ], [ 24.42129, 48.864014, 0.0 ], [ 20.38258, 52.062355, 0.0 ], [ 16.500324, 55.448853, 0.0 ], [ 13.15451, 58.692024, 0.0 ], [ 10.67268, 61.474453, 0.0 ], [ 9.297771, 63.523727, 0.0 ], [ 9.164339, 64.63924, 0.0 ], [ 10.285489, 64.71193, 0.0 ], [ 12.55145, 63.734406, 0.0 ], [ 15.740404, 61.80262, 0.0 ], [ 19.540213, 59.10556, 0.0 ], [ 23.578903, 55.90726, 0.0 ], [ 27.461168, 52.520767, 0.0 ], [ 30.806978, 49.277557, 0.0 ], [ 33.288834, 46.49514, 0.0 ], [ 34.663765, 44.44589, 0.0 ]] 
boundary 0: [[ 37.475365, 80.93758, 0.0 ], [ 37.18524, 79.852165, 0.0 ], [ 35.533783, 78.01839, 0.0 ], [ 32.68268, 75.61575, 0.0 ], [ 28.91101, 72.87945, 0.0 ], [ 24.588036, 70.077286, 0.0 ], [ 20.136833, 67.483536, 0.0 ], [ 15.993206, 65.35227, 0.0 ], [ 12.562663, 63.89189, 0.0 ], [ 10.181054, 63.24539, 0.0 ], [ 9.081526, 63.476166, 0.0 ], [ 9.371677, 64.56152, 0.0 ], [ 11.023122, 66.39527, 0.0 ], [ 13.874206, 68.79793, 0.0 ], [ 17.645882, 71.5342, 0.0 ], [ 21.968838, 74.33644, 0.0 ], [ 26.42004, 76.93007, 0.0 ], [ 30.56369, 79.06148, 0.0 ], [ 33.994225, 80.52182, 0.0 ], [ 36.37581, 81.168236, 0.0 ]] 
boundary 1: [[ 37.47535, 47.06247, 0.0 ], [ 36.37583, 46.831703, 0.0 ], [ 33.99424, 47.478172, 0.0 ], [ 30.563673, 48.938583, 0.0 ], [ 26.420044, 51.069912, 0.0 ], [ 21.968842, 53.66364, 0.0 ], [ 17.645859, 56.465782, 0.0 ], [ 13.874209, 59.202084, 0.0 ], [ 11.023123, 61.604717, 0.0 ], [ 9.371679, 63.43846, 0.0 ], [ 9.0815115, 64.52382, 0.0 ], [ 10.181046, 64.754654, 0.0 ], [ 12.562666, 64.10811, 0.0 ], [ 15.9931965, 62.647736, 0.0 ], [ 20.136864, 60.51638, 0.0 ], [ 24.588028, 57.922695, 0.0 ], [ 28.911024, 55.12055, 0.0 ], [ 32.68268, 52.38422, 0.0 ], [ 35.53379, 49.98159, 0.0 ], [ 37.185257, 48.147873, 0.0 ]] 
boundary 0: [[ 39.608803, 76.83786, 0.0 ], [ 39.1669, 75.80492, 0.0 ], [ 37.270874, 74.22531, 0.0 ], [ 34.106346, 72.25371, 0.0 ], [ 29.98309, 70.083084, 0.0 ], [ 25.304771, 67.92588, 0.0 ], [ 20.52925, 65.99323, 0.0 ], [ 16.124096, 64.47449, 0.0 ], [ 12.520389, 63.518127, 0.0 ], [ 10.070939, 63.21778, 0.0 ], [ 9.015545, 63.602962, 0.0 ], [ 9.457472, 64.635864, 0.0 ], [ 11.353483, 66.21543, 0.0 ], [ 14.517992, 68.187065, 0.0 ], [ 18.641249, 70.35767, 0.0 ], [ 23.319557, 72.51494, 0.0 ], [ 28.095068, 74.447464, 0.0 ], [ 32.50026, 75.96633, 0.0 ], [ 36.10395, 76.92267, 0.0 ], [ 38.553375, 77.222946, 0.0 ]] 
boundary 1: [[ 39.608788, 51.162178, 0.0 ], [ 38.553406, 50.777016, 0.0 ], [ 36.103966, 51.077324, 0.0 ], [ 32.500237, 52.03372, 0.0 ], [ 28.095076, 53.552517, 0.0 ], [ 23.31955, 55.485134, 0.0 ], [ 18.64123, 57.64233, 0.0 ], [ 14.517994, 59.812946, 0.0 ], [ 11.353487, 61.784554, 0.0 ], [ 9.457477, 63.36412, 0.0 ], [ 9.015531, 64.39703, 0.0 ], [ 10.070925, 64.78225, 0.0 ], [ 12.520393, 64.48186, 0.0 ], [ 16.124088, 63.52551, 0.0 ], [ 20.529293, 62.00669, 0.0 ], [ 25.30477, 60.0741, 0.0 ], [ 29.983105, 57.91691, 0.0 ], [ 34.106346, 55.746265, 0.0 ], [ 37.27088, 53.774666, 0.0 ], [ 39.16691, 52.19513, 0.0 ]] 
boundary 0: [[ 40.93399, 73.1871, 0.0 ], [ 40.371433, 72.21461, 0.0 ], [ 38.299686, 70.87372, 0.0 ], [ 34.921585, 69.29579, 0.0 ], [ 30.567814, 67.63519, 0.0 ], [ 25.6646, 66.05449, 0.0 ], [ 20.691803, 64.70839, 0.0 ], [ 16.136326, 63.728783, 0.0 ], [ 12.443949, 63.21141, 0.0 ], [ 9.976155, 63.206924, 0.0 ], [ 8.974561, 63.715866, 0.0 ], [ 9.5371475, 64.68833, 0.0 ], [ 11.608872, 66.02916, 0.0 ], [ 14.986954, 67.60715, 0.0 ], [ 19.340721, 69.2677, 0.0 ], [ 24.243942, 70.84848, 0.0 ], [ 29.216715, 72.19445, 0.0 ], [ 33.77224, 73.17419, 0.0 ], [ 37.4646, 73.69153, 0.0 ], [ 39.932358, 73.69597, 0.0 ]] 
boundary 1: [[ 40.93397, 54.81294, 0.0 ], [ 39.932396, 54.304005, 0.0 ], [ 37.464615, 54.308456, 0.0 ], [ 33.772217, 54.82586, 0.0 ], [ 29.216726, 55.805515, 0.0 ], [ 24.243923, 57.151592, 0.0 ], [ 19.340706, 58.73229, 0.0 ], [ 14.986956, 60.392864, 0.0 ], [ 11.608877, 61.970818, 0.0 ], [ 9.537152, 63.31165, 0.0 ], [ 8.974547, 64.28413, 0.0 ], [ 9.97614, 64.7931, 0.0 ], [ 12.443954, 64.788574, 0.0 ], [ 16.136318, 64.27122, 0.0 ], [ 20.691856, 63.291546, 0.0 ], [ 25.664597, 61.94549, 0.0 ], [ 30.567831, 60.364796, 0.0 ], [ 34.92159, 58.7042, 0.0 ], [ 38.299698, 57.126255, 0.0 ], [ 40.37143, 55.785454, 0.0 ]] 
boundary 0: [[ 41.47222, 71.12337, 0.0 ], [ 40.84678, 70.19006, 0.0 ], [ 38.69113, 68.98869, 0.0 ], [ 35.216354, 67.63688, 0.0 ], [ 30.76258, 66.26694, 0.0 ], [ 25.765825, 65.01291, 0.0 ], [ 20.715107, 63.997578, 0.0 ], [ 16.104954, 63.320435, 0.0 ], [ 12.386498, 63.047607, 0.0 ], [ 9.923778, 63.205826, 0.0 ], [ 8.957916, 63.77969, 0.0 ], [ 9.583388, 64.71295, 0.0 ], [ 11.739, 65.914276, 0.0 ], [ 15.213765, 67.266136, 0.0 ], [ 19.667536, 68.63605, 0.0 ], [ 24.664305, 69.890144, 0.0 ], [ 29.714989, 70.90535, 0.0 ], [ 34.325195, 71.58262, 0.0 ], [ 38.043633, 71.85542, 0.0 ], [ 40.506317, 71.69716, 0.0 ]] 
boundary 1: [[ 41.4722, 56.876675, 0.0 ], [ 40.506355, 56.302822, 0.0 ], [ 38.043648, 56.144566, 0.0 ], [ 34.325172, 56.417423, 0.0 ], [ 29.715004, 57.094624, 0.0 ], [ 24.664278, 58.10993, 0.0 ], [ 19.66752, 59.363937, 0.0 ], [ 15.213766, 60.73388, 0.0 ], [ 11.739008, 62.085693, 0.0 ], [ 9.583395, 63.287033, 0.0 ], [ 8.957903, 64.22029, 0.0 ], [ 9.923761, 64.7942, 0.0 ], [ 12.386505, 64.95237, 0.0 ], [ 16.104946, 64.67956, 0.0 ], [ 20.715164, 64.00236, 0.0 ], [ 25.765821, 62.98706, 0.0 ], [ 30.762598, 61.733067, 0.0 ], [ 35.216354, 60.363102, 0.0 ], [ 38.691147, 59.01129, 0.0 ], [ 40.846756, 57.809994, 0.0 ]] 
boundary 0: [[ 41.555138, 70.7457, 0.0 ], [ 40.918602, 69.81994, 0.0 ], [ 38.74872, 68.644424, 0.0 ], [ 35.25803, 67.33425, 0.0 ], [ 30.788195, 66.017685, 0.0 ], [ 25.776798, 64.82351, 0.0 ], [ 20.714298, 63.868637, 0.0 ], [ 16.096386, 63.246677, 0.0 ], [ 12.374933, 63.018337, 0.0 ], [ 9.91428, 63.205994, 0.0 ], [ 8.955352, 63.79137, 0.0 ], [ 9.591939, 64.71709, 0.0 ], [ 11.76176, 65.89255, 0.0 ], [ 15.252446, 67.20276, 0.0 ], [ 19.722275, 68.51931, 0.0 ], [ 24.733688, 69.713554, 0.0 ], [ 29.796156, 70.66829, 0.0 ], [ 34.41411, 71.29037, 0.0 ], [ 38.135548, 71.51869, 0.0 ], [ 40.596176, 71.33099, 0.0 ]] 
boundary 1: [[ 41.555115, 57.254353, 0.0 ], [ 40.596214, 56.668983, 0.0 ], [ 38.135563, 56.48129, 0.0 ], [ 34.414085, 56.709663, 0.0 ], [ 29.796171, 57.33168, 0.0 ], [ 24.733658, 58.28651, 0.0 ], [ 19.72226, 59.480675, 0.0 ], [ 15.252446, 60.79726, 0.0 ], [ 11.761773, 62.107426, 0.0 ], [ 9.591947, 63.282898, 0.0 ], [ 8.955339, 64.20861, 0.0 ], [ 9.914264, 64.79403, 0.0 ], [ 12.374939, 64.981636, 0.0 ], [ 16.096378, 64.75331, 0.0 ], [ 20.714355, 64.13127, 0.0 ], [ 25.776794, 63.176468, 0.0 ], [ 30.788212, 61.982323, 0.0 ], [ 35.25803, 60.665714, 0.0 ], [ 38.748734, 59.355556, 0.0 ], [ 40.91857, 58.180126, 0.0 ]] 
boundary 0: [[ 41.451096, 71.216255, 0.0 ], [ 40.82842, 70.2811, 0.0 ], [ 38.676292, 69.07338, 0.0 ], [ 35.20553, 67.711334, 0.0 ], [ 30.755802, 66.32829, 0.0 ], [ 25.76277, 65.059555, 0.0 ], [ 20.715057, 64.02934, 0.0 ], [ 16.106932, 63.33862, 0.0 ], [ 12.389294, 63.054836, 0.0 ], [ 9.926117, 63.2058, 0.0 ], [ 8.958569, 63.77682, 0.0 ], [ 9.581288, 64.71192, 0.0 ], [ 11.73335, 65.91959, 0.0 ], [ 15.204119, 67.28169, 0.0 ], [ 19.653835, 68.6647, 0.0 ], [ 24.64689, 69.93352, 0.0 ], [ 29.694565, 70.96359, 0.0 ], [ 34.302753, 71.654434, 0.0 ], [ 38.020363, 71.938194, 0.0 ], [ 40.483498, 71.78719, 0.0 ]] 
boundary 1: [[ 41.451073, 56.78379, 0.0 ], [ 40.483536, 56.21278, 0.0 ], [ 38.02038, 56.061783, 0.0 ], [ 34.30273, 56.345596, 0.0 ], [ 29.69458, 57.03637, 0.0 ], [ 24.646862, 58.06655, 0.0 ], [ 19.65382, 59.335278, 0.0 ], [ 15.204121, 60.71834, 0.0 ], [ 11.733363, 62.080383, 0.0 ], [ 9.581296, 63.288067, 0.0 ], [ 8.958556, 64.22315, 0.0 ], [ 9.926101, 64.79423, 0.0 ], [ 12.389299, 64.94513, 0.0 ], [ 16.106924, 64.66137, 0.0 ], [ 20.715115, 63.970566, 0.0 ], [ 25.762764, 62.940422, 0.0 ], [ 30.75582, 61.671715, 0.0 ], [ 35.20553, 60.288628, 0.0 ], [ 38.676308, 58.926598, 0.0 ], [ 40.82839, 57.718964, 0.0 ]] 
boundary 0: [[ 41.06833, 72.720985, 0.0 ], [ 40.491257, 71.75701, 0.0 ], [ 38.399597, 70.44738, 0.0 ], [ 34.998215, 68.92029, 0.0 ], [ 30.620018, 67.32523, 0.0 ], [ 25.69365, 65.818245, 0.0 ], [ 20.701216, 64.5469, 0.0 ], [ 16.131565, 63.635754, 0.0 ], [ 12.431837, 63.173832, 0.0 ], [ 9.9642515, 63.206367, 0.0 ], [ 8.970406, 63.73028, 0.0 ], [ 9.54752, 64.69419, 0.0 ], [ 11.639122, 66.00381, 0.0 ], [ 15.040499, 67.530945, 0.0 ], [ 19.418688, 69.12596, 0.0 ], [ 24.345076, 70.63303, 0.0 ], [ 29.337479, 71.904236, 0.0 ], [ 33.907192, 72.815506, 0.0 ], [ 37.60689, 73.27741, 0.0 ], [ 40.074432, 73.24481, 0.0 ]] 
boundary 1: [[ 41.068306, 55.279053, 0.0 ], [ 40.07447, 54.75515, 0.0 ], [ 37.606907, 54.722576, 0.0 ], [ 33.90717, 55.184536, 0.0 ], [ 29.337494, 56.095726, 0.0 ], [ 24.345049, 57.367046, 0.0 ], [ 19.418673, 58.874012, 0.0 ], [ 15.040503, 60.469097, 0.0 ], [ 11.639135, 61.99618, 0.0 ], [ 9.547524, 63.30579, 0.0 ], [ 8.970393, 64.269684, 0.0 ], [ 9.964235, 64.793655, 0.0 ], [ 12.431841, 64.82615, 0.0 ], [ 16.131554, 64.36423, 0.0 ], [ 20.70127, 63.453, 0.0 ], [ 25.693645, 62.181732, 0.0 ], [ 30.620035, 60.67479, 0.0 ], [ 34.998215, 59.079678, 0.0 ], [ 38.399612, 57.552597, 0.0 ], [ 40.491226, 56.24304, 0.0 ]] 
boundary 0: [[ 40.617386, 74.19475, 0.0 ], [ 40.086906, 73.20437, 0.0 ], [ 38.060028, 71.796555, 0.0 ], [ 34.735275, 70.109116, 0.0 ], [ 30.438063, 68.307236, 0.0 ], [ 25.589108, 66.567184, 0.0 ], [ 20.662926, 65.0594, 0.0 ], [ 16.141886, 63.931534, 0.0 ], [ 12.46837, 63.293827, 0.0 ], [ 10.002036, 63.20874, 0.0 ], [ 8.984353, 63.6847, 0.0 ], [ 9.514879, 64.675026, 0.0 ], [ 11.541697, 66.082825, 0.0 ], [ 14.866436, 67.7703, 0.0 ], [ 19.163647, 69.57214, 0.0 ], [ 24.012623, 71.31227, 0.0 ], [ 28.938772, 72.81993, 0.0 ], [ 33.459877, 73.94791, 0.0 ], [ 37.13336, 74.5856, 0.0 ], [ 39.599648, 74.670616, 0.0 ]] 
boundary 1: [[ 40.617363, 53.805283, 0.0 ], [ 39.599686, 53.329338, 0.0 ], [ 37.133377, 53.41439, 0.0 ], [ 33.459854, 54.052128, 0.0 ], [ 28.938784, 55.18004, 0.0 ], [ 24.012598, 56.68782, 0.0 ], [ 19.163631, 58.427834, 0.0 ], [ 14.866444, 60.229736, 0.0 ], [ 11.541709, 61.91717, 0.0 ], [ 9.514881, 63.324963, 0.0 ], [ 8.984338, 64.31527, 0.0 ], [ 10.002022, 64.7913, 0.0 ], [ 12.468373, 64.70614, 0.0 ], [ 16.141872, 64.06844, 0.0 ], [ 20.662968, 62.9405, 0.0 ], [ 25.589104, 61.43277, 0.0 ], [ 30.43808, 59.692787, 0.0 ], [ 34.735275, 57.890846, 0.0 ], [ 38.060036, 56.20342, 0.0 ], [ 40.086876, 54.795677, 0.0 ]] 
boundary 0: [[ 39.769882, 76.45892, 0.0 ], [ 39.31488, 75.431656, 0.0 ], [ 37.398872, 73.87635, 0.0 ], [ 34.20948, 71.94519, 0.0 ], [ 30.058918, 69.82727, 0.0 ], [ 25.353527, 67.72978, 0.0 ], [ 20.553776, 65.85814, 0.0 ], [ 16.129648, 64.39562, 0.0 ], [ 12.514047, 63.485218, 0.0 ], [ 10.060966, 63.216087, 0.0 ], [ 9.010564, 63.614674, 0.0 ], [ 9.465612, 64.64187, 0.0 ], [ 11.381576, 66.19717, 0.0 ], [ 14.570936, 68.128365, 0.0 ], [ 18.721504, 70.24625, 0.0 ], [ 23.426912, 72.3438, 0.0 ], [ 28.226639, 74.21534, 0.0 ], [ 32.650826, 75.67796, 0.0 ], [ 36.266396, 76.58836, 0.0 ], [ 38.71943, 76.857414, 0.0 ]] 
boundary 1: [[ 39.76986, 51.541122, 0.0 ], [ 38.719467, 51.142548, 0.0 ], [ 36.26641, 51.41164, 0.0 ], [ 32.650806, 52.32207, 0.0 ], [ 28.226648, 53.784637, 0.0 ], [ 23.42689, 55.656277, 0.0 ], [ 18.721489, 57.753735, 0.0 ], [ 14.570946, 59.871685, 0.0 ], [ 11.381588, 61.802814, 0.0 ], [ 9.465612, 63.35812, 0.0 ], [ 9.010546, 64.38529, 0.0 ], [ 10.060956, 64.78395, 0.0 ], [ 12.514049, 64.514755, 0.0 ], [ 16.129633, 63.604362, 0.0 ], [ 20.553812, 62.141758, 0.0 ], [ 25.353521, 60.270172, 0.0 ], [ 30.058935, 58.172752, 0.0 ], [ 34.20948, 56.054764, 0.0 ], [ 37.39888, 54.123627, 0.0 ], [ 39.31485, 52.568386, 0.0 ]] 
boundary 0: [[ 39.018456, 78.124466, 0.0 ], [ 38.622215, 77.073135, 0.0 ], [ 36.79711, 75.41208, 0.0 ], [ 33.7219, 73.30385, 0.0 ], [ 29.697609, 70.95485, 0.0 ], [ 25.118214, 68.5949, 0.0 ], [ 20.431852, 66.45512, 0.0 ], [ 16.097406, 64.74501, 0.0 ], [ 12.539004, 63.63182, 0.0 ], [ 10.105044, 63.224545, 0.0 ], [ 9.033803, 63.563156, 0.0 ], [ 9.4300995, 64.614426, 0.0 ], [ 11.255148, 66.27546, 0.0 ], [ 14.330324, 68.38375, 0.0 ], [ 18.35463, 70.73272, 0.0 ], [ 22.934032, 73.092735, 0.0 ], [ 27.620373, 75.23241, 0.0 ], [ 31.954874, 76.9426, 0.0 ], [ 35.513252, 78.055786, 0.0 ], [ 37.947174, 78.462975, 0.0 ]] 
boundary 1: [[ 39.018433, 49.875584, 0.0 ], [ 37.947212, 49.53698, 0.0 ], [ 35.513268, 49.94421, 0.0 ], [ 31.954859, 51.05743, 0.0 ], [ 27.620382, 52.76758, 0.0 ], [ 22.934011, 54.907368, 0.0 ], [ 18.354614, 57.267277, 0.0 ], [ 14.330336, 59.616302, 0.0 ], [ 11.255159, 61.72451, 0.0 ], [ 9.4300995, 63.385563, 0.0 ], [ 9.033783, 64.436806, 0.0 ], [ 10.105036, 64.77549, 0.0 ], [ 12.539005, 64.36815, 0.0 ], [ 16.09739, 63.254967, 0.0 ], [ 20.431885, 61.544785, 0.0 ], [ 25.118206, 59.405056, 0.0 ], [ 29.697626, 57.04518, 0.0 ], [ 33.721897, 54.696117, 0.0 ], [ 36.79712, 52.587902, 0.0 ], [ 38.622185, 50.92691, 0.0 ]] 
boundary 0: [[ 37.586082, 80.75622, 0.0 ], [ 37.288857, 79.67272, 0.0 ], [ 35.62536, 77.84984, 0.0 ], [ 32.758514, 75.465996, 0.0 ], [ 28.96894, 72.75456, 0.0 ], [ 24.627666, 69.980835, 0.0 ], [ 20.159504, 67.41642, 0.0 ], [ 16.001976, 65.31242, 0.0 ], [ 12.561898, 63.87461, 0.0 ], [ 10.176091, 63.243767, 0.0 ], [ 9.078104, 63.481766, 0.0 ], [ 9.375384, 64.5652, 0.0 ], [ 11.038836, 66.38804, 0.0 ], [ 13.905646, 68.77195, 0.0 ], [ 17.69523, 71.483376, 0.0 ], [ 22.0365, 74.25715, 0.0 ], [ 26.50465, 76.82146, 0.0 ], [ 30.662233, 78.92554, 0.0 ], [ 34.102287, 80.36334, 0.0 ], [ 36.488068, 80.9941, 0.0 ]] 
boundary 1: [[ 37.58607, 47.243843, 0.0 ], [ 36.488102, 47.00585, 0.0 ], [ 34.102303, 47.636646, 0.0 ], [ 30.662224, 49.074482, 0.0 ], [ 26.504658, 51.178528, 0.0 ], [ 22.03649, 53.742954, 0.0 ], [ 17.695215, 56.516636, 0.0 ], [ 13.905663, 59.228096, 0.0 ], [ 11.038843, 61.611916, 0.0 ], [ 9.375383, 63.434788, 0.0 ], [ 9.078079, 64.518196, 0.0 ], [ 10.1760845, 64.75627, 0.0 ], [ 12.561897, 64.12537, 0.0 ], [ 16.001957, 62.687565, 0.0 ], [ 20.159529, 60.583485, 0.0 ], [ 24.627657, 58.01914, 0.0 ], [ 28.968964, 55.24548, 0.0 ], [ 32.758503, 52.533966, 0.0 ], [ 35.625366, 50.15014, 0.0 ], [ 37.288826, 48.32734, 0.0 ]] 
boundary 0: [[ 36.27485, 82.75019, 0.0 ], [ 36.05835, 81.64771, 0.0 ], [ 34.53384, 79.70711, 0.0 ], [ 31.850632, 77.11829, 0.0 ], [ 28.271368, 74.13474, 0.0 ], [ 24.146503, 71.04837, 0.0 ], [ 19.879658, 68.16137, 0.0 ], [ 15.888641, 65.75646, 0.0 ], [ 12.563986, 64.06883, 0.0 ], [ 10.231208, 63.263733, 0.0 ], [ 9.118658, 63.420097, 0.0 ], [ 9.335217, 64.5225, 0.0 ], [ 10.859688, 66.46307, 0.0 ], [ 13.542859, 69.05193, 0.0 ], [ 17.122128, 72.03549, 0.0 ], [ 21.246986, 75.12191, 0.0 ], [ 25.513824, 78.00879, 0.0 ], [ 29.50489, 80.4138, 0.0 ], [ 32.829525, 82.101425, 0.0 ], [ 35.162285, 82.90643, 0.0 ]] 
boundary 1: [[ 36.274834, 45.249878, 0.0 ], [ 35.162315, 45.093525, 0.0 ], [ 32.82954, 45.89857, 0.0 ], [ 29.50488, 47.586212, 0.0 ], [ 25.513832, 49.991188, 0.0 ], [ 21.246983, 52.87819, 0.0 ], [ 17.122116, 55.964516, 0.0 ], [ 13.542875, 58.948105, 0.0 ], [ 10.859692, 61.536884, 0.0 ], [ 9.335215, 63.477478, 0.0 ], [ 9.11863, 64.57986, 0.0 ], [ 10.231203, 64.736305, 0.0 ], [ 12.563982, 63.931145, 0.0 ], [ 15.888622, 62.243526, 0.0 ], [ 19.879675, 59.838528, 0.0 ], [ 24.146492, 56.951607, 0.0 ], [ 28.271397, 53.865295, 0.0 ], [ 31.850624, 50.881664, 0.0 ], [ 34.533848, 48.292873, 0.0 ], [ 36.05832, 46.352345, 0.0 ]] 
boundary 0: [[ 34.87277, 84.57839, 0.0 ], [ 34.73532, 83.46329, 0.0 ], [ 33.352875, 81.41907, 0.0 ], [ 30.860836, 78.645744, 0.0 ], [ 27.503113, 75.41487, 0.0 ], [ 23.608503, 72.04262, 0.0 ], [ 19.558075, 68.859085, 0.0 ], [ 15.748446, 66.17609, 0.0 ], [ 12.552406, 64.256, 0.0 ], [ 10.282882, 63.28681, 0.0 ], [ 9.162021, 63.363552, 0.0 ], [ 9.299527, 64.478584, 0.0 ], [ 10.68194, 66.52279, 0.0 ], [ 13.173946, 69.296135, 0.0 ], [ 16.531664, 72.527016, 0.0 ], [ 20.426268, 75.89932, 0.0 ], [ 24.476702, 79.082726, 0.0 ], [ 28.286371, 81.765854, 0.0 ], [ 31.482388, 83.68592, 0.0 ], [ 33.75191, 84.655014, 0.0 ]] 
boundary 1: [[ 34.872753, 43.421684, 0.0 ], [ 33.75193, 43.34495, 0.0 ], [ 31.482403, 44.314064, 0.0 ], [ 28.286362, 46.234165, 0.0 ], [ 24.476707, 48.91725, 0.0 ], [ 20.42627, 52.100777, 0.0 ], [ 16.531654, 55.472996, 0.0 ], [ 13.1739645, 58.703888, 0.0 ], [ 10.681939, 61.477173, 0.0 ], [ 9.299523, 63.521397, 0.0 ], [ 9.161991, 64.636406, 0.0 ], [ 10.282878, 64.71323, 0.0 ], [ 12.552401, 63.74399, 0.0 ], [ 15.748427, 61.823906, 0.0 ], [ 19.558084, 59.140804, 0.0 ], [ 23.60849, 55.957375, 0.0 ], [ 27.503143, 52.58516, 0.0 ], [ 30.860826, 49.354225, 0.0 ], [ 33.352882, 46.580925, 0.0 ], [ 34.7353, 44.536774, 0.0 ]] 
boundary 0: [[ 33.275856, 86.373474, 0.0 ], [ 33.22158, 85.25123, 0.0 ], [ 31.994751, 83.11, 0.0 ], [ 29.715527, 80.1593, 0.0 ], [ 26.60699, 76.687996, 0.0 ], [ 22.973536, 73.03587, 0.0 ], [ 19.170687, 69.560356, 0.0 ], [ 15.570803, 66.60189, 0.0 ], [ 12.526166, 64.44977, 0.0 ], [ 10.334875, 63.314735, 0.0 ], [ 9.21141, 63.308037, 0.0 ], [ 9.2657385, 64.4302, 0.0 ], [ 10.492542, 66.57141, 0.0 ], [ 12.77173, 69.522156, 0.0 ], [ 15.880269, 72.99344, 0.0 ], [ 19.513706, 76.64563, 0.0 ], [ 23.316574, 80.12102, 0.0 ], [ 26.916485, 83.07962, 0.0 ], [ 29.961105, 85.23169, 0.0 ], [ 32.152405, 86.36665, 0.0 ]] 
boundary 1: [[ 33.27584, 41.626606, 0.0 ], [ 32.15242, 41.63331, 0.0 ], [ 29.961119, 42.768276, 0.0 ], [ 26.91648, 44.92039, 0.0 ], [ 23.316582, 47.878967, 0.0 ], [ 19.513714, 51.354473, 0.0 ], [ 15.880259, 55.006577, 0.0 ], [ 12.771752, 58.477875, 0.0 ], [ 10.492538, 61.42855, 0.0 ], [ 9.265734, 63.56979, 0.0 ], [ 9.211376, 64.69191, 0.0 ], [ 10.334874, 64.6853, 0.0 ], [ 12.52616, 63.55022, 0.0 ], [ 15.570784, 61.398113, 0.0 ], [ 19.17069, 58.43952, 0.0 ], [ 22.97352, 54.96412, 0.0 ], [ 26.607023, 51.312016, 0.0 ], [ 29.715515, 47.84068, 0.0 ], [ 31.994759, 44.889988, 0.0 ], [ 33.221565, 42.748833, 0.0 ]] 
boundary 0: [[ 32.14835, 87.49336, 0.0 ], [ 32.149284, 86.36981, 0.0 ], [ 31.02915, 84.17088, 0.0 ], [ 28.897655, 81.11177, 0.0 ], [ 25.963434, 77.49192, 0.0 ], [ 22.513815, 73.665665, 0.0 ], [ 18.886328, 70.00751, 0.0 ], [ 15.43615, 66.87574, 0.0 ], [ 12.5009365, 64.576614, 0.0 ], [ 10.36806, 63.335293, 0.0 ], [ 9.246282, 63.273403, 0.0 ], [ 9.245408, 64.39687, 0.0 ], [ 10.365524, 66.59578, 0.0 ], [ 12.496973, 69.654945, 0.0 ], [ 15.431202, 73.27476, 0.0 ], [ 18.880802, 77.101074, 0.0 ], [ 22.508312, 80.759125, 0.0 ], [ 25.958504, 83.89104, 0.0 ], [ 28.89371, 86.190094, 0.0 ], [ 31.0266, 87.43134, 0.0 ]] 
boundary 1: [[ 32.148335, 40.50672, 0.0 ], [ 31.026611, 40.56861, 0.0 ], [ 28.893723, 41.809883, 0.0 ], [ 25.9585, 44.108986, 0.0 ], [ 22.50832, 47.240868, 0.0 ], [ 18.880814, 50.89902, 0.0 ], [ 15.431192, 54.725235, 0.0 ], [ 12.496998, 58.34508, 0.0 ], [ 10.365517, 61.40418, 0.0 ], [ 9.245403, 63.60311, 0.0 ], [ 9.246244, 64.72655, 0.0 ], [ 10.368059, 64.66474, 0.0 ], [ 12.500929, 63.423367, 0.0 ], [ 15.436131, 61.124264, 0.0 ], [ 18.88632, 57.99237, 0.0 ], [ 22.5138, 54.334312, 0.0 ], [ 25.963467, 50.508095, 0.0 ], [ 28.897644, 46.88822, 0.0 ], [ 31.029158, 43.8291, 0.0 ], [ 32.14927, 41.63025, 0.0 ]] 
boundary 0: [[ 31.184933, 88.36832, 0.0 ], [ 31.231081, 87.24571, 0.0 ], [ 30.200346, 85.003494, 0.0 ], [ 28.193686, 81.86108, 0.0 ], [ 25.407509, 78.12608, 0.0 ], [ 22.11466, 74.16411, 0.0 ], [ 18.637321, 70.36293, 0.0 ], [ 15.315968, 67.09487, 0.0 ], [ 12.475652, 64.679474, 0.0 ], [ 10.394457, 63.353325, 0.0 ], [ 9.276078, 63.246346, 0.0 ], [ 9.229995, 64.368866, 0.0 ], [ 10.260714, 66.61107, 0.0 ], [ 12.26733, 69.753525, 0.0 ], [ 15.0535145, 73.488495, 0.0 ], [ 18.34634, 77.45054, 0.0 ], [ 21.823704, 81.25162, 0.0 ], [ 25.145071, 84.51981, 0.0 ], [ 27.985378, 86.93513, 0.0 ], [ 30.066591, 88.2612, 0.0 ]] 
boundary 1: [[ 31.184921, 39.631767, 0.0 ], [ 30.0666, 39.738747, 0.0 ], [ 27.98539, 41.06485, 0.0 ], [ 25.145067, 43.48021, 0.0 ], [ 21.823711, 46.748394, 0.0 ], [ 18.346355, 50.54957, 0.0 ], [ 15.053505, 54.511505, 0.0 ], [ 12.267356, 58.246487, 0.0 ], [ 10.260704, 61.388885, 0.0 ], [ 9.229989, 63.631115, 0.0 ], [ 9.276037, 64.7536, 0.0 ], [ 10.394457, 64.64671, 0.0 ], [ 12.475643, 63.320507, 0.0 ], [ 15.3159485, 60.905155, 0.0 ], [ 18.637306, 57.636948, 0.0 ], [ 22.114645, 53.83588, 0.0 ], [ 25.40754, 49.873928, 0.0 ], [ 28.193674, 46.13891, 0.0 ], [ 30.200354, 42.9965, 0.0 ], [ 31.231068, 40.754345, 0.0 ]] 
boundary 0: [[ 30.766256, 88.7272, 0.0 ], [ 30.831547, 87.605545, 0.0 ], [ 29.839197, 85.34606, 0.0 ], [ 27.886425, 82.16991, 0.0 ], [ 25.164349, 78.387924, 0.0 ], [ 21.939545, 74.370384, 0.0 ], [ 18.527542, 70.51042, 0.0 ], [ 15.262406, 67.18621, 0.0 ], [ 12.463695, 64.72273, 0.0 ], [ 10.405418, 63.361282, 0.0 ], [ 9.289026, 63.23525, 0.0 ], [ 9.223806, 64.35682, 0.0 ], [ 10.216136, 66.61627, 0.0 ], [ 12.168871, 69.79249, 0.0 ], [ 14.890951, 73.57445, 0.0 ], [ 18.115726, 77.59207, 0.0 ], [ 21.527763, 81.45189, 0.0 ], [ 24.792912, 84.776245, 0.0 ], [ 27.591608, 87.23964, 0.0 ], [ 29.649904, 88.60102, 0.0 ]] 
boundary 1: [[ 30.76625, 39.27288, 0.0 ], [ 29.649914, 39.398922, 0.0 ], [ 27.59162, 40.760334, 0.0 ], [ 24.792908, 43.22377, 0.0 ], [ 21.527771, 46.54812, 0.0 ], [ 18.115746, 50.408043, 0.0 ], [ 14.890942, 54.42557, 0.0 ], [ 12.168896, 58.20752, 0.0 ], [ 10.216126, 61.383682, 0.0 ], [ 9.223801, 63.643166, 0.0 ], [ 9.288985, 64.7647, 0.0 ], [ 10.405418, 64.63875, 0.0 ], [ 12.463685, 63.27725, 0.0 ], [ 15.262387, 60.813805, 0.0 ], [ 18.527527, 57.489426, 0.0 ], [ 21.93953, 53.629612, 0.0 ], [ 25.164383, 49.612087, 0.0 ], [ 27.886414, 45.830093, 0.0 ], [ 29.839205, 42.65393, 0.0 ], [ 30.831533, 40.39451, 0.0 ]] 
boundary 0: [[ 30.913063, 88.60277, 0.0 ], [ 30.971676, 87.48074, 0.0 ], [ 29.965895, 85.2272, 0.0 ], [ 27.994253, 82.06273, 0.0 ], [ 25.249714, 78.29701, 0.0 ], [ 22.001057, 74.29874, 0.0 ], [ 18.56614, 70.45915, 0.0 ], [ 15.281277, 67.154434, 0.0 ], [ 12.467952, 64.70766, 0.0 ], [ 10.401608, 63.358482, 0.0 ], [ 9.284486, 63.239098, 0.0 ], [ 9.225943, 64.36104, 0.0 ], [ 10.231703, 66.61454, 0.0 ], [ 12.203308, 69.77908, 0.0 ], [ 14.94785, 73.54477, 0.0 ], [ 18.19648, 77.54313, 0.0 ], [ 21.631432, 81.38257, 0.0 ], [ 24.916307, 84.68743, 0.0 ], [ 27.729616, 87.134125, 0.0 ], [ 29.79598, 88.48323, 0.0 ]] 
boundary 1: [[ 30.913057, 39.397316, 0.0 ], [ 29.79599, 39.51671, 0.0 ], [ 27.729628, 40.865845, 0.0 ], [ 24.916304, 43.312584, 0.0 ], [ 21.63144, 46.61744, 0.0 ], [ 18.196499, 50.456985, 0.0 ], [ 14.947841, 54.45525, 0.0 ], [ 12.203333, 58.22093, 0.0 ], [ 10.231693, 61.38541, 0.0 ], [ 9.225937, 63.63895, 0.0 ], [ 9.284445, 64.76086, 0.0 ], [ 10.401608, 64.64155, 0.0 ], [ 12.467942, 63.29232, 0.0 ], [ 15.281258, 60.84558, 0.0 ], [ 18.566124, 57.540695, 0.0 ], [ 22.001041, 53.701256, 0.0 ], [ 25.249748, 49.702995, 0.0 ], [ 27.994242, 45.93727, 0.0 ], [ 29.965902, 42.77279, 0.0 ], [ 30.971663, 40.51931, 0.0 ]] 
boundary 0: [[ 32.44156, 87.212616, 0.0 ], [ 32.428387, 86.08913, 0.0 ], [ 31.280727, 83.904434, 0.0 ], [ 29.111, 80.872345, 0.0 ], [ 26.131556, 77.2896, 0.0 ], [ 22.634172, 73.50698, 0.0 ], [ 18.961048, 69.89461, 0.0 ], [ 15.471824, 66.806435, 0.0 ], [ 12.507974, 64.54434, 0.0 ], [ 10.35968, 63.329884, 0.0 ], [ 9.237213, 63.282093, 0.0 ], [ 9.250446, 64.40549, 0.0 ], [ 10.398077, 66.59015, 0.0 ], [ 12.56777, 69.62231, 0.0 ], [ 15.5472145, 73.205025, 0.0 ], [ 19.044579, 76.98775, 0.0 ], [ 22.717728, 80.59996, 0.0 ], [ 26.206974, 83.68828, 0.0 ], [ 29.170807, 85.95029, 0.0 ], [ 31.319115, 87.164665, 0.0 ]] 
boundary 1: [[ 32.44154, 40.78747, 0.0 ], [ 31.319124, 40.835274, 0.0 ], [ 29.170818, 42.049683, 0.0 ], [ 26.20697, 44.31174, 0.0 ], [ 22.717735, 47.400047, 0.0 ], [ 19.04459, 51.01238, 0.0 ], [ 15.547203, 54.795002, 0.0 ], [ 12.567795, 58.37771, 0.0 ], [ 10.398071, 61.409805, 0.0 ], [ 9.250441, 63.59451, 0.0 ], [ 9.237175, 64.717865, 0.0 ], [ 10.359677, 64.670166, 0.0 ], [ 12.507964, 63.455643, 0.0 ], [ 15.471804, 61.19358, 0.0 ], [ 18.96104, 58.10524, 0.0 ], [ 22.63416, 54.49301, 0.0 ], [ 26.13159, 50.710403, 0.0 ], [ 29.110989, 47.127655, 0.0 ], [ 31.280735, 44.09556, 0.0 ], [ 32.428368, 41.910915, 0.0 ]] 
boundary 0: [[ 34.797535, 84.669235, 0.0 ], [ 34.66414, 83.55363, 0.0 ], [ 33.289177, 81.50437, 0.0 ], [ 30.807276, 78.72204, 0.0 ], [ 27.461355, 75.47888, 0.0 ], [ 23.579067, 72.09246, 0.0 ], [ 19.540283, 68.894135, 0.0 ], [ 15.740473, 66.1973, 0.0 ], [ 12.551456, 64.26555, 0.0 ], [ 10.28548, 63.288086, 0.0 ], [ 9.164349, 63.360752, 0.0 ], [ 9.297787, 64.476265, 0.0 ], [ 10.67273, 66.5255, 0.0 ], [ 13.154606, 69.30793, 0.0 ], [ 16.50052, 72.55103, 0.0 ], [ 20.382795, 75.93755, 0.0 ], [ 24.421587, 79.13573, 0.0 ], [ 28.221441, 81.832695, 0.0 ], [ 31.41043, 83.764366, 0.0 ], [ 33.676414, 84.74175, 0.0 ]] 
boundary 1: [[ 34.7975, 43.33084, 0.0 ], [ 33.67643, 43.258194, 0.0 ], [ 31.410446, 44.235603, 0.0 ], [ 28.221437, 46.16732, 0.0 ], [ 24.421595, 48.86428, 0.0 ], [ 20.382797, 52.06257, 0.0 ], [ 16.500507, 55.449, 0.0 ], [ 13.154627, 58.6921, 0.0 ], [ 10.672732, 61.474445, 0.0 ], [ 9.297782, 63.52372, 0.0 ], [ 9.164316, 64.63919, 0.0 ], [ 10.285473, 64.71196, 0.0 ], [ 12.551448, 63.734436, 0.0 ], [ 15.74045, 61.80271, 0.0 ], [ 19.540295, 59.105717, 0.0 ], [ 23.579052, 55.90753, 0.0 ], [ 27.46139, 52.52113, 0.0 ], [ 30.807262, 49.277977, 0.0 ], [ 33.289185, 46.49562, 0.0 ], [ 34.664124, 44.446426, 0.0 ]] 
boundary 0: [[ 37.475708, 80.93704, 0.0 ], [ 37.185562, 79.8516, 0.0 ], [ 35.534065, 78.01787, 0.0 ], [ 32.68291, 75.61534, 0.0 ], [ 28.911165, 72.879074, 0.0 ], [ 24.588154, 70.07701, 0.0 ], [ 20.136894, 67.48329, 0.0 ], [ 15.993252, 65.35217, 0.0 ], [ 12.562666, 63.891853, 0.0 ], [ 10.181038, 63.24537, 0.0 ], [ 9.08152, 63.47618, 0.0 ], [ 9.371693, 64.56152, 0.0 ], [ 11.023165, 66.395226, 0.0 ], [ 13.8743, 68.79786, 0.0 ], [ 17.646038, 71.53408, 0.0 ], [ 21.969044, 74.33625, 0.0 ], [ 26.4203, 76.929794, 0.0 ], [ 30.563997, 79.06105, 0.0 ], [ 33.994545, 80.52131, 0.0 ], [ 36.376167, 81.167725, 0.0 ]] 
boundary 1: [[ 37.475647, 47.063026, 0.0 ], [ 36.37619, 46.83224, 0.0 ], [ 33.994568, 47.47867, 0.0 ], [ 30.563992, 48.93897, 0.0 ], [ 26.420307, 51.07022, 0.0 ], [ 21.969028, 53.663864, 0.0 ], [ 17.646019, 56.46596, 0.0 ], [ 13.874316, 59.202168, 0.0 ], [ 11.023174, 61.604713, 0.0 ], [ 9.371692, 63.43846, 0.0 ], [ 9.081493, 64.52377, 0.0 ], [ 10.1810255, 64.75468, 0.0 ], [ 12.562659, 64.10813, 0.0 ], [ 15.993227, 62.647835, 0.0 ], [ 20.13692, 60.51654, 0.0 ], [ 24.588139, 57.92298, 0.0 ], [ 28.911198, 55.120934, 0.0 ], [ 32.6829, 52.384674, 0.0 ], [ 35.534073, 49.98211, 0.0 ], [ 37.18553, 48.148453, 0.0 ]] 
boundary 0: [[ 39.609074, 76.8373, 0.0 ], [ 39.167137, 75.804306, 0.0 ], [ 37.271072, 74.22476, 0.0 ], [ 34.106514, 72.253265, 0.0 ], [ 29.98319, 70.0827, 0.0 ], [ 25.304852, 67.92558, 0.0 ], [ 20.529274, 65.99297, 0.0 ], [ 16.124128, 64.47439, 0.0 ], [ 12.520386, 63.51809, 0.0 ], [ 10.070917, 63.217762, 0.0 ], [ 9.015539, 63.602978, 0.0 ], [ 9.457487, 64.635864, 0.0 ], [ 11.3535185, 66.21537, 0.0 ], [ 14.518074, 68.18698, 0.0 ], [ 18.641386, 70.35751, 0.0 ], [ 23.319735, 72.514725, 0.0 ], [ 28.095287, 74.44715, 0.0 ], [ 32.500507, 75.965866, 0.0 ], [ 36.104195, 76.92212, 0.0 ], [ 38.553658, 77.22238, 0.0 ]] 
boundary 1: [[ 39.60901, 51.162773, 0.0 ], [ 38.553684, 50.777596, 0.0 ], [ 36.104218, 51.077866, 0.0 ], [ 32.5005, 52.03415, 0.0 ], [ 28.095291, 53.552864, 0.0 ], [ 23.319704, 55.485386, 0.0 ], [ 18.641361, 57.642525, 0.0 ], [ 14.5180855, 59.81305, 0.0 ], [ 11.3535385, 61.784557, 0.0 ], [ 9.457488, 63.364124, 0.0 ], [ 9.015521, 64.39699, 0.0 ], [ 10.070903, 64.78227, 0.0 ], [ 12.520384, 64.48188, 0.0 ], [ 16.124102, 63.525608, 0.0 ], [ 20.52932, 62.00685, 0.0 ], [ 25.304838, 60.074406, 0.0 ], [ 29.98322, 57.917324, 0.0 ], [ 34.1065, 55.74675, 0.0 ], [ 37.271088, 53.775215, 0.0 ], [ 39.167095, 52.195744, 0.0 ]] 
boundary 0: [[ 40.9342, 73.186516, 0.0 ], [ 40.37159, 72.21394, 0.0 ], [ 38.299816, 70.873146, 0.0 ], [ 34.9217, 69.29532, 0.0 ], [ 30.56787, 67.6348, 0.0 ], [ 25.664644, 66.054184, 0.0 ], [ 20.691795, 64.70812, 0.0 ], [ 16.136347, 63.72868, 0.0 ], [ 12.443941, 63.211372, 0.0 ], [ 9.976132, 63.20691, 0.0 ], [ 8.974557, 63.715885, 0.0 ], [ 9.537162, 64.688324, 0.0 ], [ 11.6089, 66.0291, 0.0 ], [ 14.987026, 67.60705, 0.0 ], [ 19.34084, 69.26753, 0.0 ], [ 24.244095, 70.84824, 0.0 ], [ 29.216896, 72.19413, 0.0 ], [ 33.772427, 73.173706, 0.0 ], [ 37.464783, 73.690956, 0.0 ], [ 39.93257, 73.69537, 0.0 ]] 
boundary 1: [[ 40.93412, 54.813545, 0.0 ], [ 39.932602, 54.30462, 0.0 ], [ 37.464806, 54.30903, 0.0 ], [ 33.77242, 54.826313, 0.0 ], [ 29.216896, 55.805885, 0.0 ], [ 24.244053, 57.151867, 0.0 ], [ 19.340813, 58.732502, 0.0 ], [ 14.987037, 60.392975, 0.0 ], [ 11.608928, 61.97082, 0.0 ], [ 9.537164, 63.311653, 0.0 ], [ 8.974542, 64.28408, 0.0 ], [ 9.976114, 64.79312, 0.0 ], [ 12.443943, 64.7886, 0.0 ], [ 16.13632, 64.27132, 0.0 ], [ 20.691854, 63.291706, 0.0 ], [ 25.664629, 61.9458, 0.0 ], [ 30.567896, 60.365227, 0.0 ], [ 34.921684, 58.704697, 0.0 ], [ 38.29984, 57.126827, 0.0 ], [ 40.371544, 55.786083, 0.0 ]] 
boundary 0: [[ 41.47239, 71.12276, 0.0 ], [ 40.846886, 70.1894, 0.0 ], [ 38.69123, 68.9881, 0.0 ], [ 35.216446, 67.6364, 0.0 ], [ 30.76261, 66.26655, 0.0 ], [ 25.765846, 65.0126, 0.0 ], [ 20.715073, 63.99731, 0.0 ], [ 16.104965, 63.32033, 0.0 ], [ 12.386488, 63.04757, 0.0 ], [ 9.923754, 63.20581, 0.0 ], [ 8.957912, 63.77971, 0.0 ], [ 9.583403, 64.712944, 0.0 ], [ 11.739025, 65.914215, 0.0 ], [ 15.213831, 67.26603, 0.0 ], [ 19.667646, 68.63587, 0.0 ], [ 24.66444, 69.88989, 0.0 ], [ 29.71515, 70.905014, 0.0 ], [ 34.325348, 71.58213, 0.0 ], [ 38.043785, 71.85483, 0.0 ], [ 40.506493, 71.69655, 0.0 ]] 
boundary 1: [[ 41.472313, 56.87729, 0.0 ], [ 40.506523, 56.303444, 0.0 ], [ 38.043808, 56.145157, 0.0 ], [ 34.32534, 56.417896, 0.0 ], [ 29.715149, 57.095005, 0.0 ], [ 24.66439, 58.110214, 0.0 ], [ 19.66762, 59.36416, 0.0 ], [ 15.2138405, 60.733994, 0.0 ], [ 11.739059, 62.0857, 0.0 ], [ 9.583406, 63.287037, 0.0 ], [ 8.957898, 64.220245, 0.0 ], [ 9.923734, 64.79421, 0.0 ], [ 12.386492, 64.95239, 0.0 ], [ 16.104939, 64.67966, 0.0 ], [ 20.715147, 64.00252, 0.0 ], [ 25.765831, 62.987373, 0.0 ], [ 30.762634, 61.733498, 0.0 ], [ 35.21643, 60.3636, 0.0 ], [ 38.691254, 59.011868, 0.0 ], [ 40.84684, 57.81063, 0.0 ]] 
boundary 0: [[ 41.55529, 70.74508, 0.0 ], [ 40.918694, 69.81927, 0.0 ], [ 38.748817, 68.64383, 0.0 ], [ 35.25812, 67.33378, 0.0 ], [ 30.788216, 66.017296, 0.0 ], [ 25.77682, 64.823204, 0.0 ], [ 20.714264, 63.86837, 0.0 ], [ 16.096395, 63.246574, 0.0 ], [ 12.374922, 63.0183, 0.0 ], [ 9.914256, 63.20598, 0.0 ], [ 8.955349, 63.79139, 0.0 ], [ 9.591953, 64.71708, 0.0 ], [ 11.761785, 65.89249, 0.0 ], [ 15.252509, 67.20265, 0.0 ], [ 19.722385, 68.51913, 0.0 ], [ 24.733818, 69.7133, 0.0 ], [ 29.796314, 70.66795, 0.0 ], [ 34.41426, 71.28988, 0.0 ], [ 38.135696, 71.5181, 0.0 ], [ 40.596344, 71.33038, 0.0 ]] 
boundary 1: [[ 41.555214, 57.254967, 0.0 ], [ 40.596375, 56.669605, 0.0 ], [ 38.13572, 56.481884, 0.0 ], [ 34.414253, 56.710136, 0.0 ], [ 29.79631, 57.33206, 0.0 ], [ 24.733768, 58.2868, 0.0 ], [ 19.722359, 59.480896, 0.0 ], [ 15.252519, 60.79737, 0.0 ], [ 11.761823, 62.107433, 0.0 ], [ 9.591957, 63.282906, 0.0 ], [ 8.955336, 64.208565, 0.0 ], [ 9.914236, 64.794044, 0.0 ], [ 12.374926, 64.98166, 0.0 ], [ 16.096369, 64.75341, 0.0 ], [ 20.71434, 64.13143, 0.0 ], [ 25.776804, 63.17678, 0.0 ], [ 30.788239, 61.982754, 0.0 ], [ 35.258106, 60.666214, 0.0 ], [ 38.74884, 59.356133, 0.0 ], [ 40.918648, 58.18076, 0.0 ]] 
boundary 0: [[ 41.451256, 71.21564, 0.0 ], [ 40.82852, 70.280426, 0.0 ], [ 38.676403, 69.07279, 0.0 ], [ 35.20562, 67.71086, 0.0 ], [ 30.75583, 66.3279, 0.0 ], [ 25.762798, 65.05925, 0.0 ], [ 20.71503, 64.029076, 0.0 ], [ 16.106945, 63.338516, 0.0 ], [ 12.389282, 63.0548, 0.0 ], [ 9.926093, 63.205784, 0.0 ], [ 8.958566, 63.77684, 0.0 ], [ 9.581303, 64.711914, 0.0 ], [ 11.733375, 65.91953, 0.0 ], [ 15.204184, 67.281586, 0.0 ], [ 19.653952, 68.66453, 0.0 ], [ 24.647024, 69.93327, 0.0 ], [ 29.694742, 70.96326, 0.0 ], [ 34.30291, 71.653946, 0.0 ], [ 38.02051, 71.9376, 0.0 ], [ 40.483665, 71.78659, 0.0 ]] 
boundary 1: [[ 41.45118, 56.78441, 0.0 ], [ 40.483696, 56.213406, 0.0 ], [ 38.020535, 56.062378, 0.0 ], [ 34.302902, 56.34607, 0.0 ], [ 29.694738, 57.03675, 0.0 ], [ 24.646975, 58.06684, 0.0 ], [ 19.653925, 59.3355, 0.0 ], [ 15.204193, 60.718452, 0.0 ], [ 11.733413, 62.08039, 0.0 ], [ 9.581306, 63.288074, 0.0 ], [ 8.958552, 64.22311, 0.0 ], [ 9.926073, 64.79424, 0.0 ], [ 12.389286, 64.94515, 0.0 ], [ 16.106915, 64.66147, 0.0 ], [ 20.715103, 63.970726, 0.0 ], [ 25.762783, 62.940735, 0.0 ], [ 30.755854, 61.67215, 0.0 ], [ 35.205605, 60.28913, 0.0 ], [ 38.676426, 58.927166, 0.0 ], [ 40.828476, 57.719597, 0.0 ]] 
boundary 0: [[ 41.06851, 72.72037, 0.0 ], [ 40.491394, 71.75635, 0.0 ], [ 38.39972, 70.4468, 0.0 ], [ 34.998337, 68.91982, 0.0 ], [ 30.620066, 67.324844, 0.0 ], [ 25.693699, 65.81794, 0.0 ], [ 20.701206, 64.54663, 0.0 ], [ 16.131588, 63.63565, 0.0 ], [ 12.431827, 63.17379, 0.0 ], [ 9.964228, 63.206352, 0.0 ], [ 8.970403, 63.7303, 0.0 ], [ 9.547534, 64.69418, 0.0 ], [ 11.639148, 66.00375, 0.0 ], [ 15.040567, 67.53084, 0.0 ], [ 19.418812, 69.125786, 0.0 ], [ 24.345222, 70.63279, 0.0 ], [ 29.337673, 71.90391, 0.0 ], [ 33.907364, 72.815025, 0.0 ], [ 37.607075, 73.27682, 0.0 ], [ 40.074627, 73.24422, 0.0 ]] 
boundary 1: [[ 41.06843, 55.27966, 0.0 ], [ 40.074657, 54.755768, 0.0 ], [ 37.60709, 54.72316, 0.0 ], [ 33.907356, 55.184998, 0.0 ], [ 29.33767, 56.0961, 0.0 ], [ 24.34518, 57.367325, 0.0 ], [ 19.418789, 58.87422, 0.0 ], [ 15.040579, 60.469204, 0.0 ], [ 11.639185, 61.996185, 0.0 ], [ 9.547536, 63.305794, 0.0 ], [ 8.970387, 64.26964, 0.0 ], [ 9.9642105, 64.79368, 0.0 ], [ 12.431829, 64.82617, 0.0 ], [ 16.131557, 64.36433, 0.0 ], [ 20.701267, 63.453163, 0.0 ], [ 25.69368, 62.18204, 0.0 ], [ 30.62009, 60.67522, 0.0 ], [ 34.99832, 59.080173, 0.0 ], [ 38.399742, 57.553165, 0.0 ], [ 40.49135, 56.24367, 0.0 ]] 
boundary 0: [[ 40.617596, 74.19414, 0.0 ], [ 40.087067, 73.20372, 0.0 ], [ 38.060177, 71.79598, 0.0 ], [ 34.73542, 70.108665, 0.0 ], [ 30.43813, 68.30685, 0.0 ], [ 25.589165, 66.56689, 0.0 ], [ 20.662926, 65.059135, 0.0 ], [ 16.141914, 63.93143, 0.0 ], [ 12.468362, 63.293785, 0.0 ], [ 10.002012, 63.208725, 0.0 ], [ 8.984347, 63.68472, 0.0 ], [ 9.514894, 64.67502, 0.0 ], [ 11.541725, 66.08277, 0.0 ], [ 14.8665085, 67.770195, 0.0 ], [ 19.163776, 69.57197, 0.0 ], [ 24.012775, 71.312035, 0.0 ], [ 28.938984, 72.8196, 0.0 ], [ 33.460068, 73.94743, 0.0 ], [ 37.133568, 74.58501, 0.0 ], [ 39.599876, 74.67004, 0.0 ]] 
boundary 1: [[ 40.61752, 53.80589, 0.0 ], [ 39.599907, 53.32994, 0.0 ], [ 37.133583, 53.41496, 0.0 ], [ 33.46006, 54.052578, 0.0 ], [ 28.93898, 55.18041, 0.0 ], [ 24.01274, 56.68809, 0.0 ], [ 19.163754, 58.428036, 0.0 ], [ 14.866524, 60.22983, 0.0 ], [ 11.541759, 61.917175, 0.0 ], [ 9.514893, 63.324966, 0.0 ], [ 8.98433, 64.31522, 0.0 ], [ 10.001997, 64.79132, 0.0 ], [ 12.468363, 64.70616, 0.0 ], [ 16.141882, 64.06854, 0.0 ], [ 20.66298, 62.94066, 0.0 ], [ 25.589146, 61.43308, 0.0 ], [ 30.438156, 59.693214, 0.0 ], [ 34.735405, 57.891342, 0.0 ], [ 38.0602, 56.20398, 0.0 ], [ 40.08703, 54.796303, 0.0 ]] 
boundary 0: [[ 39.770134, 76.45833, 0.0 ], [ 39.315098, 75.43104, 0.0 ], [ 37.399063, 73.87578, 0.0 ], [ 34.209663, 71.944756, 0.0 ], [ 30.059015, 69.82688, 0.0 ], [ 25.353607, 67.729485, 0.0 ], [ 20.553797, 65.85787, 0.0 ], [ 16.12968, 64.39552, 0.0 ], [ 12.514044, 63.485172, 0.0 ], [ 10.060943, 63.216064, 0.0 ], [ 9.010557, 63.614693, 0.0 ], [ 9.465628, 64.64186, 0.0 ], [ 11.381609, 66.19711, 0.0 ], [ 14.571016, 68.12826, 0.0 ], [ 18.721643, 70.24608, 0.0 ], [ 23.427074, 72.34359, 0.0 ], [ 28.226875, 74.21502, 0.0 ], [ 32.651047, 75.67751, 0.0 ], [ 36.26664, 76.58778, 0.0 ], [ 38.719704, 76.85684, 0.0 ]] 
boundary 1: [[ 39.770058, 51.541718, 0.0 ], [ 38.719734, 51.14313, 0.0 ], [ 36.266655, 51.412186, 0.0 ], [ 32.65104, 52.32251, 0.0 ], [ 28.226871, 53.784985, 0.0 ], [ 23.42705, 55.656544, 0.0 ], [ 18.721626, 57.753933, 0.0 ], [ 14.5710335, 59.871765, 0.0 ], [ 11.381638, 61.802814, 0.0 ], [ 9.465624, 63.35812, 0.0 ], [ 9.010536, 64.38525, 0.0 ], [ 10.060931, 64.78397, 0.0 ], [ 12.514039, 64.51478, 0.0 ], [ 16.12965, 63.604458, 0.0 ], [ 20.553837, 62.141914, 0.0 ], [ 25.353588, 60.270477, 0.0 ], [ 30.059042, 58.173172, 0.0 ], [ 34.20965, 56.05525, 0.0 ], [ 37.399086, 54.124184, 0.0 ], [ 39.31506, 52.569, 0.0 ]] 
boundary 0: [[ 39.01873, 78.12388, 0.0 ], [ 38.62245, 77.072525, 0.0 ], [ 36.797348, 75.41151, 0.0 ], [ 33.722107, 73.30343, 0.0 ], [ 29.697727, 70.95446, 0.0 ], [ 25.11831, 68.594604, 0.0 ], [ 20.431889, 66.45485, 0.0 ], [ 16.097448, 64.74492, 0.0 ], [ 12.539007, 63.631775, 0.0 ], [ 10.105021, 63.22452, 0.0 ], [ 9.033794, 63.563175, 0.0 ], [ 9.430116, 64.61442, 0.0 ], [ 11.255184, 66.27541, 0.0 ], [ 14.33041, 68.383644, 0.0 ], [ 18.354778, 70.73255, 0.0 ], [ 22.934212, 73.09253, 0.0 ], [ 27.620628, 75.23209, 0.0 ], [ 31.955126, 76.94217, 0.0 ], [ 35.513527, 78.05523, 0.0 ], [ 37.947468, 78.46242, 0.0 ]] 
boundary 1: [[ 39.018654, 49.87617, 0.0 ], [ 37.947495, 49.537544, 0.0 ], [ 35.513542, 49.94474, 0.0 ], [ 31.955126, 51.05786, 0.0 ], [ 27.620625, 52.767914, 0.0 ], [ 22.934193, 54.907623, 0.0 ], [ 18.354763, 57.26747, 0.0 ], [ 14.330429, 59.616383, 0.0 ], [ 11.255209, 61.72451, 0.0 ], [ 9.430111, 63.385563, 0.0 ], [ 9.0337715, 64.43676, 0.0 ], [ 10.105013, 64.77551, 0.0 ], [ 12.538997, 64.36817, 0.0 ], [ 16.097412, 63.255062, 0.0 ], [ 20.431915, 61.544933, 0.0 ], [ 25.11829, 59.40536, 0.0 ], [ 29.697754, 57.045593, 0.0 ], [ 33.72209, 54.69659, 0.0 ], [ 36.79737, 52.58844, 0.0 ], [ 38.622425, 50.92751, 0.0 ]] 
boundary 0: [[ 37.586414, 80.75564, 0.0 ], [ 37.289154, 79.67213, 0.0 ], [ 35.62565, 77.84929, 0.0 ], [ 32.758747, 75.46558, 0.0 ], [ 28.969097, 72.754196, 0.0 ], [ 24.627789, 69.98054, 0.0 ], [ 20.159569, 67.41615, 0.0 ], [ 16.002026, 65.31233, 0.0 ], [ 12.561905, 63.874565, 0.0 ], [ 10.17607, 63.243744, 0.0 ], [ 9.078092, 63.481785, 0.0 ], [ 9.3754015, 64.56519, 0.0 ], [ 11.038876, 66.388, 0.0 ], [ 13.905738, 68.77185, 0.0 ], [ 17.695393, 71.48322, 0.0 ], [ 22.036701, 74.256966, 0.0 ], [ 26.504934, 76.82118, 0.0 ], [ 30.662525, 78.92513, 0.0 ], [ 34.102608, 80.36282, 0.0 ], [ 36.488403, 80.99356, 0.0 ]] 
boundary 1: [[ 37.586338, 47.244404, 0.0 ], [ 36.488426, 47.006386, 0.0 ], [ 34.102623, 47.637146, 0.0 ], [ 30.66253, 49.074886, 0.0 ], [ 26.50493, 51.17884, 0.0 ], [ 22.036694, 53.74318, 0.0 ], [ 17.695383, 56.51681, 0.0 ], [ 13.905758, 59.228165, 0.0 ], [ 11.038893, 61.611916, 0.0 ], [ 9.375395, 63.434788, 0.0 ], [ 9.078065, 64.51816, 0.0 ], [ 10.1760645, 64.756294, 0.0 ], [ 12.561891, 64.12539, 0.0 ], [ 16.001987, 62.68766, 0.0 ], [ 20.159576, 60.583633, 0.0 ], [ 24.627766, 58.019424, 0.0 ], [ 28.969126, 55.245872, 0.0 ], [ 32.75874, 52.534428, 0.0 ], [ 35.625664, 50.150646, 0.0 ], [ 37.289124, 48.327904, 0.0 ]] 
boundary 0: [[ 36.27523, 82.74963, 0.0 ], [ 36.058697, 81.647125, 0.0 ], [ 34.534172, 79.706566, 0.0 ], [ 31.850887, 77.117905, 0.0 ], [ 28.271553, 74.13438, 0.0 ], [ 24.146648, 71.04808, 0.0 ], [ 19.879745, 68.1611, 0.0 ], [ 15.8887, 65.75637, 0.0 ], [ 12.563995, 64.06879, 0.0 ], [ 10.231189, 63.263706, 0.0 ], [ 9.118645, 63.420116, 0.0 ], [ 9.335235, 64.52249, 0.0 ], [ 10.859731, 66.463036, 0.0 ], [ 13.542955, 69.05184, 0.0 ], [ 17.122297, 72.03537, 0.0 ], [ 21.247198, 75.12174, 0.0 ], [ 25.51413, 78.008545, 0.0 ], [ 29.505215, 80.413414, 0.0 ], [ 32.829884, 82.10092, 0.0 ], [ 35.162655, 82.90592, 0.0 ]] 
boundary 1: [[ 36.275154, 45.250416, 0.0 ], [ 35.162674, 45.094025, 0.0 ], [ 32.829895, 45.89904, 0.0 ], [ 29.50522, 47.58661, 0.0 ], [ 25.514126, 49.991478, 0.0 ], [ 21.247208, 52.8784, 0.0 ], [ 17.12229, 55.964684, 0.0 ], [ 13.542976, 58.948166, 0.0 ], [ 10.85974, 61.53688, 0.0 ], [ 9.335226, 63.477478, 0.0 ], [ 9.118611, 64.57982, 0.0 ], [ 10.231187, 64.73633, 0.0 ], [ 12.563978, 63.931168, 0.0 ], [ 15.888661, 62.24362, 0.0 ], [ 19.879734, 59.838673, 0.0 ], [ 24.146622, 56.951885, 0.0 ], [ 28.271584, 53.865677, 0.0 ], [ 31.85088, 50.882103, 0.0 ], [ 34.53418, 48.29335, 0.0 ], [ 36.058666, 46.352894, 0.0 ]] 
boundary 0: [[ 34.87319, 84.577866, 0.0 ], [ 34.735718, 83.46273, 0.0 ], [ 33.35325, 81.41853, 0.0 ], [ 30.861118, 78.64536, 0.0 ], [ 27.50332, 75.41451, 0.0 ], [ 23.608671, 72.04233, 0.0 ], [ 19.558182, 68.85883, 0.0 ], [ 15.748511, 66.175995, 0.0 ], [ 12.55242, 64.25595, 0.0 ], [ 10.282864, 63.28678, 0.0 ], [ 9.162005, 63.36357, 0.0 ], [ 9.299544, 64.47858, 0.0 ], [ 10.681986, 66.52275, 0.0 ], [ 13.1740465, 69.29606, 0.0 ], [ 16.531841, 72.52689, 0.0 ], [ 20.42649, 75.89916, 0.0 ], [ 24.477018, 79.082504, 0.0 ], [ 28.286722, 81.76549, 0.0 ], [ 31.482784, 83.68547, 0.0 ], [ 33.752304, 84.65453, 0.0 ]] 
boundary 1: [[ 34.873116, 43.42219, 0.0 ], [ 33.75232, 43.345413, 0.0 ], [ 31.482792, 44.31451, 0.0 ], [ 28.286728, 46.234543, 0.0 ], [ 24.477015, 48.917522, 0.0 ], [ 20.42651, 52.100964, 0.0 ], [ 16.531841, 55.47315, 0.0 ], [ 13.174068, 58.703945, 0.0 ], [ 10.681987, 61.47716, 0.0 ], [ 9.299535, 63.521397, 0.0 ], [ 9.161969, 64.636375, 0.0 ], [ 10.282865, 64.71325, 0.0 ], [ 12.552399, 63.744015, 0.0 ], [ 15.748473, 61.823994, 0.0 ], [ 19.558155, 59.140945, 0.0 ], [ 23.608644, 55.957638, 0.0 ], [ 27.503351, 52.58553, 0.0 ], [ 30.86111, 49.354645, 0.0 ], [ 33.35325, 46.58138, 0.0 ], [ 34.735687, 44.537285, 0.0 ]] 
boundary 0: [[ 33.276318, 86.372986, 0.0 ], [ 33.222034, 85.25072, 0.0 ], [ 31.995157, 83.109505, 0.0 ], [ 29.71584, 80.158936, 0.0 ], [ 26.607224, 76.68768, 0.0 ], [ 22.973724, 73.03559, 0.0 ], [ 19.170815, 69.56011, 0.0 ], [ 15.570876, 66.60181, 0.0 ], [ 12.526184, 64.44972, 0.0 ], [ 10.33486, 63.314705, 0.0 ], [ 9.211393, 63.308052, 0.0 ], [ 9.265756, 64.43019, 0.0 ], [ 10.492591, 66.57138, 0.0 ], [ 12.771839, 69.52208, 0.0 ], [ 15.880453, 72.993324, 0.0 ], [ 19.513939, 76.64548, 0.0 ], [ 23.3169, 80.12081, 0.0 ], [ 26.916862, 83.079285, 0.0 ], [ 29.961536, 85.23129, 0.0 ], [ 32.152824, 86.3662, 0.0 ]] 
boundary 1: [[ 33.27624, 41.627083, 0.0 ], [ 32.152836, 41.633736, 0.0 ], [ 29.961544, 42.768692, 0.0 ], [ 26.916868, 44.92074, 0.0 ], [ 23.316898, 47.87921, 0.0 ], [ 19.513971, 51.354637, 0.0 ], [ 15.880456, 55.006714, 0.0 ], [ 12.77186, 58.47793, 0.0 ], [ 10.492586, 61.428535, 0.0 ], [ 9.265745, 63.569786, 0.0 ], [ 9.211352, 64.69188, 0.0 ], [ 10.334863, 64.685326, 0.0 ], [ 12.52616, 63.550243, 0.0 ], [ 15.570838, 61.398197, 0.0 ], [ 19.17077, 58.439663, 0.0 ], [ 22.973698, 54.96438, 0.0 ], [ 26.607256, 51.31237, 0.0 ], [ 29.715832, 47.84108, 0.0 ], [ 31.995157, 44.89041, 0.0 ], [ 33.222004, 42.74931, 0.0 ]] 
boundary 0: [[ 32.14884, 87.492905, 0.0 ], [ 32.14977, 86.36932, 0.0 ], [ 31.029575, 84.17042, 0.0 ], [ 28.897985, 81.111404, 0.0 ], [ 25.963686, 77.49161, 0.0 ], [ 22.514015, 73.665405, 0.0 ], [ 18.886467, 70.00726, 0.0 ], [ 15.436231, 66.87567, 0.0 ], [ 12.500955, 64.57657, 0.0 ], [ 10.368046, 63.335262, 0.0 ], [ 9.246264, 63.27342, 0.0 ], [ 9.245425, 64.396866, 0.0 ], [ 10.365574, 66.59576, 0.0 ], [ 12.497088, 69.654884, 0.0 ], [ 15.431391, 73.27466, 0.0 ], [ 18.881042, 77.10094, 0.0 ], [ 22.508652, 80.758934, 0.0 ], [ 25.958899, 83.8907, 0.0 ], [ 28.894161, 86.18973, 0.0 ], [ 31.02704, 87.43092, 0.0 ]] 
boundary 1: [[ 32.148773, 40.50718, 0.0 ], [ 31.027048, 40.56902, 0.0 ], [ 28.894167, 41.81027, 0.0 ], [ 25.958906, 44.10932, 0.0 ], [ 22.508648, 47.24108, 0.0 ], [ 18.881077, 50.899178, 0.0 ], [ 15.431395, 54.72537, 0.0 ], [ 12.497109, 58.345127, 0.0 ], [ 10.365562, 61.404163, 0.0 ], [ 9.245415, 63.603107, 0.0 ], [ 9.24622, 64.72652, 0.0 ], [ 10.368049, 64.664764, 0.0 ], [ 12.500931, 63.42339, 0.0 ], [ 15.4361925, 61.124348, 0.0 ], [ 18.886412, 57.992504, 0.0 ], [ 22.513988, 54.334568, 0.0 ], [ 25.963718, 50.50844, 0.0 ], [ 28.897978, 46.888607, 0.0 ], [ 31.029575, 43.829514, 0.0 ], [ 32.149746, 41.630714, 0.0 ]] 
boundary 0: [[ 31.185446, 88.36788, 0.0 ], [ 31.231586, 87.24524, 0.0 ], [ 30.20079, 85.003044, 0.0 ], [ 28.194027, 81.860725, 0.0 ], [ 25.407772, 78.125786, 0.0 ], [ 22.114872, 74.16385, 0.0 ], [ 18.63747, 70.362686, 0.0 ], [ 15.31605, 67.0948, 0.0 ], [ 12.475675, 64.67943, 0.0 ], [ 10.3944435, 63.353294, 0.0 ], [ 9.276061, 63.24636, 0.0 ], [ 9.230012, 64.36886, 0.0 ], [ 10.260764, 66.611046, 0.0 ], [ 12.267447, 69.75346, 0.0 ], [ 15.053706, 73.4884, 0.0 ], [ 18.346588, 77.45041, 0.0 ], [ 21.824055, 81.25142, 0.0 ], [ 25.145477, 84.51951, 0.0 ], [ 27.985846, 86.934784, 0.0 ], [ 30.067047, 88.26082, 0.0 ]] 
boundary 1: [[ 31.185379, 39.632217, 0.0 ], [ 30.067053, 39.739132, 0.0 ], [ 27.985851, 41.06522, 0.0 ], [ 25.145485, 43.48053, 0.0 ], [ 21.82405, 46.748592, 0.0 ], [ 18.34663, 50.549706, 0.0 ], [ 15.053712, 54.511627, 0.0 ], [ 12.267468, 58.246532, 0.0 ], [ 10.26075, 61.38887, 0.0 ], [ 9.2300005, 63.63111, 0.0 ], [ 9.276011, 64.75358, 0.0 ], [ 10.394449, 64.646736, 0.0 ], [ 12.475647, 63.32053, 0.0 ], [ 15.316014, 60.905235, 0.0 ], [ 18.637405, 57.637077, 0.0 ], [ 22.114845, 53.83612, 0.0 ], [ 25.40781, 49.874268, 0.0 ], [ 28.19402, 46.13929, 0.0 ], [ 30.200788, 42.996887, 0.0 ], [ 31.231565, 40.754803, 0.0 ]] 
boundary 0: [[ 30.766779, 88.726776, 0.0 ], [ 30.832058, 87.60509, 0.0 ], [ 29.839653, 85.34564, 0.0 ], [ 27.886774, 82.169556, 0.0 ], [ 25.164616, 78.38762, 0.0 ], [ 21.93976, 74.370125, 0.0 ], [ 18.527695, 70.51018, 0.0 ], [ 15.262489, 67.18614, 0.0 ], [ 12.463717, 64.72269, 0.0 ], [ 10.405405, 63.36125, 0.0 ], [ 9.289009, 63.235264, 0.0 ], [ 9.223824, 64.35681, 0.0 ], [ 10.2161875, 66.61625, 0.0 ], [ 12.168987, 69.79243, 0.0 ], [ 14.891146, 73.574356, 0.0 ], [ 18.115978, 77.591934, 0.0 ], [ 21.528118, 81.451706, 0.0 ], [ 24.793324, 84.77597, 0.0 ], [ 27.592083, 87.23932, 0.0 ], [ 29.650366, 88.600655, 0.0 ]] 
boundary 1: [[ 30.766712, 39.27332, 0.0 ], [ 29.650372, 39.3993, 0.0 ], [ 27.592089, 40.760696, 0.0 ], [ 24.793331, 43.224075, 0.0 ], [ 21.528114, 46.54831, 0.0 ], [ 18.11602, 50.408173, 0.0 ], [ 14.891151, 54.425694, 0.0 ], [ 12.169008, 58.20756, 0.0 ], [ 10.216172, 61.383667, 0.0 ], [ 9.223812, 63.64316, 0.0 ], [ 9.2889595, 64.76468, 0.0 ], [ 10.405411, 64.63878, 0.0 ], [ 12.463689, 63.27727, 0.0 ], [ 15.262455, 60.81388, 0.0 ], [ 18.527626, 57.489555, 0.0 ], [ 21.939734, 53.629856, 0.0 ], [ 25.164654, 49.61242, 0.0 ], [ 27.886766, 45.83047, 0.0 ], [ 29.839651, 42.654305, 0.0 ], [ 30.832037, 40.394947, 0.0 ]] 
