boundary 0: [[ 28.56007, 90.42898, 0.0 ], [ 28.721626, 89.317085, 0.0 ], [ 27.927525, 86.98062, 0.0 ], [ 26.255447, 83.64806, 0.0 ], [ 23.86914, 79.64583, 0.0 ], [ 21.002155, 75.36551, 0.0 ], [ 17.935131, 71.226234, 0.0 ], [ 14.968311, 67.63311, 0.0 ], [ 12.3920765, 64.93787, 0.0 ], [ 10.458654, 63.404316, 0.0 ], [ 9.357252, 63.182613, 0.0 ], [ 9.195705, 64.29442, 0.0 ], [ 9.989872, 66.63089, 0.0 ], [ 11.661901, 69.96344, 0.0 ], [ 14.048209, 73.9657, 0.0 ], [ 16.915197, 78.246, 0.0 ], [ 19.982212, 82.38525, 0.0 ], [ 22.949007, 85.97841, 0.0 ], [ 25.525263, 88.67369, 0.0 ], [ 27.458687, 90.207214, 0.0 ]] 
boundary 1: [[ 28.560108, 37.57109, 0.0 ], [ 27.458694, 37.792778, 0.0 ], [ 25.525259, 39.326305, 0.0 ], [ 22.949028, 42.02161, 0.0 ], [ 19.982185, 45.61474, 0.0 ], [ 16.915209, 49.754025, 0.0 ], [ 14.0482025, 54.03428, 0.0 ], [ 11.661903, 58.036587, 0.0 ], [ 9.989828, 61.369057, 0.0 ], [ 9.19571, 63.705574, 0.0 ], [ 9.35728, 64.81742, 0.0 ], [ 10.458661, 64.5957, 0.0 ], [ 12.392095, 63.062153, 0.0 ], [ 14.968267, 60.36683, 0.0 ], [ 17.935131, 56.773758, 0.0 ], [ 21.002134, 52.634445, 0.0 ], [ 23.86913, 48.354153, 0.0 ], [ 26.255453, 44.35195, 0.0 ], [ 27.927526, 41.019344, 0.0 ], [ 28.721588, 38.68289, 0.0 ]] 
boundary 0: [[ 35.250534, 84.11181, 0.0 ], [ 35.092342, 82.99943, 0.0 ], [ 33.67225, 80.98126, 0.0 ], [ 31.129133, 78.25466, 0.0 ], [ 27.712078, 75.086685, 0.0 ], [ 23.75547, 71.7873, 0.0 ], [ 19.646656, 68.679596, 0.0 ], [ 15.787828, 66.06769, 0.0 ], [ 12.556699, 64.20729, 0.0 ], [ 10.269585, 63.280457, 0.0 ], [ 9.15033, 63.377987, 0.0 ], [ 9.308509, 64.49028, 0.0 ], [ 10.728676, 66.50842, 0.0 ], [ 13.27174, 69.23505, 0.0 ], [ 16.688808, 72.40304, 0.0 ], [ 20.645412, 75.7024, 0.0 ], [ 24.754208, 78.81009, 0.0 ], [ 28.613018, 81.42202, 0.0 ], [ 31.844189, 83.28247, 0.0 ], [ 34.131294, 84.209274, 0.0 ]] 
boundary 1: [[ 35.250557, 43.888268, 0.0 ], [ 34.1313, 43.790718, 0.0 ], [ 31.844185, 44.717525, 0.0 ], [ 28.613033, 46.577995, 0.0 ], [ 24.754189, 49.189888, 0.0 ], [ 20.645416, 52.297623, 0.0 ], [ 16.688805, 55.596947, 0.0 ], [ 13.271733, 58.764996, 0.0 ], [ 10.728648, 61.491505, 0.0 ], [ 9.308516, 63.509716, 0.0 ], [ 9.150347, 64.622055, 0.0 ], [ 10.269584, 64.71956, 0.0 ], [ 12.556709, 63.79274, 0.0 ], [ 15.787803, 61.93224, 0.0 ], [ 19.646658, 59.3204, 0.0 ], [ 23.755459, 56.212643, 0.0 ], [ 27.712067, 52.913284, 0.0 ], [ 31.129139, 49.745346, 0.0 ], [ 33.672264, 47.018696, 0.0 ], [ 35.09232, 45.00054, 0.0 ]] 
boundary 0: [[ 37.956413, 80.12924, 0.0 ], [ 37.63478, 79.05268, 0.0 ], [ 35.93074, 77.26777, 0.0 ], [ 33.010925, 74.94905, 0.0 ], [ 29.161312, 72.32364, 0.0 ], [ 24.758625, 69.648384, 0.0 ], [ 20.233871, 67.185295, 0.0 ], [ 16.029966, 65.17537, 0.0 ], [ 12.558396, 63.815434, 0.0 ], [ 10.159005, 63.238506, 0.0 ], [ 9.066644, 63.50116, 0.0 ], [ 9.388242, 64.57762, 0.0 ], [ 11.092357, 66.3625, 0.0 ], [ 14.012125, 68.68125, 0.0 ], [ 17.861746, 71.306694, 0.0 ], [ 22.264433, 73.98191, 0.0 ], [ 26.789162, 76.44499, 0.0 ], [ 30.993055, 78.45493, 0.0 ], [ 34.464676, 79.81494, 0.0 ], [ 36.864048, 80.391846, 0.0 ]] 
boundary 1: [[ 37.95642, 47.870827, 0.0 ], [ 36.864056, 47.60815, 0.0 ], [ 34.464676, 48.185055, 0.0 ], [ 30.993069, 49.545074, 0.0 ], [ 26.789146, 51.554977, 0.0 ], [ 22.264433, 54.0181, 0.0 ], [ 17.861742, 56.6933, 0.0 ], [ 14.012112, 59.318787, 0.0 ], [ 11.092339, 61.637417, 0.0 ], [ 9.38825, 63.422363, 0.0 ], [ 9.066652, 64.49889, 0.0 ], [ 10.159001, 64.76152, 0.0 ], [ 12.558401, 64.1846, 0.0 ], [ 16.029951, 62.824547, 0.0 ], [ 20.233875, 60.8147, 0.0 ], [ 24.758621, 58.351547, 0.0 ], [ 29.161314, 55.67633, 0.0 ], [ 33.010925, 53.050957, 0.0 ], [ 35.93076, 50.732178, 0.0 ], [ 37.63477, 48.947273, 0.0 ]] 
boundary 0: [[ 39.316444, 77.49362, 0.0 ], [ 38.897514, 76.45105, 0.0 ], [ 37.0371, 74.829796, 0.0 ], [ 33.9171, 72.788376, 0.0 ], [ 29.843113, 70.52675, 0.0 ], [ 25.213821, 68.266174, 0.0 ], [ 20.482407, 66.22805, 0.0 ], [ 16.112017, 64.61179, 0.0 ], [ 12.53044, 63.575672, 0.0 ], [ 10.088279, 63.221027, 0.0 ], [ 9.024581, 63.582672, 0.0 ], [ 9.443462, 64.62514, 0.0 ], [ 11.303957, 66.24636, 0.0 ], [ 14.423908, 68.28781, 0.0 ], [ 18.4979, 70.54947, 0.0 ], [ 23.127195, 72.81002, 0.0 ], [ 27.858585, 74.84813, 0.0 ], [ 32.228962, 76.46442, 0.0 ], [ 35.810608, 77.500595, 0.0 ], [ 38.25273, 77.85521, 0.0 ]] 
boundary 1: [[ 39.316437, 50.506454, 0.0 ], [ 38.25274, 50.144787, 0.0 ], [ 35.810608, 50.4994, 0.0 ], [ 32.228977, 51.5356, 0.0 ], [ 27.85857, 53.15184, 0.0 ], [ 23.127195, 55.190002, 0.0 ], [ 18.497896, 57.45052, 0.0 ], [ 14.423893, 59.712223, 0.0 ], [ 11.3039465, 61.75355, 0.0 ], [ 9.443473, 63.374847, 0.0 ], [ 9.024585, 64.41737, 0.0 ], [ 10.088274, 64.779, 0.0 ], [ 12.530442, 64.42436, 0.0 ], [ 16.112007, 63.388126, 0.0 ], [ 20.48241, 61.771942, 0.0 ], [ 25.213818, 59.733753, 0.0 ], [ 29.843119, 57.473206, 0.0 ], [ 33.9171, 55.21163, 0.0 ], [ 37.037117, 53.170147, 0.0 ], [ 38.897507, 51.548885, 0.0 ]] 
boundary 0: [[ 40.424316, 74.75848, 0.0 ], [ 39.91208, 73.75842, 0.0 ], [ 37.9116, 72.313545, 0.0 ], [ 34.618465, 70.565094, 0.0 ], [ 30.355251, 68.68434, 0.0 ], [ 25.539139, 66.85523, 0.0 ], [ 20.64161, 65.25698, 0.0 ], [ 16.142063, 64.04592, 0.0 ], [ 12.480934, 63.340652, 0.0 ], [ 10.016611, 63.21014, 0.0 ], [ 8.990317, 63.667263, 0.0 ], [ 9.502499, 64.667206, 0.0 ], [ 11.503055, 66.11204, 0.0 ], [ 14.796136, 67.860535, 0.0 ], [ 19.059366, 69.74133, 0.0 ], [ 23.87548, 71.5704, 0.0 ], [ 28.772984, 73.16863, 0.0 ], [ 33.272522, 74.37974, 0.0 ], [ 36.933716, 75.08505, 0.0 ], [ 39.398003, 75.21553, 0.0 ]] 
boundary 1: [[ 40.424305, 53.241608, 0.0 ], [ 39.39801, 52.784466, 0.0 ], [ 36.933716, 52.914948, 0.0 ], [ 33.272537, 53.62028, 0.0 ], [ 28.77297, 54.83132, 0.0 ], [ 23.87548, 56.429623, 0.0 ], [ 19.059362, 58.258656, 0.0 ], [ 14.79612, 60.139503, 0.0 ], [ 11.503054, 61.88787, 0.0 ], [ 9.502511, 63.332787, 0.0 ], [ 8.990317, 64.33278, 0.0 ], [ 10.016604, 64.78988, 0.0 ], [ 12.480934, 64.65939, 0.0 ], [ 16.142057, 63.954006, 0.0 ], [ 20.641613, 62.743015, 0.0 ], [ 25.53914, 61.144695, 0.0 ], [ 30.35526, 59.315636, 0.0 ], [ 34.618465, 57.434914, 0.0 ], [ 37.911613, 55.68639, 0.0 ], [ 39.91208, 54.2415, 0.0 ]] 
boundary 0: [[ 41.027977, 72.863884, 0.0 ], [ 40.455223, 71.897194, 0.0 ], [ 38.36972, 70.57802, 0.0 ], [ 34.975334, 69.0353, 0.0 ], [ 30.604576, 67.42016, 0.0 ], [ 25.685135, 65.89055, 0.0 ], [ 20.698622, 64.59636, 0.0 ], [ 16.133148, 63.66419, 0.0 ], [ 12.435585, 63.1853, 0.0 ], [ 9.967903, 63.2065, 0.0 ], [ 8.971648, 63.725864, 0.0 ], [ 9.544325, 64.69243, 0.0 ], [ 11.629911, 66.01155, 0.0 ], [ 15.024244, 67.55433, 0.0 ], [ 19.395021, 69.169495, 0.0 ], [ 24.31446, 70.69906, 0.0 ], [ 29.300945, 71.99323, 0.0 ], [ 33.866425, 72.92548, 0.0 ], [ 37.56404, 73.4044, 0.0 ], [ 40.031693, 73.38314, 0.0 ]] 
boundary 1: [[ 41.02796, 55.136215, 0.0 ], [ 40.0317, 54.616844, 0.0 ], [ 37.56404, 54.5956, 0.0 ], [ 33.86644, 55.074547, 0.0 ], [ 29.300936, 56.006714, 0.0 ], [ 24.31446, 57.30095, 0.0 ], [ 19.39502, 58.830486, 0.0 ], [ 15.024224, 60.445717, 0.0 ], [ 11.629915, 61.988354, 0.0 ], [ 9.544338, 63.30757, 0.0 ], [ 8.971644, 64.274185, 0.0 ], [ 9.967895, 64.79352, 0.0 ], [ 12.435584, 64.81474, 0.0 ], [ 16.133146, 64.33575, 0.0 ], [ 20.698626, 63.403625, 0.0 ], [ 25.685148, 62.109364, 0.0 ], [ 30.604586, 60.579815, 0.0 ], [ 34.975334, 58.964703, 0.0 ], [ 38.369736, 57.421913, 0.0 ], [ 40.45523, 56.102722, 0.0 ]] 
boundary 0: [[ 41.46135, 71.17148, 0.0 ], [ 40.837227, 70.23713, 0.0 ], [ 38.683517, 69.032524, 0.0 ], [ 35.21075, 67.6754, 0.0 ], [ 30.75913, 66.298676, 0.0 ], [ 25.764256, 65.037, 0.0 ], [ 20.715122, 64.01403, 0.0 ], [ 16.105963, 63.32981, 0.0 ], [ 12.38793, 63.05134, 0.0 ], [ 9.9249935, 63.2058, 0.0 ], [ 8.958245, 63.778214, 0.0 ], [ 9.582293, 64.71243, 0.0 ], [ 11.736082, 65.91697, 0.0 ], [ 15.20879, 67.27417, 0.0 ], [ 19.660425, 68.65092, 0.0 ], [ 24.6553, 69.91254, 0.0 ], [ 29.704407, 70.93548, 0.0 ], [ 34.313576, 71.61978, 0.0 ], [ 38.031666, 71.89829, 0.0 ], [ 40.494564, 71.74378, 0.0 ]] 
boundary 1: [[ 41.461327, 56.828625, 0.0 ], [ 40.49458, 56.256207, 0.0 ], [ 38.031666, 56.10171, 0.0 ], [ 34.31359, 56.38025, 0.0 ], [ 29.704401, 57.064457, 0.0 ], [ 24.6553, 58.087475, 0.0 ], [ 19.660421, 59.34907, 0.0 ], [ 15.208768, 60.72588, 0.0 ], [ 11.736091, 62.082928, 0.0 ], [ 9.582306, 63.28757, 0.0 ], [ 8.958239, 64.22187, 0.0 ], [ 9.924984, 64.79423, 0.0 ], [ 12.387926, 64.9487, 0.0 ], [ 16.105965, 64.670105, 0.0 ], [ 20.71513, 63.985943, 0.0 ], [ 25.764278, 62.96291, 0.0 ], [ 30.759144, 61.701298, 0.0 ], [ 35.21075, 60.324615, 0.0 ], [ 38.683533, 58.96741, 0.0 ], [ 40.837234, 57.762787, 0.0 ]] 
boundary 0: [[ 41.696518, 70.04535, 0.0 ], [ 41.03955, 69.1338, 0.0 ], [ 38.844353, 68.00658, 0.0 ], [ 35.325497, 66.77385, 0.0 ], [ 30.827723, 65.55636, 0.0 ], [ 25.791119, 64.47317, 0.0 ], [ 20.708794, 63.63047, 0.0 ], [ 16.078213, 63.11065, 0.0 ], [ 12.352628, 62.96462, 0.0 ], [ 9.896746, 63.206604, 0.0 ], [ 8.950973, 63.81304, 0.0 ], [ 9.607857, 64.724464, 0.0 ], [ 11.803136, 65.85162, 0.0 ], [ 15.321927, 67.08442, 0.0 ], [ 19.819727, 68.30193, 0.0 ], [ 24.856316, 69.38507, 0.0 ], [ 29.938622, 70.227745, 0.0 ], [ 34.56921, 70.74764, 0.0 ], [ 38.29486, 70.893715, 0.0 ], [ 40.7507, 70.651695, 0.0 ]] 
boundary 1: [[ 41.696487, 57.954758, 0.0 ], [ 40.750717, 57.34831, 0.0 ], [ 38.294853, 57.10629, 0.0 ], [ 34.569225, 57.252388, 0.0 ], [ 29.938618, 57.772194, 0.0 ], [ 24.856316, 58.61494, 0.0 ], [ 19.819723, 59.698048, 0.0 ], [ 15.321904, 60.915623, 0.0 ], [ 11.803149, 62.14827, 0.0 ], [ 9.60787, 63.275536, 0.0 ], [ 8.950962, 64.18704, 0.0 ], [ 9.896735, 64.793434, 0.0 ], [ 12.352622, 65.03542, 0.0 ], [ 16.078218, 64.88927, 0.0 ], [ 20.708801, 64.369514, 0.0 ], [ 25.791143, 63.526745, 0.0 ], [ 30.82774, 62.44362, 0.0 ], [ 35.325497, 61.22617, 0.0 ], [ 38.844368, 59.993378, 0.0 ], [ 41.03956, 58.866123, 0.0 ]] 
boundary 0: [[ 41.7742, 69.62181, 0.0 ], [ 41.10515, 68.719086, 0.0 ], [ 38.895157, 67.62122, 0.0 ], [ 35.360184, 66.43543, 0.0 ], [ 30.846605, 65.277954, 0.0 ], [ 25.796017, 64.26193, 0.0 ], [ 20.702915, 63.487003, 0.0 ], [ 16.065825, 63.02889, 0.0 ], [ 12.338623, 62.932487, 0.0 ], [ 9.886183, 63.20716, 0.0 ], [ 8.94857, 63.826138, 0.0 ], [ 9.617533, 64.72874, 0.0 ], [ 11.827629, 65.82656, 0.0 ], [ 15.362524, 67.01238, 0.0 ], [ 19.876137, 68.169876, 0.0 ], [ 24.926708, 69.18585, 0.0 ], [ 30.019783, 69.96077, 0.0 ], [ 34.6569, 70.41896, 0.0 ], [ 38.384155, 70.5154, 0.0 ], [ 40.83655, 70.24069, 0.0 ]] 
boundary 1: [[ 41.774162, 58.37831, 0.0 ], [ 40.836567, 57.759308, 0.0 ], [ 38.384148, 57.484604, 0.0 ], [ 34.656914, 57.581074, 0.0 ], [ 30.01978, 58.039165, 0.0 ], [ 24.926708, 58.814156, 0.0 ], [ 19.876133, 59.83009, 0.0 ], [ 15.362501, 60.98766, 0.0 ], [ 11.827642, 62.173336, 0.0 ], [ 9.617546, 63.271263, 0.0 ], [ 8.94856, 64.17395, 0.0 ], [ 9.886171, 64.79288, 0.0 ], [ 12.338617, 65.06755, 0.0 ], [ 16.065832, 64.97102, 0.0 ], [ 20.702923, 64.512985, 0.0 ], [ 25.796043, 63.737972, 0.0 ], [ 30.846622, 62.72202, 0.0 ], [ 35.360184, 61.564575, 0.0 ], [ 38.895176, 60.37876, 0.0 ], [ 41.105164, 59.280838, 0.0 ]] 
boundary 0: [[ 41.819958, 69.35629, 0.0 ], [ 41.143402, 68.459175, 0.0 ], [ 38.924347, 67.37976, 0.0 ], [ 35.3796, 66.22347, 0.0 ], [ 30.856535, 65.10364, 0.0 ], [ 25.797655, 64.12972, 0.0 ], [ 20.698273, 63.39728, 0.0 ], [ 16.05752, 62.97782, 0.0 ], [ 12.329642, 62.912483, 0.0 ], [ 9.87958, 63.20758, 0.0 ], [ 8.947156, 63.83434, 0.0 ], [ 9.623617, 64.73134, 0.0 ], [ 11.842783, 65.81071, 0.0 ], [ 15.387442, 66.96704, 0.0 ], [ 19.910545, 68.08688, 0.0 ], [ 24.969406, 69.06073, 0.0 ], [ 30.068758, 69.79318, 0.0 ], [ 34.709522, 70.21272, 0.0 ], [ 38.43747, 70.27809, 0.0 ], [ 40.88749, 69.982956, 0.0 ]] 
boundary 1: [[ 41.81992, 58.643833, 0.0 ], [ 40.887505, 58.01704, 0.0 ], [ 38.43746, 57.72191, 0.0 ], [ 34.709538, 57.78731, 0.0 ], [ 30.068754, 58.20675, 0.0 ], [ 24.969406, 58.939274, 0.0 ], [ 19.910542, 59.913086, 0.0 ], [ 15.387417, 61.033005, 0.0 ], [ 11.842798, 62.189186, 0.0 ], [ 9.623631, 63.268654, 0.0 ], [ 8.947144, 64.16572, 0.0 ], [ 9.879567, 64.79245, 0.0 ], [ 12.329637, 65.08756, 0.0 ], [ 16.057528, 65.022095, 0.0 ], [ 20.69828, 64.602715, 0.0 ], [ 25.797686, 63.870167, 0.0 ], [ 30.856552, 62.89633, 0.0 ], [ 35.3796, 61.77654, 0.0 ], [ 38.924362, 60.62022, 0.0 ], [ 41.143417, 59.54075, 0.0 ]] 
boundary 0: [[ 41.833504, 69.27503, 0.0 ], [ 41.154663, 68.37963, 0.0 ], [ 38.93287, 67.30588, 0.0 ], [ 35.385185, 66.158615, 0.0 ], [ 30.859278, 65.0503, 0.0 ], [ 25.797934, 64.08929, 0.0 ], [ 20.696701, 63.369865, 0.0 ], [ 16.054897, 62.962215, 0.0 ], [ 12.326863, 62.906387, 0.0 ], [ 9.877562, 63.20772, 0.0 ], [ 8.946737, 63.83686, 0.0 ], [ 9.625482, 64.73215, 0.0 ], [ 11.847391, 65.805824, 0.0 ], [ 15.394983, 66.95313, 0.0 ], [ 19.920925, 68.061455, 0.0 ], [ 24.982258, 69.0224, 0.0 ], [ 30.083452, 69.74186, 0.0 ], [ 34.725273, 70.149574, 0.0 ], [ 38.453377, 70.20545, 0.0 ], [ 40.902634, 69.90407, 0.0 ]] 
boundary 1: [[ 41.833466, 58.725094, 0.0 ], [ 40.90265, 58.095924, 0.0 ], [ 38.45337, 57.79455, 0.0 ], [ 34.72529, 57.850464, 0.0 ], [ 30.083448, 58.25807, 0.0 ], [ 24.982258, 58.977604, 0.0 ], [ 19.920921, 59.938522, 0.0 ], [ 15.3949585, 61.046913, 0.0 ], [ 11.847406, 62.194054, 0.0 ], [ 9.625495, 63.267876, 0.0 ], [ 8.946723, 64.16323, 0.0 ], [ 9.877549, 64.79231, 0.0 ], [ 12.326858, 65.09368, 0.0 ], [ 16.054905, 65.037674, 0.0 ], [ 20.696709, 64.630165, 0.0 ], [ 25.797964, 63.910603, 0.0 ], [ 30.859295, 62.94965, 0.0 ], [ 35.385185, 61.841385, 0.0 ], [ 38.932884, 60.694103, 0.0 ], [ 41.15468, 59.620285, 0.0 ]] 
boundary 0: [[ 41.7576, 69.71514, 0.0 ], [ 41.091198, 68.81043, 0.0 ], [ 38.884453, 67.70609, 0.0 ], [ 35.35295, 66.50994, 0.0 ], [ 30.84278, 65.33922, 0.0 ], [ 25.795189, 64.30841, 0.0 ], [ 20.70438, 63.518585, 0.0 ], [ 16.06865, 63.046867, 0.0 ], [ 12.341739, 62.93955, 0.0 ], [ 9.88851, 63.207024, 0.0 ], [ 8.949084, 63.823254, 0.0 ], [ 9.615399, 64.72783, 0.0 ], [ 11.822268, 65.832085, 0.0 ], [ 15.353676, 67.02828, 0.0 ], [ 19.863882, 68.19901, 0.0 ], [ 24.911459, 69.22978, 0.0 ], [ 30.002232, 70.01963, 0.0 ], [ 34.63797, 70.4914, 0.0 ], [ 38.364952, 70.59876, 0.0 ], [ 40.81814, 70.331245, 0.0 ]] 
boundary 1: [[ 41.75757, 58.285007, 0.0 ], [ 40.818153, 57.668755, 0.0 ], [ 38.364944, 57.401234, 0.0 ], [ 34.637985, 57.508636, 0.0 ], [ 30.002224, 57.980312, 0.0 ], [ 24.911459, 58.770233, 0.0 ], [ 19.863876, 59.80097, 0.0 ], [ 15.353651, 60.971756, 0.0 ], [ 11.822281, 62.16779, 0.0 ], [ 9.615413, 63.272198, 0.0 ], [ 8.949072, 64.17684, 0.0 ], [ 9.888497, 64.793, 0.0 ], [ 12.341734, 65.060524, 0.0 ], [ 16.068657, 64.95303, 0.0 ], [ 20.704388, 64.481445, 0.0 ], [ 25.795216, 63.691494, 0.0 ], [ 30.842796, 62.66073, 0.0 ], [ 35.35295, 61.49006, 0.0 ], [ 38.884468, 60.293888, 0.0 ], [ 41.091213, 59.189487, 0.0 ]] 
boundary 0: [[ 41.548035, 70.77924, 0.0 ], [ 40.91234, 69.85269, 0.0 ], [ 38.74388, 68.67496, 0.0 ], [ 35.254467, 67.361046, 0.0 ], [ 30.786108, 66.03971, 0.0 ], [ 25.775915, 64.84021, 0.0 ], [ 20.71447, 63.88009, 0.0 ], [ 16.097164, 63.25317, 0.0 ], [ 12.375949, 63.020916, 0.0 ], [ 9.91513, 63.205963, 0.0 ], [ 8.955566, 63.790344, 0.0 ], [ 9.591167, 64.71674, 0.0 ], [ 11.759761, 65.89441, 0.0 ], [ 15.2490635, 67.208374, 0.0 ], [ 19.717468, 68.5297, 0.0 ], [ 24.727642, 69.72917, 0.0 ], [ 29.789057, 70.6893, 0.0 ], [ 34.406364, 71.31629, 0.0 ], [ 38.127655, 71.548584, 0.0 ], [ 40.588417, 71.363495, 0.0 ]] 
boundary 1: [[ 41.548004, 57.22091, 0.0 ], [ 40.588432, 56.636505, 0.0 ], [ 38.127647, 56.451412, 0.0 ], [ 34.40638, 56.683754, 0.0 ], [ 29.789045, 57.310635, 0.0 ], [ 24.727642, 58.270844, 0.0 ], [ 19.717464, 59.470284, 0.0 ], [ 15.249039, 60.791676, 0.0 ], [ 11.7597685, 62.10547, 0.0 ], [ 9.591182, 63.283276, 0.0 ], [ 8.955556, 64.20975, 0.0 ], [ 9.915119, 64.79406, 0.0 ], [ 12.375946, 64.97915, 0.0 ], [ 16.097168, 64.74673, 0.0 ], [ 20.714478, 64.119934, 0.0 ], [ 25.775938, 63.1597, 0.0 ], [ 30.786121, 61.960224, 0.0 ], [ 35.254467, 60.638958, 0.0 ], [ 38.743896, 59.32502, 0.0 ], [ 40.912346, 58.14723, 0.0 ]] 
boundary 0: [[ 41.245453, 72.06222, 0.0 ], [ 40.64804, 71.11052, 0.0 ], [ 38.529396, 69.84538, 0.0 ], [ 35.09642, 68.39033, 0.0 ], [ 30.68564, 66.88797, 0.0 ], [ 25.728502, 65.48525, 0.0 ], [ 20.710398, 64.31962, 0.0 ], [ 16.12248, 63.505028, 0.0 ], [ 12.413826, 63.12129, 0.0 ], [ 9.947511, 63.20588, 0.0 ], [ 8.964926, 63.750668, 0.0 ], [ 9.562237, 64.702194, 0.0 ], [ 11.681028, 65.96728, 0.0 ], [ 15.113873, 67.42238, 0.0 ], [ 19.524706, 68.924736, 0.0 ], [ 24.48183, 70.32743, 0.0 ], [ 29.499903, 71.49305, 0.0 ], [ 34.087814, 72.307724, 0.0 ], [ 37.79654, 72.691505, 0.0 ], [ 40.26281, 72.60686, 0.0 ]] 
boundary 1: [[ 41.245422, 55.93794, 0.0 ], [ 40.262825, 55.39313, 0.0 ], [ 37.79653, 55.308495, 0.0 ], [ 34.08783, 55.692314, 0.0 ], [ 29.499887, 56.50688, 0.0 ], [ 24.48183, 57.672592, 0.0 ], [ 19.524702, 59.07525, 0.0 ], [ 15.1138525, 60.577675, 0.0 ], [ 11.681029, 62.032597, 0.0 ], [ 9.562252, 63.297813, 0.0 ], [ 8.964917, 64.24943, 0.0 ], [ 9.9475, 64.79414, 0.0 ], [ 12.413825, 64.87878, 0.0 ], [ 16.122478, 64.494865, 0.0 ], [ 20.710405, 63.68039, 0.0 ], [ 25.728523, 62.514664, 0.0 ], [ 30.68565, 61.111965, 0.0 ], [ 35.09642, 59.60967, 0.0 ], [ 38.52941, 58.154594, 0.0 ], [ 40.64805, 56.889393, 0.0 ]] 
boundary 0: [[ 40.751717, 73.781364, 0.0 ], [ 40.20784, 72.79809, 0.0 ], [ 38.162403, 71.41774, 0.0 ], [ 34.815132, 69.775085, 0.0 ], [ 30.494188, 68.031105, 0.0 ], [ 25.622204, 66.356415, 0.0 ], [ 20.676231, 64.91508, 0.0 ], [ 16.14038, 63.84803, 0.0 ], [ 12.458621, 63.2598, 0.0 ], [ 9.991403, 63.20788, 0.0 ], [ 8.980196, 63.697495, 0.0 ], [ 9.523974, 64.6806, 0.0 ], [ 11.56957, 66.06091, 0.0 ], [ 14.916695, 67.70361, 0.0 ], [ 19.237701, 69.447586, 0.0 ], [ 24.109673, 71.12225, 0.0 ], [ 29.055613, 72.563576, 0.0 ], [ 33.591454, 73.63071, 0.0 ], [ 37.273285, 74.21897, 0.0 ], [ 39.740463, 74.27085, 0.0 ]] 
boundary 1: [[ 40.75169, 54.21879, 0.0 ], [ 39.74048, 53.72915, 0.0 ], [ 37.273277, 53.781025, 0.0 ], [ 33.59147, 54.36934, 0.0 ], [ 29.055588, 55.43636, 0.0 ], [ 24.109673, 56.877777, 0.0 ], [ 19.237698, 58.552402, 0.0 ], [ 14.916681, 60.29644, 0.0 ], [ 11.569562, 61.938965, 0.0 ], [ 9.52399, 63.31941, 0.0 ], [ 8.980193, 64.302605, 0.0 ], [ 9.991392, 64.792145, 0.0 ], [ 12.458626, 64.740265, 0.0 ], [ 16.140377, 64.15185, 0.0 ], [ 20.676239, 63.084938, 0.0 ], [ 25.622215, 61.643494, 0.0 ], [ 30.494194, 59.968826, 0.0 ], [ 34.815132, 58.224926, 0.0 ], [ 38.16242, 56.58224, 0.0 ], [ 40.20784, 55.201817, 0.0 ]] 
boundary 0: [[ 40.077744, 75.69457, 0.0 ], [ 39.596584, 74.67914, 0.0 ], [ 37.64172, 73.17324, 0.0 ], [ 34.404037, 71.32391, 0.0 ], [ 30.20096, 69.31245, 0.0 ], [ 25.443571, 67.33555, 0.0 ], [ 20.59771, 65.5869, 0.0 ], [ 16.137697, 64.23754, 0.0 ], [ 12.500067, 63.4196, 0.0 ], [ 10.040959, 63.213078, 0.0 ], [ 9.00104, 63.63832, 0.0 ], [ 9.482102, 64.653595, 0.0 ], [ 11.437121, 66.15946, 0.0 ], [ 14.674654, 68.008804, 0.0 ], [ 18.877802, 70.0203, 0.0 ], [ 23.635178, 71.99717, 0.0 ], [ 28.481009, 73.74579, 0.0 ], [ 32.94101, 75.095245, 0.0 ], [ 36.57871, 75.913216, 0.0 ], [ 39.037773, 76.11968, 0.0 ]] 
boundary 1: [[ 40.07772, 52.30557, 0.0 ], [ 39.03779, 51.880306, 0.0 ], [ 36.5787, 52.086784, 0.0 ], [ 32.941025, 52.904808, 0.0 ], [ 28.48098, 54.254154, 0.0 ], [ 23.635178, 56.002865, 0.0 ], [ 18.877798, 57.97969, 0.0 ], [ 14.674644, 59.991257, 0.0 ], [ 11.437106, 61.84042, 0.0 ], [ 9.482118, 63.346416, 0.0 ], [ 9.001043, 64.36178, 0.0 ], [ 10.04095, 64.78695, 0.0 ], [ 12.500074, 64.58046, 0.0 ], [ 16.137684, 63.762333, 0.0 ], [ 20.597717, 62.4131, 0.0 ], [ 25.443575, 60.66436, 0.0 ], [ 30.200958, 58.687496, 0.0 ], [ 34.404037, 56.676083, 0.0 ], [ 37.64173, 54.82674, 0.0 ], [ 39.59658, 53.320774, 0.0 ]] 
boundary 0: [[ 39.30949, 77.508865, 0.0 ], [ 38.891075, 76.46601, 0.0 ], [ 37.03156, 74.84385, 0.0 ], [ 33.91252, 72.80076, 0.0 ], [ 29.839764, 70.53703, 0.0 ], [ 25.211613, 68.27403, 0.0 ], [ 20.48125, 66.23348, 0.0 ], [ 16.11171, 64.61498, 0.0 ], [ 12.530651, 63.577007, 0.0 ], [ 10.08869, 63.221092, 0.0 ], [ 9.024799, 63.582207, 0.0 ], [ 9.443133, 64.62488, 0.0 ], [ 11.302803, 66.24703, 0.0 ], [ 14.421683, 68.29014, 0.0 ], [ 18.494514, 70.55391, 0.0 ], [ 23.12265, 72.81686, 0.0 ], [ 27.852983, 74.85739, 0.0 ], [ 32.222504, 76.47598, 0.0 ], [ 35.80363, 77.51399, 0.0 ], [ 38.245564, 77.86985, 0.0 ]] 
boundary 1: [[ 39.309475, 50.49127, 0.0 ], [ 38.24558, 50.130135, 0.0 ], [ 35.803623, 50.486004, 0.0 ], [ 32.22252, 51.52408, 0.0 ], [ 27.852947, 53.142563, 0.0 ], [ 23.122656, 55.183174, 0.0 ], [ 18.49451, 57.446087, 0.0 ], [ 14.421679, 59.70992, 0.0 ], [ 11.30278, 61.75284, 0.0 ], [ 9.443148, 63.375107, 0.0 ], [ 9.024811, 64.417885, 0.0 ], [ 10.08868, 64.77893, 0.0 ], [ 12.530664, 64.42304, 0.0 ], [ 16.11169, 63.384884, 0.0 ], [ 20.481258, 61.766506, 0.0 ], [ 25.211609, 59.725864, 0.0 ], [ 29.839758, 57.462914, 0.0 ], [ 33.91252, 55.19924, 0.0 ], [ 37.03157, 53.156128, 0.0 ], [ 38.89107, 51.533897, 0.0 ]] 
boundary 0: [[ 38.069622, 79.93103, 0.0 ], [ 37.740376, 78.856674, 0.0 ], [ 36.023834, 77.08392, 0.0 ], [ 33.08763, 74.7858, 0.0 ], [ 29.219627, 72.187645, 0.0 ], [ 24.798145, 69.543526, 0.0 ], [ 20.256105, 67.112465, 0.0 ], [ 16.038128, 65.13229, 0.0 ], [ 12.557019, 63.796894, 0.0 ], [ 10.153631, 63.236916, 0.0 ], [ 9.063147, 63.50729, 0.0 ], [ 9.392328, 64.58145, 0.0 ], [ 11.109019, 66.35421, 0.0 ], [ 14.045068, 68.652336, 0.0 ], [ 17.913137, 71.250534, 0.0 ], [ 22.334612, 73.89462, 0.0 ], [ 26.876623, 76.325645, 0.0 ], [ 31.094572, 78.30591, 0.0 ], [ 34.575745, 79.64136, 0.0 ], [ 36.97911, 80.20127, 0.0 ]] 
boundary 1: [[ 38.06962, 48.06911, 0.0 ], [ 36.979126, 47.798706, 0.0 ], [ 34.575737, 48.35864, 0.0 ], [ 31.094599, 49.694145, 0.0 ], [ 26.876581, 51.6743, 0.0 ], [ 22.33462, 54.10542, 0.0 ], [ 17.913134, 56.749454, 0.0 ], [ 14.045068, 59.34773, 0.0 ], [ 11.108985, 61.645645, 0.0 ], [ 9.392342, 63.418537, 0.0 ], [ 9.063163, 64.49279, 0.0 ], [ 10.153625, 64.76311, 0.0 ], [ 12.557035, 64.20315, 0.0 ], [ 16.03809, 62.867573, 0.0 ], [ 20.256113, 60.887527, 0.0 ], [ 24.798134, 58.456375, 0.0 ], [ 29.21962, 55.812298, 0.0 ], [ 33.08763, 53.2142, 0.0 ], [ 36.02385, 50.916065, 0.0 ], [ 37.740364, 49.143223, 0.0 ]] 
boundary 0: [[ 34.720116, 84.76207, 0.0 ], [ 34.590828, 83.64587, 0.0 ], [ 33.223625, 81.5916, 0.0 ], [ 30.75206, 78.799835, 0.0 ], [ 27.418407, 75.5443, 0.0 ], [ 23.548746, 72.143326, 0.0 ], [ 19.521948, 68.93006, 0.0 ], [ 15.732213, 66.21891, 0.0 ], [ 12.550428, 64.27529, 0.0 ], [ 10.288156, 63.28941, 0.0 ], [ 9.1667385, 63.357887, 0.0 ], [ 9.295991, 64.47389, 0.0 ], [ 10.663335, 66.52817, 0.0 ], [ 13.134757, 69.319916, 0.0 ], [ 16.468466, 72.575516, 0.0 ], [ 20.338123, 75.976456, 0.0 ], [ 24.3649, 79.189674, 0.0 ], [ 28.154594, 81.90091, 0.0 ], [ 31.336426, 83.84459, 0.0 ], [ 33.598705, 84.8304, 0.0 ]] 
boundary 1: [[ 34.72014, 43.238068, 0.0 ], [ 33.598717, 43.16958, 0.0 ], [ 31.336418, 44.15541, 0.0 ], [ 28.15463, 46.099144, 0.0 ], [ 24.36485, 48.81028, 0.0 ], [ 20.338139, 52.023582, 0.0 ], [ 16.468462, 55.424465, 0.0 ], [ 13.134768, 58.680153, 0.0 ], [ 10.663275, 61.471695, 0.0 ], [ 9.296003, 63.526096, 0.0 ], [ 9.16677, 64.642204, 0.0 ], [ 10.288151, 64.71061, 0.0 ], [ 12.550453, 63.72474, 0.0 ], [ 15.732153, 61.780964, 0.0 ], [ 19.521954, 59.069935, 0.0 ], [ 23.548721, 55.85659, 0.0 ], [ 27.41839, 52.455658, 0.0 ], [ 30.75206, 49.200157, 0.0 ], [ 33.22364, 46.40838, 0.0 ], [ 34.590797, 44.354042, 0.0 ]] 
boundary 0: [[ 27.758892, 90.97587, 0.0 ], [ 27.953747, 89.869225, 0.0 ], [ 27.230114, 87.51008, 0.0 ], [ 25.658718, 84.12875, 0.0 ], [ 23.393572, 80.0568, 0.0 ], [ 20.65627, 75.69238, 0.0 ], [ 17.714771, 71.46299, 0.0 ], [ 14.8570795, 67.78249, 0.0 ], [ 12.362831, 65.01119, 0.0 ], [ 10.476304, 63.42033, 0.0 ], [ 9.3820305, 63.165707, 0.0 ], [ 9.187202, 64.27215, 0.0 ], [ 9.910965, 66.631355, 0.0 ], [ 11.482228, 70.01262, 0.0 ], [ 13.747414, 74.08465, 0.0 ], [ 16.484718, 78.449036, 0.0 ], [ 19.426205, 82.678375, 0.0 ], [ 22.283842, 86.35893, 0.0 ], [ 24.778112, 89.13031, 0.0 ], [ 26.664669, 90.721115, 0.0 ]] 
boundary 1: [[ 27.758953, 37.02426, 0.0 ], [ 26.664675, 37.278862, 0.0 ], [ 24.778105, 38.86969, 0.0 ], [ 22.283886, 41.641106, 0.0 ], [ 19.42614, 45.321598, 0.0 ], [ 16.484743, 49.55101, 0.0 ], [ 13.7474, 53.91533, 0.0 ], [ 11.48226, 57.98745, 0.0 ], [ 9.910871, 61.36853, 0.0 ], [ 9.18721, 63.727833, 0.0 ], [ 9.382086, 64.834366, 0.0 ], [ 10.476307, 64.579704, 0.0 ], [ 12.3628645, 62.988834, 0.0 ], [ 14.856985, 60.2174, 0.0 ], [ 17.714773, 56.537003, 0.0 ], [ 20.656223, 52.307533, 0.0 ], [ 23.393543, 47.94317, 0.0 ], [ 25.658718, 43.87124, 0.0 ], [ 27.230122, 40.489914, 0.0 ], [ 27.953691, 38.1307, 0.0 ]] 
boundary 0: [[ 28.560051, 90.42902, 0.0 ], [ 28.721622, 89.31703, 0.0 ], [ 27.92755, 86.98065, 0.0 ], [ 26.255434, 83.64799, 0.0 ], [ 23.869162, 79.64581, 0.0 ], [ 21.002174, 75.36547, 0.0 ], [ 17.935133, 71.22621, 0.0 ], [ 14.968325, 67.633095, 0.0 ], [ 12.39207, 64.93786, 0.0 ], [ 10.458672, 63.404305, 0.0 ], [ 9.357253, 63.18262, 0.0 ], [ 9.195702, 64.29441, 0.0 ], [ 9.989906, 66.630844, 0.0 ], [ 11.661889, 69.963455, 0.0 ], [ 14.048202, 73.9657, 0.0 ], [ 16.915192, 78.24602, 0.0 ], [ 19.98222, 82.385216, 0.0 ], [ 22.948975, 85.9784, 0.0 ], [ 25.525253, 88.673706, 0.0 ], [ 27.45868, 90.20721, 0.0 ]] 
boundary 1: [[ 28.560108, 37.571106, 0.0 ], [ 27.458685, 37.79277, 0.0 ], [ 25.525246, 39.32629, 0.0 ], [ 22.949017, 42.02164, 0.0 ], [ 19.982155, 45.614754, 0.0 ], [ 16.915215, 49.754032, 0.0 ], [ 14.048189, 54.034275, 0.0 ], [ 11.661919, 58.036617, 0.0 ], [ 9.989816, 61.36904, 0.0 ], [ 9.19571, 63.705574, 0.0 ], [ 9.357306, 64.81745, 0.0 ], [ 10.4586735, 64.59573, 0.0 ], [ 12.392102, 63.06217, 0.0 ], [ 14.968234, 60.366795, 0.0 ], [ 17.935135, 56.773777, 0.0 ], [ 21.00213, 52.634445, 0.0 ], [ 23.869133, 48.354153, 0.0 ], [ 26.255434, 44.352005, 0.0 ], [ 27.927559, 41.019337, 0.0 ], [ 28.72157, 38.68289, 0.0 ]] 
boundary 0: [[ 35.250538, 84.111855, 0.0 ], [ 35.09233, 82.99938, 0.0 ], [ 33.67228, 80.98129, 0.0 ], [ 31.1291, 78.254585, 0.0 ], [ 27.712093, 75.08667, 0.0 ], [ 23.75547, 71.78726, 0.0 ], [ 19.646645, 68.67957, 0.0 ], [ 15.787838, 66.06767, 0.0 ], [ 12.556691, 64.20729, 0.0 ], [ 10.269596, 63.280445, 0.0 ], [ 9.150332, 63.377987, 0.0 ], [ 9.308503, 64.49027, 0.0 ], [ 10.728693, 66.50836, 0.0 ], [ 13.271732, 69.23506, 0.0 ], [ 16.6888, 72.40304, 0.0 ], [ 20.645412, 75.702415, 0.0 ], [ 24.75421, 78.81006, 0.0 ], [ 28.61299, 81.422035, 0.0 ], [ 31.844183, 83.282486, 0.0 ], [ 34.131287, 84.209274, 0.0 ]] 
boundary 1: [[ 35.250557, 43.888283, 0.0 ], [ 34.131294, 43.79071, 0.0 ], [ 31.844175, 44.71751, 0.0 ], [ 28.613014, 46.578026, 0.0 ], [ 24.754158, 49.1899, 0.0 ], [ 20.64542, 52.29763, 0.0 ], [ 16.688795, 55.59694, 0.0 ], [ 13.271739, 58.76503, 0.0 ], [ 10.7286415, 61.491486, 0.0 ], [ 9.308516, 63.509716, 0.0 ], [ 9.150363, 64.62209, 0.0 ], [ 10.269588, 64.71959, 0.0 ], [ 12.556713, 63.792755, 0.0 ], [ 15.787782, 61.932198, 0.0 ], [ 19.646652, 59.320423, 0.0 ], [ 23.755455, 56.212643, 0.0 ], [ 27.71207, 52.913284, 0.0 ], [ 31.1291, 49.74539, 0.0 ], [ 33.672295, 47.018696, 0.0 ], [ 35.092304, 45.00054, 0.0 ]] 
boundary 0: [[ 37.95642, 80.12929, 0.0 ], [ 37.634766, 79.05264, 0.0 ], [ 35.930775, 77.2678, 0.0 ], [ 33.01088, 74.948975, 0.0 ], [ 29.161327, 72.32362, 0.0 ], [ 24.758617, 69.648346, 0.0 ], [ 20.23386, 67.18527, 0.0 ], [ 16.029974, 65.175354, 0.0 ], [ 12.558389, 63.815434, 0.0 ], [ 10.159015, 63.23849, 0.0 ], [ 9.066647, 63.50116, 0.0 ], [ 9.388235, 64.577614, 0.0 ], [ 11.092365, 66.36244, 0.0 ], [ 14.012118, 68.68127, 0.0 ], [ 17.861738, 71.306694, 0.0 ], [ 22.264437, 73.981926, 0.0 ], [ 26.789162, 76.44496, 0.0 ], [ 30.99303, 78.45495, 0.0 ], [ 34.464676, 79.81496, 0.0 ], [ 36.86404, 80.391846, 0.0 ]] 
boundary 1: [[ 37.956417, 47.870842, 0.0 ], [ 36.864056, 47.608143, 0.0 ], [ 34.46467, 48.18503, 0.0 ], [ 30.993048, 49.545097, 0.0 ], [ 26.789114, 51.554977, 0.0 ], [ 22.264437, 54.01811, 0.0 ], [ 17.861738, 56.69329, 0.0 ], [ 14.012111, 59.318825, 0.0 ], [ 11.092334, 61.637398, 0.0 ], [ 9.38825, 63.422363, 0.0 ], [ 9.066664, 64.49893, 0.0 ], [ 10.159001, 64.76155, 0.0 ], [ 12.558403, 64.184616, 0.0 ], [ 16.029938, 62.8245, 0.0 ], [ 20.233868, 60.814724, 0.0 ], [ 24.758617, 58.351547, 0.0 ], [ 29.161318, 55.67633, 0.0 ], [ 33.010887, 53.050983, 0.0 ], [ 35.93079, 50.732185, 0.0 ], [ 37.634754, 48.947273, 0.0 ]] 
boundary 0: [[ 39.316452, 77.49367, 0.0 ], [ 38.89749, 76.45102, 0.0 ], [ 37.037132, 74.82983, 0.0 ], [ 33.91704, 72.7883, 0.0 ], [ 29.843128, 70.52673, 0.0 ], [ 25.213806, 68.26613, 0.0 ], [ 20.482388, 66.22803, 0.0 ], [ 16.112024, 64.61177, 0.0 ], [ 12.530433, 63.575676, 0.0 ], [ 10.088288, 63.221012, 0.0 ], [ 9.024584, 63.582672, 0.0 ], [ 9.443456, 64.62513, 0.0 ], [ 11.30396, 66.2463, 0.0 ], [ 14.423904, 68.28783, 0.0 ], [ 18.497892, 70.54947, 0.0 ], [ 23.127203, 72.81003, 0.0 ], [ 27.858582, 74.8481, 0.0 ], [ 32.22894, 76.46443, 0.0 ], [ 35.810608, 77.50061, 0.0 ], [ 38.252724, 77.85521, 0.0 ]] 
boundary 1: [[ 39.316437, 50.50647, 0.0 ], [ 38.25274, 50.14478, 0.0 ], [ 35.8106, 50.49938, 0.0 ], [ 32.22895, 51.53562, 0.0 ], [ 27.858538, 53.151833, 0.0 ], [ 23.1272, 55.19001, 0.0 ], [ 18.497896, 57.450512, 0.0 ], [ 14.423889, 59.712254, 0.0 ], [ 11.303944, 61.753532, 0.0 ], [ 9.443473, 63.374847, 0.0 ], [ 9.024595, 64.41741, 0.0 ], [ 10.088271, 64.77903, 0.0 ], [ 12.530442, 64.42438, 0.0 ], [ 16.112001, 63.38808, 0.0 ], [ 20.482395, 61.771965, 0.0 ], [ 25.213814, 59.733753, 0.0 ], [ 29.843122, 57.473206, 0.0 ], [ 33.917057, 55.211655, 0.0 ], [ 37.037148, 53.17016, 0.0 ], [ 38.89749, 51.548885, 0.0 ]] 
boundary 0: [[ 40.42433, 74.75852, 0.0 ], [ 39.91205, 73.75839, 0.0 ], [ 37.91163, 72.313576, 0.0 ], [ 34.618404, 70.565025, 0.0 ], [ 30.355265, 68.684326, 0.0 ], [ 25.539124, 66.85519, 0.0 ], [ 20.641588, 65.25696, 0.0 ], [ 16.142067, 64.0459, 0.0 ], [ 12.4809265, 63.340656, 0.0 ], [ 10.01662, 63.210125, 0.0 ], [ 8.99032, 63.667263, 0.0 ], [ 9.502492, 64.6672, 0.0 ], [ 11.503052, 66.11198, 0.0 ], [ 14.796136, 67.86055, 0.0 ], [ 19.059359, 69.74133, 0.0 ], [ 23.875488, 71.57041, 0.0 ], [ 28.772978, 73.1686, 0.0 ], [ 33.2725, 74.37975, 0.0 ], [ 36.933716, 75.08507, 0.0 ], [ 39.397995, 75.21553, 0.0 ]] 
boundary 1: [[ 40.424297, 53.241623, 0.0 ], [ 39.39801, 52.78446, 0.0 ], [ 36.93371, 52.914925, 0.0 ], [ 33.2725, 53.6203, 0.0 ], [ 28.772938, 54.831314, 0.0 ], [ 23.875484, 56.42963, 0.0 ], [ 19.059362, 58.258648, 0.0 ], [ 14.796114, 60.139526, 0.0 ], [ 11.503053, 61.887848, 0.0 ], [ 9.502511, 63.332787, 0.0 ], [ 8.990323, 64.332825, 0.0 ], [ 10.0166, 64.78991, 0.0 ], [ 12.480933, 64.65941, 0.0 ], [ 16.14206, 63.95396, 0.0 ], [ 20.641598, 62.74304, 0.0 ], [ 25.539137, 61.144695, 0.0 ], [ 30.355265, 59.315636, 0.0 ], [ 34.61842, 57.434937, 0.0 ], [ 37.911644, 55.686405, 0.0 ], [ 39.912064, 54.2415, 0.0 ]] 
boundary 0: [[ 41.027992, 72.86393, 0.0 ], [ 40.455193, 71.89716, 0.0 ], [ 38.36975, 70.57803, 0.0 ], [ 34.975273, 69.03524, 0.0 ], [ 30.604588, 67.42014, 0.0 ], [ 25.68512, 65.8905, 0.0 ], [ 20.698603, 64.59634, 0.0 ], [ 16.133152, 63.664165, 0.0 ], [ 12.435577, 63.185303, 0.0 ], [ 9.96791, 63.206486, 0.0 ], [ 8.971651, 63.725864, 0.0 ], [ 9.544317, 64.69242, 0.0 ], [ 11.629906, 66.01149, 0.0 ], [ 15.024244, 67.554344, 0.0 ], [ 19.395014, 69.169495, 0.0 ], [ 24.314468, 70.69907, 0.0 ], [ 29.300936, 71.9932, 0.0 ], [ 33.8664, 72.9255, 0.0 ], [ 37.56404, 73.40442, 0.0 ], [ 40.031693, 73.383156, 0.0 ]] 
boundary 1: [[ 41.027954, 55.13623, 0.0 ], [ 40.031708, 54.616837, 0.0 ], [ 37.564034, 54.595577, 0.0 ], [ 33.8664, 55.074562, 0.0 ], [ 29.300903, 56.006706, 0.0 ], [ 24.314465, 57.300957, 0.0 ], [ 19.39502, 58.83048, 0.0 ], [ 15.024217, 60.44574, 0.0 ], [ 11.629916, 61.98833, 0.0 ], [ 9.544338, 63.30757, 0.0 ], [ 8.971649, 64.27423, 0.0 ], [ 9.967885, 64.79355, 0.0 ], [ 12.435584, 64.81476, 0.0 ], [ 16.133148, 64.3357, 0.0 ], [ 20.69861, 63.40365, 0.0 ], [ 25.685144, 62.109364, 0.0 ], [ 30.60459, 60.57982, 0.0 ], [ 34.97529, 58.964725, 0.0 ], [ 38.369766, 57.42193, 0.0 ], [ 40.455215, 56.102722, 0.0 ]] 
boundary 0: [[ 41.461365, 71.17152, 0.0 ], [ 40.837196, 70.2371, 0.0 ], [ 38.683548, 69.03254, 0.0 ], [ 35.21069, 67.67535, 0.0 ], [ 30.759142, 66.29866, 0.0 ], [ 25.76424, 65.03697, 0.0 ], [ 20.715103, 64.01401, 0.0 ], [ 16.105965, 63.32979, 0.0 ], [ 12.387922, 63.051342, 0.0 ], [ 9.924999, 63.205784, 0.0 ], [ 8.958248, 63.778214, 0.0 ], [ 9.582285, 64.712425, 0.0 ], [ 11.736074, 65.91691, 0.0 ], [ 15.20879, 67.274185, 0.0 ], [ 19.660418, 68.65092, 0.0 ], [ 24.655308, 69.91255, 0.0 ], [ 29.704395, 70.93545, 0.0 ], [ 34.313553, 71.619804, 0.0 ], [ 38.031666, 71.89831, 0.0 ], [ 40.49457, 71.7438, 0.0 ]] 
boundary 1: [[ 41.46132, 56.82864, 0.0 ], [ 40.494587, 56.2562, 0.0 ], [ 38.03166, 56.10169, 0.0 ], [ 34.313553, 56.380257, 0.0 ], [ 29.704369, 57.06445, 0.0 ], [ 24.655304, 58.087482, 0.0 ], [ 19.660421, 59.349064, 0.0 ], [ 15.208759, 60.725903, 0.0 ], [ 11.7360935, 62.082905, 0.0 ], [ 9.582306, 63.28757, 0.0 ], [ 8.9582405, 64.22192, 0.0 ], [ 9.924974, 64.79426, 0.0 ], [ 12.387926, 64.948715, 0.0 ], [ 16.105968, 64.67006, 0.0 ], [ 20.71511, 63.985966, 0.0 ], [ 25.764275, 62.96291, 0.0 ], [ 30.759148, 61.7013, 0.0 ], [ 35.210705, 60.324635, 0.0 ], [ 38.683563, 58.967426, 0.0 ], [ 40.83722, 57.762787, 0.0 ]] 
boundary 0: [[ 41.696533, 70.045395, 0.0 ], [ 41.03952, 69.133766, 0.0 ], [ 38.844383, 68.00659, 0.0 ], [ 35.325436, 66.7738, 0.0 ], [ 30.827732, 65.55634, 0.0 ], [ 25.791103, 64.47314, 0.0 ], [ 20.708775, 63.630447, 0.0 ], [ 16.078217, 63.110626, 0.0 ], [ 12.35262, 62.964622, 0.0 ], [ 9.89675, 63.20659, 0.0 ], [ 8.950974, 63.81304, 0.0 ], [ 9.607849, 64.72446, 0.0 ], [ 11.803124, 65.85156, 0.0 ], [ 15.321927, 67.084435, 0.0 ], [ 19.81972, 68.30193, 0.0 ], [ 24.856327, 69.385086, 0.0 ], [ 29.938608, 70.227715, 0.0 ], [ 34.569195, 70.747665, 0.0 ], [ 38.29486, 70.89373, 0.0 ], [ 40.75071, 70.65171, 0.0 ]] 
boundary 1: [[ 41.69648, 57.954773, 0.0 ], [ 40.750725, 57.3483, 0.0 ], [ 38.294853, 57.106266, 0.0 ], [ 34.569187, 57.252396, 0.0 ], [ 29.938585, 57.772186, 0.0 ], [ 24.85632, 58.61495, 0.0 ], [ 19.819723, 59.69804, 0.0 ], [ 15.321895, 60.915646, 0.0 ], [ 11.803152, 62.148247, 0.0 ], [ 9.60787, 63.275536, 0.0 ], [ 8.950964, 64.18709, 0.0 ], [ 9.896724, 64.793465, 0.0 ], [ 12.352622, 65.03544, 0.0 ], [ 16.07823, 64.88922, 0.0 ], [ 20.708782, 64.36954, 0.0 ], [ 25.79114, 63.526745, 0.0 ], [ 30.827744, 62.443623, 0.0 ], [ 35.32545, 61.22619, 0.0 ], [ 38.8444, 59.993393, 0.0 ], [ 41.039543, 58.866123, 0.0 ]] 
boundary 0: [[ 41.774216, 69.62186, 0.0 ], [ 41.105118, 68.719055, 0.0 ], [ 38.895187, 67.62123, 0.0 ], [ 35.360123, 66.43539, 0.0 ], [ 30.846615, 65.27794, 0.0 ], [ 25.796001, 64.2619, 0.0 ], [ 20.702896, 63.48698, 0.0 ], [ 16.065828, 63.028866, 0.0 ], [ 12.338615, 62.93249, 0.0 ], [ 9.886188, 63.207146, 0.0 ], [ 8.948572, 63.826138, 0.0 ], [ 9.617525, 64.72872, 0.0 ], [ 11.827617, 65.8265, 0.0 ], [ 15.362526, 67.0124, 0.0 ], [ 19.87613, 68.169876, 0.0 ], [ 24.92672, 69.18587, 0.0 ], [ 30.01977, 69.96074, 0.0 ], [ 34.656883, 70.41898, 0.0 ], [ 38.384155, 70.51542, 0.0 ], [ 40.83656, 70.24071, 0.0 ]] 
boundary 1: [[ 41.774155, 58.378326, 0.0 ], [ 40.836575, 57.7593, 0.0 ], [ 38.384148, 57.48458, 0.0 ], [ 34.656876, 57.58108, 0.0 ], [ 30.019747, 58.039158, 0.0 ], [ 24.926712, 58.814163, 0.0 ], [ 19.876133, 59.830082, 0.0 ], [ 15.362492, 60.987682, 0.0 ], [ 11.827646, 62.173313, 0.0 ], [ 9.617546, 63.271263, 0.0 ], [ 8.948562, 64.173996, 0.0 ], [ 9.88616, 64.79291, 0.0 ], [ 12.338617, 65.067566, 0.0 ], [ 16.065844, 64.97098, 0.0 ], [ 20.702904, 64.51301, 0.0 ], [ 25.79604, 63.737972, 0.0 ], [ 30.846626, 62.722023, 0.0 ], [ 35.360138, 61.564598, 0.0 ], [ 38.895203, 60.37878, 0.0 ], [ 41.10515, 59.280838, 0.0 ]] 
boundary 0: [[ 41.819973, 69.35634, 0.0 ], [ 41.14337, 68.459145, 0.0 ], [ 38.924377, 67.37977, 0.0 ], [ 35.37954, 66.22343, 0.0 ], [ 30.856544, 65.10362, 0.0 ], [ 25.79764, 64.12969, 0.0 ], [ 20.698254, 63.39726, 0.0 ], [ 16.057524, 62.9778, 0.0 ], [ 12.329635, 62.912487, 0.0 ], [ 9.879583, 63.207565, 0.0 ], [ 8.947158, 63.83434, 0.0 ], [ 9.62361, 64.73132, 0.0 ], [ 11.842772, 65.810646, 0.0 ], [ 15.387444, 66.96706, 0.0 ], [ 19.910538, 68.08688, 0.0 ], [ 24.969418, 69.060745, 0.0 ], [ 30.068743, 69.79315, 0.0 ], [ 34.70951, 70.21274, 0.0 ], [ 38.43747, 70.27811, 0.0 ], [ 40.887497, 69.98297, 0.0 ]] 
boundary 1: [[ 41.819912, 58.64385, 0.0 ], [ 40.887512, 58.017033, 0.0 ], [ 38.43746, 57.721886, 0.0 ], [ 34.7095, 57.78732, 0.0 ], [ 30.068722, 58.20674, 0.0 ], [ 24.96941, 58.93928, 0.0 ], [ 19.910542, 59.91308, 0.0 ], [ 15.387407, 61.033028, 0.0 ], [ 11.842802, 62.189163, 0.0 ], [ 9.623631, 63.268654, 0.0 ], [ 8.947145, 64.165764, 0.0 ], [ 9.879555, 64.79248, 0.0 ], [ 12.329637, 65.08758, 0.0 ], [ 16.057539, 65.02205, 0.0 ], [ 20.698261, 64.60274, 0.0 ], [ 25.797682, 63.870167, 0.0 ], [ 30.856556, 62.896336, 0.0 ], [ 35.379555, 61.77656, 0.0 ], [ 38.924393, 60.62024, 0.0 ], [ 41.143402, 59.54075, 0.0 ]] 
boundary 0: [[ 41.83352, 69.27507, 0.0 ], [ 41.154633, 68.3796, 0.0 ], [ 38.9329, 67.305885, 0.0 ], [ 35.385124, 66.15857, 0.0 ], [ 30.859287, 65.050285, 0.0 ], [ 25.797918, 64.08926, 0.0 ], [ 20.696682, 63.369843, 0.0 ], [ 16.054901, 62.962193, 0.0 ], [ 12.326856, 62.90639, 0.0 ], [ 9.877565, 63.207706, 0.0 ], [ 8.946739, 63.83686, 0.0 ], [ 9.625474, 64.73213, 0.0 ], [ 11.84738, 65.80576, 0.0 ], [ 15.394985, 66.95315, 0.0 ], [ 19.920918, 68.061455, 0.0 ], [ 24.98227, 69.022415, 0.0 ], [ 30.083437, 69.74183, 0.0 ], [ 34.725266, 70.14959, 0.0 ], [ 38.453377, 70.20547, 0.0 ], [ 40.90264, 69.90408, 0.0 ]] 
boundary 1: [[ 41.833458, 58.72511, 0.0 ], [ 40.902657, 58.095917, 0.0 ], [ 38.45337, 57.79453, 0.0 ], [ 34.72525, 57.85047, 0.0 ], [ 30.083416, 58.258064, 0.0 ], [ 24.982262, 58.97761, 0.0 ], [ 19.920921, 59.938515, 0.0 ], [ 15.394949, 61.046936, 0.0 ], [ 11.84741, 62.19403, 0.0 ], [ 9.625495, 63.267876, 0.0 ], [ 8.946725, 64.16328, 0.0 ], [ 9.877537, 64.79234, 0.0 ], [ 12.326858, 65.0937, 0.0 ], [ 16.054916, 65.03763, 0.0 ], [ 20.69669, 64.63019, 0.0 ], [ 25.79796, 63.910603, 0.0 ], [ 30.859299, 62.94965, 0.0 ], [ 35.38514, 61.841408, 0.0 ], [ 38.932915, 60.694122, 0.0 ], [ 41.154663, 59.620285, 0.0 ]] 
boundary 0: [[ 41.757614, 69.71517, 0.0 ], [ 41.091167, 68.8104, 0.0 ], [ 38.884483, 67.7061, 0.0 ], [ 35.35289, 66.509895, 0.0 ], [ 30.842789, 65.3392, 0.0 ], [ 25.795174, 64.30838, 0.0 ], [ 20.704361, 63.518562, 0.0 ], [ 16.068653, 63.046844, 0.0 ], [ 12.341731, 62.939552, 0.0 ], [ 9.888514, 63.20701, 0.0 ], [ 8.949086, 63.823254, 0.0 ], [ 9.615392, 64.72781, 0.0 ], [ 11.822257, 65.83202, 0.0 ], [ 15.353678, 67.0283, 0.0 ], [ 19.863874, 68.19901, 0.0 ], [ 24.91147, 69.2298, 0.0 ], [ 30.002216, 70.0196, 0.0 ], [ 34.637962, 70.49142, 0.0 ], [ 38.364952, 70.59878, 0.0 ], [ 40.818146, 70.33126, 0.0 ]] 
boundary 1: [[ 41.75756, 58.285023, 0.0 ], [ 40.81816, 57.668747, 0.0 ], [ 38.364944, 57.40121, 0.0 ], [ 34.637947, 57.508644, 0.0 ], [ 30.002192, 57.980305, 0.0 ], [ 24.911463, 58.77024, 0.0 ], [ 19.863873, 59.80096, 0.0 ], [ 15.3536415, 60.97178, 0.0 ], [ 11.822285, 62.167767, 0.0 ], [ 9.615413, 63.272198, 0.0 ], [ 8.949075, 64.17689, 0.0 ], [ 9.888486, 64.79303, 0.0 ], [ 12.341735, 65.06054, 0.0 ], [ 16.068668, 64.95299, 0.0 ], [ 20.704369, 64.48147, 0.0 ], [ 25.795212, 63.691494, 0.0 ], [ 30.8428, 62.66073, 0.0 ], [ 35.352905, 61.49009, 0.0 ], [ 38.8845, 60.293907, 0.0 ], [ 41.091198, 59.189487, 0.0 ]] 
boundary 0: [[ 41.54805, 70.779274, 0.0 ], [ 40.91231, 69.85266, 0.0 ], [ 38.74391, 68.67497, 0.0 ], [ 35.254406, 67.36099, 0.0 ], [ 30.786118, 66.039696, 0.0 ], [ 25.775904, 64.84018, 0.0 ], [ 20.71445, 63.880062, 0.0 ], [ 16.097168, 63.253147, 0.0 ], [ 12.375941, 63.02092, 0.0 ], [ 9.915133, 63.205948, 0.0 ], [ 8.955568, 63.790344, 0.0 ], [ 9.591161, 64.71673, 0.0 ], [ 11.759752, 65.89434, 0.0 ], [ 15.249065, 67.20839, 0.0 ], [ 19.71746, 68.5297, 0.0 ], [ 24.727654, 69.72919, 0.0 ], [ 29.789042, 70.68927, 0.0 ], [ 34.406357, 71.31631, 0.0 ], [ 38.127655, 71.5486, 0.0 ], [ 40.588425, 71.36351, 0.0 ]] 
boundary 1: [[ 41.547997, 57.220924, 0.0 ], [ 40.58844, 56.636497, 0.0 ], [ 38.12764, 56.45139, 0.0 ], [ 34.40634, 56.683765, 0.0 ], [ 29.789013, 57.310627, 0.0 ], [ 24.727646, 58.27085, 0.0 ], [ 19.71746, 59.470276, 0.0 ], [ 15.249033, 60.7917, 0.0 ], [ 11.759771, 62.105446, 0.0 ], [ 9.591182, 63.283276, 0.0 ], [ 8.955561, 64.20979, 0.0 ], [ 9.915108, 64.79409, 0.0 ], [ 12.375948, 64.979164, 0.0 ], [ 16.09718, 64.74668, 0.0 ], [ 20.714458, 64.11996, 0.0 ], [ 25.775934, 63.1597, 0.0 ], [ 30.786125, 61.960224, 0.0 ], [ 35.25442, 60.63899, 0.0 ], [ 38.743927, 59.325035, 0.0 ], [ 40.91233, 58.14723, 0.0 ]] 
boundary 0: [[ 41.245453, 72.06225, 0.0 ], [ 40.64801, 71.11049, 0.0 ], [ 38.529427, 69.8454, 0.0 ], [ 35.09636, 68.390274, 0.0 ], [ 30.68565, 66.88796, 0.0 ], [ 25.728495, 65.48522, 0.0 ], [ 20.710382, 64.31959, 0.0 ], [ 16.122484, 63.505005, 0.0 ], [ 12.413818, 63.121292, 0.0 ], [ 9.947515, 63.205864, 0.0 ], [ 8.964928, 63.750668, 0.0 ], [ 9.562232, 64.70218, 0.0 ], [ 11.681021, 65.96721, 0.0 ], [ 15.113874, 67.42239, 0.0 ], [ 19.524698, 68.924736, 0.0 ], [ 24.481842, 70.327446, 0.0 ], [ 29.49989, 71.49302, 0.0 ], [ 34.087807, 72.30774, 0.0 ], [ 37.79654, 72.69152, 0.0 ], [ 40.262817, 72.60687, 0.0 ]] 
boundary 1: [[ 41.245415, 55.937954, 0.0 ], [ 40.262833, 55.393124, 0.0 ], [ 37.796524, 55.30847, 0.0 ], [ 34.0878, 55.69233, 0.0 ], [ 29.499855, 56.506874, 0.0 ], [ 24.481834, 57.6726, 0.0 ], [ 19.524698, 59.07524, 0.0 ], [ 15.113848, 60.577698, 0.0 ], [ 11.681031, 62.032574, 0.0 ], [ 9.562252, 63.297813, 0.0 ], [ 8.964924, 64.24947, 0.0 ], [ 9.94749, 64.794174, 0.0 ], [ 12.413829, 64.87879, 0.0 ], [ 16.122488, 64.49482, 0.0 ], [ 20.71039, 63.680412, 0.0 ], [ 25.72852, 62.514664, 0.0 ], [ 30.685654, 61.111965, 0.0 ], [ 35.096375, 59.609703, 0.0 ], [ 38.52944, 58.15461, 0.0 ], [ 40.648033, 56.889393, 0.0 ]] 
boundary 0: [[ 40.751717, 73.781395, 0.0 ], [ 40.207817, 72.79806, 0.0 ], [ 38.162434, 71.417755, 0.0 ], [ 34.81508, 69.775024, 0.0 ], [ 30.494198, 68.0311, 0.0 ], [ 25.622196, 66.356384, 0.0 ], [ 20.676216, 64.91505, 0.0 ], [ 16.140388, 63.84801, 0.0 ], [ 12.458613, 63.259796, 0.0 ], [ 9.991406, 63.207867, 0.0 ], [ 8.980198, 63.697495, 0.0 ], [ 9.523971, 64.68059, 0.0 ], [ 11.569563, 66.060844, 0.0 ], [ 14.916697, 67.70363, 0.0 ], [ 19.237694, 69.447586, 0.0 ], [ 24.109684, 71.12227, 0.0 ], [ 29.055603, 72.563545, 0.0 ], [ 33.591446, 73.63072, 0.0 ], [ 37.273277, 74.21899, 0.0 ], [ 39.74046, 74.27087, 0.0 ]] 
boundary 1: [[ 40.751682, 54.218803, 0.0 ], [ 39.740475, 53.72914, 0.0 ], [ 37.273262, 53.781002, 0.0 ], [ 33.59144, 54.369354, 0.0 ], [ 29.055555, 55.43635, 0.0 ], [ 24.109676, 56.877785, 0.0 ], [ 19.237694, 58.552395, 0.0 ], [ 14.916676, 60.296463, 0.0 ], [ 11.569564, 61.938942, 0.0 ], [ 9.52399, 63.31941, 0.0 ], [ 8.980203, 64.30265, 0.0 ], [ 9.9913845, 64.792175, 0.0 ], [ 12.45863, 64.74028, 0.0 ], [ 16.140379, 64.1518, 0.0 ], [ 20.676224, 63.08496, 0.0 ], [ 25.622211, 61.643494, 0.0 ], [ 30.494198, 59.968826, 0.0 ], [ 34.815086, 58.22496, 0.0 ], [ 38.16245, 56.582256, 0.0 ], [ 40.207825, 55.201817, 0.0 ]] 
boundary 0: [[ 40.07773, 75.6946, 0.0 ], [ 39.59656, 74.67911, 0.0 ], [ 37.64175, 73.173256, 0.0 ], [ 34.40399, 71.32385, 0.0 ], [ 30.20097, 69.31244, 0.0 ], [ 25.44357, 67.33552, 0.0 ], [ 20.597702, 65.58687, 0.0 ], [ 16.137705, 64.23752, 0.0 ], [ 12.500059, 63.419598, 0.0 ], [ 10.040964, 63.213066, 0.0 ], [ 9.001042, 63.63832, 0.0 ], [ 9.482099, 64.65358, 0.0 ], [ 11.437119, 66.159386, 0.0 ], [ 14.674655, 68.00882, 0.0 ], [ 18.877794, 70.0203, 0.0 ], [ 23.63519, 71.997185, 0.0 ], [ 28.480999, 73.74575, 0.0 ], [ 32.941, 75.09526, 0.0 ], [ 36.5787, 75.91323, 0.0 ], [ 39.037766, 76.1197, 0.0 ]] 
boundary 1: [[ 40.077713, 52.305584, 0.0 ], [ 39.03778, 51.8803, 0.0 ], [ 36.578686, 52.08676, 0.0 ], [ 32.940994, 52.904823, 0.0 ], [ 28.480946, 54.254147, 0.0 ], [ 23.635181, 56.002872, 0.0 ], [ 18.877794, 57.979687, 0.0 ], [ 14.674639, 59.99128, 0.0 ], [ 11.437106, 61.840397, 0.0 ], [ 9.482118, 63.346416, 0.0 ], [ 9.001056, 64.361824, 0.0 ], [ 10.040943, 64.78698, 0.0 ], [ 12.500078, 64.580475, 0.0 ], [ 16.137682, 63.762287, 0.0 ], [ 20.59771, 62.413124, 0.0 ], [ 25.443571, 60.66436, 0.0 ], [ 30.200962, 58.687496, 0.0 ], [ 34.40399, 56.67612, 0.0 ], [ 37.641766, 54.826756, 0.0 ], [ 39.596565, 53.320774, 0.0 ]] 
boundary 0: [[ 39.309467, 77.508896, 0.0 ], [ 38.891052, 76.46598, 0.0 ], [ 37.03159, 74.843864, 0.0 ], [ 33.912476, 72.8007, 0.0 ], [ 29.839775, 70.537025, 0.0 ], [ 25.21161, 68.274, 0.0 ], [ 20.481249, 66.23345, 0.0 ], [ 16.111717, 64.61496, 0.0 ], [ 12.530643, 63.577003, 0.0 ], [ 10.088695, 63.22108, 0.0 ], [ 9.024801, 63.582207, 0.0 ], [ 9.44313, 64.62486, 0.0 ], [ 11.302804, 66.246956, 0.0 ], [ 14.421684, 68.29016, 0.0 ], [ 18.494507, 70.55391, 0.0 ], [ 23.122662, 72.81689, 0.0 ], [ 27.852976, 74.85735, 0.0 ], [ 32.222496, 76.476, 0.0 ], [ 35.803623, 77.51401, 0.0 ], [ 38.245556, 77.869865, 0.0 ]] 
boundary 1: [[ 39.309467, 50.491283, 0.0 ], [ 38.24557, 50.130127, 0.0 ], [ 35.803608, 50.48599, 0.0 ], [ 32.22249, 51.524094, 0.0 ], [ 27.852913, 53.142555, 0.0 ], [ 23.122662, 55.18318, 0.0 ], [ 18.494507, 57.44608, 0.0 ], [ 14.421674, 59.70994, 0.0 ], [ 11.302778, 61.752815, 0.0 ], [ 9.443148, 63.375107, 0.0 ], [ 9.024824, 64.41793, 0.0 ], [ 10.088676, 64.77896, 0.0 ], [ 12.530668, 64.42306, 0.0 ], [ 16.111685, 63.38484, 0.0 ], [ 20.48125, 61.76653, 0.0 ], [ 25.211605, 59.725864, 0.0 ], [ 29.839762, 57.462914, 0.0 ], [ 33.912476, 55.19928, 0.0 ], [ 37.031605, 53.156143, 0.0 ], [ 38.891056, 51.533897, 0.0 ]] 
boundary 0: [[ 38.0696, 79.93106, 0.0 ], [ 37.74036, 78.85664, 0.0 ], [ 36.023865, 77.08394, 0.0 ], [ 33.087585, 74.785736, 0.0 ], [ 29.219639, 72.18764, 0.0 ], [ 24.798145, 69.543495, 0.0 ], [ 20.256107, 67.112434, 0.0 ], [ 16.038136, 65.13227, 0.0 ], [ 12.557013, 63.79689, 0.0 ], [ 10.153636, 63.236904, 0.0 ], [ 9.0631485, 63.50729, 0.0 ], [ 9.392326, 64.581436, 0.0 ], [ 11.109027, 66.35413, 0.0 ], [ 14.045067, 68.65236, 0.0 ], [ 17.91313, 71.25053, 0.0 ], [ 22.334618, 73.89465, 0.0 ], [ 26.876617, 76.325615, 0.0 ], [ 31.094564, 78.30592, 0.0 ], [ 34.575737, 79.64137, 0.0 ], [ 36.979103, 80.20129, 0.0 ]] 
boundary 1: [[ 38.06961, 48.069126, 0.0 ], [ 36.97912, 47.7987, 0.0 ], [ 34.57572, 48.358624, 0.0 ], [ 31.094568, 49.694164, 0.0 ], [ 26.876543, 51.674294, 0.0 ], [ 22.334623, 54.105427, 0.0 ], [ 17.91313, 56.749447, 0.0 ], [ 14.045065, 59.34775, 0.0 ], [ 11.108982, 61.645622, 0.0 ], [ 9.392342, 63.418537, 0.0 ], [ 9.063184, 64.492836, 0.0 ], [ 10.153623, 64.76314, 0.0 ], [ 12.557041, 64.20316, 0.0 ], [ 16.038084, 62.867527, 0.0 ], [ 20.256105, 60.88755, 0.0 ], [ 24.79813, 58.456375, 0.0 ], [ 29.219624, 55.812298, 0.0 ], [ 33.087585, 53.214237, 0.0 ], [ 36.02388, 50.91608, 0.0 ], [ 37.74035, 49.143223, 0.0 ]] 
boundary 0: [[ 34.720093, 84.7621, 0.0 ], [ 34.590824, 83.64582, 0.0 ], [ 33.223656, 81.59162, 0.0 ], [ 30.752022, 78.79977, 0.0 ], [ 27.41842, 75.54428, 0.0 ], [ 23.548756, 72.143295, 0.0 ], [ 19.521954, 68.93003, 0.0 ], [ 15.732226, 66.21889, 0.0 ], [ 12.550423, 64.27529, 0.0 ], [ 10.288161, 63.289402, 0.0 ], [ 9.16674, 63.357887, 0.0 ], [ 9.295994, 64.47388, 0.0 ], [ 10.663357, 66.52809, 0.0 ], [ 13.134753, 69.31994, 0.0 ], [ 16.46846, 72.575516, 0.0 ], [ 20.338121, 75.97649, 0.0 ], [ 24.364899, 79.189644, 0.0 ], [ 28.154581, 81.900925, 0.0 ], [ 31.336418, 83.8446, 0.0 ], [ 33.598698, 84.830414, 0.0 ]] 
boundary 1: [[ 34.72013, 43.238083, 0.0 ], [ 33.5987, 43.16957, 0.0 ], [ 31.336403, 44.155396, 0.0 ], [ 28.154602, 46.09916, 0.0 ], [ 24.36481, 48.810276, 0.0 ], [ 20.338142, 52.02359, 0.0 ], [ 16.468456, 55.424458, 0.0 ], [ 13.134772, 58.68017, 0.0 ], [ 10.663269, 61.471676, 0.0 ], [ 9.296003, 63.526096, 0.0 ], [ 9.166799, 64.64225, 0.0 ], [ 10.288155, 64.71064, 0.0 ], [ 12.55046, 63.724754, 0.0 ], [ 15.732138, 61.780926, 0.0 ], [ 19.521954, 59.069958, 0.0 ], [ 23.548717, 55.85659, 0.0 ], [ 27.418394, 52.455658, 0.0 ], [ 30.752018, 49.200207, 0.0 ], [ 33.22367, 46.408386, 0.0 ], [ 34.590782, 44.354042, 0.0 ]] 
boundary 0: [[ 27.75886, 90.9759, 0.0 ], [ 27.95376, 89.86918, 0.0 ], [ 27.230137, 87.51009, 0.0 ], [ 25.658703, 84.12868, 0.0 ], [ 23.393589, 80.056786, 0.0 ], [ 20.656288, 75.69235, 0.0 ], [ 17.71479, 71.46296, 0.0 ], [ 14.8571, 67.78248, 0.0 ], [ 12.362825, 65.01119, 0.0 ], [ 10.476312, 63.420322, 0.0 ], [ 9.382032, 63.165707, 0.0 ], [ 9.18721, 64.27213, 0.0 ], [ 9.911008, 66.63129, 0.0 ], [ 11.482219, 70.012634, 0.0 ], [ 13.747408, 74.08464, 0.0 ], [ 16.484709, 78.449066, 0.0 ], [ 19.426214, 82.67835, 0.0 ], [ 22.283825, 86.35895, 0.0 ], [ 24.778103, 89.13031, 0.0 ], [ 26.664661, 90.72113, 0.0 ]] 
boundary 1: [[ 27.758947, 37.024277, 0.0 ], [ 26.664656, 37.278866, 0.0 ], [ 24.778088, 38.869682, 0.0 ], [ 22.283869, 41.64113, 0.0 ], [ 19.42611, 45.32161, 0.0 ], [ 16.484749, 49.55101, 0.0 ], [ 13.747394, 53.91532, 0.0 ], [ 11.482269, 57.987465, 0.0 ], [ 9.910856, 61.36851, 0.0 ], [ 9.18721, 63.727833, 0.0 ], [ 9.382127, 64.834404, 0.0 ], [ 10.476319, 64.579735, 0.0 ], [ 12.362877, 62.988842, 0.0 ], [ 14.856961, 60.217365, 0.0 ], [ 17.714783, 56.537025, 0.0 ], [ 20.65622, 52.30754, 0.0 ], [ 23.393547, 47.94317, 0.0 ], [ 25.658691, 43.871292, 0.0 ], [ 27.230152, 40.4899, 0.0 ], [ 27.953676, 38.1307, 0.0 ]] 
