boundary 0: [[ 28.064606, 90.771286, 0.0 ], [ 28.246773, 89.66267, 0.0 ], [ 27.496351, 87.311844, 0.0 ], [ 25.886654, 83.94871, 0.0 ], [ 23.575317, 79.9027, 0.0 ], [ 20.788536, 75.56975, 0.0 ], [ 17.79914, 71.37408, 0.0 ], [ 14.899752, 67.72627, 0.0 ], [ 12.374181, 64.98352, 0.0 ], [ 10.469645, 63.414215, 0.0 ], [ 9.372569, 63.172016, 0.0 ], [ 9.19038, 64.280594, 0.0 ], [ 9.9408245, 66.631485, 0.0 ], [ 11.550507, 69.994606, 0.0 ], [ 13.861878, 74.04062, 0.0 ], [ 16.64867, 78.373535, 0.0 ], [ 19.638035, 82.56923, 0.0 ], [ 22.537382, 86.21704, 0.0 ], [ 25.062954, 88.95979, 0.0 ], [ 26.967505, 90.5291, 0.0 ]] 
boundary 1: [[ 28.064583, 37.22869, 0.0 ], [ 26.967505, 37.4709, 0.0 ], [ 25.06297, 39.040222, 0.0 ], [ 22.537413, 41.78297, 0.0 ], [ 19.638033, 45.430744, 0.0 ], [ 16.648643, 49.62644, 0.0 ], [ 13.861897, 53.959377, 0.0 ], [ 11.550524, 58.005417, 0.0 ], [ 9.940811, 61.36845, 0.0 ], [ 9.1903515, 63.719376, 0.0 ], [ 9.372596, 64.82805, 0.0 ], [ 10.469632, 64.5858, 0.0 ], [ 12.374223, 63.016537, 0.0 ], [ 14.899759, 60.27374, 0.0 ], [ 17.799177, 56.625954, 0.0 ], [ 20.78854, 52.43028, 0.0 ], [ 23.575302, 48.097275, 0.0 ], [ 25.886635, 44.05127, 0.0 ], [ 27.496387, 40.688244, 0.0 ], [ 28.24678, 38.33735, 0.0 ]] 
boundary 0: [[ 30.945732, 88.574875, 0.0 ], [ 31.00273, 87.45282, 0.0 ], [ 29.994032, 85.20071, 0.0 ], [ 28.018196, 82.03876, 0.0 ], [ 25.268744, 78.27675, 0.0 ], [ 22.01472, 74.28274, 0.0 ], [ 18.574715, 70.44783, 0.0 ], [ 15.285442, 67.14728, 0.0 ], [ 12.468887, 64.704285, 0.0 ], [ 10.400744, 63.35789, 0.0 ], [ 9.283461, 63.239944, 0.0 ], [ 9.226436, 64.36194, 0.0 ], [ 10.235166, 66.614136, 0.0 ], [ 12.21098, 69.77606, 0.0 ], [ 14.960476, 73.5381, 0.0 ], [ 18.214504, 77.53205, 0.0 ], [ 21.65448, 81.367, 0.0 ], [ 24.943714, 84.66755, 0.0 ], [ 27.760271, 87.11055, 0.0 ], [ 29.82842, 88.45694, 0.0 ]] 
boundary 1: [[ 30.945711, 39.425102, 0.0 ], [ 29.82842, 39.543064, 0.0 ], [ 27.760283, 40.889473, 0.0 ], [ 24.943745, 43.332474, 0.0 ], [ 21.654486, 46.632988, 0.0 ], [ 18.214481, 50.467915, 0.0 ], [ 14.960495, 54.4619, 0.0 ], [ 12.210996, 58.22396, 0.0 ], [ 10.235159, 61.385807, 0.0 ], [ 9.226407, 63.638016, 0.0 ], [ 9.28348, 64.760124, 0.0 ], [ 10.400731, 64.64212, 0.0 ], [ 12.468922, 63.295776, 0.0 ], [ 15.285445, 60.852734, 0.0 ], [ 18.574749, 57.5522, 0.0 ], [ 22.014725, 53.717293, 0.0 ], [ 25.26873, 49.723248, 0.0 ], [ 28.018179, 45.961212, 0.0 ], [ 29.994059, 42.799377, 0.0 ], [ 31.002737, 40.547188, 0.0 ]] 
boundary 0: [[ 33.36177, 86.28347, 0.0 ], [ 33.303062, 85.1615, 0.0 ], [ 32.068092, 83.025085, 0.0 ], [ 29.77754, 80.083115, 0.0 ], [ 26.655746, 76.62381, 0.0 ], [ 23.00821, 72.98566, 0.0 ], [ 19.192036, 69.52489, 0.0 ], [ 15.5807495, 66.58014, 0.0 ], [ 12.527876, 64.43978, 0.0 ], [ 10.332228, 63.31323, 0.0 ], [ 9.208736, 63.310806, 0.0 ], [ 9.267408, 64.43272, 0.0 ], [ 10.502421, 66.56923, 0.0 ], [ 12.792957, 69.51118, 0.0 ], [ 15.91479, 72.97049, 0.0 ], [ 19.56233, 76.6086, 0.0 ], [ 23.37848, 80.0694, 0.0 ], [ 26.989725, 83.014175, 0.0 ], [ 30.042597, 85.154526, 0.0 ], [ 32.23826, 86.281075, 0.0 ]] 
boundary 1: [[ 33.361755, 41.716507, 0.0 ], [ 32.23826, 41.718933, 0.0 ], [ 30.042608, 42.845493, 0.0 ], [ 26.989754, 44.985863, 0.0 ], [ 23.378489, 47.930588, 0.0 ], [ 19.562315, 51.39138, 0.0 ], [ 15.914809, 55.02951, 0.0 ], [ 12.79297, 58.488846, 0.0 ], [ 10.502422, 61.430714, 0.0 ], [ 9.2673855, 63.56723, 0.0 ], [ 9.208749, 64.68926, 0.0 ], [ 10.3322115, 64.68679, 0.0 ], [ 12.527903, 63.56029, 0.0 ], [ 15.580751, 61.41988, 0.0 ], [ 19.192066, 58.47514, 0.0 ], [ 23.00821, 55.014362, 0.0 ], [ 26.655737, 51.37617, 0.0 ], [ 29.777525, 47.916862, 0.0 ], [ 32.06811, 44.975006, 0.0 ], [ 33.30307, 42.838505, 0.0 ]] 
boundary 0: [[ 36.36367, 82.62478, 0.0 ], [ 36.141815, 81.52339, 0.0 ], [ 34.608204, 79.59013, 0.0 ], [ 31.91273, 77.014046, 0.0 ], [ 28.319399, 74.04749, 0.0 ], [ 24.179844, 70.98078, 0.0 ], [ 19.89936, 68.11414, 0.0 ], [ 15.896896, 65.7281, 0.0 ], [ 12.564281, 64.05632, 0.0 ], [ 10.227701, 63.262356, 0.0 ], [ 9.115891, 63.423965, 0.0 ], [ 9.337709, 64.52529, 0.0 ], [ 10.871373, 66.458626, 0.0 ], [ 13.566828, 69.0347, 0.0 ], [ 17.1602, 72.00125, 0.0 ], [ 21.299747, 75.06793, 0.0 ], [ 25.580215, 77.93459, 0.0 ], [ 29.582644, 80.32066, 0.0 ], [ 32.915253, 81.99245, 0.0 ], [ 35.251846, 82.786415, 0.0 ]] 
boundary 1: [[ 36.363663, 45.375206, 0.0 ], [ 35.251846, 45.2136, 0.0 ], [ 32.91526, 46.007576, 0.0 ], [ 29.582666, 47.67938, 0.0 ], [ 25.580223, 50.0654, 0.0 ], [ 21.299736, 52.932045, 0.0 ], [ 17.16022, 55.998753, 0.0 ], [ 13.566837, 58.96532, 0.0 ], [ 10.871383, 61.541313, 0.0 ], [ 9.337693, 63.474655, 0.0 ], [ 9.115894, 64.5761, 0.0 ], [ 10.227683, 64.73766, 0.0 ], [ 12.564299, 63.943745, 0.0 ], [ 15.896894, 62.271915, 0.0 ], [ 19.899387, 59.88588, 0.0 ], [ 24.17984, 57.01924, 0.0 ], [ 28.319393, 53.952477, 0.0 ], [ 31.912716, 50.98593, 0.0 ], [ 34.60821, 48.409958, 0.0 ], [ 36.141823, 46.476612, 0.0 ]] 
boundary 0: [[ 38.909554, 78.34656, 0.0 ], [ 38.521248, 77.2923, 0.0 ], [ 36.709023, 75.61739, 0.0 ], [ 33.650032, 73.48561, 0.0 ], [ 29.643898, 71.10587, 0.0 ], [ 25.082623, 68.711, 0.0 ], [ 20.412807, 66.53544, 0.0 ], [ 16.091494, 64.79213, 0.0 ], [ 12.541742, 63.651764, 0.0 ], [ 10.110973, 63.225906, 0.0 ], [ 9.037151, 63.556282, 0.0 ], [ 9.425409, 64.61051, 0.0 ], [ 11.237689, 66.285484, 0.0 ], [ 14.2966585, 68.41723, 0.0 ], [ 18.302843, 70.796974, 0.0 ], [ 22.864103, 73.19182, 0.0 ], [ 27.533907, 75.367386, 0.0 ], [ 31.855188, 77.11075, 0.0 ], [ 35.404938, 78.251114, 0.0 ], [ 37.835716, 78.67697, 0.0 ]] 
boundary 1: [[ 38.909546, 49.65342, 0.0 ], [ 37.835716, 49.32305, 0.0 ], [ 35.404945, 49.74891, 0.0 ], [ 31.855207, 50.889294, 0.0 ], [ 27.533915, 52.6326, 0.0 ], [ 22.864098, 54.808147, 0.0 ], [ 18.302862, 57.203033, 0.0 ], [ 14.296661, 59.582794, 0.0 ], [ 11.237708, 61.714462, 0.0 ], [ 9.425403, 63.38945, 0.0 ], [ 9.037144, 64.44379, 0.0 ], [ 10.11095, 64.7741, 0.0 ], [ 12.541749, 64.34831, 0.0 ], [ 16.09149, 63.207893, 0.0 ], [ 20.41283, 61.46458, 0.0 ], [ 25.082619, 59.289032, 0.0 ], [ 29.643894, 56.894104, 0.0 ], [ 33.650024, 54.514355, 0.0 ], [ 36.709026, 52.382713, 0.0 ], [ 38.521255, 50.707714, 0.0 ]] 
boundary 0: [[ 40.684868, 73.98943, 0.0 ], [ 40.147663, 73.00267, 0.0 ], [ 38.111557, 71.60851, 0.0 ], [ 34.775574, 69.94323, 0.0 ], [ 30.466482, 68.170105, 0.0 ], [ 25.605934, 66.46255, 0.0 ], [ 20.669825, 64.98774, 0.0 ], [ 16.141262, 63.89003, 0.0 ], [ 12.463589, 63.2769, 0.0 ], [ 9.99675, 63.20833, 0.0 ], [ 8.982244, 63.69104, 0.0 ], [ 9.519387, 64.67775, 0.0 ], [ 11.555567, 66.07199, 0.0 ], [ 14.891529, 67.73724, 0.0 ], [ 19.200665, 69.51036, 0.0 ], [ 24.061193, 71.21789, 0.0 ], [ 28.997293, 72.6927, 0.0 ], [ 33.52584, 73.79048, 0.0 ], [ 37.203514, 74.403595, 0.0 ], [ 39.670353, 74.472176, 0.0 ]] 
boundary 1: [[ 40.68486, 54.01055, 0.0 ], [ 39.670353, 53.52784, 0.0 ], [ 37.20352, 53.59642, 0.0 ], [ 33.525856, 54.20957, 0.0 ], [ 28.997303, 55.307274, 0.0 ], [ 24.06119, 56.782074, 0.0 ], [ 19.200684, 58.489643, 0.0 ], [ 14.891526, 60.262794, 0.0 ], [ 11.5555935, 61.92796, 0.0 ], [ 9.519388, 63.322197, 0.0 ], [ 8.982226, 64.30902, 0.0 ], [ 9.996727, 64.79169, 0.0 ], [ 12.463585, 64.72318, 0.0 ], [ 16.14125, 64.11, 0.0 ], [ 20.669847, 63.012287, 0.0 ], [ 25.605925, 61.53749, 0.0 ], [ 30.46648, 59.82988, 0.0 ], [ 34.77557, 58.05672, 0.0 ], [ 38.11155, 56.391594, 0.0 ], [ 40.14767, 54.997337, 0.0 ]] 
boundary 0: [[ 41.535362, 70.83794, 0.0 ], [ 40.901405, 69.91036, 0.0 ], [ 38.735107, 68.728615, 0.0 ], [ 35.24821, 67.408165, 0.0 ], [ 30.782305, 66.07855, 0.0 ], [ 25.774359, 64.86977, 0.0 ], [ 20.714703, 63.900177, 0.0 ], [ 16.09854, 63.264664, 0.0 ], [ 12.377787, 63.025467, 0.0 ], [ 9.916606, 63.20597, 0.0 ], [ 8.955939, 63.78851, 0.0 ], [ 9.589832, 64.716034, 0.0 ], [ 11.756214, 65.89786, 0.0 ], [ 15.243078, 67.21828, 0.0 ], [ 19.709032, 68.54788, 0.0 ], [ 24.716957, 69.75662, 0.0 ], [ 29.776604, 70.726234, 0.0 ], [ 34.39276, 71.36181, 0.0 ], [ 38.113503, 71.601, 0.0 ], [ 40.574696, 71.42052, 0.0 ]] 
boundary 1: [[ 41.535355, 57.162052, 0.0 ], [ 40.574688, 56.579506, 0.0 ], [ 38.11351, 56.399017, 0.0 ], [ 34.39277, 56.638233, 0.0 ], [ 29.776619, 57.273743, 0.0 ], [ 24.716955, 58.243336, 0.0 ], [ 19.709047, 59.45213, 0.0 ], [ 15.2430725, 60.78176, 0.0 ], [ 11.756244, 62.102085, 0.0 ], [ 9.589838, 63.283916, 0.0 ], [ 8.955916, 64.21154, 0.0 ], [ 9.916579, 64.794044, 0.0 ], [ 12.377773, 64.97462, 0.0 ], [ 16.098526, 64.73536, 0.0 ], [ 20.714722, 64.09985, 0.0 ], [ 25.774338, 63.130264, 0.0 ], [ 30.782303, 61.921444, 0.0 ], [ 35.248215, 60.59178, 0.0 ], [ 38.735085, 59.2715, 0.0 ], [ 40.901413, 58.089645, 0.0 ]] 
boundary 0: [[ 41.759666, 69.70353, 0.0 ], [ 41.09295, 68.79922, 0.0 ], [ 38.88578, 67.695694, 0.0 ], [ 35.353897, 66.50077, 0.0 ], [ 30.843302, 65.33169, 0.0 ], [ 25.79533, 64.302765, 0.0 ], [ 20.704235, 63.514713, 0.0 ], [ 16.068304, 63.044678, 0.0 ], [ 12.341377, 62.938683, 0.0 ], [ 9.888223, 63.207073, 0.0 ], [ 8.949001, 63.823597, 0.0 ], [ 9.615657, 64.72786, 0.0 ], [ 11.822912, 65.83146, 0.0 ], [ 15.354762, 67.02636, 0.0 ], [ 19.865398, 68.19541, 0.0 ], [ 24.91335, 69.2243, 0.0 ], [ 30.004433, 70.012375, 0.0 ], [ 34.640373, 70.482475, 0.0 ], [ 38.36729, 70.588455, 0.0 ], [ 40.820454, 70.32009, 0.0 ]] 
boundary 1: [[ 41.75966, 58.29646, 0.0 ], [ 40.82044, 57.679935, 0.0 ], [ 38.3673, 57.411552, 0.0 ], [ 34.64038, 57.51757, 0.0 ], [ 30.004448, 57.987602, 0.0 ], [ 24.913353, 58.775654, 0.0 ], [ 19.865414, 59.804607, 0.0 ], [ 15.354756, 60.973686, 0.0 ], [ 11.822944, 62.16848, 0.0 ], [ 9.615664, 63.27209, 0.0 ], [ 8.9489765, 64.17646, 0.0 ], [ 9.888195, 64.79294, 0.0 ], [ 12.34136, 65.06141, 0.0 ], [ 16.068289, 64.955345, 0.0 ], [ 20.704254, 64.48531, 0.0 ], [ 25.795311, 63.697273, 0.0 ], [ 30.8433, 62.668293, 0.0 ], [ 35.353912, 61.499187, 0.0 ], [ 38.88575, 60.304432, 0.0 ], [ 41.092957, 59.200794, 0.0 ]] 
boundary 0: [[ 41.75378, 69.736176, 0.0 ], [ 41.087994, 68.831184, 0.0 ], [ 38.88196, 67.725395, 0.0 ], [ 35.351295, 66.52684, 0.0 ], [ 30.841927, 65.35313, 0.0 ], [ 25.795006, 64.31903, 0.0 ], [ 20.704727, 63.52577, 0.0 ], [ 16.069279, 63.050972, 0.0 ], [ 12.342466, 62.94116, 0.0 ], [ 9.889033, 63.20702, 0.0 ], [ 8.949183, 63.822594, 0.0 ], [ 9.614911, 64.727516, 0.0 ], [ 11.821032, 65.833405, 0.0 ], [ 15.351654, 67.031906, 0.0 ], [ 19.861092, 68.2056, 0.0 ], [ 24.907974, 69.239655, 0.0 ], [ 29.998255, 70.03297, 0.0 ], [ 34.633698, 70.50782, 0.0 ], [ 38.360508, 70.61762, 0.0 ], [ 40.81394, 70.351776, 0.0 ]] 
boundary 1: [[ 41.753773, 58.26381, 0.0 ], [ 40.813923, 57.648254, 0.0 ], [ 38.360516, 57.382385, 0.0 ], [ 34.633705, 57.492226, 0.0 ], [ 29.99827, 57.967014, 0.0 ], [ 24.907978, 58.76029, 0.0 ], [ 19.861107, 59.794422, 0.0 ], [ 15.351648, 60.96813, 0.0 ], [ 11.821064, 62.166542, 0.0 ], [ 9.614918, 63.272415, 0.0 ], [ 8.949159, 64.17747, 0.0 ], [ 9.889006, 64.79296, 0.0 ], [ 12.34245, 65.05893, 0.0 ], [ 16.069263, 64.94905, 0.0 ], [ 20.704746, 64.47428, 0.0 ], [ 25.794987, 63.681007, 0.0 ], [ 30.841925, 62.646843, 0.0 ], [ 35.35131, 61.473106, 0.0 ], [ 38.88193, 60.27473, 0.0 ], [ 41.088, 59.168823, 0.0 ]] 
boundary 0: [[ 41.41914, 71.35451, 0.0 ], [ 40.80047, 70.41669, 0.0 ], [ 38.653812, 69.19963, 0.0 ], [ 35.18899, 67.82224, 0.0 ], [ 30.745485, 66.419655, 0.0 ], [ 25.757988, 65.129036, 0.0 ], [ 20.71489, 64.076744, 0.0 ], [ 16.109756, 63.365723, 0.0 ], [ 12.393418, 63.065636, 0.0 ], [ 9.929607, 63.205795, 0.0 ], [ 8.959533, 63.77254, 0.0 ], [ 9.578156, 64.710304, 0.0 ], [ 11.724892, 65.92747, 0.0 ], [ 15.189666, 67.30479, 0.0 ], [ 19.633244, 68.70736, 0.0 ], [ 24.6207, 69.99792, 0.0 ], [ 29.663807, 71.05028, 0.0 ], [ 34.268936, 71.76136, 0.0 ], [ 37.985268, 72.06143, 0.0 ], [ 40.449074, 71.92129, 0.0 ]] 
boundary 1: [[ 41.419132, 56.645473, 0.0 ], [ 40.44906, 56.078743, 0.0 ], [ 37.985275, 55.93857, 0.0 ], [ 34.268944, 56.23869, 0.0 ], [ 29.66382, 56.949703, 0.0 ], [ 24.620699, 58.002018, 0.0 ], [ 19.633259, 59.29267, 0.0 ], [ 15.18966, 60.695244, 0.0 ], [ 11.72492, 62.072483, 0.0 ], [ 9.578157, 63.289635, 0.0 ], [ 8.95951, 64.22752, 0.0 ], [ 9.92958, 64.7942, 0.0 ], [ 12.39341, 64.93446, 0.0 ], [ 16.109745, 64.6343, 0.0 ], [ 20.714909, 63.92332, 0.0 ], [ 25.757969, 62.87099, 0.0 ], [ 30.745481, 61.58031, 0.0 ], [ 35.189003, 60.177704, 0.0 ], [ 38.653786, 58.80051, 0.0 ], [ 40.800476, 57.583324, 0.0 ]] 
boundary 0: [[ 40.899757, 73.30192, 0.0 ], [ 40.340714, 72.32738, 0.0 ], [ 38.274055, 70.97894, 0.0 ], [ 34.901783, 69.38836, 0.0 ], [ 30.554296, 67.71164, 0.0 ], [ 25.656906, 66.11279, 0.0 ], [ 20.689167, 64.74832, 0.0 ], [ 16.137276, 63.75177, 0.0 ], [ 12.446854, 63.22073, 0.0 ], [ 9.979097, 63.207108, 0.0 ], [ 8.975596, 63.712315, 0.0 ], [ 9.534593, 64.68679, 0.0 ], [ 11.60132, 66.03534, 0.0 ], [ 14.973552, 67.625854, 0.0 ], [ 19.32111, 69.302574, 0.0 ], [ 24.218468, 70.90135, 0.0 ], [ 29.186216, 72.26588, 0.0 ], [ 33.73809, 73.2625, 0.0 ], [ 37.428513, 73.79353, 0.0 ], [ 39.896255, 73.80718, 0.0 ]] 
boundary 1: [[ 40.89975, 54.698044, 0.0 ], [ 39.89624, 54.192856, 0.0 ], [ 37.42852, 54.20646, 0.0 ], [ 33.7381, 54.737545, 0.0 ], [ 29.186226, 55.734093, 0.0 ], [ 24.218468, 57.098583, 0.0 ], [ 19.321129, 58.697464, 0.0 ], [ 14.973547, 60.37417, 0.0 ], [ 11.601346, 61.9646, 0.0 ], [ 9.534587, 63.31314, 0.0 ], [ 8.975578, 64.28776, 0.0 ], [ 9.979069, 64.79287, 0.0 ], [ 12.446853, 64.77939, 0.0 ], [ 16.137268, 64.248245, 0.0 ], [ 20.689188, 63.251724, 0.0 ], [ 25.656887, 61.88724, 0.0 ], [ 30.554293, 60.28832, 0.0 ], [ 34.901794, 58.61158, 0.0 ], [ 38.27404, 57.021194, 0.0 ], [ 40.34072, 55.672623, 0.0 ]] 
boundary 0: [[ 40.147614, 75.512695, 0.0 ], [ 39.66037, 74.50035, 0.0 ], [ 37.696426, 73.00627, 0.0 ], [ 34.447746, 71.17642, 0.0 ], [ 30.232624, 69.1903, 0.0 ], [ 25.463406, 67.24214, 0.0 ], [ 20.607101, 65.52268, 0.0 ], [ 16.139008, 64.200195, 0.0 ], [ 12.496543, 63.40418, 0.0 ], [ 10.036207, 63.212482, 0.0 ], [ 8.998857, 63.643944, 0.0 ], [ 9.486063, 64.65622, 0.0 ], [ 11.4500675, 66.15042, 0.0 ], [ 14.698706, 67.98017, 0.0 ], [ 18.913906, 69.96632, 0.0 ], [ 23.683102, 71.91439, 0.0 ], [ 28.539402, 73.63393, 0.0 ], [ 33.007477, 74.956474, 0.0 ], [ 36.64994, 75.75249, 0.0 ], [ 39.110268, 75.944214, 0.0 ]] 
boundary 1: [[ 40.147606, 52.487263, 0.0 ], [ 39.110252, 52.05582, 0.0 ], [ 36.64995, 52.247505, 0.0 ], [ 33.007484, 53.043564, 0.0 ], [ 28.53941, 54.36605, 0.0 ], [ 23.68309, 56.085537, 0.0 ], [ 18.913933, 58.03372, 0.0 ], [ 14.698702, 60.019836, 0.0 ], [ 11.450088, 61.84951, 0.0 ], [ 9.486052, 63.34371, 0.0 ], [ 8.998846, 64.35613, 0.0 ], [ 10.036175, 64.7875, 0.0 ], [ 12.496552, 64.59595, 0.0 ], [ 16.139004, 63.79982, 0.0 ], [ 20.607126, 62.477352, 0.0 ], [ 25.463387, 60.75788, 0.0 ], [ 30.232616, 58.809658, 0.0 ], [ 34.44775, 56.82351, 0.0 ], [ 37.696415, 54.993866, 0.0 ], [ 39.660378, 53.499653, 0.0 ]] 
boundary 0: [[ 38.8547, 78.456825, 0.0 ], [ 38.47042, 77.40109, 0.0 ], [ 36.66458, 75.719345, 0.0 ], [ 33.613724, 73.57586, 0.0 ], [ 29.616716, 71.180885, 0.0 ], [ 25.064583, 68.76865, 0.0 ], [ 20.403078, 66.57533, 0.0 ], [ 16.08844, 64.81558, 0.0 ], [ 12.543049, 63.661716, 0.0 ], [ 10.11392, 63.226593, 0.0 ], [ 9.038842, 63.552883, 0.0 ], [ 9.423095, 64.60854, 0.0 ], [ 11.228975, 66.290436, 0.0 ], [ 14.279808, 68.433815, 0.0 ], [ 18.276886, 70.82882, 0.0 ], [ 22.82901, 73.24095, 0.0 ], [ 27.490494, 75.43435, 0.0 ], [ 31.805115, 77.19415, 0.0 ], [ 35.350502, 78.34802, 0.0 ], [ 37.779633, 78.783165, 0.0 ]] 
boundary 1: [[ 38.854683, 49.543133, 0.0 ], [ 37.779617, 49.21686, 0.0 ], [ 35.35051, 49.651962, 0.0 ], [ 31.805128, 50.805874, 0.0 ], [ 27.4905, 52.56562, 0.0 ], [ 22.82899, 54.758965, 0.0 ], [ 18.276917, 57.17121, 0.0 ], [ 14.279805, 59.566196, 0.0 ], [ 11.22899, 61.70949, 0.0 ], [ 9.423078, 63.391388, 0.0 ], [ 9.038839, 64.4472, 0.0 ], [ 10.113886, 64.7734, 0.0 ], [ 12.543071, 64.33841, 0.0 ], [ 16.088436, 63.184425, 0.0 ], [ 20.403112, 61.424694, 0.0 ], [ 25.064568, 59.231377, 0.0 ], [ 29.616709, 56.81908, 0.0 ], [ 33.613724, 54.424072, 0.0 ], [ 36.664574, 52.280807, 0.0 ], [ 38.47043, 50.598915, 0.0 ]] 
boundary 0: [[ 37.575478, 80.77369, 0.0 ], [ 37.278824, 79.690056, 0.0 ], [ 35.616577, 77.866264, 0.0 ], [ 32.751236, 75.48044, 0.0 ], [ 28.963491, 72.76661, 0.0 ], [ 24.623894, 69.99017, 0.0 ], [ 20.157381, 67.42296, 0.0 ], [ 16.001114, 65.316246, 0.0 ], [ 12.561971, 63.876286, 0.0 ], [ 10.176568, 63.243954, 0.0 ], [ 9.078406, 63.481224, 0.0 ], [ 9.375037, 64.56477, 0.0 ], [ 11.037314, 66.388725, 0.0 ], [ 13.902633, 68.77444, 0.0 ], [ 17.690453, 71.4883, 0.0 ], [ 22.030046, 74.26465, 0.0 ], [ 26.496532, 76.831924, 0.0 ], [ 30.652775, 78.9387, 0.0 ], [ 34.09192, 80.37866, 0.0 ], [ 36.477318, 81.011024, 0.0 ]] 
boundary 1: [[ 37.575455, 47.22627, 0.0 ], [ 36.477303, 46.98902, 0.0 ], [ 34.091927, 47.621326, 0.0 ], [ 30.652792, 49.061325, 0.0 ], [ 26.496532, 51.16804, 0.0 ], [ 22.030022, 53.735275, 0.0 ], [ 17.690485, 56.51172, 0.0 ], [ 13.902631, 59.22558, 0.0 ], [ 11.037322, 61.6112, 0.0 ], [ 9.375012, 63.43516, 0.0 ], [ 9.078409, 64.51886, 0.0 ], [ 10.176534, 64.75604, 0.0 ], [ 12.562005, 64.12385, 0.0 ], [ 16.001114, 62.683777, 0.0 ], [ 20.15742, 60.577072, 0.0 ], [ 24.62388, 58.009865, 0.0 ], [ 28.963478, 55.233368, 0.0 ], [ 32.751236, 52.51949, 0.0 ], [ 35.616585, 50.13389, 0.0 ], [ 37.27883, 48.309948, 0.0 ]] 
boundary 0: [[ 35.662956, 83.581375, 0.0 ], [ 35.48165, 82.47261, 0.0 ], [ 34.019924, 80.48449, 0.0 ], [ 31.420736, 77.81118, 0.0 ], [ 27.938635, 74.71491, 0.0 ], [ 23.914299, 71.498474, 0.0 ], [ 19.741802, 68.4768, 0.0 ], [ 15.829516, 65.94563, 0.0 ], [ 12.560442, 64.15276, 0.0 ], [ 10.254551, 63.273647, 0.0 ], [ 9.137558, 63.394382, 0.0 ], [ 9.318859, 64.50308, 0.0 ], [ 10.780588, 66.49136, 0.0 ], [ 13.379778, 69.16455, 0.0 ], [ 16.861946, 72.260864, 0.0 ], [ 20.886282, 75.4772, 0.0 ], [ 25.058746, 78.49895, 0.0 ], [ 28.971003, 81.03016, 0.0 ], [ 32.240086, 82.82306, 0.0 ], [ 34.545963, 83.70217, 0.0 ]] 
boundary 1: [[ 35.662933, 44.41858, 0.0 ], [ 34.545948, 44.297867, 0.0 ], [ 32.240093, 45.176945, 0.0 ], [ 28.97102, 46.96985, 0.0 ], [ 25.058743, 49.50102, 0.0 ], [ 20.88625, 52.52272, 0.0 ], [ 16.861979, 55.73915, 0.0 ], [ 13.379778, 58.83547, 0.0 ], [ 10.780589, 61.508553, 0.0 ], [ 9.31883, 63.49686, 0.0 ], [ 9.137569, 64.6057, 0.0 ], [ 10.254518, 64.72636, 0.0 ], [ 12.56049, 63.84736, 0.0 ], [ 15.829521, 62.054394, 0.0 ], [ 19.741844, 59.523228, 0.0 ], [ 23.914295, 56.501564, 0.0 ], [ 27.938622, 53.285065, 0.0 ], [ 31.420717, 50.188744, 0.0 ], [ 34.01995, 47.51567, 0.0 ], [ 35.48166, 45.52739, 0.0 ]] 
boundary 0: [[ 33.75953, 85.85762, 0.0 ], [ 33.680626, 84.73692, 0.0 ], [ 32.407326, 82.62317, 0.0 ], [ 30.064146, 79.72284, 0.0 ], [ 26.88055, 76.32039, 0.0 ], [ 23.168022, 72.74857, 0.0 ], [ 19.2901, 69.35712, 0.0 ], [ 15.6263275, 66.47796, 0.0 ], [ 12.535376, 64.39297, 0.0 ], [ 10.319785, 63.306152, 0.0 ], [ 9.196428, 63.32398, 0.0 ], [ 9.275328, 64.44463, 0.0 ], [ 10.548632, 66.558525, 0.0 ], [ 12.891815, 69.458755, 0.0 ], [ 16.075472, 72.86124, 0.0 ], [ 19.788013, 76.43297, 0.0 ], [ 23.665892, 79.824486, 0.0 ], [ 27.329632, 82.70369, 0.0 ], [ 30.420593, 84.78873, 0.0 ], [ 32.636173, 85.87552, 0.0 ]] 
boundary 1: [[ 33.759506, 42.142323, 0.0 ], [ 32.63616, 42.124504, 0.0 ], [ 30.4206, 43.21127, 0.0 ], [ 27.32965, 45.296318, 0.0 ], [ 23.665888, 48.175476, 0.0 ], [ 19.787971, 51.566956, 0.0 ], [ 16.075506, 55.138763, 0.0 ], [ 12.891817, 58.54127, 0.0 ], [ 10.548624, 61.441372, 0.0 ], [ 9.275292, 63.555313, 0.0 ], [ 9.196445, 64.67609, 0.0 ], [ 10.319752, 64.69386, 0.0 ], [ 12.535434, 63.607155, 0.0 ], [ 15.626333, 61.522068, 0.0 ], [ 19.290148, 58.642902, 0.0 ], [ 23.16802, 55.251465, 0.0 ], [ 26.880533, 51.67958, 0.0 ], [ 30.064117, 48.277092, 0.0 ], [ 32.407364, 45.376984, 0.0 ], [ 33.680634, 43.263084, 0.0 ]] 
boundary 0: [[ 32.067352, 87.56966, 0.0 ], [ 32.072044, 86.44618, 0.0 ], [ 30.959534, 84.24357, 0.0 ], [ 28.838629, 81.17695, 0.0 ], [ 25.916985, 77.547066, 0.0 ], [ 22.48048, 73.70895, 0.0 ], [ 18.865612, 70.03839, 0.0 ], [ 15.426197, 66.89464, 0.0 ], [ 12.498929, 64.585464, 0.0 ], [ 10.370335, 63.336826, 0.0 ], [ 9.248763, 63.27103, 0.0 ], [ 9.244073, 64.39445, 0.0 ], [ 10.35658, 66.59721, 0.0 ], [ 12.4775, 69.66373, 0.0 ], [ 15.3991995, 73.29364, 0.0 ], [ 18.835728, 77.13166, 0.0 ], [ 22.450539, 80.80228, 0.0 ], [ 25.889921, 83.9461, 0.0 ], [ 28.817194, 86.25531, 0.0 ], [ 30.945782, 87.50393, 0.0 ]] 
boundary 1: [[ 32.06733, 40.430294, 0.0 ], [ 30.945766, 40.4961, 0.0 ], [ 28.8172, 41.744682, 0.0 ], [ 25.88994, 44.053917, 0.0 ], [ 22.450531, 47.197678, 0.0 ], [ 18.835676, 50.86825, 0.0 ], [ 15.399234, 54.70636, 0.0 ], [ 12.477505, 58.336296, 0.0 ], [ 10.3565645, 61.402687, 0.0 ], [ 9.244031, 63.605503, 0.0 ], [ 9.248788, 64.729034, 0.0 ], [ 10.370303, 64.66319, 0.0 ], [ 12.498995, 63.41465, 0.0 ], [ 15.426207, 61.105392, 0.0 ], [ 18.865662, 57.961624, 0.0 ], [ 22.480476, 54.291092, 0.0 ], [ 25.916964, 50.452904, 0.0 ], [ 28.83859, 46.82299, 0.0 ], [ 30.959585, 43.756584, 0.0 ], [ 32.072052, 41.553818, 0.0 ]] 
boundary 0: [[ 30.610458, 88.85759, 0.0 ], [ 30.682678, 87.73643, 0.0 ], [ 29.704584, 85.47092, 0.0 ], [ 27.77186, 82.28233, 0.0 ], [ 25.073711, 78.4834, 0.0 ], [ 21.874144, 74.445656, 0.0 ], [ 18.486471, 70.56443, 0.0 ], [ 15.242251, 67.219604, 0.0 ], [ 12.459093, 64.738625, 0.0 ], [ 10.4094095, 63.364296, 0.0 ], [ 9.293821, 63.231197, 0.0 ], [ 9.221607, 64.3523, 0.0 ], [ 10.199686, 66.61796, 0.0 ], [ 12.132429, 69.80643, 0.0 ], [ 14.830637, 73.6054, 0.0 ], [ 18.030233, 77.64307, 0.0 ], [ 21.41785, 81.524345, 0.0 ], [ 24.66203, 84.86924, 0.0 ], [ 27.445187, 87.35022, 0.0 ], [ 29.494867, 88.72455, 0.0 ]] 
boundary 1: [[ 30.610434, 39.142372, 0.0 ], [ 29.494854, 39.275482, 0.0 ], [ 27.445192, 40.649754, 0.0 ], [ 24.662048, 43.130775, 0.0 ], [ 21.417843, 46.47561, 0.0 ], [ 18.03018, 50.356846, 0.0 ], [ 14.830671, 54.394592, 0.0 ], [ 12.132438, 58.193604, 0.0 ], [ 10.199664, 61.381943, 0.0 ], [ 9.221563, 63.64765, 0.0 ], [ 9.293851, 64.76887, 0.0 ], [ 10.409379, 64.635735, 0.0 ], [ 12.4591675, 63.261482, 0.0 ], [ 15.242268, 60.780434, 0.0 ], [ 18.48652, 57.43559, 0.0 ], [ 21.874144, 53.554398, 0.0 ], [ 25.073689, 49.51657, 0.0 ], [ 27.771818, 45.717598, 0.0 ], [ 29.704647, 42.529236, 0.0 ], [ 30.682686, 40.263573, 0.0 ]] 
boundary 0: [[ 29.220997, 89.950516, 0.0 ], [ 29.354385, 88.83498, 0.0 ], [ 28.50157, 86.519394, 0.0 ], [ 26.745998, 83.22995, 0.0 ], [ 24.259514, 79.289246, 0.0 ], [ 21.2854, 75.08265, 0.0 ], [ 18.114914, 71.02208, 0.0 ], [ 15.0583515, 67.50494, 0.0 ], [ 12.414949, 64.875565, 0.0 ], [ 10.443441, 63.391266, 0.0 ], [ 9.336796, 63.19739, 0.0 ], [ 9.203418, 64.312874, 0.0 ], [ 10.056208, 66.62858, 0.0 ], [ 11.8118, 69.91794, 0.0 ], [ 14.298347, 73.85869, 0.0 ], [ 17.272486, 78.0652, 0.0 ], [ 20.442919, 82.12582, 0.0 ], [ 23.499434, 85.643036, 0.0 ], [ 26.14283, 88.27241, 0.0 ], [ 28.114344, 89.756714, 0.0 ]] 
boundary 1: [[ 29.220966, 38.049446, 0.0 ], [ 28.11433, 38.243332, 0.0 ], [ 26.142834, 39.72757, 0.0 ], [ 23.499453, 42.35699, 0.0 ], [ 20.44291, 45.87413, 0.0 ], [ 17.27243, 49.934715, 0.0 ], [ 14.298382, 54.14129, 0.0 ], [ 11.8118105, 58.082096, 0.0 ], [ 10.056178, 61.371284, 0.0 ], [ 9.20337, 63.687077, 0.0 ], [ 9.336828, 64.80269, 0.0 ], [ 10.443412, 64.608765, 0.0 ], [ 12.4150305, 63.124542, 0.0 ], [ 15.058369, 60.495087, 0.0 ], [ 18.114964, 56.977936, 0.0 ], [ 21.285404, 52.917404, 0.0 ], [ 24.259491, 48.710743, 0.0 ], [ 26.745953, 44.76998, 0.0 ], [ 28.501638, 41.48075, 0.0 ], [ 29.354393, 39.165024, 0.0 ]] 
boundary 0: [[ 27.75947, 90.97541, 0.0 ], [ 27.954218, 89.86892, 0.0 ], [ 27.230495, 87.5098, 0.0 ], [ 25.659132, 84.12847, 0.0 ], [ 23.393911, 80.05655, 0.0 ], [ 20.656483, 75.692245, 0.0 ], [ 17.714916, 71.462906, 0.0 ], [ 14.857114, 67.782425, 0.0 ], [ 12.362846, 65.01118, 0.0 ], [ 10.476259, 63.42034, 0.0 ], [ 9.381997, 63.165703, 0.0 ], [ 9.187265, 64.27211, 0.0 ], [ 9.910956, 66.63133, 0.0 ], [ 11.482344, 70.01259, 0.0 ], [ 13.747625, 74.084564, 0.0 ], [ 16.485083, 78.448784, 0.0 ], [ 19.426594, 82.678185, 0.0 ], [ 22.284344, 86.35872, 0.0 ], [ 24.778606, 89.129974, 0.0 ], [ 26.665203, 90.720795, 0.0 ]] 
boundary 1: [[ 27.759436, 37.024567, 0.0 ], [ 26.66519, 37.279236, 0.0 ], [ 24.778605, 38.870007, 0.0 ], [ 22.284363, 41.641296, 0.0 ], [ 19.42658, 45.321762, 0.0 ], [ 16.485025, 49.551132, 0.0 ], [ 13.747658, 53.91542, 0.0 ], [ 11.482356, 57.98745, 0.0 ], [ 9.910918, 61.368504, 0.0 ], [ 9.187212, 63.72784, 0.0 ], [ 9.382036, 64.8344, 0.0 ], [ 10.47623, 64.57968, 0.0 ], [ 12.362935, 62.988922, 0.0 ], [ 14.857133, 60.217598, 0.0 ], [ 17.714966, 56.537117, 0.0 ], [ 20.656492, 52.30781, 0.0 ], [ 23.393888, 47.943424, 0.0 ], [ 25.659082, 43.871452, 0.0 ], [ 27.230568, 40.49034, 0.0 ], [ 27.954226, 38.13109, 0.0 ]] 
boundary 0: [[ 28.064861, 90.771095, 0.0 ], [ 28.247023, 89.66246, 0.0 ], [ 27.49654, 87.31172, 0.0 ], [ 25.886852, 83.94847, 0.0 ], [ 23.575504, 79.90255, 0.0 ], [ 20.788658, 75.56963, 0.0 ], [ 17.799221, 71.37399, 0.0 ], [ 14.899778, 67.72623, 0.0 ], [ 12.37418, 64.983505, 0.0 ], [ 10.469637, 63.414207, 0.0 ], [ 9.372552, 63.172024, 0.0 ], [ 9.190406, 64.28057, 0.0 ], [ 9.94086, 66.63142, 0.0 ], [ 11.55057, 69.9946, 0.0 ], [ 13.861978, 74.040565, 0.0 ], [ 16.648853, 78.3734, 0.0 ], [ 19.638235, 82.5691, 0.0 ], [ 22.537624, 86.21692, 0.0 ], [ 25.06322, 88.959656, 0.0 ], [ 26.967772, 90.52893, 0.0 ]] 
boundary 1: [[ 28.064827, 37.22888, 0.0 ], [ 26.967758, 37.471096, 0.0 ], [ 25.063217, 39.040325, 0.0 ], [ 22.537643, 41.783096, 0.0 ], [ 19.638222, 45.430847, 0.0 ], [ 16.648796, 49.62652, 0.0 ], [ 13.86201, 53.95942, 0.0 ], [ 11.550581, 58.00544, 0.0 ], [ 9.940824, 61.36842, 0.0 ], [ 9.190353, 63.71938, 0.0 ], [ 9.37259, 64.82808, 0.0 ], [ 10.469607, 64.585815, 0.0 ], [ 12.374268, 63.016598, 0.0 ], [ 14.899797, 60.273796, 0.0 ], [ 17.79927, 56.626026, 0.0 ], [ 20.788666, 52.43042, 0.0 ], [ 23.575481, 48.097424, 0.0 ], [ 25.886803, 44.051453, 0.0 ], [ 27.49661, 40.688423, 0.0 ], [ 28.24703, 38.337543, 0.0 ]] 
boundary 0: [[ 30.945965, 88.574646, 0.0 ], [ 31.002958, 87.45261, 0.0 ], [ 29.994207, 85.20058, 0.0 ], [ 28.018373, 82.038506, 0.0 ], [ 25.268908, 78.27656, 0.0 ], [ 22.014826, 74.2826, 0.0 ], [ 18.574783, 70.44774, 0.0 ], [ 15.285462, 67.14723, 0.0 ], [ 12.468885, 64.70427, 0.0 ], [ 10.400737, 63.357887, 0.0 ], [ 9.283444, 63.239952, 0.0 ], [ 9.226457, 64.361916, 0.0 ], [ 10.235192, 66.61406, 0.0 ], [ 12.211043, 69.77605, 0.0 ], [ 14.960567, 73.53804, 0.0 ], [ 18.214668, 77.5319, 0.0 ], [ 21.654667, 81.36684, 0.0 ], [ 24.94394, 84.6674, 0.0 ], [ 27.760519, 87.11038, 0.0 ], [ 29.828669, 88.45674, 0.0 ]] 
boundary 1: [[ 30.945934, 39.425327, 0.0 ], [ 29.828655, 39.54328, 0.0 ], [ 27.760517, 40.8896, 0.0 ], [ 24.943958, 43.33262, 0.0 ], [ 21.654655, 46.633106, 0.0 ], [ 18.214622, 50.468014, 0.0 ], [ 14.960602, 54.461952, 0.0 ], [ 12.211049, 58.22399, 0.0 ], [ 10.235175, 61.38578, 0.0 ], [ 9.226409, 63.63802, 0.0 ], [ 9.283471, 64.760155, 0.0 ], [ 10.400706, 64.642136, 0.0 ], [ 12.46896, 63.29584, 0.0 ], [ 15.285477, 60.852795, 0.0 ], [ 18.574831, 57.552288, 0.0 ], [ 22.01483, 53.717445, 0.0 ], [ 25.268887, 49.723404, 0.0 ], [ 28.018328, 45.961403, 0.0 ], [ 29.994263, 42.799572, 0.0 ], [ 31.002966, 40.54741, 0.0 ]] 
boundary 0: [[ 33.36198, 86.28322, 0.0 ], [ 33.303276, 85.16127, 0.0 ], [ 32.068256, 83.024925, 0.0 ], [ 29.777689, 80.082825, 0.0 ], [ 26.655891, 76.62362, 0.0 ], [ 23.0083, 72.98551, 0.0 ], [ 19.192093, 69.52479, 0.0 ], [ 15.580764, 66.58009, 0.0 ], [ 12.527873, 64.439766, 0.0 ], [ 10.33222, 63.313225, 0.0 ], [ 9.208721, 63.310814, 0.0 ], [ 9.2674265, 64.43269, 0.0 ], [ 10.502443, 66.56915, 0.0 ], [ 12.793017, 69.51115, 0.0 ], [ 15.914873, 72.97042, 0.0 ], [ 19.562477, 76.60843, 0.0 ], [ 23.378647, 80.06923, 0.0 ], [ 26.989933, 83.01398, 0.0 ], [ 30.042831, 85.15434, 0.0 ], [ 32.238487, 86.28086, 0.0 ]] 
boundary 1: [[ 33.36195, 41.71675, 0.0 ], [ 32.238472, 41.719162, 0.0 ], [ 30.042833, 42.845646, 0.0 ], [ 26.98995, 44.986034, 0.0 ], [ 23.378647, 47.93071, 0.0 ], [ 19.562443, 51.39149, 0.0 ], [ 15.914909, 55.02958, 0.0 ], [ 12.793021, 58.488876, 0.0 ], [ 10.5024395, 61.430687, 0.0 ], [ 9.267387, 63.567234, 0.0 ], [ 9.208737, 64.689285, 0.0 ], [ 10.332186, 64.686806, 0.0 ], [ 12.527934, 63.560364, 0.0 ], [ 15.580774, 61.41994, 0.0 ], [ 19.19214, 58.475235, 0.0 ], [ 23.008303, 55.014534, 0.0 ], [ 26.65588, 51.376343, 0.0 ], [ 29.777653, 47.91706, 0.0 ], [ 32.0683, 44.97522, 0.0 ], [ 33.303284, 42.838745, 0.0 ]] 
boundary 0: [[ 36.363846, 82.6245, 0.0 ], [ 36.141994, 81.52314, 0.0 ], [ 34.608345, 79.58996, 0.0 ], [ 31.912836, 77.01373, 0.0 ], [ 28.319517, 74.04729, 0.0 ], [ 24.17992, 70.98063, 0.0 ], [ 19.899403, 68.114044, 0.0 ], [ 15.896904, 65.72806, 0.0 ], [ 12.564276, 64.056305, 0.0 ], [ 10.227693, 63.262352, 0.0 ], [ 9.115878, 63.423973, 0.0 ], [ 9.337722, 64.52526, 0.0 ], [ 10.871383, 66.45855, 0.0 ], [ 13.566882, 69.03466, 0.0 ], [ 17.160275, 72.001175, 0.0 ], [ 21.299873, 75.06773, 0.0 ], [ 25.580353, 77.934395, 0.0 ], [ 29.58282, 80.32043, 0.0 ], [ 32.915462, 81.99223, 0.0 ], [ 35.252045, 82.786156, 0.0 ]] 
boundary 1: [[ 36.363815, 45.375465, 0.0 ], [ 35.25203, 45.213852, 0.0 ], [ 32.915462, 46.007763, 0.0 ], [ 29.582838, 47.679577, 0.0 ], [ 25.580362, 50.065544, 0.0 ], [ 21.299847, 52.93217, 0.0 ], [ 17.160305, 55.99884, 0.0 ], [ 13.566883, 58.965363, 0.0 ], [ 10.871402, 61.54129, 0.0 ], [ 9.337695, 63.47466, 0.0 ], [ 9.115879, 64.576126, 0.0 ], [ 10.227655, 64.73768, 0.0 ], [ 12.564318, 63.94383, 0.0 ], [ 15.896907, 62.271976, 0.0 ], [ 19.899446, 59.88598, 0.0 ], [ 24.179914, 57.019424, 0.0 ], [ 28.319506, 53.952667, 0.0 ], [ 31.912815, 50.98614, 0.0 ], [ 34.608368, 48.41019, 0.0 ], [ 36.142002, 46.47688, 0.0 ]] 
boundary 0: [[ 38.909683, 78.34626, 0.0 ], [ 38.521378, 77.29201, 0.0 ], [ 36.709137, 75.61719, 0.0 ], [ 33.650093, 73.48529, 0.0 ], [ 29.64398, 71.10565, 0.0 ], [ 25.082672, 68.71082, 0.0 ], [ 20.412834, 66.53534, 0.0 ], [ 16.091497, 64.79208, 0.0 ], [ 12.541733, 63.65175, 0.0 ], [ 10.110965, 63.225906, 0.0 ], [ 9.03714, 63.55629, 0.0 ], [ 9.42542, 64.61047, 0.0 ], [ 11.237687, 66.28541, 0.0 ], [ 14.296705, 68.41718, 0.0 ], [ 18.302906, 70.79689, 0.0 ], [ 22.864197, 73.191605, 0.0 ], [ 27.534008, 75.367165, 0.0 ], [ 31.855328, 77.11049, 0.0 ], [ 35.405113, 78.25087, 0.0 ], [ 37.835876, 78.67669, 0.0 ]] 
boundary 1: [[ 38.909653, 49.653694, 0.0 ], [ 37.83586, 49.323322, 0.0 ], [ 35.405113, 49.749126, 0.0 ], [ 31.855345, 50.88952, 0.0 ], [ 27.534029, 52.632767, 0.0 ], [ 22.864185, 54.80829, 0.0 ], [ 18.302937, 57.203133, 0.0 ], [ 14.296703, 59.58284, 0.0 ], [ 11.237728, 61.714443, 0.0 ], [ 9.425404, 63.389454, 0.0 ], [ 9.037124, 64.44381, 0.0 ], [ 10.110923, 64.77411, 0.0 ], [ 12.541754, 64.3484, 0.0 ], [ 16.091492, 63.20796, 0.0 ], [ 20.41288, 61.464684, 0.0 ], [ 25.08266, 59.289227, 0.0 ], [ 29.643974, 56.894314, 0.0 ], [ 33.650097, 54.514572, 0.0 ], [ 36.709137, 52.382957, 0.0 ], [ 38.521385, 50.708008, 0.0 ]] 
boundary 0: [[ 40.68495, 73.98911, 0.0 ], [ 40.147762, 73.00238, 0.0 ], [ 38.111633, 71.6083, 0.0 ], [ 34.775585, 69.94291, 0.0 ], [ 30.46653, 68.16987, 0.0 ], [ 25.605957, 66.46237, 0.0 ], [ 20.669838, 64.98764, 0.0 ], [ 16.141256, 63.889984, 0.0 ], [ 12.463578, 63.276886, 0.0 ], [ 9.996741, 63.20833, 0.0 ], [ 8.982233, 63.691048, 0.0 ], [ 9.519394, 64.67771, 0.0 ], [ 11.555554, 66.071915, 0.0 ], [ 14.891568, 67.73718, 0.0 ], [ 19.200716, 69.51027, 0.0 ], [ 24.061253, 71.21767, 0.0 ], [ 28.99736, 72.69247, 0.0 ], [ 33.525936, 73.7902, 0.0 ], [ 37.20365, 74.40333, 0.0 ], [ 39.67047, 74.471886, 0.0 ]] 
boundary 1: [[ 40.68493, 54.010834, 0.0 ], [ 39.670456, 53.528133, 0.0 ], [ 37.20365, 53.596664, 0.0 ], [ 33.52595, 54.209812, 0.0 ], [ 28.997387, 55.307457, 0.0 ], [ 24.06126, 56.782227, 0.0 ], [ 19.20074, 58.48975, 0.0 ], [ 14.891563, 60.262848, 0.0 ], [ 11.555615, 61.92794, 0.0 ], [ 9.519388, 63.3222, 0.0 ], [ 8.9822035, 64.30904, 0.0 ], [ 9.996697, 64.791695, 0.0 ], [ 12.463577, 64.72327, 0.0 ], [ 16.141247, 64.11006, 0.0 ], [ 20.66988, 63.01239, 0.0 ], [ 25.60594, 61.53769, 0.0 ], [ 30.46653, 59.83011, 0.0 ], [ 34.77561, 58.056953, 0.0 ], [ 38.11162, 56.39185, 0.0 ], [ 40.147762, 54.997646, 0.0 ]] 
boundary 0: [[ 41.535416, 70.8376, 0.0 ], [ 40.901474, 69.910065, 0.0 ], [ 38.73516, 68.72839, 0.0 ], [ 35.2482, 67.407845, 0.0 ], [ 30.782328, 66.078316, 0.0 ], [ 25.77436, 64.86959, 0.0 ], [ 20.714705, 63.900078, 0.0 ], [ 16.09853, 63.264618, 0.0 ], [ 12.377773, 63.025455, 0.0 ], [ 9.916597, 63.20597, 0.0 ], [ 8.955929, 63.788517, 0.0 ], [ 9.589835, 64.715996, 0.0 ], [ 11.756192, 65.89779, 0.0 ], [ 15.243109, 67.2182, 0.0 ], [ 19.709076, 68.54779, 0.0 ], [ 24.716995, 69.75639, 0.0 ], [ 29.776648, 70.726, 0.0 ], [ 34.392822, 71.36153, 0.0 ], [ 38.113617, 71.60071, 0.0 ], [ 40.574783, 71.42021, 0.0 ]] 
boundary 1: [[ 41.5354, 57.16234, 0.0 ], [ 40.574768, 56.579803, 0.0 ], [ 38.113617, 56.399273, 0.0 ], [ 34.39283, 56.63849, 0.0 ], [ 29.776682, 57.273933, 0.0 ], [ 24.71701, 58.243492, 0.0 ], [ 19.709099, 59.45224, 0.0 ], [ 15.243103, 60.781815, 0.0 ], [ 11.75627, 62.102066, 0.0 ], [ 9.589838, 63.28392, 0.0 ], [ 8.95589, 64.211555, 0.0 ], [ 9.91655, 64.794044, 0.0 ], [ 12.377758, 64.9747, 0.0 ], [ 16.098513, 64.73542, 0.0 ], [ 20.714745, 64.09996, 0.0 ], [ 25.774342, 63.130463, 0.0 ], [ 30.78233, 61.921673, 0.0 ], [ 35.248238, 60.592022, 0.0 ], [ 38.735134, 59.27176, 0.0 ], [ 40.901474, 58.089966, 0.0 ]] 
boundary 0: [[ 41.759716, 69.703186, 0.0 ], [ 41.09301, 68.79892, 0.0 ], [ 38.885826, 67.695465, 0.0 ], [ 35.35388, 66.50045, 0.0 ], [ 30.843317, 65.33145, 0.0 ], [ 25.795334, 64.30259, 0.0 ], [ 20.704235, 63.514614, 0.0 ], [ 16.068293, 63.044632, 0.0 ], [ 12.341364, 62.93867, 0.0 ], [ 9.888214, 63.207073, 0.0 ], [ 8.948992, 63.823605, 0.0 ], [ 9.615659, 64.72782, 0.0 ], [ 11.822888, 65.83139, 0.0 ], [ 15.354792, 67.02628, 0.0 ], [ 19.865444, 68.19532, 0.0 ], [ 24.913376, 69.22407, 0.0 ], [ 30.00447, 70.01213, 0.0 ], [ 34.64041, 70.48219, 0.0 ], [ 38.367397, 70.588165, 0.0 ], [ 40.82052, 70.319786, 0.0 ]] 
boundary 1: [[ 41.7597, 58.29675, 0.0 ], [ 40.820503, 57.680233, 0.0 ], [ 38.367397, 57.411816, 0.0 ], [ 34.64042, 57.51783, 0.0 ], [ 30.004505, 57.9878, 0.0 ], [ 24.913399, 58.775814, 0.0 ], [ 19.865467, 59.80472, 0.0 ], [ 15.354785, 60.97374, 0.0 ], [ 11.822973, 62.16846, 0.0 ], [ 9.615664, 63.272095, 0.0 ], [ 8.94895, 64.176476, 0.0 ], [ 9.888165, 64.79294, 0.0 ], [ 12.341341, 65.061485, 0.0 ], [ 16.068274, 64.95541, 0.0 ], [ 20.704273, 64.48542, 0.0 ], [ 25.795311, 63.69747, 0.0 ], [ 30.843319, 62.66852, 0.0 ], [ 35.35392, 61.499424, 0.0 ], [ 38.885796, 60.30469, 0.0 ], [ 41.09301, 59.201115, 0.0 ]] 
boundary 0: [[ 41.753838, 69.73583, 0.0 ], [ 41.08806, 68.83089, 0.0 ], [ 38.882008, 67.72517, 0.0 ], [ 35.351284, 66.52652, 0.0 ], [ 30.841942, 65.35289, 0.0 ], [ 25.795012, 64.318855, 0.0 ], [ 20.704727, 63.52567, 0.0 ], [ 16.069267, 63.050926, 0.0 ], [ 12.342453, 62.941147, 0.0 ], [ 9.889025, 63.20702, 0.0 ], [ 8.949174, 63.8226, 0.0 ], [ 9.614914, 64.72748, 0.0 ], [ 11.821009, 65.833336, 0.0 ], [ 15.351685, 67.03183, 0.0 ], [ 19.861137, 68.205505, 0.0 ], [ 24.908003, 69.239426, 0.0 ], [ 29.998295, 70.03272, 0.0 ], [ 34.633736, 70.50754, 0.0 ], [ 38.36061, 70.61733, 0.0 ], [ 40.81401, 70.35147, 0.0 ]] 
boundary 1: [[ 41.753822, 58.264095, 0.0 ], [ 40.813995, 57.648552, 0.0 ], [ 38.360607, 57.382645, 0.0 ], [ 34.633743, 57.492485, 0.0 ], [ 29.99833, 57.967213, 0.0 ], [ 24.908024, 58.76045, 0.0 ], [ 19.86116, 59.794537, 0.0 ], [ 15.351677, 60.96818, 0.0 ], [ 11.821093, 62.166527, 0.0 ], [ 9.614918, 63.27242, 0.0 ], [ 8.949132, 64.17748, 0.0 ], [ 9.888976, 64.79296, 0.0 ], [ 12.342431, 65.059006, 0.0 ], [ 16.069248, 64.94911, 0.0 ], [ 20.704765, 64.47439, 0.0 ], [ 25.794989, 63.681206, 0.0 ], [ 30.841942, 62.64707, 0.0 ], [ 35.351322, 61.473343, 0.0 ], [ 38.88198, 60.27499, 0.0 ], [ 41.08806, 59.169147, 0.0 ]] 
boundary 0: [[ 41.41922, 71.35417, 0.0 ], [ 40.800545, 70.4164, 0.0 ], [ 38.653877, 69.1994, 0.0 ], [ 35.188995, 67.82192, 0.0 ], [ 30.745514, 66.41942, 0.0 ], [ 25.758005, 65.12886, 0.0 ], [ 20.714897, 64.076645, 0.0 ], [ 16.109749, 63.365677, 0.0 ], [ 12.393407, 63.065624, 0.0 ], [ 9.929599, 63.205795, 0.0 ], [ 8.959523, 63.77255, 0.0 ], [ 9.578159, 64.710266, 0.0 ], [ 11.724872, 65.9274, 0.0 ], [ 15.189701, 67.30471, 0.0 ], [ 19.633295, 68.70727, 0.0 ], [ 24.620747, 69.99769, 0.0 ], [ 29.663857, 71.05005, 0.0 ], [ 34.268986, 71.761086, 0.0 ], [ 37.985382, 72.06114, 0.0 ], [ 40.44916, 71.92098, 0.0 ]] 
boundary 1: [[ 41.419197, 56.64576, 0.0 ], [ 40.449146, 56.07904, 0.0 ], [ 37.985382, 55.938828, 0.0 ], [ 34.268993, 56.23895, 0.0 ], [ 29.663887, 56.9499, 0.0 ], [ 24.620754, 58.00218, 0.0 ], [ 19.633324, 59.292778, 0.0 ], [ 15.189693, 60.695297, 0.0 ], [ 11.724947, 62.072464, 0.0 ], [ 9.578157, 63.28964, 0.0 ], [ 8.959485, 64.22754, 0.0 ], [ 9.92955, 64.7942, 0.0 ], [ 12.393393, 64.93454, 0.0 ], [ 16.10973, 64.63436, 0.0 ], [ 20.714935, 63.923428, 0.0 ], [ 25.757984, 62.87119, 0.0 ], [ 30.745512, 61.58054, 0.0 ], [ 35.189022, 60.17794, 0.0 ], [ 38.653854, 58.80077, 0.0 ], [ 40.800545, 57.58365, 0.0 ]] 
boundary 0: [[ 40.89986, 73.30159, 0.0 ], [ 40.340813, 72.327095, 0.0 ], [ 38.27413, 70.978714, 0.0 ], [ 34.90181, 69.38805, 0.0 ], [ 30.554342, 67.7114, 0.0 ], [ 25.656929, 66.11262, 0.0 ], [ 20.689184, 64.74822, 0.0 ], [ 16.137274, 63.751724, 0.0 ], [ 12.446843, 63.220715, 0.0 ], [ 9.979089, 63.207108, 0.0 ], [ 8.975586, 63.712322, 0.0 ], [ 9.534596, 64.68675, 0.0 ], [ 11.601306, 66.03527, 0.0 ], [ 14.973591, 67.62578, 0.0 ], [ 19.321167, 69.30248, 0.0 ], [ 24.218529, 70.90113, 0.0 ], [ 29.186277, 72.26566, 0.0 ], [ 33.738167, 73.26222, 0.0 ], [ 37.42865, 73.79326, 0.0 ], [ 39.896362, 73.80688, 0.0 ]] 
boundary 1: [[ 40.899837, 54.698334, 0.0 ], [ 39.896355, 54.193146, 0.0 ], [ 37.428635, 54.206715, 0.0 ], [ 33.738174, 54.7378, 0.0 ], [ 29.186304, 55.73429, 0.0 ], [ 24.21853, 57.098736, 0.0 ], [ 19.321198, 58.697567, 0.0 ], [ 14.973583, 60.37422, 0.0 ], [ 11.601372, 61.96458, 0.0 ], [ 9.534587, 63.313145, 0.0 ], [ 8.9755535, 64.28777, 0.0 ], [ 9.979039, 64.79287, 0.0 ], [ 12.446839, 64.779465, 0.0 ], [ 16.137255, 64.24831, 0.0 ], [ 20.689222, 63.25183, 0.0 ], [ 25.65691, 61.887436, 0.0 ], [ 30.55434, 60.288544, 0.0 ], [ 34.90183, 58.611816, 0.0 ], [ 38.274124, 57.021454, 0.0 ], [ 40.340813, 55.672943, 0.0 ]] 
boundary 0: [[ 40.147743, 75.51238, 0.0 ], [ 39.66049, 74.50008, 0.0 ], [ 37.696514, 73.00604, 0.0 ], [ 34.4478, 71.17611, 0.0 ], [ 30.232687, 69.19006, 0.0 ], [ 25.46344, 67.241974, 0.0 ], [ 20.607128, 65.52258, 0.0 ], [ 16.139015, 64.20015, 0.0 ], [ 12.496534, 63.404163, 0.0 ], [ 10.036199, 63.212482, 0.0 ], [ 8.998846, 63.64395, 0.0 ], [ 9.48607, 64.65617, 0.0 ], [ 11.450056, 66.15036, 0.0 ], [ 14.698751, 67.9801, 0.0 ], [ 18.913977, 69.966225, 0.0 ], [ 23.683176, 71.91418, 0.0 ], [ 28.53948, 73.63371, 0.0 ], [ 33.00757, 74.956215, 0.0 ], [ 36.6501, 75.75223, 0.0 ], [ 39.110397, 75.94392, 0.0 ]] 
boundary 1: [[ 40.147713, 52.48755, 0.0 ], [ 39.11039, 52.056103, 0.0 ], [ 36.650078, 52.247753, 0.0 ], [ 33.00758, 53.043816, 0.0 ], [ 28.539503, 54.36624, 0.0 ], [ 23.683167, 56.085682, 0.0 ], [ 18.91401, 58.033813, 0.0 ], [ 14.698744, 60.01989, 0.0 ], [ 11.450111, 61.849495, 0.0 ], [ 9.486052, 63.343716, 0.0 ], [ 8.998821, 64.35615, 0.0 ], [ 10.036145, 64.7875, 0.0 ], [ 12.496542, 64.59602, 0.0 ], [ 16.138996, 63.79988, 0.0 ], [ 20.60717, 62.477455, 0.0 ], [ 25.463425, 60.75807, 0.0 ], [ 30.23268, 58.809883, 0.0 ], [ 34.44781, 56.82374, 0.0 ], [ 37.696518, 54.994125, 0.0 ], [ 39.660492, 53.499973, 0.0 ]] 
boundary 0: [[ 38.854866, 78.456535, 0.0 ], [ 38.470566, 77.40083, 0.0 ], [ 36.664696, 75.719124, 0.0 ], [ 33.6138, 73.575554, 0.0 ], [ 29.6168, 71.18066, 0.0 ], [ 25.064632, 68.768486, 0.0 ], [ 20.403116, 66.57524, 0.0 ], [ 16.08845, 64.81554, 0.0 ], [ 12.543042, 63.6617, 0.0 ], [ 10.113912, 63.226593, 0.0 ], [ 9.038831, 63.55289, 0.0 ], [ 9.423107, 64.6085, 0.0 ], [ 11.22897, 66.290375, 0.0 ], [ 14.2798605, 68.43375, 0.0 ], [ 18.276966, 70.82873, 0.0 ], [ 22.829102, 73.240746, 0.0 ], [ 27.490599, 75.43415, 0.0 ], [ 31.805227, 77.19391, 0.0 ], [ 35.350685, 78.34778, 0.0 ], [ 37.77978, 78.78288, 0.0 ]] 
boundary 1: [[ 38.85482, 49.543404, 0.0 ], [ 37.77978, 49.21713, 0.0 ], [ 35.350662, 49.652203, 0.0 ], [ 31.805243, 50.806118, 0.0 ], [ 27.490612, 52.565804, 0.0 ], [ 22.829084, 54.759106, 0.0 ], [ 18.277004, 57.1713, 0.0 ], [ 14.279853, 59.566242, 0.0 ], [ 11.229011, 61.70947, 0.0 ], [ 9.423078, 63.39139, 0.0 ], [ 9.038816, 64.44721, 0.0 ], [ 10.113856, 64.7734, 0.0 ], [ 12.543068, 64.338486, 0.0 ], [ 16.088436, 63.184486, 0.0 ], [ 20.40316, 61.424793, 0.0 ], [ 25.064621, 59.231564, 0.0 ], [ 29.61679, 56.819298, 0.0 ], [ 33.613808, 54.4243, 0.0 ], [ 36.66471, 52.28105, 0.0 ], [ 38.470566, 50.599213, 0.0 ]] 
boundary 0: [[ 37.57566, 80.773415, 0.0 ], [ 37.279, 79.6898, 0.0 ], [ 35.616707, 77.86606, 0.0 ], [ 32.75135, 75.48014, 0.0 ], [ 28.963593, 72.76638, 0.0 ], [ 24.623955, 69.99001, 0.0 ], [ 20.157429, 67.42287, 0.0 ], [ 16.001133, 65.3162, 0.0 ], [ 12.561966, 63.87627, 0.0 ], [ 10.176559, 63.243954, 0.0 ], [ 9.078395, 63.48123, 0.0 ], [ 9.3750515, 64.56473, 0.0 ], [ 11.037313, 66.388664, 0.0 ], [ 13.90269, 68.77437, 0.0 ], [ 17.690536, 71.48821, 0.0 ], [ 22.030155, 74.26446, 0.0 ], [ 26.496653, 76.83174, 0.0 ], [ 30.652906, 78.93847, 0.0 ], [ 34.092125, 80.378426, 0.0 ], [ 36.477493, 81.01074, 0.0 ]] 
boundary 1: [[ 37.575615, 47.226532, 0.0 ], [ 36.4775, 46.98927, 0.0 ], [ 34.092102, 47.62155, 0.0 ], [ 30.652924, 49.06155, 0.0 ], [ 26.496658, 51.168213, 0.0 ], [ 22.030132, 53.735405, 0.0 ], [ 17.690578, 56.511803, 0.0 ], [ 13.902682, 59.225616, 0.0 ], [ 11.037342, 61.611176, 0.0 ], [ 9.375013, 63.43516, 0.0 ], [ 9.078389, 64.518875, 0.0 ], [ 10.176504, 64.75604, 0.0 ], [ 12.562008, 64.123924, 0.0 ], [ 16.001122, 62.683834, 0.0 ], [ 20.157476, 60.577168, 0.0 ], [ 24.623951, 58.01005, 0.0 ], [ 28.963577, 55.233574, 0.0 ], [ 32.751347, 52.519707, 0.0 ], [ 35.616745, 50.134125, 0.0 ], [ 37.279, 48.310234, 0.0 ]] 
boundary 0: [[ 35.663174, 83.58113, 0.0 ], [ 35.48184, 82.47237, 0.0 ], [ 34.02008, 80.48429, 0.0 ], [ 31.420876, 77.81089, 0.0 ], [ 27.938765, 74.71469, 0.0 ], [ 23.914385, 71.49832, 0.0 ], [ 19.74186, 68.47672, 0.0 ], [ 15.82954, 65.94559, 0.0 ], [ 12.560438, 64.15275, 0.0 ], [ 10.254541, 63.273647, 0.0 ], [ 9.137546, 63.39439, 0.0 ], [ 9.318881, 64.50304, 0.0 ], [ 10.780595, 66.4913, 0.0 ], [ 13.379839, 69.1645, 0.0 ], [ 16.862034, 72.260796, 0.0 ], [ 20.886412, 75.477036, 0.0 ], [ 25.058884, 78.49878, 0.0 ], [ 28.971155, 81.02997, 0.0 ], [ 32.24031, 82.82282, 0.0 ], [ 34.54616, 83.70192, 0.0 ]] 
boundary 1: [[ 35.663128, 44.418823, 0.0 ], [ 34.54617, 44.29809, 0.0 ], [ 32.240288, 45.177155, 0.0 ], [ 28.971176, 46.97006, 0.0 ], [ 25.058884, 49.501183, 0.0 ], [ 20.886375, 52.522835, 0.0 ], [ 16.862076, 55.739227, 0.0 ], [ 13.379831, 58.835506, 0.0 ], [ 10.780606, 61.508522, 0.0 ], [ 9.318831, 63.49686, 0.0 ], [ 9.13755, 64.60571, 0.0 ], [ 10.254488, 64.72636, 0.0 ], [ 12.560499, 63.847435, 0.0 ], [ 15.829535, 62.054443, 0.0 ], [ 19.741909, 59.523323, 0.0 ], [ 23.914383, 56.50174, 0.0 ], [ 27.93874, 53.285263, 0.0 ], [ 31.420862, 50.188957, 0.0 ], [ 34.020138, 47.515892, 0.0 ], [ 35.481842, 45.527664, 0.0 ]] 
boundary 0: [[ 33.759758, 85.85741, 0.0 ], [ 33.680843, 84.7367, 0.0 ], [ 32.407494, 82.622986, 0.0 ], [ 30.064308, 79.722565, 0.0 ], [ 26.8807, 76.32019, 0.0 ], [ 23.16812, 72.74842, 0.0 ], [ 19.290165, 69.357056, 0.0 ], [ 15.626354, 66.47791, 0.0 ], [ 12.535372, 64.39295, 0.0 ], [ 10.319776, 63.306152, 0.0 ], [ 9.196416, 63.32398, 0.0 ], [ 9.2753525, 64.44459, 0.0 ], [ 10.548641, 66.55847, 0.0 ], [ 12.89188, 69.4587, 0.0 ], [ 16.075563, 72.86118, 0.0 ], [ 19.788157, 76.432816, 0.0 ], [ 23.666042, 79.82434, 0.0 ], [ 27.329802, 82.70352, 0.0 ], [ 30.42084, 84.78852, 0.0 ], [ 32.636383, 85.87529, 0.0 ]] 
boundary 1: [[ 33.759712, 42.142548, 0.0 ], [ 32.6364, 42.12471, 0.0 ], [ 30.420813, 43.211464, 0.0 ], [ 27.329824, 45.29651, 0.0 ], [ 23.666042, 48.17563, 0.0 ], [ 19.788109, 51.567062, 0.0 ], [ 16.075607, 55.138832, 0.0 ], [ 12.891872, 58.541306, 0.0 ], [ 10.548636, 61.44134, 0.0 ], [ 9.275294, 63.555313, 0.0 ], [ 9.196429, 64.6761, 0.0 ], [ 10.319722, 64.69386, 0.0 ], [ 12.535452, 63.60723, 0.0 ], [ 15.626353, 61.52211, 0.0 ], [ 19.290222, 58.642994, 0.0 ], [ 23.168129, 55.251617, 0.0 ], [ 26.880669, 51.67977, 0.0 ], [ 30.064283, 48.277283, 0.0 ], [ 32.407562, 45.37719, 0.0 ], [ 33.680855, 43.263336, 0.0 ]] 
boundary 0: [[ 32.067596, 87.569466, 0.0 ], [ 32.072273, 86.44598, 0.0 ], [ 30.959717, 84.24339, 0.0 ], [ 28.838812, 81.17668, 0.0 ], [ 25.917147, 77.54689, 0.0 ], [ 22.480585, 73.70881, 0.0 ], [ 18.865683, 70.03834, 0.0 ], [ 15.4262295, 66.8946, 0.0 ], [ 12.498927, 64.58545, 0.0 ], [ 10.370325, 63.336823, 0.0 ], [ 9.248751, 63.271027, 0.0 ], [ 9.244101, 64.39441, 0.0 ], [ 10.356592, 66.59716, 0.0 ], [ 12.47757, 69.66369, 0.0 ], [ 15.399298, 73.29359, 0.0 ], [ 18.835878, 77.13153, 0.0 ], [ 22.450699, 80.802155, 0.0 ], [ 25.890102, 83.94595, 0.0 ], [ 28.817455, 86.255135, 0.0 ], [ 30.946007, 87.503716, 0.0 ]] 
boundary 1: [[ 32.06755, 40.430504, 0.0 ], [ 30.946022, 40.496277, 0.0 ], [ 28.817427, 41.744865, 0.0 ], [ 25.89013, 44.054085, 0.0 ], [ 22.450699, 47.197803, 0.0 ], [ 18.835823, 50.868347, 0.0 ], [ 15.39934, 54.70642, 0.0 ], [ 12.477562, 58.336327, 0.0 ], [ 10.356574, 61.402657, 0.0 ], [ 9.244033, 63.605503, 0.0 ], [ 9.248772, 64.72905, 0.0 ], [ 10.370274, 64.66319, 0.0 ], [ 12.499022, 63.414722, 0.0 ], [ 15.4262295, 61.10543, 0.0 ], [ 18.865747, 57.961716, 0.0 ], [ 22.480593, 54.291237, 0.0 ], [ 25.917114, 50.45308, 0.0 ], [ 28.838774, 46.823162, 0.0 ], [ 30.959797, 43.75678, 0.0 ], [ 32.07229, 41.554054, 0.0 ]] 
boundary 0: [[ 30.610714, 88.85741, 0.0 ], [ 30.68292, 87.73623, 0.0 ], [ 29.704779, 85.47076, 0.0 ], [ 27.77206, 82.28209, 0.0 ], [ 25.073881, 78.48323, 0.0 ], [ 21.874254, 74.44552, 0.0 ], [ 18.48654, 70.56438, 0.0 ], [ 15.2422905, 67.21957, 0.0 ], [ 12.459094, 64.73861, 0.0 ], [ 10.4094, 63.364292, 0.0 ], [ 9.29381, 63.231194, 0.0 ], [ 9.221637, 64.352264, 0.0 ], [ 10.199701, 66.617905, 0.0 ], [ 12.132504, 69.8064, 0.0 ], [ 14.830741, 73.605354, 0.0 ], [ 18.030392, 77.64295, 0.0 ], [ 21.418022, 81.52422, 0.0 ], [ 24.66222, 84.869095, 0.0 ], [ 27.445461, 87.350075, 0.0 ], [ 29.495104, 88.72434, 0.0 ]] 
boundary 1: [[ 30.610664, 39.142555, 0.0 ], [ 29.49512, 39.275642, 0.0 ], [ 27.44543, 40.649925, 0.0 ], [ 24.662247, 43.130943, 0.0 ], [ 21.41802, 46.47574, 0.0 ], [ 18.030329, 50.356937, 0.0 ], [ 14.830783, 54.394646, 0.0 ], [ 12.132497, 58.19363, 0.0 ], [ 10.199671, 61.381912, 0.0 ], [ 9.221565, 63.64765, 0.0 ], [ 9.293836, 64.76888, 0.0 ], [ 10.409349, 64.635735, 0.0 ], [ 12.459197, 63.261555, 0.0 ], [ 15.2422905, 60.78047, 0.0 ], [ 18.48661, 57.435677, 0.0 ], [ 21.874268, 53.554543, 0.0 ], [ 25.073847, 49.516743, 0.0 ], [ 27.77201, 45.71776, 0.0 ], [ 29.704866, 42.529408, 0.0 ], [ 30.682938, 40.263794, 0.0 ]] 
boundary 0: [[ 29.221256, 89.950356, 0.0 ], [ 29.354637, 88.834785, 0.0 ], [ 28.50177, 86.51926, 0.0 ], [ 26.746214, 83.22971, 0.0 ], [ 24.25969, 79.28908, 0.0 ], [ 21.28552, 75.08252, 0.0 ], [ 18.114986, 71.02203, 0.0 ], [ 15.0583935, 67.5049, 0.0 ], [ 12.414952, 64.87555, 0.0 ], [ 10.443432, 63.391262, 0.0 ], [ 9.336784, 63.197384, 0.0 ], [ 9.203448, 64.31284, 0.0 ], [ 10.056224, 66.628525, 0.0 ], [ 11.811875, 69.91791, 0.0 ], [ 14.298452, 73.85866, 0.0 ], [ 17.27265, 78.065094, 0.0 ], [ 20.443092, 82.12572, 0.0 ], [ 23.49963, 85.6429, 0.0 ], [ 26.143112, 88.27228, 0.0 ], [ 28.114588, 89.756516, 0.0 ]] 
boundary 1: [[ 29.221207, 38.04962, 0.0 ], [ 28.114603, 38.24346, 0.0 ], [ 26.143082, 39.72773, 0.0 ], [ 23.499657, 42.357147, 0.0 ], [ 20.443092, 45.87425, 0.0 ], [ 17.272581, 49.93479, 0.0 ], [ 14.298494, 54.141342, 0.0 ], [ 11.81187, 58.08212, 0.0 ], [ 10.056184, 61.371254, 0.0 ], [ 9.203372, 63.687077, 0.0 ], [ 9.336814, 64.802704, 0.0 ], [ 10.443382, 64.608765, 0.0 ], [ 12.415065, 63.12461, 0.0 ], [ 15.058395, 60.49512, 0.0 ], [ 18.11506, 56.97802, 0.0 ], [ 21.285536, 52.91753, 0.0 ], [ 24.259655, 48.710907, 0.0 ], [ 26.746157, 44.770134, 0.0 ], [ 28.50187, 41.48091, 0.0 ], [ 29.354656, 39.16523, 0.0 ]] 
boundary 0: [[ 27.759739, 90.97525, 0.0 ], [ 27.95448, 89.86874, 0.0 ], [ 27.2307, 87.50967, 0.0 ], [ 25.65936, 84.12826, 0.0 ], [ 23.394096, 80.0564, 0.0 ], [ 20.656609, 75.69212, 0.0 ], [ 17.714989, 71.46286, 0.0 ], [ 14.857159, 67.782394, 0.0 ], [ 12.362851, 65.01116, 0.0 ], [ 10.47625, 63.420338, 0.0 ], [ 9.381986, 63.165695, 0.0 ], [ 9.187297, 64.27209, 0.0 ], [ 9.910977, 66.63127, 0.0 ], [ 11.48242, 70.01256, 0.0 ], [ 13.747732, 74.08453, 0.0 ], [ 16.485254, 78.44869, 0.0 ], [ 19.426777, 82.67809, 0.0 ], [ 22.28455, 86.3586, 0.0 ], [ 24.778893, 89.12986, 0.0 ], [ 26.665451, 90.72063, 0.0 ]] 
boundary 1: [[ 27.759686, 37.024734, 0.0 ], [ 26.665464, 37.27936, 0.0 ], [ 24.778862, 38.87016, 0.0 ], [ 22.28458, 41.64145, 0.0 ], [ 19.426773, 45.32187, 0.0 ], [ 16.485178, 49.5512, 0.0 ], [ 13.747774, 53.915466, 0.0 ], [ 11.482417, 57.987473, 0.0 ], [ 9.910924, 61.368473, 0.0 ], [ 9.187214, 63.72784, 0.0 ], [ 9.382023, 64.83441, 0.0 ], [ 10.4762, 64.57968, 0.0 ], [ 12.362973, 62.98899, 0.0 ], [ 14.857161, 60.21763, 0.0 ], [ 17.715069, 56.53719, 0.0 ], [ 20.656624, 52.30793, 0.0 ], [ 23.394062, 47.94358, 0.0 ], [ 25.659294, 43.871597, 0.0 ], [ 27.230812, 40.490494, 0.0 ], [ 27.9545, 38.13127, 0.0 ]] 
