boundary 0: [[ 37.455505, 80.96992, 0.0 ], [ 37.166588, 79.88417, 0.0 ], [ 35.51734, 78.04856, 0.0 ], [ 32.669025, 75.64252, 0.0 ], [ 28.900587, 72.90183, 0.0 ], [ 24.580908, 70.09449, 0.0 ], [ 20.132763, 67.495636, 0.0 ], [ 15.991606, 65.35933, 0.0 ], [ 12.562782, 63.89496, 0.0 ], [ 10.181934, 63.24572, 0.0 ], [ 9.082138, 63.475155, 0.0 ], [ 9.371015, 64.560905, 0.0 ], [ 11.020306, 66.39655, 0.0 ], [ 13.868564, 68.80256, 0.0 ], [ 17.636974, 71.54332, 0.0 ], [ 21.956694, 74.35053, 0.0 ], [ 26.404842, 76.949486, 0.0 ], [ 30.54599, 79.0857, 0.0 ], [ 33.97482, 80.55009, 0.0 ], [ 36.35564, 81.199295, 0.0 ]] 
boundary 1: [[ 37.455505, 47.030106, 0.0 ], [ 36.355625, 46.800697, 0.0 ], [ 33.97481, 47.449856, 0.0 ], [ 30.545973, 48.914276, 0.0 ], [ 26.404854, 51.05056, 0.0 ], [ 21.956678, 53.649437, 0.0 ], [ 17.636986, 56.456703, 0.0 ], [ 13.86856, 59.197433, 0.0 ], [ 11.0203, 61.603416, 0.0 ], [ 9.371022, 63.439106, 0.0 ], [ 9.082144, 64.52488, 0.0 ], [ 10.181935, 64.754295, 0.0 ], [ 12.562786, 64.10502, 0.0 ], [ 15.9916115, 62.640648, 0.0 ], [ 20.132778, 60.504402, 0.0 ], [ 24.580893, 57.905457, 0.0 ], [ 28.900606, 55.0982, 0.0 ], [ 32.66901, 52.357475, 0.0 ], [ 35.517334, 49.95144, 0.0 ], [ 37.166595, 48.115795, 0.0 ]] 
boundary 0: [[ 38.269, 79.57363, 0.0 ], [ 37.926193, 78.50368, 0.0 ], [ 36.187294, 76.75275, 0.0 ], [ 33.222336, 74.49203, 0.0 ], [ 29.321663, 71.94306, 0.0 ], [ 24.867111, 69.35503, 0.0 ], [ 20.294674, 66.981674, 0.0 ], [ 16.051958, 65.05494, 0.0 ], [ 12.554249, 63.763714, 0.0 ], [ 10.143938, 63.23424, 0.0 ], [ 9.056977, 63.51834, 0.0 ], [ 9.399742, 64.5883, 0.0 ], [ 11.138687, 66.33926, 0.0 ], [ 14.1036, 68.599945, 0.0 ], [ 18.00424, 71.149, 0.0 ], [ 22.45882, 73.73687, 0.0 ], [ 27.031267, 76.11035, 0.0 ], [ 31.273977, 78.03699, 0.0 ], [ 34.77169, 79.328224, 0.0 ], [ 37.18197, 79.85767, 0.0 ]] 
boundary 1: [[ 38.269, 48.426395, 0.0 ], [ 37.181953, 48.14232, 0.0 ], [ 34.771683, 48.671715, 0.0 ], [ 31.27396, 49.962994, 0.0 ], [ 27.031275, 51.88971, 0.0 ], [ 22.458807, 54.263092, 0.0 ], [ 18.004246, 56.851017, 0.0 ], [ 14.103596, 59.40005, 0.0 ], [ 11.138682, 61.660713, 0.0 ], [ 9.399749, 63.411705, 0.0 ], [ 9.056982, 64.4817, 0.0 ], [ 10.143938, 64.76577, 0.0 ], [ 12.554255, 64.23625, 0.0 ], [ 16.051962, 62.945034, 0.0 ], [ 20.29469, 61.01836, 0.0 ], [ 24.867102, 58.644905, 0.0 ], [ 29.321678, 56.056984, 0.0 ], [ 33.22232, 53.507957, 0.0 ], [ 36.187286, 51.247242, 0.0 ], [ 37.9262, 49.496296, 0.0 ]] 
boundary 0: [[ 39.230347, 77.67968, 0.0 ], [ 38.818027, 76.63453, 0.0 ], [ 36.96793, 75.00154, 0.0 ], [ 33.860943, 72.94035, 0.0 ], [ 29.801332, 70.65298, 0.0 ], [ 25.186474, 68.36299, 0.0 ], [ 20.468079, 66.29498, 0.0 ], [ 16.108017, 64.65094, 0.0 ], [ 12.53308, 63.592148, 0.0 ], [ 10.093206, 63.22207, 0.0 ], [ 9.027246, 63.576916, 0.0 ], [ 9.43952, 64.62206, 0.0 ], [ 11.289667, 66.25507, 0.0 ], [ 14.39661, 68.316216, 0.0 ], [ 18.456188, 70.603676, 0.0 ], [ 23.071066, 72.89351, 0.0 ], [ 27.789476, 74.96166, 0.0 ], [ 32.149525, 76.60558, 0.0 ], [ 35.724472, 77.66439, 0.0 ], [ 38.164307, 78.03446, 0.0 ]] 
boundary 1: [[ 39.23034, 50.320374, 0.0 ], [ 38.16429, 49.965538, 0.0 ], [ 35.724464, 50.33554, 0.0 ], [ 32.14951, 51.394394, 0.0 ], [ 27.789482, 53.0384, 0.0 ], [ 23.071053, 55.106457, 0.0 ], [ 18.456192, 57.396336, 0.0 ], [ 14.396606, 59.683777, 0.0 ], [ 11.289665, 61.744896, 0.0 ], [ 9.439525, 63.37794, 0.0 ], [ 9.0272455, 64.42313, 0.0 ], [ 10.093206, 64.77794, 0.0 ], [ 12.533089, 64.407814, 0.0 ], [ 16.108023, 63.349022, 0.0 ], [ 20.46809, 61.705067, 0.0 ], [ 25.18647, 59.636932, 0.0 ], [ 29.801338, 57.347054, 0.0 ], [ 33.860928, 55.059624, 0.0 ], [ 36.967922, 52.998455, 0.0 ], [ 38.818035, 51.36545, 0.0 ]] 
boundary 0: [[ 40.132378, 75.55278, 0.0 ], [ 39.64649, 74.53974, 0.0 ], [ 37.68451, 73.04302, 0.0 ], [ 34.43827, 71.20895, 0.0 ], [ 30.225683, 69.21731, 0.0 ], [ 25.459084, 67.26268, 0.0 ], [ 20.605066, 65.53688, 0.0 ], [ 16.13874, 64.20837, 0.0 ], [ 12.49732, 63.40755, 0.0 ], [ 10.037248, 63.21264, 0.0 ], [ 8.99935, 63.642693, 0.0 ], [ 9.485202, 64.65573, 0.0 ], [ 11.447232, 66.15247, 0.0 ], [ 14.693422, 67.986496, 0.0 ], [ 18.905975, 69.97823, 0.0 ], [ 23.672588, 71.9327, 0.0 ], [ 28.526632, 73.65865, 0.0 ], [ 32.99294, 74.98703, 0.0 ], [ 36.63437, 75.787865, 0.0 ], [ 39.09439, 75.982765, 0.0 ]] 
boundary 1: [[ 40.13237, 52.447277, 0.0 ], [ 39.094376, 52.01722, 0.0 ], [ 36.63436, 52.212063, 0.0 ], [ 32.992924, 53.01294, 0.0 ], [ 28.526636, 54.34142, 0.0 ], [ 23.672573, 56.067272, 0.0 ], [ 18.90598, 58.021774, 0.0 ], [ 14.6934185, 60.013496, 0.0 ], [ 11.447231, 61.847504, 0.0 ], [ 9.485207, 63.34427, 0.0 ], [ 8.999346, 64.357346, 0.0 ], [ 10.037248, 64.78737, 0.0 ], [ 12.497334, 64.59241, 0.0 ], [ 16.138746, 63.7916, 0.0 ], [ 20.605072, 62.463165, 0.0 ], [ 25.459087, 60.737236, 0.0 ], [ 30.225685, 58.78273, 0.0 ], [ 34.43826, 56.791023, 0.0 ], [ 37.6845, 54.956985, 0.0 ], [ 39.646496, 53.460247, 0.0 ]] 
boundary 0: [[ 40.782177, 73.6849, 0.0 ], [ 40.23527, 72.70345, 0.0 ], [ 38.185448, 71.32949, 0.0 ], [ 34.833153, 69.6973, 0.0 ], [ 30.50669, 67.966934, 0.0 ], [ 25.629505, 66.30738, 0.0 ], [ 20.679064, 64.88157, 0.0 ], [ 16.139868, 63.828594, 0.0 ], [ 12.456301, 63.251907, 0.0 ], [ 9.988917, 63.20776, 0.0 ], [ 8.979254, 63.70046, 0.0 ], [ 9.526129, 64.6819, 0.0 ], [ 11.575996, 66.0559, 0.0 ], [ 14.928238, 67.68802, 0.0 ], [ 19.25468, 69.418495, 0.0 ], [ 24.13186, 71.07789, 0.0 ], [ 29.082348, 72.50384, 0.0 ], [ 33.621513, 73.556694, 0.0 ], [ 37.305084, 74.13339, 0.0 ], [ 39.772427, 74.17754, 0.0 ]] 
boundary 1: [[ 40.78217, 54.315163, 0.0 ], [ 39.77241, 53.82245, 0.0 ], [ 37.30509, 53.86653, 0.0 ], [ 33.6215, 54.44329, 0.0 ], [ 29.082342, 55.49622, 0.0 ], [ 24.13185, 56.92208, 0.0 ], [ 19.254684, 58.581512, 0.0 ], [ 14.928234, 60.31197, 0.0 ], [ 11.575996, 61.944088, 0.0 ], [ 9.5261345, 63.31809, 0.0 ], [ 8.979246, 64.29958, 0.0 ], [ 9.988915, 64.79225, 0.0 ], [ 12.45632, 64.748055, 0.0 ], [ 16.139877, 64.17137, 0.0 ], [ 20.679068, 63.118473, 0.0 ], [ 25.629517, 61.692535, 0.0 ], [ 30.506687, 60.033096, 0.0 ], [ 34.833153, 58.302666, 0.0 ], [ 38.18544, 56.67052, 0.0 ], [ 40.23528, 55.296528, 0.0 ]] 
boundary 0: [[ 41.148975, 72.428, 0.0 ], [ 40.562798, 71.46953, 0.0 ], [ 38.45903, 70.179665, 0.0 ], [ 35.043392, 68.68454, 0.0 ], [ 30.650421, 67.13075, 0.0 ], [ 25.710045, 65.67001, 0.0 ], [ 20.705944, 64.445786, 0.0 ], [ 16.127836, 63.577465, 0.0 ], [ 12.4239435, 63.150375, 0.0 ], [ 9.956798, 63.206158, 0.0 ], [ 8.967909, 63.739326, 0.0 ], [ 9.554069, 64.69783, 0.0 ], [ 11.657884, 65.98772, 0.0 ], [ 15.073454, 67.48277, 0.0 ], [ 19.466408, 69.03667, 0.0 ], [ 24.406773, 70.49725, 0.0 ], [ 29.410927, 71.721596, 0.0 ], [ 33.98899, 72.58983, 0.0 ], [ 37.692894, 73.0169, 0.0 ], [ 40.160004, 72.96114, 0.0 ]] 
boundary 1: [[ 41.148968, 55.572052, 0.0 ], [ 40.15999, 55.03886, 0.0 ], [ 37.69291, 54.983017, 0.0 ], [ 33.988976, 55.410164, 0.0 ], [ 29.410921, 56.278454, 0.0 ], [ 24.406761, 57.50273, 0.0 ], [ 19.466412, 58.96334, 0.0 ], [ 15.07345, 60.517212, 0.0 ], [ 11.657884, 62.012283, 0.0 ], [ 9.554076, 63.30216, 0.0 ], [ 8.967899, 64.260704, 0.0 ], [ 9.956796, 64.79385, 0.0 ], [ 12.423964, 64.84958, 0.0 ], [ 16.12785, 64.422516, 0.0 ], [ 20.705948, 63.554253, 0.0 ], [ 25.710066, 62.329906, 0.0 ], [ 30.65042, 60.869278, 0.0 ], [ 35.043396, 59.315434, 0.0 ], [ 38.459023, 57.820347, 0.0 ], [ 40.562805, 56.53047, 0.0 ]] 
boundary 0: [[ 41.328598, 71.73209, 0.0 ], [ 40.721268, 70.78689, 0.0 ], [ 38.58934, 69.544106, 0.0 ], [ 35.14132, 68.12525, 0.0 ], [ 30.7149, 66.669495, 0.0 ], [ 25.743275, 65.31894, 0.0 ], [ 20.713198, 64.20624, 0.0 ], [ 16.116913, 63.439884, 0.0 ], [ 12.404444, 63.09523, 0.0 ], [ 9.939147, 63.205837, 0.0 ], [ 8.962354, 63.76085, 0.0 ], [ 9.569672, 64.70609, 0.0 ], [ 11.701639, 65.9489, 0.0 ], [ 15.149597, 67.36766, 0.0 ], [ 19.576008, 68.82353, 0.0 ], [ 24.547615, 70.17395, 0.0 ], [ 29.577742, 71.286766, 0.0 ], [ 34.173973, 72.05301, 0.0 ], [ 37.88646, 72.39766, 0.0 ], [ 40.351715, 72.28707, 0.0 ]] 
boundary 1: [[ 41.32859, 56.267975, 0.0 ], [ 40.3517, 55.71293, 0.0 ], [ 37.886475, 55.60226, 0.0 ], [ 34.173958, 55.94697, 0.0 ], [ 29.577736, 56.713287, 0.0 ], [ 24.547607, 57.826042, 0.0 ], [ 19.576012, 59.17648, 0.0 ], [ 15.149593, 60.63232, 0.0 ], [ 11.701639, 62.051105, 0.0 ], [ 9.569679, 63.293907, 0.0 ], [ 8.962343, 64.23918, 0.0 ], [ 9.939144, 64.79418, 0.0 ], [ 12.404465, 64.90473, 0.0 ], [ 16.116928, 64.5601, 0.0 ], [ 20.713202, 63.793808, 0.0 ], [ 25.743294, 62.68099, 0.0 ], [ 30.714897, 61.33053, 0.0 ], [ 35.14132, 59.874718, 0.0 ], [ 38.589333, 58.45592, 0.0 ], [ 40.721275, 57.213127, 0.0 ]] 
boundary 0: [[ 41.462746, 71.1655, 0.0 ], [ 40.838486, 70.23139, 0.0 ], [ 38.684525, 69.02719, 0.0 ], [ 35.211514, 67.670654, 0.0 ], [ 30.759598, 66.294846, 0.0 ], [ 25.764454, 65.034035, 0.0 ], [ 20.71516, 64.01208, 0.0 ], [ 16.10582, 63.328625, 0.0 ], [ 12.387751, 63.050884, 0.0 ], [ 9.924845, 63.20586, 0.0 ], [ 8.958205, 63.77837, 0.0 ], [ 9.582447, 64.712524, 0.0 ], [ 11.736446, 65.916725, 0.0 ], [ 15.209391, 67.27319, 0.0 ], [ 19.661299, 68.64911, 0.0 ], [ 24.656422, 69.9098, 0.0 ], [ 29.705767, 70.93185, 0.0 ], [ 34.31504, 71.6152, 0.0 ], [ 38.03313, 71.892944, 0.0 ], [ 40.496017, 71.737976, 0.0 ]] 
boundary 1: [[ 41.46273, 56.83457, 0.0 ], [ 40.496002, 56.262016, 0.0 ], [ 38.033146, 56.10698, 0.0 ], [ 34.315025, 56.38478, 0.0 ], [ 29.705761, 57.068207, 0.0 ], [ 24.656414, 58.090202, 0.0 ], [ 19.661303, 59.350887, 0.0 ], [ 15.209387, 60.72679, 0.0 ], [ 11.736446, 62.08326, 0.0 ], [ 9.582455, 63.28747, 0.0 ], [ 8.958194, 64.221664, 0.0 ], [ 9.924839, 64.79415, 0.0 ], [ 12.387772, 64.94909, 0.0 ], [ 16.105837, 64.67135, 0.0 ], [ 20.715164, 63.987957, 0.0 ], [ 25.764473, 62.965893, 0.0 ], [ 30.759596, 61.705177, 0.0 ], [ 35.211514, 60.329308, 0.0 ], [ 38.684517, 58.972828, 0.0 ], [ 40.838493, 57.76863, 0.0 ]] 
boundary 0: [[ 41.44687, 71.23506, 0.0 ], [ 40.82466, 70.29956, 0.0 ], [ 38.673386, 69.09061, 0.0 ], [ 35.20336, 67.72641, 0.0 ], [ 30.754486, 66.340836, 0.0 ], [ 25.762135, 65.06894, 0.0 ], [ 20.715115, 64.03587, 0.0 ], [ 16.107285, 63.342236, 0.0 ], [ 12.389841, 63.056316, 0.0 ], [ 9.926595, 63.205845, 0.0 ], [ 8.958699, 63.77621, 0.0 ], [ 9.580878, 64.711754, 0.0 ], [ 11.732216, 65.92071, 0.0 ], [ 15.202153, 67.28484, 0.0 ], [ 19.651018, 68.67059, 0.0 ], [ 24.643353, 69.94229, 0.0 ], [ 29.690424, 70.97546, 0.0 ], [ 34.298172, 71.66899, 0.0 ], [ 38.015633, 71.95491, 0.0 ], [ 40.478844, 71.80539, 0.0 ]] 
boundary 1: [[ 41.446854, 56.76501, 0.0 ], [ 40.47883, 56.194603, 0.0 ], [ 38.015648, 56.044975, 0.0 ], [ 34.298157, 56.33099, 0.0 ], [ 29.690418, 57.0246, 0.0 ], [ 24.643345, 58.05771, 0.0 ], [ 19.651022, 59.329437, 0.0 ], [ 15.202149, 60.71514, 0.0 ], [ 11.732216, 62.079277, 0.0 ], [ 9.580886, 63.28824, 0.0 ], [ 8.958688, 64.22382, 0.0 ], [ 9.926589, 64.79417, 0.0 ], [ 12.389862, 64.94366, 0.0 ], [ 16.1073, 64.65774, 0.0 ], [ 20.715118, 63.96416, 0.0 ], [ 25.762152, 62.930954, 0.0 ], [ 30.754484, 61.659225, 0.0 ], [ 35.20336, 60.27352, 0.0 ], [ 38.673378, 58.909374, 0.0 ], [ 40.82467, 57.700428, 0.0 ]] 
boundary 0: [[ 41.311363, 71.80178, 0.0 ], [ 40.706116, 70.855225, 0.0 ], [ 38.57698, 69.607704, 0.0 ], [ 35.132103, 68.1812, 0.0 ], [ 30.708912, 66.71569, 0.0 ], [ 25.740303, 65.35402, 0.0 ], [ 20.712719, 64.23018, 0.0 ], [ 16.118137, 63.4536, 0.0 ], [ 12.406448, 63.10074, 0.0 ], [ 9.940907, 63.205853, 0.0 ], [ 8.962891, 63.758682, 0.0 ], [ 9.568109, 64.70529, 0.0 ], [ 11.697312, 65.95281, 0.0 ], [ 15.142099, 67.379265, 0.0 ], [ 19.565275, 68.84497, 0.0 ], [ 24.533878, 70.20642, 0.0 ], [ 29.561502, 71.33038, 0.0 ], [ 34.156017, 72.10683, 0.0 ], [ 37.867706, 72.45969, 0.0 ], [ 40.333214, 72.35459, 0.0 ]] 
boundary 1: [[ 41.311356, 56.198284, 0.0 ], [ 40.3332, 55.64541, 0.0 ], [ 37.86772, 55.5402, 0.0 ], [ 34.156002, 55.893154, 0.0 ], [ 29.5615, 56.669693, 0.0 ], [ 24.53387, 57.793583, 0.0 ], [ 19.565279, 59.15506, 0.0 ], [ 15.142096, 60.620728, 0.0 ], [ 11.697312, 62.04717, 0.0 ], [ 9.568116, 63.29471, 0.0 ], [ 8.962879, 64.241356, 0.0 ], [ 9.940901, 64.79415, 0.0 ], [ 12.406469, 64.89923, 0.0 ], [ 16.118153, 64.54637, 0.0 ], [ 20.712723, 63.769867, 0.0 ], [ 25.740309, 62.645866, 0.0 ], [ 30.70891, 61.284397, 0.0 ], [ 35.132103, 59.818733, 0.0 ], [ 38.576973, 58.392277, 0.0 ], [ 40.706123, 57.14476, 0.0 ]] 
boundary 0: [[ 41.15741, 72.396774, 0.0 ], [ 40.57026, 71.43887, 0.0 ], [ 38.465218, 70.151115, 0.0 ], [ 35.048065, 68.65939, 0.0 ], [ 30.653545, 67.11007, 0.0 ], [ 25.711702, 65.65421, 0.0 ], [ 20.706394, 64.43502, 0.0 ], [ 16.127403, 63.57125, 0.0 ], [ 12.423093, 63.147903, 0.0 ], [ 9.956, 63.206142, 0.0 ], [ 8.967652, 63.74028, 0.0 ], [ 9.5547695, 64.69823, 0.0 ], [ 11.659877, 65.98599, 0.0 ], [ 15.076928, 67.47765, 0.0 ], [ 19.47145, 69.027176, 0.0 ], [ 24.413277, 70.482796, 0.0 ], [ 29.418634, 71.70212, 0.0 ], [ 33.99756, 72.565765, 0.0 ], [ 37.70186, 72.98911, 0.0 ], [ 40.168938, 72.930885, 0.0 ]] 
boundary 1: [[ 41.157402, 55.603302, 0.0 ], [ 40.168922, 55.069115, 0.0 ], [ 37.70187, 55.010773, 0.0 ], [ 33.997543, 55.43422, 0.0 ], [ 29.418636, 56.297943, 0.0 ], [ 24.413269, 57.51719, 0.0 ], [ 19.471455, 58.972866, 0.0 ], [ 15.076924, 60.522335, 0.0 ], [ 11.659877, 62.013992, 0.0 ], [ 9.554777, 63.301773, 0.0 ], [ 8.967642, 64.25976, 0.0 ], [ 9.955995, 64.79386, 0.0 ], [ 12.423114, 64.85206, 0.0 ], [ 16.127419, 64.42872, 0.0 ], [ 20.706398, 63.56503, 0.0 ], [ 25.71171, 62.34567, 0.0 ], [ 30.653547, 60.890007, 0.0 ], [ 35.048058, 59.340534, 0.0 ], [ 38.46521, 57.84887, 0.0 ], [ 40.570267, 56.5611, 0.0 ]] 
boundary 0: [[ 40.96579, 73.07944, 0.0 ], [ 40.399776, 72.10891, 0.0 ], [ 38.32348, 70.7753, 0.0 ], [ 34.939857, 69.209, 0.0 ], [ 30.580357, 67.56368, 0.0 ], [ 25.671638, 65.99982, 0.0 ], [ 20.694256, 64.67115, 0.0 ], [ 16.135315, 63.70718, 0.0 ], [ 12.441177, 63.202705, 0.0 ], [ 9.973403, 63.206833, 0.0 ], [ 8.97358, 63.719166, 0.0 ], [ 9.53955, 64.68976, 0.0 ], [ 11.615912, 66.02338, 0.0 ], [ 14.9994335, 67.589615, 0.0 ], [ 19.358917, 69.235115, 0.0 ], [ 24.267635, 70.79876, 0.0 ], [ 29.245058, 72.12755, 0.0 ], [ 33.803947, 73.0914, 0.0 ], [ 37.498074, 73.595856, 0.0 ], [ 39.96583, 73.59175, 0.0 ]] 
boundary 1: [[ 40.965782, 54.920635, 0.0 ], [ 39.965816, 54.408253, 0.0 ], [ 37.49808, 54.40402, 0.0 ], [ 33.803932, 54.908592, 0.0 ], [ 29.245064, 55.87252, 0.0 ], [ 24.267628, 57.201233, 0.0 ], [ 19.358921, 58.764923, 0.0 ], [ 14.99943, 60.41038, 0.0 ], [ 11.615912, 61.976612, 0.0 ], [ 9.539557, 63.31024, 0.0 ], [ 8.973571, 64.28087, 0.0 ], [ 9.973397, 64.793175, 0.0 ], [ 12.441198, 64.79726, 0.0 ], [ 16.13533, 64.29279, 0.0 ], [ 20.69426, 63.3289, 0.0 ], [ 25.671646, 62.000065, 0.0 ], [ 30.580362, 60.4364, 0.0 ], [ 34.93985, 58.79093, 0.0 ], [ 38.32347, 57.224693, 0.0 ], [ 40.399784, 55.89107, 0.0 ]] 
boundary 0: [[ 40.62018, 74.186615, 0.0 ], [ 40.08934, 73.19642, 0.0 ], [ 38.06221, 71.789185, 0.0 ], [ 34.73693, 70.10254, 0.0 ], [ 30.439259, 68.301926, 0.0 ], [ 25.58979, 66.562996, 0.0 ], [ 20.663258, 65.05668, 0.0 ], [ 16.141832, 63.92981, 0.0 ], [ 12.468161, 63.293167, 0.0 ], [ 10.001824, 63.208782, 0.0 ], [ 8.98427, 63.684925, 0.0 ], [ 9.515064, 64.67519, 0.0 ], [ 11.542259, 66.08243, 0.0 ], [ 14.867428, 67.76902, 0.0 ], [ 19.165089, 69.56981, 0.0 ], [ 24.01457, 71.308495, 0.0 ], [ 28.941133, 72.814964, 0.0 ], [ 33.462517, 73.941696, 0.0 ], [ 37.136173, 74.57835, 0.0 ], [ 39.6025, 74.66275, 0.0 ]] 
boundary 1: [[ 40.62017, 53.813457, 0.0 ], [ 39.602486, 53.33727, 0.0 ], [ 37.136177, 53.42154, 0.0 ], [ 33.4625, 54.05829, 0.0 ], [ 28.941141, 55.185104, 0.0 ], [ 24.014563, 56.69149, 0.0 ], [ 19.165092, 58.43023, 0.0 ], [ 14.867424, 60.230984, 0.0 ], [ 11.542258, 61.917564, 0.0 ], [ 9.515072, 63.32481, 0.0 ], [ 8.9842615, 64.31512, 0.0 ], [ 10.00182, 64.79123, 0.0 ], [ 12.46818, 64.706795, 0.0 ], [ 16.141846, 64.07016, 0.0 ], [ 20.663269, 62.943382, 0.0 ], [ 25.58979, 61.43688, 0.0 ], [ 30.439268, 59.698162, 0.0 ], [ 34.736923, 57.89739, 0.0 ], [ 38.062202, 56.210808, 0.0 ], [ 40.089348, 54.803566, 0.0 ]] 
boundary 0: [[ 40.193672, 75.391304, 0.0 ], [ 39.702385, 74.38089, 0.0 ], [ 37.732445, 72.89465, 0.0 ], [ 34.476418, 71.077934, 0.0 ], [ 30.253248, 69.108894, 0.0 ], [ 25.476284, 67.17967, 0.0 ], [ 20.613121, 65.47985, 0.0 ], [ 16.139757, 64.1752, 0.0 ], [ 12.494115, 63.39389, 0.0 ], [ 10.033036, 63.21211, 0.0 ], [ 8.997462, 63.647667, 0.0 ], [ 9.488709, 64.65814, 0.0 ], [ 11.458713, 66.14438, 0.0 ], [ 14.714635, 67.96107, 0.0 ], [ 18.937782, 69.93026, 0.0 ], [ 23.714766, 71.85923, 0.0 ], [ 28.577953, 73.559204, 0.0 ], [ 33.051273, 74.86373, 0.0 ], [ 36.696907, 75.64504, 0.0 ], [ 39.15797, 75.82685, 0.0 ]] 
boundary 1: [[ 40.193672, 52.608776, 0.0 ], [ 39.157963, 52.173172, 0.0 ], [ 36.696907, 52.35483, 0.0 ], [ 33.051258, 53.13626, 0.0 ], [ 28.577963, 54.44086, 0.0 ], [ 23.714758, 56.140755, 0.0 ], [ 18.937786, 58.069767, 0.0 ], [ 14.714631, 60.03895, 0.0 ], [ 11.458712, 61.85561, 0.0 ], [ 9.488718, 63.34187, 0.0 ], [ 8.997455, 64.35238, 0.0 ], [ 10.033032, 64.7879, 0.0 ], [ 12.494131, 64.60608, 0.0 ], [ 16.139772, 63.82476, 0.0 ], [ 20.613136, 62.520195, 0.0 ], [ 25.476276, 60.82019, 0.0 ], [ 30.253258, 58.891197, 0.0 ], [ 34.47641, 56.922, 0.0 ], [ 37.732437, 55.105324, 0.0 ], [ 39.702393, 53.619076, 0.0 ]] 
boundary 0: [[ 39.758602, 76.48612, 0.0 ], [ 39.30446, 75.45849, 0.0 ], [ 37.389973, 73.90147, 0.0 ], [ 34.202286, 71.96733, 0.0 ], [ 30.053652, 69.84576, 0.0 ], [ 25.350136, 67.7438, 0.0 ], [ 20.55212, 65.86795, 0.0 ], [ 16.129257, 64.401184, 0.0 ], [ 12.514497, 63.48757, 0.0 ], [ 10.061672, 63.216267, 0.0 ], [ 9.01092, 63.61381, 0.0 ], [ 9.465029, 64.64151, 0.0 ], [ 11.379582, 66.19852, 0.0 ], [ 14.567162, 68.13261, 0.0 ], [ 18.71577, 70.25436, 0.0 ], [ 23.419308, 72.35608, 0.0 ], [ 28.21734, 74.23208, 0.0 ], [ 32.640167, 75.698715, 0.0 ], [ 36.254925, 76.61231, 0.0 ], [ 38.707733, 76.88365, 0.0 ]] 
boundary 1: [[ 39.758602, 51.51395, 0.0 ], [ 38.707726, 51.116364, 0.0 ], [ 36.25492, 51.38756, 0.0 ], [ 32.640152, 52.30128, 0.0 ], [ 28.217352, 53.767982, 0.0 ], [ 23.4193, 55.643913, 0.0 ], [ 18.715775, 57.74567, 0.0 ], [ 14.567158, 59.867397, 0.0 ], [ 11.3795805, 61.801464, 0.0 ], [ 9.465037, 63.3585, 0.0 ], [ 9.010915, 64.386246, 0.0 ], [ 10.061668, 64.783745, 0.0 ], [ 12.514511, 64.51237, 0.0 ], [ 16.129272, 63.598778, 0.0 ], [ 20.552135, 62.132114, 0.0 ], [ 25.350122, 60.25607, 0.0 ], [ 30.053665, 58.15433, 0.0 ], [ 34.202263, 56.032593, 0.0 ], [ 37.389965, 54.098507, 0.0 ], [ 39.304466, 52.541485, 0.0 ]] 
boundary 0: [[ 39.271027, 77.59228, 0.0 ], [ 38.85561, 76.54838, 0.0 ], [ 37.000668, 74.92088, 0.0 ], [ 33.8875, 72.86895, 0.0 ], [ 29.821077, 70.59378, 0.0 ], [ 25.19942, 68.31747, 0.0 ], [ 20.474874, 66.26358, 0.0 ], [ 16.109928, 64.6325, 0.0 ], [ 12.531847, 63.584415, 0.0 ], [ 10.090879, 63.22161, 0.0 ], [ 9.025999, 63.5796, 0.0 ], [ 9.441377, 64.62356, 0.0 ], [ 11.296391, 66.25104, 0.0 ], [ 14.409447, 68.302925, 0.0 ], [ 18.475843, 70.57828, 0.0 ], [ 23.09753, 72.85433, 0.0 ], [ 27.82209, 74.90839, 0.0 ], [ 32.187004, 76.53932, 0.0 ], [ 35.765083, 77.58742, 0.0 ], [ 38.20603, 77.95024, 0.0 ]] 
boundary 1: [[ 39.271027, 50.40779, 0.0 ], [ 38.206024, 50.049767, 0.0 ], [ 35.765076, 50.412468, 0.0 ], [ 32.18699, 51.460663, 0.0 ], [ 27.822102, 53.091667, 0.0 ], [ 23.097523, 55.14564, 0.0 ], [ 18.475847, 57.42175, 0.0 ], [ 14.409443, 59.697075, 0.0 ], [ 11.296389, 61.74894, 0.0 ], [ 9.441385, 63.376453, 0.0 ], [ 9.025997, 64.420456, 0.0 ], [ 10.090876, 64.778404, 0.0 ], [ 12.531861, 64.41553, 0.0 ], [ 16.109943, 63.367447, 0.0 ], [ 20.47489, 61.736485, 0.0 ], [ 25.199402, 59.682404, 0.0 ], [ 29.82109, 57.406303, 0.0 ], [ 33.887478, 55.13098, 0.0 ], [ 37.00066, 53.079086, 0.0 ], [ 38.855618, 51.45158, 0.0 ]] 
boundary 0: [[ 38.621613, 78.9142, 0.0 ], [ 38.254158, 77.852455, 0.0 ], [ 36.47526, 76.1422, 0.0 ], [ 33.458763, 73.95061, 0.0 ], [ 29.500174, 71.492615, 0.0 ], [ 24.98697, 69.00819, 0.0 ], [ 20.360859, 66.74129, 0.0 ], [ 16.07472, 64.91312, 0.0 ], [ 12.548076, 63.703182, 0.0 ], [ 10.1261635, 63.229595, 0.0 ], [ 9.046084, 63.53872, 0.0 ], [ 9.413492, 64.60051, 0.0 ], [ 11.192466, 66.310776, 0.0 ], [ 14.208853, 68.5023, 0.0 ], [ 18.167408, 70.960464, 0.0 ], [ 22.680658, 73.44463, 0.0 ], [ 27.306772, 75.711716, 0.0 ], [ 31.592894, 77.53973, 0.0 ], [ 35.119522, 78.74969, 0.0 ], [ 37.541428, 79.2233, 0.0 ]] 
boundary 1: [[ 38.621613, 49.085876, 0.0 ], [ 37.54142, 48.776722, 0.0 ], [ 35.119514, 49.250202, 0.0 ], [ 31.592878, 50.460255, 0.0 ], [ 27.306787, 52.288334, 0.0 ], [ 22.680647, 54.555336, 0.0 ], [ 18.167412, 57.039555, 0.0 ], [ 14.208849, 59.497704, 0.0 ], [ 11.192463, 61.689198, 0.0 ], [ 9.413501, 63.3995, 0.0 ], [ 9.0460825, 64.46134, 0.0 ], [ 10.126161, 64.770424, 0.0 ], [ 12.548089, 64.296776, 0.0 ], [ 16.07473, 63.086826, 0.0 ], [ 20.360874, 61.258774, 0.0 ], [ 24.986946, 58.991676, 0.0 ], [ 29.50019, 56.507465, 0.0 ], [ 33.45874, 54.049328, 0.0 ], [ 36.475254, 51.857796, 0.0 ], [ 38.254158, 50.147495, 0.0 ]] 
boundary 0: [[ 38.019783, 80.01879, 0.0 ], [ 37.6939, 78.943565, 0.0 ], [ 35.982872, 77.165405, 0.0 ], [ 33.05391, 74.85814, 0.0 ], [ 29.193924, 72.24805, 0.0 ], [ 24.780773, 69.58994, 0.0 ], [ 20.246338, 67.14481, 0.0 ], [ 16.034554, 65.15131, 0.0 ], [ 12.557643, 63.805103, 0.0 ], [ 10.155984, 63.237682, 0.0 ], [ 9.064699, 63.504562, 0.0 ], [ 9.390528, 64.579834, 0.0 ], [ 11.101628, 66.35802, 0.0 ], [ 14.030491, 68.66519, 0.0 ], [ 17.890436, 71.27548, 0.0 ], [ 22.303638, 73.93333, 0.0 ], [ 26.83807, 76.37864, 0.0 ], [ 31.049847, 78.37198, 0.0 ], [ 34.52674, 79.718185, 0.0 ], [ 36.9284, 80.28567, 0.0 ]] 
boundary 1: [[ 38.019787, 47.98127, 0.0 ], [ 36.92839, 47.714363, 0.0 ], [ 34.526726, 48.28169, 0.0 ], [ 31.049831, 49.62801, 0.0 ], [ 26.838087, 51.62142, 0.0 ], [ 22.303627, 54.06665, 0.0 ], [ 17.89044, 56.724533, 0.0 ], [ 14.030487, 59.33481, 0.0 ], [ 11.101625, 61.641968, 0.0 ], [ 9.390538, 63.420174, 0.0 ], [ 9.0647, 64.4955, 0.0 ], [ 10.155983, 64.76234, 0.0 ], [ 12.557656, 64.19485, 0.0 ], [ 16.034565, 62.848633, 0.0 ], [ 20.246359, 60.855247, 0.0 ], [ 24.780746, 58.409924, 0.0 ], [ 29.193945, 55.75204, 0.0 ], [ 33.053886, 53.141785, 0.0 ], [ 35.982864, 50.834587, 0.0 ], [ 37.6939, 49.056374, 0.0 ]] 
boundary 0: [[ 37.637775, 80.67076, 0.0 ], [ 37.337112, 79.58822, 0.0 ], [ 35.668106, 77.77057, 0.0 ], [ 32.793858, 75.39548, 0.0 ], [ 28.995916, 72.69589, 0.0 ], [ 24.646091, 69.93538, 0.0 ], [ 20.170034, 67.38496, 0.0 ], [ 16.005983, 65.29358, 0.0 ], [ 12.561481, 63.86648, 0.0 ], [ 10.173738, 63.243095, 0.0 ], [ 9.076513, 63.484398, 0.0 ], [ 9.377126, 64.566986, 0.0 ], [ 11.0462055, 66.38468, 0.0 ], [ 13.920355, 68.75966, 0.0 ], [ 17.718246, 71.45944, 0.0 ], [ 22.068129, 74.219696, 0.0 ], [ 26.544184, 76.770294, 0.0 ], [ 30.708225, 78.861534, 0.0 ], [ 34.15271, 80.28862, 0.0 ], [ 36.54046, 80.91208, 0.0 ]] 
boundary 1: [[ 37.637783, 47.329296, 0.0 ], [ 36.54045, 47.087967, 0.0 ], [ 34.152687, 47.711258, 0.0 ], [ 30.70821, 49.13846, 0.0 ], [ 26.544207, 51.229748, 0.0 ], [ 22.068117, 53.780277, 0.0 ], [ 17.71825, 56.54057, 0.0 ], [ 13.920351, 59.240337, 0.0 ], [ 11.046203, 61.61531, 0.0 ], [ 9.377137, 63.433014, 0.0 ], [ 9.076516, 64.51566, 0.0 ], [ 10.173737, 64.75693, 0.0 ], [ 12.561493, 64.13346, 0.0 ], [ 16.005993, 62.706367, 0.0 ], [ 20.170057, 60.615097, 0.0 ], [ 24.646065, 58.06448, 0.0 ], [ 28.995937, 55.30419, 0.0 ], [ 32.793835, 52.60444, 0.0 ], [ 35.6681, 50.229427, 0.0 ], [ 37.337112, 48.41172, 0.0 ]] 
boundary 0: [[ 37.372726, 81.10353, 0.0 ], [ 37.089066, 80.01641, 0.0 ], [ 35.4488, 78.172775, 0.0 ], [ 32.612175, 75.75287, 0.0 ], [ 28.857084, 72.99402, 0.0 ], [ 24.551115, 70.16557, 0.0 ], [ 20.115639, 67.545204, 0.0 ], [ 15.984928, 65.38873, 0.0 ], [ 12.563253, 63.90775, 0.0 ], [ 10.185587, 63.24696, 0.0 ], [ 9.084711, 63.471012, 0.0 ], [ 9.368296, 64.55819, 0.0 ], [ 11.008639, 66.40185, 0.0 ], [ 13.845158, 68.821655, 0.0 ], [ 17.600208, 71.5807, 0.0 ], [ 21.906223, 74.4089, 0.0 ], [ 26.341705, 77.02943, 0.0 ], [ 30.472399, 79.18577, 0.0 ], [ 33.89406, 80.66675, 0.0 ], [ 36.27173, 81.32759, 0.0 ]] 
boundary 1: [[ 37.372734, 46.89653, 0.0 ], [ 36.27173, 46.672455, 0.0 ], [ 33.894035, 47.333138, 0.0 ], [ 30.472383, 48.814224, 0.0 ], [ 26.34173, 50.970604, 0.0 ], [ 21.906212, 53.591087, 0.0 ], [ 17.600212, 56.419308, 0.0 ], [ 13.845154, 59.178352, 0.0 ], [ 11.008636, 61.598145, 0.0 ], [ 9.368307, 63.441814, 0.0 ], [ 9.084715, 64.52905, 0.0 ], [ 10.185587, 64.75306, 0.0 ], [ 12.563265, 64.09219, 0.0 ], [ 15.984936, 62.611214, 0.0 ], [ 20.115665, 60.45485, 0.0 ], [ 24.551083, 57.834293, 0.0 ], [ 28.857111, 55.00607, 0.0 ], [ 32.612152, 52.247044, 0.0 ], [ 35.44879, 49.82721, 0.0 ], [ 37.089066, 47.98353, 0.0 ]] 
boundary 0: [[ 37.455048, 80.97074, 0.0 ], [ 37.166138, 79.88501, 0.0 ], [ 35.516983, 78.04932, 0.0 ], [ 32.6687, 75.64315, 0.0 ], [ 28.900322, 72.90247, 0.0 ], [ 24.580736, 70.09487, 0.0 ], [ 20.132648, 67.495964, 0.0 ], [ 15.991568, 65.359474, 0.0 ], [ 12.562777, 63.895042, 0.0 ], [ 10.181945, 63.24575, 0.0 ], [ 9.082165, 63.47512, 0.0 ], [ 9.370999, 64.56091, 0.0 ], [ 11.020232, 66.39662, 0.0 ], [ 13.86841, 68.8027, 0.0 ], [ 17.63675, 71.54357, 0.0 ], [ 21.956379, 74.35092, 0.0 ], [ 26.40447, 76.94999, 0.0 ], [ 30.545536, 79.08635, 0.0 ], [ 33.97431, 80.55077, 0.0 ], [ 36.35515, 81.20012, 0.0 ]] 
boundary 1: [[ 37.455055, 47.02932, 0.0 ], [ 36.35515, 46.799923, 0.0 ], [ 33.97429, 47.449112, 0.0 ], [ 30.54552, 48.913647, 0.0 ], [ 26.404495, 51.05004, 0.0 ], [ 21.956367, 53.649063, 0.0 ], [ 17.636753, 56.456444, 0.0 ], [ 13.868406, 59.19731, 0.0 ], [ 11.020229, 61.603367, 0.0 ], [ 9.371011, 63.43909, 0.0 ], [ 9.082169, 64.52495, 0.0 ], [ 10.181945, 64.75427, 0.0 ], [ 12.562789, 64.1049, 0.0 ], [ 15.991575, 62.640472, 0.0 ], [ 20.132675, 60.504093, 0.0 ], [ 24.580704, 57.905, 0.0 ], [ 28.900349, 55.097614, 0.0 ], [ 32.66868, 52.356766, 0.0 ], [ 35.516975, 49.950665, 0.0 ], [ 37.166138, 48.11493, 0.0 ]] 
boundary 0: [[ 38.268585, 79.57448, 0.0 ], [ 37.92579, 78.50453, 0.0 ], [ 36.186974, 76.75352, 0.0 ], [ 33.22203, 74.492676, 0.0 ], [ 29.32143, 71.9437, 0.0 ], [ 24.866962, 69.35543, 0.0 ], [ 20.294579, 66.982, 0.0 ], [ 16.051926, 65.055084, 0.0 ], [ 12.554248, 63.763798, 0.0 ], [ 10.143949, 63.234272, 0.0 ], [ 9.057004, 63.518307, 0.0 ], [ 9.399727, 64.58831, 0.0 ], [ 11.138618, 66.339325, 0.0 ], [ 14.103455, 68.60008, 0.0 ], [ 18.004028, 71.14926, 0.0 ], [ 22.458527, 73.73729, 0.0 ], [ 27.03092, 76.11086, 0.0 ], [ 31.273552, 78.03765, 0.0 ], [ 34.771217, 79.32893, 0.0 ], [ 37.18152, 79.85853, 0.0 ]] 
boundary 1: [[ 38.26859, 48.42558, 0.0 ], [ 37.18152, 48.141525, 0.0 ], [ 34.771194, 48.67095, 0.0 ], [ 31.273537, 49.96234, 0.0 ], [ 27.030943, 51.889168, 0.0 ], [ 22.458515, 54.262703, 0.0 ], [ 18.004032, 56.850754, 0.0 ], [ 14.103451, 59.39992, 0.0 ], [ 11.138617, 61.66066, 0.0 ], [ 9.399738, 63.41169, 0.0 ], [ 9.057006, 64.481766, 0.0 ], [ 10.143949, 64.76575, 0.0 ], [ 12.554262, 64.23613, 0.0 ], [ 16.051937, 62.94486, 0.0 ], [ 20.294598, 61.018047, 0.0 ], [ 24.86694, 58.644436, 0.0 ], [ 29.32145, 56.05639, 0.0 ], [ 33.222008, 53.507233, 0.0 ], [ 36.186966, 51.246456, 0.0 ], [ 37.925797, 49.495415, 0.0 ]] 
boundary 0: [[ 39.22999, 77.680534, 0.0 ], [ 38.81768, 76.6354, 0.0 ], [ 36.967667, 75.00232, 0.0 ], [ 33.860676, 72.94103, 0.0 ], [ 29.801142, 70.653625, 0.0 ], [ 25.186352, 68.36341, 0.0 ], [ 20.468012, 66.29532, 0.0 ], [ 16.107994, 64.651085, 0.0 ], [ 12.533084, 63.59223, 0.0 ], [ 10.093222, 63.2221, 0.0 ], [ 9.027268, 63.57688, 0.0 ], [ 9.439506, 64.62208, 0.0 ], [ 11.289608, 66.25514, 0.0 ], [ 14.396474, 68.31637, 0.0 ], [ 18.455994, 70.60395, 0.0 ], [ 23.0708, 72.893936, 0.0 ], [ 27.789165, 74.962204, 0.0 ], [ 32.149147, 76.60627, 0.0 ], [ 35.724052, 77.665146, 0.0 ], [ 38.163918, 78.03534, 0.0 ]] 
boundary 1: [[ 39.22999, 50.319527, 0.0 ], [ 38.16391, 49.96472, 0.0 ], [ 35.724037, 50.33474, 0.0 ], [ 32.14913, 51.393715, 0.0 ], [ 27.789185, 53.03784, 0.0 ], [ 23.07079, 55.10605, 0.0 ], [ 18.455997, 57.396053, 0.0 ], [ 14.39647, 59.68364, 0.0 ], [ 11.289606, 61.74484, 0.0 ], [ 9.439517, 63.377926, 0.0 ], [ 9.0272665, 64.423195, 0.0 ], [ 10.093217, 64.777916, 0.0 ], [ 12.533104, 64.4077, 0.0 ], [ 16.108011, 63.348846, 0.0 ], [ 20.468025, 61.704746, 0.0 ], [ 25.186338, 59.63646, 0.0 ], [ 29.80115, 57.34645, 0.0 ], [ 33.860664, 55.058884, 0.0 ], [ 36.96766, 52.997654, 0.0 ], [ 38.817688, 51.364548, 0.0 ]] 
boundary 0: [[ 40.132084, 75.55365, 0.0 ], [ 39.646202, 74.54063, 0.0 ], [ 37.684288, 73.043816, 0.0 ], [ 34.438057, 71.20965, 0.0 ], [ 30.225542, 69.217964, 0.0 ], [ 25.458994, 67.2631, 0.0 ], [ 20.605022, 65.53722, 0.0 ], [ 16.138721, 64.20851, 0.0 ], [ 12.497331, 63.40763, 0.0 ], [ 10.037267, 63.21267, 0.0 ], [ 8.999369, 63.64266, 0.0 ], [ 9.485188, 64.65575, 0.0 ], [ 11.447179, 66.15254, 0.0 ], [ 14.693298, 67.98666, 0.0 ], [ 18.905806, 69.97854, 0.0 ], [ 23.67235, 71.93314, 0.0 ], [ 28.52636, 73.65921, 0.0 ], [ 32.992603, 74.98775, 0.0 ], [ 36.634003, 75.78865, 0.0 ], [ 39.094063, 75.98367, 0.0 ]] 
boundary 1: [[ 40.13208, 52.44641, 0.0 ], [ 39.094055, 52.016384, 0.0 ], [ 36.633987, 52.21123, 0.0 ], [ 32.992588, 53.012238, 0.0 ], [ 28.526379, 54.340843, 0.0 ], [ 23.672344, 56.06684, 0.0 ], [ 18.90581, 58.021484, 0.0 ], [ 14.693295, 60.013355, 0.0 ], [ 11.447178, 61.847446, 0.0 ], [ 9.485199, 63.344254, 0.0 ], [ 8.99936, 64.357414, 0.0 ], [ 10.037261, 64.787346, 0.0 ], [ 12.497356, 64.59229, 0.0 ], [ 16.138748, 63.791424, 0.0 ], [ 20.605032, 62.462845, 0.0 ], [ 25.458988, 60.736755, 0.0 ], [ 30.225544, 58.78212, 0.0 ], [ 34.43804, 56.790264, 0.0 ], [ 37.68428, 54.956154, 0.0 ], [ 39.64621, 53.459324, 0.0 ]] 
boundary 0: [[ 40.781944, 73.68577, 0.0 ], [ 40.235035, 72.70435, 0.0 ], [ 38.185287, 71.33029, 0.0 ], [ 34.832993, 69.69801, 0.0 ], [ 30.506586, 67.967606, 0.0 ], [ 25.629444, 66.3078, 0.0 ], [ 20.679039, 64.881905, 0.0 ], [ 16.139862, 63.82874, 0.0 ], [ 12.456318, 63.251984, 0.0 ], [ 9.988936, 63.207787, 0.0 ], [ 8.979269, 63.700424, 0.0 ], [ 9.526115, 64.681915, 0.0 ], [ 11.575945, 66.05597, 0.0 ], [ 14.928124, 67.68819, 0.0 ], [ 19.254524, 69.418816, 0.0 ], [ 24.13165, 71.07833, 0.0 ], [ 29.082108, 72.50442, 0.0 ], [ 33.621204, 73.55743, 0.0 ], [ 37.30477, 74.13421, 0.0 ], [ 39.77215, 74.17847, 0.0 ]] 
boundary 1: [[ 40.781937, 54.314278, 0.0 ], [ 39.77214, 53.821594, 0.0 ], [ 37.304764, 53.86568, 0.0 ], [ 33.62119, 54.442562, 0.0 ], [ 29.082123, 55.495636, 0.0 ], [ 24.131643, 56.921646, 0.0 ], [ 19.254528, 58.58122, 0.0 ], [ 14.928121, 60.31182, 0.0 ], [ 11.575945, 61.944027, 0.0 ], [ 9.526129, 63.318073, 0.0 ], [ 8.979256, 64.29965, 0.0 ], [ 9.988931, 64.79223, 0.0 ], [ 12.456347, 64.74794, 0.0 ], [ 16.13989, 64.171196, 0.0 ], [ 20.679047, 63.118153, 0.0 ], [ 25.629448, 61.69205, 0.0 ], [ 30.506582, 60.03248, 0.0 ], [ 34.83298, 58.30189, 0.0 ], [ 38.18528, 56.669678, 0.0 ], [ 40.23505, 55.2956, 0.0 ]] 
boundary 0: [[ 41.14879, 72.42888, 0.0 ], [ 40.562588, 71.47043, 0.0 ], [ 38.4589, 70.18047, 0.0 ], [ 35.04326, 68.68526, 0.0 ], [ 30.650349, 67.131424, 0.0 ], [ 25.710009, 65.67043, 0.0 ], [ 20.70593, 64.44612, 0.0 ], [ 16.127838, 63.57761, 0.0 ], [ 12.4239645, 63.150448, 0.0 ], [ 9.956817, 63.206184, 0.0 ], [ 8.967922, 63.739292, 0.0 ], [ 9.554057, 64.697845, 0.0 ], [ 11.657835, 65.987785, 0.0 ], [ 15.073351, 67.48294, 0.0 ], [ 19.466267, 69.03699, 0.0 ], [ 24.40658, 70.497696, 0.0 ], [ 29.410713, 71.722176, 0.0 ], [ 33.988716, 72.59057, 0.0 ], [ 37.69262, 73.01773, 0.0 ], [ 40.159763, 72.962074, 0.0 ]] 
boundary 1: [[ 41.14878, 55.571156, 0.0 ], [ 40.159756, 55.037994, 0.0 ], [ 37.69261, 54.982147, 0.0 ], [ 33.9887, 55.409428, 0.0 ], [ 29.410728, 56.277866, 0.0 ], [ 24.406572, 57.502285, 0.0 ], [ 19.466267, 58.96304, 0.0 ], [ 15.073345, 60.517063, 0.0 ], [ 11.657835, 62.01222, 0.0 ], [ 9.554072, 63.302143, 0.0 ], [ 8.967907, 64.26077, 0.0 ], [ 9.956811, 64.79383, 0.0 ], [ 12.423996, 64.849464, 0.0 ], [ 16.127869, 64.42234, 0.0 ], [ 20.705935, 63.55393, 0.0 ], [ 25.710014, 62.329422, 0.0 ], [ 30.650341, 60.86866, 0.0 ], [ 35.04326, 59.314644, 0.0 ], [ 38.458893, 57.81949, 0.0 ], [ 40.562603, 56.529526, 0.0 ]] 
boundary 0: [[ 41.328423, 71.73296, 0.0 ], [ 40.721085, 70.78779, 0.0 ], [ 38.589222, 69.544914, 0.0 ], [ 35.141197, 68.12597, 0.0 ], [ 30.714842, 66.670166, 0.0 ], [ 25.743244, 65.31936, 0.0 ], [ 20.713192, 64.20657, 0.0 ], [ 16.11692, 63.44003, 0.0 ], [ 12.404468, 63.0953, 0.0 ], [ 9.939166, 63.205864, 0.0 ], [ 8.962366, 63.760815, 0.0 ], [ 9.56966, 64.70611, 0.0 ], [ 11.701592, 65.94897, 0.0 ], [ 15.149497, 67.36783, 0.0 ], [ 19.57587, 68.82385, 0.0 ], [ 24.547434, 70.17439, 0.0 ], [ 29.57754, 71.287346, 0.0 ], [ 34.1737, 72.05377, 0.0 ], [ 37.886204, 72.39848, 0.0 ], [ 40.351494, 72.28801, 0.0 ]] 
boundary 1: [[ 41.328415, 56.26707, 0.0 ], [ 40.351486, 55.71206, 0.0 ], [ 37.886196, 55.60139, 0.0 ], [ 34.173683, 55.94623, 0.0 ], [ 29.577555, 56.712696, 0.0 ], [ 24.547426, 57.82559, 0.0 ], [ 19.57587, 59.176174, 0.0 ], [ 15.149491, 60.63217, 0.0 ], [ 11.701592, 62.05104, 0.0 ], [ 9.569675, 63.29389, 0.0 ], [ 8.962349, 64.23925, 0.0 ], [ 9.93916, 64.79417, 0.0 ], [ 12.4045, 64.90462, 0.0 ], [ 16.116953, 64.55992, 0.0 ], [ 20.713196, 63.793484, 0.0 ], [ 25.743254, 62.6805, 0.0 ], [ 30.714832, 61.32991, 0.0 ], [ 35.141197, 59.873928, 0.0 ], [ 38.589214, 58.45506, 0.0 ], [ 40.7211, 57.212173, 0.0 ]] 
boundary 0: [[ 41.462578, 71.16637, 0.0 ], [ 40.83832, 70.23229, 0.0 ], [ 38.684418, 69.028, 0.0 ], [ 35.211403, 67.67138, 0.0 ], [ 30.759554, 66.29552, 0.0 ], [ 25.764433, 65.034454, 0.0 ], [ 20.715164, 64.01241, 0.0 ], [ 16.105831, 63.32877, 0.0 ], [ 12.387775, 63.050953, 0.0 ], [ 9.924869, 63.205887, 0.0 ], [ 8.958217, 63.778336, 0.0 ], [ 9.582436, 64.71254, 0.0 ], [ 11.736401, 65.916794, 0.0 ], [ 15.209295, 67.27336, 0.0 ], [ 19.661171, 68.64943, 0.0 ], [ 24.656246, 69.91024, 0.0 ], [ 29.705574, 70.93243, 0.0 ], [ 34.31478, 71.61597, 0.0 ], [ 38.03289, 71.893776, 0.0 ], [ 40.49581, 71.73892, 0.0 ]] 
boundary 1: [[ 41.46257, 56.83366, 0.0 ], [ 40.495804, 56.261147, 0.0 ], [ 38.032883, 56.106106, 0.0 ], [ 34.314766, 56.384033, 0.0 ], [ 29.70559, 57.067616, 0.0 ], [ 24.656242, 58.089745, 0.0 ], [ 19.661171, 59.350582, 0.0 ], [ 15.20929, 60.726643, 0.0 ], [ 11.736401, 62.083195, 0.0 ], [ 9.582451, 63.287457, 0.0 ], [ 8.958199, 64.22173, 0.0 ], [ 9.924858, 64.794136, 0.0 ], [ 12.38781, 64.94898, 0.0 ], [ 16.105867, 64.67117, 0.0 ], [ 20.715164, 63.987633, 0.0 ], [ 25.764444, 62.965405, 0.0 ], [ 30.759542, 61.70456, 0.0 ], [ 35.211403, 60.328518, 0.0 ], [ 38.68441, 58.971966, 0.0 ], [ 40.838337, 57.767673, 0.0 ]] 
boundary 0: [[ 41.4467, 71.23593, 0.0 ], [ 40.824493, 70.30046, 0.0 ], [ 38.67327, 69.091415, 0.0 ], [ 35.20325, 67.72713, 0.0 ], [ 30.754438, 66.34151, 0.0 ], [ 25.762112, 65.06936, 0.0 ], [ 20.715117, 64.03621, 0.0 ], [ 16.107294, 63.34238, 0.0 ], [ 12.389866, 63.056385, 0.0 ], [ 9.926619, 63.20587, 0.0 ], [ 8.958711, 63.776176, 0.0 ], [ 9.580867, 64.71177, 0.0 ], [ 11.73217, 65.92078, 0.0 ], [ 15.202057, 67.28501, 0.0 ], [ 19.65089, 68.67091, 0.0 ], [ 24.643177, 69.94273, 0.0 ], [ 29.690231, 70.976036, 0.0 ], [ 34.29791, 71.66976, 0.0 ], [ 38.01539, 71.95574, 0.0 ], [ 40.478638, 71.806335, 0.0 ]] 
boundary 1: [[ 41.446693, 56.7641, 0.0 ], [ 40.47863, 56.193733, 0.0 ], [ 38.01538, 56.044106, 0.0 ], [ 34.297894, 56.330242, 0.0 ], [ 29.690247, 57.02401, 0.0 ], [ 24.643173, 58.05725, 0.0 ], [ 19.65089, 59.329136, 0.0 ], [ 15.202051, 60.714993, 0.0 ], [ 11.73217, 62.079212, 0.0 ], [ 9.580882, 63.288223, 0.0 ], [ 8.958693, 64.22389, 0.0 ], [ 9.926608, 64.79415, 0.0 ], [ 12.3899, 64.94355, 0.0 ], [ 16.10733, 64.65756, 0.0 ], [ 20.715117, 63.963837, 0.0 ], [ 25.762123, 62.930466, 0.0 ], [ 30.754429, 61.658607, 0.0 ], [ 35.20325, 60.27273, 0.0 ], [ 38.673264, 58.908512, 0.0 ], [ 40.82451, 57.69947, 0.0 ]] 
boundary 0: [[ 41.31119, 71.80265, 0.0 ], [ 40.705948, 70.856125, 0.0 ], [ 38.57686, 69.60851, 0.0 ], [ 35.131985, 68.181915, 0.0 ], [ 30.708853, 66.716354, 0.0 ], [ 25.740269, 65.35444, 0.0 ], [ 20.712715, 64.230515, 0.0 ], [ 16.118141, 63.453747, 0.0 ], [ 12.406471, 63.10081, 0.0 ], [ 9.94093, 63.205883, 0.0 ], [ 8.962902, 63.758648, 0.0 ], [ 9.568097, 64.70531, 0.0 ], [ 11.697267, 65.95288, 0.0 ], [ 15.142, 67.37943, 0.0 ], [ 19.56514, 68.84529, 0.0 ], [ 24.533695, 70.206856, 0.0 ], [ 29.561302, 71.33096, 0.0 ], [ 34.15574, 72.10759, 0.0 ], [ 37.867447, 72.46052, 0.0 ], [ 40.33299, 72.35552, 0.0 ]] 
boundary 1: [[ 41.311184, 56.19737, 0.0 ], [ 40.33298, 55.644547, 0.0 ], [ 37.86744, 55.539333, 0.0 ], [ 34.155724, 55.892406, 0.0 ], [ 29.56132, 56.66911, 0.0 ], [ 24.533688, 57.79313, 0.0 ], [ 19.56514, 59.154762, 0.0 ], [ 15.141994, 60.62058, 0.0 ], [ 11.697267, 62.047104, 0.0 ], [ 9.568112, 63.294693, 0.0 ], [ 8.962886, 64.241425, 0.0 ], [ 9.94092, 64.794136, 0.0 ], [ 12.406505, 64.899124, 0.0 ], [ 16.11818, 64.546196, 0.0 ], [ 20.712715, 63.769543, 0.0 ], [ 25.74028, 62.645386, 0.0 ], [ 30.708849, 61.28378, 0.0 ], [ 35.131977, 59.817947, 0.0 ], [ 38.57685, 58.39142, 0.0 ], [ 40.705963, 57.143803, 0.0 ]] 
boundary 0: [[ 41.157227, 72.39763, 0.0 ], [ 40.570076, 71.43977, 0.0 ], [ 38.465084, 70.151924, 0.0 ], [ 35.047928, 68.66011, 0.0 ], [ 30.653473, 67.11074, 0.0 ], [ 25.711662, 65.65463, 0.0 ], [ 20.70639, 64.435356, 0.0 ], [ 16.127403, 63.571396, 0.0 ], [ 12.423113, 63.14798, 0.0 ], [ 9.956022, 63.206173, 0.0 ], [ 8.967665, 63.740246, 0.0 ], [ 9.554757, 64.69824, 0.0 ], [ 11.659831, 65.98606, 0.0 ], [ 15.076826, 67.47782, 0.0 ], [ 19.471302, 69.02748, 0.0 ], [ 24.413086, 70.48323, 0.0 ], [ 29.41842, 71.7027, 0.0 ], [ 33.99726, 72.56651, 0.0 ], [ 37.701576, 72.98994, 0.0 ], [ 40.168694, 72.931816, 0.0 ]] 
boundary 1: [[ 41.15722, 55.602386, 0.0 ], [ 40.168686, 55.068253, 0.0 ], [ 37.70157, 55.00992, 0.0 ], [ 33.997246, 55.433487, 0.0 ], [ 29.41844, 56.29736, 0.0 ], [ 24.413078, 57.51675, 0.0 ], [ 19.471306, 58.97257, 0.0 ], [ 15.07682, 60.52219, 0.0 ], [ 11.659831, 62.013927, 0.0 ], [ 9.554772, 63.301758, 0.0 ], [ 8.967649, 64.25983, 0.0 ], [ 9.956013, 64.793846, 0.0 ], [ 12.423147, 64.85195, 0.0 ], [ 16.127441, 64.42854, 0.0 ], [ 20.70639, 63.564705, 0.0 ], [ 25.71167, 62.34519, 0.0 ], [ 30.653477, 60.88939, 0.0 ], [ 35.04792, 59.339752, 0.0 ], [ 38.465076, 57.848007, 0.0 ], [ 40.57009, 56.56015, 0.0 ]] 
boundary 0: [[ 40.965584, 73.08029, 0.0 ], [ 40.399567, 72.1098, 0.0 ], [ 38.323334, 70.77611, 0.0 ], [ 34.939705, 69.20971, 0.0 ], [ 30.58027, 67.564354, 0.0 ], [ 25.671585, 66.00024, 0.0 ], [ 20.694246, 64.671486, 0.0 ], [ 16.135311, 63.707325, 0.0 ], [ 12.441196, 63.20278, 0.0 ], [ 9.973424, 63.206863, 0.0 ], [ 8.973593, 63.71913, 0.0 ], [ 9.539536, 64.68977, 0.0 ], [ 11.615866, 66.02344, 0.0 ], [ 14.99933, 67.58978, 0.0 ], [ 19.358763, 69.23542, 0.0 ], [ 24.267437, 70.79919, 0.0 ], [ 29.244833, 72.12813, 0.0 ], [ 33.803635, 73.09214, 0.0 ], [ 37.497772, 73.596664, 0.0 ], [ 39.96557, 73.59268, 0.0 ]] 
boundary 1: [[ 40.965576, 54.91972, 0.0 ], [ 39.96556, 54.407394, 0.0 ], [ 37.497757, 54.40317, 0.0 ], [ 33.80362, 54.90787, 0.0 ], [ 29.244856, 55.87194, 0.0 ], [ 24.267426, 57.200794, 0.0 ], [ 19.358768, 58.764626, 0.0 ], [ 14.999324, 60.410236, 0.0 ], [ 11.615866, 61.976547, 0.0 ], [ 9.539552, 63.310226, 0.0 ], [ 8.973578, 64.28094, 0.0 ], [ 9.973415, 64.79316, 0.0 ], [ 12.441231, 64.79715, 0.0 ], [ 16.13535, 64.29262, 0.0 ], [ 20.694248, 63.328575, 0.0 ], [ 25.671593, 61.999588, 0.0 ], [ 30.580278, 60.435783, 0.0 ], [ 34.93969, 58.790157, 0.0 ], [ 38.32332, 57.223843, 0.0 ], [ 40.399582, 55.89013, 0.0 ]] 
boundary 0: [[ 40.61995, 74.18746, 0.0 ], [ 40.089104, 73.197296, 0.0 ], [ 38.06204, 71.78999, 0.0 ], [ 34.736767, 70.10325, 0.0 ], [ 30.439148, 68.3026, 0.0 ], [ 25.589718, 66.563416, 0.0 ], [ 20.663239, 65.057014, 0.0 ], [ 16.141823, 63.929955, 0.0 ], [ 12.468177, 63.293243, 0.0 ], [ 10.001844, 63.208813, 0.0 ], [ 8.984283, 63.68489, 0.0 ], [ 9.51505, 64.67521, 0.0 ], [ 11.542211, 66.08249, 0.0 ], [ 14.867319, 67.76918, 0.0 ], [ 19.164927, 69.570114, 0.0 ], [ 24.014357, 71.308914, 0.0 ], [ 28.94089, 72.81554, 0.0 ], [ 33.46218, 73.94242, 0.0 ], [ 37.13585, 74.57914, 0.0 ], [ 39.602192, 74.66365, 0.0 ]] 
boundary 1: [[ 40.61994, 53.81255, 0.0 ], [ 39.602184, 53.336414, 0.0 ], [ 37.135834, 53.420708, 0.0 ], [ 33.462166, 54.05758, 0.0 ], [ 28.940912, 55.184532, 0.0 ], [ 24.014343, 56.691055, 0.0 ], [ 19.16493, 58.42993, 0.0 ], [ 14.867316, 60.230854, 0.0 ], [ 11.542211, 61.917503, 0.0 ], [ 9.515065, 63.324795, 0.0 ], [ 8.984273, 64.315186, 0.0 ], [ 10.001837, 64.791214, 0.0 ], [ 12.468209, 64.70669, 0.0 ], [ 16.141857, 64.069984, 0.0 ], [ 20.663242, 62.943058, 0.0 ], [ 25.58972, 61.4364, 0.0 ], [ 30.43916, 59.697548, 0.0 ], [ 34.73675, 57.89662, 0.0 ], [ 38.062023, 56.209965, 0.0 ], [ 40.08912, 54.802628, 0.0 ]] 
boundary 0: [[ 40.193405, 75.39214, 0.0 ], [ 39.70211, 74.38176, 0.0 ], [ 37.732235, 72.89545, 0.0 ], [ 34.476215, 71.07863, 0.0 ], [ 30.253109, 69.109566, 0.0 ], [ 25.476196, 67.18009, 0.0 ], [ 20.61309, 65.48019, 0.0 ], [ 16.139744, 64.17535, 0.0 ], [ 12.494127, 63.393967, 0.0 ], [ 10.033056, 63.21214, 0.0 ], [ 8.997477, 63.647633, 0.0 ], [ 9.488695, 64.65816, 0.0 ], [ 11.458661, 66.14443, 0.0 ], [ 14.714521, 67.96122, 0.0 ], [ 18.937601, 69.93056, 0.0 ], [ 23.71453, 71.85965, 0.0 ], [ 28.577682, 73.55977, 0.0 ], [ 33.05092, 74.86444, 0.0 ], [ 36.696556, 75.645836, 0.0 ], [ 39.157623, 75.82774, 0.0 ]] 
boundary 1: [[ 40.193398, 52.607872, 0.0 ], [ 39.157623, 52.172325, 0.0 ], [ 36.696533, 52.354015, 0.0 ], [ 33.050903, 53.13556, 0.0 ], [ 28.57771, 54.44029, 0.0 ], [ 23.71452, 56.140327, 0.0 ], [ 18.937605, 58.069473, 0.0 ], [ 14.7145195, 60.03883, 0.0 ], [ 11.458661, 61.85555, 0.0 ], [ 9.48871, 63.341854, 0.0 ], [ 8.997469, 64.35245, 0.0 ], [ 10.033049, 64.78788, 0.0 ], [ 12.494155, 64.60597, 0.0 ], [ 16.13977, 63.824585, 0.0 ], [ 20.613094, 62.51987, 0.0 ], [ 25.476189, 60.819714, 0.0 ], [ 30.253126, 58.89059, 0.0 ], [ 34.4762, 56.921234, 0.0 ], [ 37.732212, 55.104492, 0.0 ], [ 39.702118, 53.618145, 0.0 ]] 
boundary 0: [[ 39.758316, 76.48695, 0.0 ], [ 39.304153, 75.459335, 0.0 ], [ 37.389732, 73.90225, 0.0 ], [ 34.202045, 71.968025, 0.0 ], [ 30.053488, 69.84643, 0.0 ], [ 25.350029, 67.74422, 0.0 ], [ 20.552082, 65.868286, 0.0 ], [ 16.129238, 64.40133, 0.0 ], [ 12.514505, 63.487648, 0.0 ], [ 10.061692, 63.216297, 0.0 ], [ 9.010936, 63.613777, 0.0 ], [ 9.4650135, 64.641525, 0.0 ], [ 11.379527, 66.19857, 0.0 ], [ 14.567041, 68.13276, 0.0 ], [ 18.71558, 70.254654, 0.0 ], [ 23.41906, 72.35648, 0.0 ], [ 28.217049, 74.23264, 0.0 ], [ 32.63979, 75.69941, 0.0 ], [ 36.254543, 76.6131, 0.0 ], [ 38.707348, 76.88454, 0.0 ]] 
boundary 1: [[ 39.75831, 51.51306, 0.0 ], [ 38.707348, 51.115543, 0.0 ], [ 36.2545, 51.386765, 0.0 ], [ 32.639774, 52.3006, 0.0 ], [ 28.217077, 53.767418, 0.0 ], [ 23.419044, 55.643486, 0.0 ], [ 18.715584, 57.745388, 0.0 ], [ 14.567041, 59.867275, 0.0 ], [ 11.379526, 61.801403, 0.0 ], [ 9.46503, 63.35849, 0.0 ], [ 9.010929, 64.386314, 0.0 ], [ 10.061685, 64.78372, 0.0 ], [ 12.514531, 64.51226, 0.0 ], [ 16.129261, 63.598602, 0.0 ], [ 20.552086, 62.131794, 0.0 ], [ 25.350018, 60.255596, 0.0 ], [ 30.05351, 58.153725, 0.0 ], [ 34.20203, 56.031834, 0.0 ], [ 37.38971, 54.097687, 0.0 ], [ 39.304153, 52.54056, 0.0 ]] 
boundary 0: [[ 39.270714, 77.593094, 0.0 ], [ 38.855263, 76.549225, 0.0 ], [ 37.000404, 74.92165, 0.0 ], [ 33.887238, 72.86963, 0.0 ], [ 29.82089, 70.59445, 0.0 ], [ 25.199299, 68.31789, 0.0 ], [ 20.474825, 66.263916, 0.0 ], [ 16.109907, 64.632645, 0.0 ], [ 12.531855, 63.58449, 0.0 ], [ 10.090895, 63.221645, 0.0 ], [ 9.026018, 63.579567, 0.0 ], [ 9.44136, 64.62357, 0.0 ], [ 11.296333, 66.25109, 0.0 ], [ 14.409322, 68.30308, 0.0 ], [ 18.475643, 70.578575, 0.0 ], [ 23.097271, 72.85473, 0.0 ], [ 27.821777, 74.908936, 0.0 ], [ 32.186592, 76.54001, 0.0 ], [ 35.76467, 77.588196, 0.0 ], [ 38.205612, 77.95111, 0.0 ]] 
boundary 1: [[ 39.270706, 50.406918, 0.0 ], [ 38.205612, 50.04897, 0.0 ], [ 35.764626, 50.411682, 0.0 ], [ 32.186577, 51.46, 0.0 ], [ 27.821808, 53.091118, 0.0 ], [ 23.097254, 55.145226, 0.0 ], [ 18.47565, 57.42147, 0.0 ], [ 14.409322, 59.696953, 0.0 ], [ 11.296331, 61.74888, 0.0 ], [ 9.441377, 63.376442, 0.0 ], [ 9.026014, 64.420525, 0.0 ], [ 10.09089, 64.77838, 0.0 ], [ 12.531874, 64.41542, 0.0 ], [ 16.10993, 63.36727, 0.0 ], [ 20.474834, 61.736168, 0.0 ], [ 25.199276, 59.68193, 0.0 ], [ 29.820915, 57.40571, 0.0 ], [ 33.887222, 55.13023, 0.0 ], [ 37.000374, 53.078278, 0.0 ], [ 38.855263, 51.45068, 0.0 ]] 
boundary 0: [[ 38.62127, 78.91501, 0.0 ], [ 38.253784, 77.8533, 0.0 ], [ 36.47496, 76.14294, 0.0 ], [ 33.45847, 73.95128, 0.0 ], [ 29.499956, 71.493286, 0.0 ], [ 24.986828, 69.008606, 0.0 ], [ 20.360794, 66.74161, 0.0 ], [ 16.074688, 64.91326, 0.0 ], [ 12.548082, 63.703262, 0.0 ], [ 10.126179, 63.22963, 0.0 ], [ 9.0461035, 63.53869, 0.0 ], [ 9.413474, 64.600525, 0.0 ], [ 11.192407, 66.31083, 0.0 ], [ 14.208719, 68.50245, 0.0 ], [ 18.167202, 70.96076, 0.0 ], [ 22.680376, 73.44502, 0.0 ], [ 27.30644, 75.71226, 0.0 ], [ 31.592443, 77.54039, 0.0 ], [ 35.119083, 78.75045, 0.0 ], [ 37.540962, 79.224144, 0.0 ]] 
boundary 1: [[ 38.62126, 49.085022, 0.0 ], [ 37.540962, 48.77594, 0.0 ], [ 35.119026, 49.249435, 0.0 ], [ 31.59243, 50.45961, 0.0 ], [ 27.30647, 52.287804, 0.0 ], [ 22.680357, 54.554935, 0.0 ], [ 18.16721, 57.03929, 0.0 ], [ 14.20872, 59.497585, 0.0 ], [ 11.192405, 61.689144, 0.0 ], [ 9.413492, 63.39949, 0.0 ], [ 9.046107, 64.4614, 0.0 ], [ 10.126174, 64.7704, 0.0 ], [ 12.548099, 64.29667, 0.0 ], [ 16.074707, 63.08665, 0.0 ], [ 20.360806, 61.25846, 0.0 ], [ 24.986797, 58.99121, 0.0 ], [ 29.499987, 56.50688, 0.0 ], [ 33.45845, 54.048584, 0.0 ], [ 36.47493, 51.856995, 0.0 ], [ 38.253777, 50.146618, 0.0 ]] 
boundary 0: [[ 38.01941, 80.0196, 0.0 ], [ 37.69351, 78.944405, 0.0 ], [ 35.98255, 77.16614, 0.0 ], [ 33.0536, 74.85881, 0.0 ], [ 29.193682, 72.2487, 0.0 ], [ 24.780617, 69.59035, 0.0 ], [ 20.246262, 67.145134, 0.0 ], [ 16.03452, 65.15145, 0.0 ], [ 12.557646, 63.805183, 0.0 ], [ 10.155997, 63.237717, 0.0 ], [ 9.064719, 63.50453, 0.0 ], [ 9.390508, 64.57985, 0.0 ], [ 11.101569, 66.35807, 0.0 ], [ 14.030349, 68.665344, 0.0 ], [ 17.890219, 71.27577, 0.0 ], [ 22.30335, 73.93371, 0.0 ], [ 26.837719, 76.37916, 0.0 ], [ 31.04937, 78.37261, 0.0 ], [ 34.52627, 79.71894, 0.0 ], [ 36.92789, 80.28651, 0.0 ]] 
boundary 1: [[ 38.0194, 47.98043, 0.0 ], [ 36.92789, 47.7136, 0.0 ], [ 34.526215, 48.280945, 0.0 ], [ 31.049356, 49.62738, 0.0 ], [ 26.83775, 51.620895, 0.0 ], [ 22.303326, 54.066257, 0.0 ], [ 17.890226, 56.72428, 0.0 ], [ 14.030353, 59.334694, 0.0 ], [ 11.101567, 61.641914, 0.0 ], [ 9.390528, 63.420162, 0.0 ], [ 9.064725, 64.49556, 0.0 ], [ 10.155995, 64.762314, 0.0 ], [ 12.557661, 64.19473, 0.0 ], [ 16.03453, 62.84846, 0.0 ], [ 20.24628, 60.85494, 0.0 ], [ 24.780577, 58.409462, 0.0 ], [ 29.193718, 55.75146, 0.0 ], [ 33.053566, 53.141052, 0.0 ], [ 35.98252, 50.833797, 0.0 ], [ 37.693497, 49.055515, 0.0 ]] 
boundary 0: [[ 37.63739, 80.67156, 0.0 ], [ 37.336697, 79.58906, 0.0 ], [ 35.667763, 77.77129, 0.0 ], [ 32.793526, 75.39615, 0.0 ], [ 28.995657, 72.69654, 0.0 ], [ 24.645927, 69.935776, 0.0 ], [ 20.169945, 67.38528, 0.0 ], [ 16.005947, 65.29372, 0.0 ], [ 12.561481, 63.86656, 0.0 ], [ 10.17375, 63.24313, 0.0 ], [ 9.076535, 63.484367, 0.0 ], [ 9.377105, 64.567, 0.0 ], [ 11.046145, 66.38472, 0.0 ], [ 13.920208, 68.75981, 0.0 ], [ 17.718021, 71.45973, 0.0 ], [ 22.067833, 74.22007, 0.0 ], [ 26.543821, 76.77081, 0.0 ], [ 30.707737, 78.86214, 0.0 ], [ 34.152218, 80.28935, 0.0 ], [ 36.53994, 80.912895, 0.0 ]] 
boundary 1: [[ 37.637383, 47.32846, 0.0 ], [ 36.53994, 47.08722, 0.0 ], [ 34.15216, 47.71052, 0.0 ], [ 30.707724, 49.13784, 0.0 ], [ 26.543854, 51.229233, 0.0 ], [ 22.067806, 53.779892, 0.0 ], [ 17.718029, 56.54032, 0.0 ], [ 13.920212, 59.240223, 0.0 ], [ 11.046144, 61.615257, 0.0 ], [ 9.377125, 63.433002, 0.0 ], [ 9.076543, 64.51572, 0.0 ], [ 10.173749, 64.756905, 0.0 ], [ 12.561495, 64.13335, 0.0 ], [ 16.005957, 62.706196, 0.0 ], [ 20.169968, 60.61479, 0.0 ], [ 24.645882, 58.064022, 0.0 ], [ 28.995695, 55.30362, 0.0 ], [ 32.793488, 52.60372, 0.0 ], [ 35.667732, 50.22865, 0.0 ], [ 37.33668, 48.410866, 0.0 ]] 
boundary 0: [[ 37.372307, 81.10431, 0.0 ], [ 37.088646, 80.01724, 0.0 ], [ 35.44844, 78.17351, 0.0 ], [ 32.61184, 75.75354, 0.0 ], [ 28.856817, 72.99466, 0.0 ], [ 24.550941, 70.16597, 0.0 ], [ 20.115543, 67.545525, 0.0 ], [ 15.98489, 65.38887, 0.0 ], [ 12.563253, 63.90783, 0.0 ], [ 10.185599, 63.246994, 0.0 ], [ 9.084733, 63.47098, 0.0 ], [ 9.368275, 64.558205, 0.0 ], [ 11.008579, 66.401886, 0.0 ], [ 13.845009, 68.8218, 0.0 ], [ 17.59998, 71.58099, 0.0 ], [ 21.905926, 74.409256, 0.0 ], [ 26.341335, 77.02994, 0.0 ], [ 30.471907, 79.18637, 0.0 ], [ 33.893562, 80.66747, 0.0 ], [ 36.271194, 81.32841, 0.0 ]] 
boundary 1: [[ 37.3723, 46.895702, 0.0 ], [ 36.271202, 46.671715, 0.0 ], [ 33.893494, 47.332405, 0.0 ], [ 30.47189, 48.813606, 0.0 ], [ 26.341368, 50.9701, 0.0 ], [ 21.9059, 53.5907, 0.0 ], [ 17.599987, 56.41906, 0.0 ], [ 13.845015, 59.178238, 0.0 ], [ 11.008577, 61.59809, 0.0 ], [ 9.368295, 63.441803, 0.0 ], [ 9.0847435, 64.5291, 0.0 ], [ 10.185598, 64.75304, 0.0 ], [ 12.563263, 64.09208, 0.0 ], [ 15.9848995, 62.611042, 0.0 ], [ 20.11557, 60.454544, 0.0 ], [ 24.550894, 57.833836, 0.0 ], [ 28.856855, 55.0055, 0.0 ], [ 32.6118, 52.246338, 0.0 ], [ 35.44841, 49.82644, 0.0 ], [ 37.08863, 47.982685, 0.0 ]] 
