boundary 0: [[ 28.241865, 90.65037, 0.0 ], [ 28.416727, 89.54052, 0.0 ], [ 27.65066, 87.19476, 0.0 ], [ 26.01869, 83.84243, 0.0 ], [ 23.680567, 79.81181, 0.0 ], [ 20.865072, 75.49745, 0.0 ], [ 17.847889, 71.3217, 0.0 ], [ 14.924362, 67.69325, 0.0 ], [ 12.380653, 64.9673, 0.0 ], [ 10.465743, 63.41069, 0.0 ], [ 9.367093, 63.175762, 0.0 ], [ 9.192245, 64.285515, 0.0 ], [ 9.958289, 66.63143, 0.0 ], [ 11.590282, 69.9837, 0.0 ], [ 13.928439, 74.01434, 0.0 ], [ 16.743887, 78.32866, 0.0 ], [ 19.76106, 82.504486, 0.0 ], [ 22.68454, 86.13288, 0.0 ], [ 25.228329, 88.85884, 0.0 ], [ 27.143232, 90.41557, 0.0 ]] 
boundary 1: [[ 28.241879, 37.349617, 0.0 ], [ 27.143242, 37.58445, 0.0 ], [ 25.228287, 39.141148, 0.0 ], [ 22.684536, 41.867096, 0.0 ], [ 19.761053, 45.495514, 0.0 ], [ 16.743874, 49.67131, 0.0 ], [ 13.928433, 53.985653, 0.0 ], [ 11.590247, 58.016254, 0.0 ], [ 9.958287, 61.368584, 0.0 ], [ 9.1922245, 63.714436, 0.0 ], [ 9.36708, 64.82424, 0.0 ], [ 10.465772, 64.58939, 0.0 ], [ 12.380661, 63.032692, 0.0 ], [ 14.924374, 60.306755, 0.0 ], [ 17.847885, 56.678318, 0.0 ], [ 20.865086, 52.50255, 0.0 ], [ 23.680534, 48.188156, 0.0 ], [ 26.018713, 44.157593, 0.0 ], [ 27.650654, 40.805244, 0.0 ], [ 28.416706, 38.45942, 0.0 ]] 
boundary 0: [[ 32.58777, 87.069916, 0.0 ], [ 32.56743, 85.94657, 0.0 ], [ 31.406017, 83.76928, 0.0 ], [ 29.21721, 80.75091, 0.0 ], [ 26.21527, 77.18704, 0.0 ], [ 22.693981, 73.42657, 0.0 ], [ 18.998104, 69.837585, 0.0 ], [ 15.489412, 66.771355, 0.0 ], [ 12.511357, 64.52805, 0.0 ], [ 10.355432, 63.327263, 0.0 ], [ 9.232683, 63.2865, 0.0 ], [ 9.253017, 64.40975, 0.0 ], [ 10.414434, 66.587204, 0.0 ], [ 12.603262, 69.60551, 0.0 ], [ 15.605232, 73.16937, 0.0 ], [ 19.12647, 76.92982, 0.0 ], [ 22.822351, 80.51888, 0.0 ], [ 26.330982, 83.58507, 0.0 ], [ 29.309118, 85.82837, 0.0 ], [ 31.465057, 87.02928, 0.0 ]] 
boundary 1: [[ 32.587784, 40.93007, 0.0 ], [ 31.465061, 40.97075, 0.0 ], [ 29.309078, 42.171608, 0.0 ], [ 26.330984, 44.414906, 0.0 ], [ 22.822344, 47.481125, 0.0 ], [ 19.126463, 51.07015, 0.0 ], [ 15.6052265, 54.830612, 0.0 ], [ 12.603232, 58.394447, 0.0 ], [ 10.41443, 61.412815, 0.0 ], [ 9.253005, 63.59019, 0.0 ], [ 9.232671, 64.71349, 0.0 ], [ 10.355444, 64.67284, 0.0 ], [ 12.511366, 63.47194, 0.0 ], [ 15.489424, 61.22865, 0.0 ], [ 18.9981, 58.162434, 0.0 ], [ 22.693993, 54.573433, 0.0 ], [ 26.215248, 50.81292, 0.0 ], [ 29.217232, 47.249123, 0.0 ], [ 31.40601, 44.23073, 0.0 ], [ 32.56742, 42.053383, 0.0 ]] 
boundary 0: [[ 35.252975, 84.108696, 0.0 ], [ 35.094643, 82.99638, 0.0 ], [ 33.67428, 80.97847, 0.0 ], [ 31.130886, 78.252174, 0.0 ], [ 27.713438, 75.08455, 0.0 ], [ 23.756407, 71.78569, 0.0 ], [ 19.647211, 68.678474, 0.0 ], [ 15.788061, 66.06701, 0.0 ], [ 12.556727, 64.207, 0.0 ], [ 10.269493, 63.280464, 0.0 ], [ 9.150254, 63.378082, 0.0 ], [ 9.308574, 64.4903, 0.0 ], [ 10.728961, 66.5084, 0.0 ], [ 13.27237, 69.23461, 0.0 ], [ 16.689844, 72.40223, 0.0 ], [ 20.646812, 75.70107, 0.0 ], [ 24.756031, 78.80837, 0.0 ], [ 28.615116, 81.41979, 0.0 ], [ 31.846529, 83.27979, 0.0 ], [ 34.13379, 84.20645, 0.0 ]] 
boundary 1: [[ 35.25299, 43.89129, 0.0 ], [ 34.133793, 43.79358, 0.0 ], [ 31.846493, 44.720177, 0.0 ], [ 28.615118, 46.580193, 0.0 ], [ 24.756021, 49.19164, 0.0 ], [ 20.646812, 52.298893, 0.0 ], [ 16.689838, 55.597763, 0.0 ], [ 13.272347, 58.765343, 0.0 ], [ 10.728953, 61.491623, 0.0 ], [ 9.30857, 63.509632, 0.0 ], [ 9.150243, 64.621925, 0.0 ], [ 10.269491, 64.71964, 0.0 ], [ 12.556737, 63.793, 0.0 ], [ 15.788073, 61.932983, 0.0 ], [ 19.647203, 59.321545, 0.0 ], [ 23.756418, 56.214317, 0.0 ], [ 27.71342, 52.915405, 0.0 ], [ 31.130896, 49.747852, 0.0 ], [ 33.67427, 47.021557, 0.0 ], [ 35.094635, 45.00357, 0.0 ]] 
boundary 0: [[ 37.49357, 80.90793, 0.0 ], [ 37.202217, 79.82283, 0.0 ], [ 35.548836, 77.99097, 0.0 ], [ 32.695183, 75.59134, 0.0 ], [ 28.920607, 72.85904, 0.0 ], [ 24.594566, 70.06155, 0.0 ], [ 20.140596, 67.472664, 0.0 ], [ 15.994633, 65.34574, 0.0 ], [ 12.562542, 63.889057, 0.0 ], [ 10.180251, 63.245174, 0.0 ], [ 9.080957, 63.477077, 0.0 ], [ 9.372274, 64.56207, 0.0 ], [ 11.025706, 66.39412, 0.0 ], [ 13.879372, 68.79365, 0.0 ], [ 17.653961, 71.52593, 0.0 ], [ 21.979937, 74.32342, 0.0 ], [ 26.433945, 76.912384, 0.0 ], [ 30.57984, 79.039276, 0.0 ], [ 34.012, 80.49593, 0.0 ], [ 36.394344, 81.139946, 0.0 ]] 
boundary 1: [[ 37.493584, 47.092064, 0.0 ], [ 36.394344, 46.860085, 0.0 ], [ 34.01197, 47.50403, 0.0 ], [ 30.579845, 48.9607, 0.0 ], [ 26.433935, 51.087616, 0.0 ], [ 21.97994, 53.676544, 0.0 ], [ 17.653957, 56.47406, 0.0 ], [ 13.879356, 59.2063, 0.0 ], [ 11.025696, 61.605896, 0.0 ], [ 9.372277, 63.43786, 0.0 ], [ 9.080946, 64.52293, 0.0 ], [ 10.180236, 64.754944, 0.0 ], [ 12.5625515, 64.11093, 0.0 ], [ 15.994646, 62.654255, 0.0 ], [ 20.140589, 60.527355, 0.0 ], [ 24.594578, 57.938457, 0.0 ], [ 28.920599, 55.14091, 0.0 ], [ 32.695175, 52.408688, 0.0 ], [ 35.54882, 50.00907, 0.0 ], [ 37.202217, 48.17712, 0.0 ]] 
boundary 0: [[ 39.463142, 77.16947, 0.0 ], [ 39.032784, 76.131645, 0.0 ], [ 37.154617, 74.53103, 0.0 ], [ 34.012405, 72.52405, 0.0 ], [ 29.913754, 70.3073, 0.0 ], [ 25.259842, 68.097855, 0.0 ], [ 20.506294, 66.11191, 0.0 ], [ 16.118368, 64.54381, 0.0 ], [ 12.525622, 63.547134, 0.0 ], [ 10.079708, 63.219418, 0.0 ], [ 9.020042, 63.592697, 0.0 ], [ 9.450364, 64.63044, 0.0 ], [ 11.328589, 66.231224, 0.0 ], [ 14.470803, 68.23811, 0.0 ], [ 18.569473, 70.45485, 0.0 ], [ 23.22332, 72.6643, 0.0 ], [ 27.976913, 74.65031, 0.0 ], [ 32.36477, 76.21839, 0.0 ], [ 35.95759, 77.215034, 0.0 ], [ 38.403564, 77.54286, 0.0 ]] 
boundary 1: [[ 39.463165, 50.830513, 0.0 ], [ 38.403557, 50.457153, 0.0 ], [ 35.957558, 50.784927, 0.0 ], [ 32.36478, 51.781586, 0.0 ], [ 27.976904, 53.349686, 0.0 ], [ 23.223328, 55.335667, 0.0 ], [ 18.56947, 57.54515, 0.0 ], [ 14.470795, 59.761826, 0.0 ], [ 11.328578, 61.76879, 0.0 ], [ 9.450376, 63.369495, 0.0 ], [ 9.020033, 64.407295, 0.0 ], [ 10.079677, 64.780685, 0.0 ], [ 12.525635, 64.45285, 0.0 ], [ 16.118383, 63.456184, 0.0 ], [ 20.506285, 61.888107, 0.0 ], [ 25.259853, 59.902153, 0.0 ], [ 29.913754, 57.692646, 0.0 ], [ 34.01239, 55.47599, 0.0 ], [ 37.154602, 53.468994, 0.0 ], [ 39.032784, 51.86831, 0.0 ]] 
boundary 0: [[ 40.693283, 73.96345, 0.0 ], [ 40.155293, 72.977104, 0.0 ], [ 38.117966, 71.58471, 0.0 ], [ 34.780624, 69.92229, 0.0 ], [ 30.469995, 68.15272, 0.0 ], [ 25.608, 66.44931, 0.0 ], [ 20.670643, 64.97868, 0.0 ], [ 16.141163, 63.88479, 0.0 ], [ 12.4629755, 63.27477, 0.0 ], [ 9.9960985, 63.208298, 0.0 ], [ 8.981997, 63.691853, 0.0 ], [ 9.519948, 64.67809, 0.0 ], [ 11.557352, 66.07067, 0.0 ], [ 14.894682, 67.73299, 0.0 ], [ 19.20533, 69.502556, 0.0 ], [ 24.067255, 71.205986, 0.0 ], [ 29.004667, 72.67665, 0.0 ], [ 33.53408, 73.77053, 0.0 ], [ 37.21233, 74.38052, 0.0 ], [ 39.679283, 74.44709, 0.0 ]] 
boundary 1: [[ 40.693306, 54.036545, 0.0 ], [ 39.679276, 53.55291, 0.0 ], [ 37.212303, 53.61943, 0.0 ], [ 33.53409, 54.229446, 0.0 ], [ 29.004658, 55.32335, 0.0 ], [ 24.067266, 56.79399, 0.0 ], [ 19.205326, 58.497456, 0.0 ], [ 14.894683, 60.266945, 0.0 ], [ 11.557341, 61.929344, 0.0 ], [ 9.519968, 63.321827, 0.0 ], [ 8.981989, 64.30813, 0.0 ], [ 9.996056, 64.7918, 0.0 ], [ 12.462989, 64.72521, 0.0 ], [ 16.141178, 64.1152, 0.0 ], [ 20.670635, 63.02133, 0.0 ], [ 25.60801, 61.550713, 0.0 ], [ 30.469995, 59.84723, 0.0 ], [ 34.780605, 58.077747, 0.0 ], [ 38.11795, 56.415318, 0.0 ], [ 40.155304, 55.02285, 0.0 ]] 
boundary 0: [[ 41.353188, 71.631355, 0.0 ], [ 40.74282, 70.68809, 0.0 ], [ 38.60693, 69.45221, 0.0 ], [ 35.154434, 68.04445, 0.0 ], [ 30.723368, 66.602745, 0.0 ], [ 25.747433, 65.26831, 0.0 ], [ 20.713789, 64.171646, 0.0 ], [ 16.115091, 63.42011, 0.0 ], [ 12.4015465, 63.087322, 0.0 ], [ 9.93662, 63.205826, 0.0 ], [ 8.961588, 63.763973, 0.0 ], [ 9.571903, 64.70715, 0.0 ], [ 11.707894, 65.9432, 0.0 ], [ 15.160366, 67.35086, 0.0 ], [ 19.591457, 68.79257, 0.0 ], [ 24.56732, 70.12703, 0.0 ], [ 29.601023, 71.223724, 0.0 ], [ 34.199654, 71.97526, 0.0 ], [ 37.91326, 72.30801, 0.0 ], [ 40.378265, 72.18959, 0.0 ]] 
boundary 1: [[ 41.35321, 56.368633, 0.0 ], [ 40.378258, 55.810402, 0.0 ], [ 37.91324, 55.691948, 0.0 ], [ 34.19966, 56.024727, 0.0 ], [ 29.601013, 56.776276, 0.0 ], [ 24.567331, 57.872948, 0.0 ], [ 19.591454, 59.207447, 0.0 ], [ 15.160374, 60.64907, 0.0 ], [ 11.707883, 62.05681, 0.0 ], [ 9.571927, 63.292767, 0.0 ], [ 8.961581, 64.236, 0.0 ], [ 9.936567, 64.79427, 0.0 ], [ 12.40156, 64.91266, 0.0 ], [ 16.115107, 64.57988, 0.0 ], [ 20.71378, 63.828365, 0.0 ], [ 25.74744, 62.73172, 0.0 ], [ 30.723373, 61.39721, 0.0 ], [ 35.15442, 59.95559, 0.0 ], [ 38.606915, 58.547817, 0.0 ], [ 40.742836, 57.31187, 0.0 ]] 
boundary 0: [[ 41.645218, 70.30887, 0.0 ], [ 40.99588, 69.39199, 0.0 ], [ 38.81011, 68.24664, 0.0 ], [ 35.301685, 66.9847, 0.0 ], [ 30.814127, 65.72982, 0.0 ], [ 25.78668, 64.60493, 0.0 ], [ 20.711515, 63.720024, 0.0 ], [ 16.085388, 63.16174, 0.0 ], [ 12.36116, 62.984764, 0.0 ], [ 9.903359, 63.206383, 0.0 ], [ 8.952556, 63.804874, 0.0 ], [ 9.601835, 64.72167, 0.0 ], [ 11.787716, 65.86719, 0.0 ], [ 15.296106, 67.12902, 0.0 ], [ 19.783688, 68.3839, 0.0 ], [ 24.81107, 69.50882, 0.0 ], [ 29.886288, 70.39375, 0.0 ], [ 34.51236, 70.95206, 0.0 ], [ 38.23665, 71.12899, 0.0 ], [ 40.69452, 70.907455, 0.0 ]] 
boundary 1: [[ 41.64524, 57.691124, 0.0 ], [ 40.69451, 57.092552, 0.0 ], [ 38.236626, 56.87097, 0.0 ], [ 34.512367, 57.047943, 0.0 ], [ 29.886278, 57.606247, 0.0 ], [ 24.811089, 58.491158, 0.0 ], [ 19.783684, 59.616108, 0.0 ], [ 15.29612, 60.870895, 0.0 ], [ 11.787704, 62.132824, 0.0 ], [ 9.601861, 63.278255, 0.0 ], [ 8.952551, 64.1951, 0.0 ], [ 9.903301, 64.79372, 0.0 ], [ 12.361174, 65.01523, 0.0 ], [ 16.085403, 64.838234, 0.0 ], [ 20.711508, 64.279976, 0.0 ], [ 25.786688, 63.395092, 0.0 ], [ 30.814135, 62.27013, 0.0 ], [ 35.301666, 61.01534, 0.0 ], [ 38.810093, 59.753384, 0.0 ], [ 40.995903, 58.60797, 0.0 ]] 
boundary 0: [[ 41.711376, 69.96668, 0.0 ], [ 41.052193, 69.05686, 0.0 ], [ 38.854195, 67.93514, 0.0 ], [ 35.332382, 66.71109, 0.0 ], [ 30.831556, 65.50465, 0.0 ], [ 25.792276, 64.43401, 0.0 ], [ 20.707869, 63.603863, 0.0 ], [ 16.07599, 63.095478, 0.0 ], [ 12.350077, 62.958652, 0.0 ], [ 9.894807, 63.206753, 0.0 ], [ 8.950509, 63.81546, 0.0 ], [ 9.609633, 64.725204, 0.0 ], [ 11.807734, 65.84709, 0.0 ], [ 15.32952, 67.07104, 0.0 ], [ 19.830372, 68.27748, 0.0 ], [ 24.869585, 69.34814, 0.0 ], [ 29.95405, 70.178314, 0.0 ], [ 34.585846, 70.68672, 0.0 ], [ 38.31185, 70.8235, 0.0 ], [ 40.7672, 70.575485, 0.0 ]] 
boundary 1: [[ 41.7114, 58.03331, 0.0 ], [ 40.767193, 57.424522, 0.0 ], [ 38.31183, 57.176464, 0.0 ], [ 34.585854, 57.31328, 0.0 ], [ 29.95404, 57.821686, 0.0 ], [ 24.869604, 58.65184, 0.0 ], [ 19.830364, 59.722538, 0.0 ], [ 15.329534, 60.928883, 0.0 ], [ 11.807721, 62.15292, 0.0 ], [ 9.609659, 63.27472, 0.0 ], [ 8.950504, 64.18451, 0.0 ], [ 9.894747, 64.79334, 0.0 ], [ 12.35009, 65.04134, 0.0 ], [ 16.076006, 64.9045, 0.0 ], [ 20.70786, 64.39613, 0.0 ], [ 25.792284, 63.566006, 0.0 ], [ 30.831566, 62.495296, 0.0 ], [ 35.332367, 61.28895, 0.0 ], [ 38.85418, 60.064884, 0.0 ], [ 41.052216, 58.943104, 0.0 ]] 
boundary 0: [[ 41.62443, 70.41243, 0.0 ], [ 40.978096, 69.49344, 0.0 ], [ 38.796066, 68.34096, 0.0 ], [ 35.2918, 67.06756, 0.0 ], [ 30.80837, 65.79801, 0.0 ], [ 25.784615, 64.656715, 0.0 ], [ 20.712368, 63.755238, 0.0 ], [ 16.08809, 63.181843, 0.0 ], [ 12.364467, 62.9927, 0.0 ], [ 9.905953, 63.206295, 0.0 ], [ 8.953198, 63.801678, 0.0 ], [ 9.59948, 64.72059, 0.0 ], [ 11.781605, 65.87324, 0.0 ], [ 15.285853, 67.14653, 0.0 ], [ 19.76932, 68.41607, 0.0 ], [ 24.792992, 69.55739, 0.0 ], [ 29.8653, 70.45891, 0.0 ], [ 34.48947, 71.03232, 0.0 ], [ 38.213196, 71.22142, 0.0 ], [ 40.671806, 71.00792, 0.0 ]] 
boundary 1: [[ 41.624454, 57.58756, 0.0 ], [ 40.6718, 56.992092, 0.0 ], [ 38.213173, 56.77854, 0.0 ], [ 34.48948, 56.96768, 0.0 ], [ 29.86529, 57.541096, 0.0 ], [ 24.79301, 58.442577, 0.0 ], [ 19.769312, 59.58395, 0.0 ], [ 15.285864, 60.85339, 0.0 ], [ 11.781593, 62.126778, 0.0 ], [ 9.599504, 63.27934, 0.0 ], [ 8.953193, 64.19828, 0.0 ], [ 9.905894, 64.79381, 0.0 ], [ 12.36448, 65.00729, 0.0 ], [ 16.088106, 64.81814, 0.0 ], [ 20.71236, 64.24476, 0.0 ], [ 25.784622, 63.3433, 0.0 ], [ 30.80838, 62.201916, 0.0 ], [ 35.291786, 60.932472, 0.0 ], [ 38.79605, 59.65906, 0.0 ], [ 40.97812, 58.506523, 0.0 ]] 
boundary 0: [[ 41.419273, 71.353966, 0.0 ], [ 40.8006, 70.41612, 0.0 ], [ 38.653885, 69.19913, 0.0 ], [ 35.18912, 67.82186, 0.0 ], [ 30.745522, 66.419266, 0.0 ], [ 25.758007, 65.128784, 0.0 ], [ 20.714869, 64.07656, 0.0 ], [ 16.109741, 63.365616, 0.0 ], [ 12.393405, 63.065594, 0.0 ], [ 9.929619, 63.20583, 0.0 ], [ 8.959544, 63.772556, 0.0 ], [ 9.578155, 64.71033, 0.0 ], [ 11.724962, 65.92747, 0.0 ], [ 15.189711, 67.30464, 0.0 ], [ 19.63335, 68.70722, 0.0 ], [ 24.62078, 69.99771, 0.0 ], [ 29.663975, 71.05001, 0.0 ], [ 34.268997, 71.760956, 0.0 ], [ 37.98543, 72.060936, 0.0 ], [ 40.449318, 71.92079, 0.0 ]] 
boundary 1: [[ 41.419296, 56.64603, 0.0 ], [ 40.44931, 56.079212, 0.0 ], [ 37.98541, 55.939022, 0.0 ], [ 34.269005, 56.239044, 0.0 ], [ 29.663965, 56.95, 0.0 ], [ 24.6208, 58.002228, 0.0 ], [ 19.633343, 59.2928, 0.0 ], [ 15.189718, 60.695286, 0.0 ], [ 11.724951, 62.072533, 0.0 ], [ 9.578177, 63.289608, 0.0 ], [ 8.959537, 64.2274, 0.0 ], [ 9.929562, 64.79427, 0.0 ], [ 12.393417, 64.9344, 0.0 ], [ 16.109753, 64.63436, 0.0 ], [ 20.71486, 63.92343, 0.0 ], [ 25.758015, 62.87123, 0.0 ], [ 30.74553, 61.580643, 0.0 ], [ 35.189106, 60.178165, 0.0 ], [ 38.65387, 58.800896, 0.0 ], [ 40.80062, 57.583843, 0.0 ]] 
boundary 0: [[ 41.068085, 72.72198, 0.0 ], [ 40.49095, 71.75801, 0.0 ], [ 38.399437, 70.448425, 0.0 ], [ 34.998123, 68.92117, 0.0 ], [ 30.62002, 67.32584, 0.0 ], [ 25.693623, 65.8188, 0.0 ], [ 20.70124, 64.54732, 0.0 ], [ 16.131557, 63.635952, 0.0 ], [ 12.431868, 63.173923, 0.0 ], [ 9.964305, 63.206425, 0.0 ], [ 8.970406, 63.730247, 0.0 ], [ 9.547471, 64.69414, 0.0 ], [ 11.639079, 66.00387, 0.0 ], [ 15.040382, 67.53104, 0.0 ], [ 19.41853, 69.12634, 0.0 ], [ 24.344841, 70.633415, 0.0 ], [ 29.337275, 71.90494, 0.0 ], [ 33.906853, 72.81632, 0.0 ], [ 37.606644, 73.278305, 0.0 ], [ 40.074295, 73.24591, 0.0 ]] 
boundary 1: [[ 41.068108, 55.278015, 0.0 ], [ 40.074287, 54.754105, 0.0 ], [ 37.606617, 54.72164, 0.0 ], [ 33.90686, 55.183678, 0.0 ], [ 29.337267, 56.095062, 0.0 ], [ 24.34486, 57.36653, 0.0 ], [ 19.418524, 58.87368, 0.0 ], [ 15.040384, 60.468884, 0.0 ], [ 11.639068, 61.99613, 0.0 ], [ 9.547492, 63.305798, 0.0 ], [ 8.970397, 64.269714, 0.0 ], [ 9.9642515, 64.79368, 0.0 ], [ 12.431879, 64.82609, 0.0 ], [ 16.131565, 64.36402, 0.0 ], [ 20.701233, 63.452656, 0.0 ], [ 25.69363, 62.18122, 0.0 ], [ 30.620028, 60.67405, 0.0 ], [ 34.998116, 59.078865, 0.0 ], [ 38.39943, 57.55159, 0.0 ], [ 40.490974, 56.241955, 0.0 ]] 
boundary 0: [[ 40.50821, 74.517746, 0.0 ], [ 39.988106, 73.521835, 0.0 ], [ 37.976284, 72.09286, 0.0 ], [ 34.669537, 70.37039, 0.0 ], [ 30.391615, 68.52317, 0.0 ], [ 25.561184, 66.73221, 0.0 ], [ 20.651194, 65.17256, 0.0 ], [ 16.142237, 63.997005, 0.0 ], [ 12.4756775, 63.32061, 0.0 ], [ 10.010399, 63.209568, 0.0 ], [ 8.987721, 63.67471, 0.0 ], [ 9.507761, 64.670525, 0.0 ], [ 11.519667, 66.09968, 0.0 ], [ 14.8264065, 67.82205, 0.0 ], [ 19.104374, 69.66925, 0.0 ], [ 23.934713, 71.460236, 0.0 ], [ 28.844759, 73.01992, 0.0 ], [ 33.353607, 74.195496, 0.0 ], [ 37.020275, 74.871826, 0.0 ], [ 39.48563, 74.982994, 0.0 ]] 
boundary 1: [[ 40.508232, 53.482246, 0.0 ], [ 39.485622, 53.017017, 0.0 ], [ 37.02024, 53.128105, 0.0 ], [ 33.353615, 53.804504, 0.0 ], [ 28.844751, 54.98008, 0.0 ], [ 23.93473, 56.539715, 0.0 ], [ 19.10437, 58.330776, 0.0 ], [ 14.826405, 60.177876, 0.0 ], [ 11.519655, 61.900333, 0.0 ], [ 9.507775, 63.32941, 0.0 ], [ 8.987712, 64.32525, 0.0 ], [ 10.010354, 64.790535, 0.0 ], [ 12.475691, 64.67938, 0.0 ], [ 16.142244, 64.00298, 0.0 ], [ 20.651186, 62.82742, 0.0 ], [ 25.561193, 61.267822, 0.0 ], [ 30.391617, 59.476723, 0.0 ], [ 34.66953, 57.629642, 0.0 ], [ 37.976276, 55.907166, 0.0 ], [ 39.98813, 54.478123, 0.0 ]] 
boundary 0: [[ 39.562065, 76.94544, 0.0 ], [ 39.123833, 75.910904, 0.0 ], [ 37.233604, 74.32457, 0.0 ], [ 34.07628, 72.34144, 0.0 ], [ 29.960989, 70.15576, 0.0 ], [ 25.290447, 67.98168, 0.0 ], [ 20.521984, 66.03174, 0.0 ], [ 16.122322, 64.49695, 0.0 ], [ 12.522125, 63.527515, 0.0 ], [ 10.073792, 63.218334, 0.0 ], [ 9.016982, 63.59963, 0.0 ], [ 9.455153, 64.63408, 0.0 ], [ 11.345452, 66.2206, 0.0 ], [ 14.502773, 68.20362, 0.0 ], [ 18.618116, 70.38928, 0.0 ], [ 23.288563, 72.56338, 0.0 ], [ 28.057087, 74.51337, 0.0 ], [ 32.45663, 76.04816, 0.0 ], [ 36.05695, 77.01754, 0.0 ], [ 38.50535, 77.32686, 0.0 ]] 
boundary 1: [[ 39.56208, 51.054546, 0.0 ], [ 38.50534, 50.67317, 0.0 ], [ 36.056904, 50.982403, 0.0 ], [ 32.45664, 51.95183, 0.0 ], [ 28.05708, 53.486637, 0.0 ], [ 23.288576, 55.43656, 0.0 ], [ 18.618116, 57.61074, 0.0 ], [ 14.502766, 59.7963, 0.0 ], [ 11.345441, 61.779423, 0.0 ], [ 9.455162, 63.36585, 0.0 ], [ 9.016972, 64.40033, 0.0 ], [ 10.073757, 64.78177, 0.0 ], [ 12.522139, 64.472466, 0.0 ], [ 16.122328, 63.50304, 0.0 ], [ 20.521973, 61.968243, 0.0 ], [ 25.290457, 60.018364, 0.0 ], [ 29.960987, 57.844135, 0.0 ], [ 34.07627, 55.658604, 0.0 ], [ 37.233604, 53.67546, 0.0 ], [ 39.123856, 52.089066, 0.0 ]] 
boundary 0: [[ 38.410828, 79.3127, 0.0 ], [ 38.058205, 78.24594, 0.0 ], [ 36.303276, 76.51111, 0.0 ], [ 33.31774, 74.2777, 0.0 ], [ 29.39388, 71.76452, 0.0 ], [ 24.91566, 69.217705, 0.0 ], [ 20.32162, 66.886345, 0.0 ], [ 16.061388, 64.99875, 0.0 ], [ 12.551981, 63.739674, 0.0 ], [ 10.136911, 63.232353, 0.0 ], [ 9.052589, 63.526413, 0.0 ], [ 9.40516, 64.59307, 0.0 ], [ 11.160138, 66.3281, 0.0 ], [ 14.145688, 68.561386, 0.0 ], [ 18.0696, 71.07457, 0.0 ], [ 22.547714, 73.621376, 0.0 ], [ 27.141817, 75.952805, 0.0 ], [ 31.401934, 77.84039, 0.0 ], [ 34.91147, 79.09944, 0.0 ], [ 37.3266, 79.606895, 0.0 ]] 
boundary 1: [[ 38.410843, 48.687294, 0.0 ], [ 37.32659, 48.393143, 0.0 ], [ 34.911423, 48.900524, 0.0 ], [ 31.40194, 50.159595, 0.0 ], [ 27.14181, 52.0472, 0.0 ], [ 22.547724, 54.37856, 0.0 ], [ 18.0696, 56.92545, 0.0 ], [ 14.14567, 59.43853, 0.0 ], [ 11.160128, 61.671913, 0.0 ], [ 9.405161, 63.406845, 0.0 ], [ 9.05257, 64.47355, 0.0 ], [ 10.136885, 64.76776, 0.0 ], [ 12.551992, 64.26032, 0.0 ], [ 16.06139, 63.00124, 0.0 ], [ 20.32161, 61.113644, 0.0 ], [ 24.91568, 58.782333, 0.0 ], [ 29.393864, 56.235394, 0.0 ], [ 33.317734, 53.72234, 0.0 ], [ 36.303284, 51.48893, 0.0 ], [ 38.058228, 49.754025, 0.0 ]] 
boundary 0: [[ 37.033176, 81.636444, 0.0 ], [ 36.770824, 80.543976, 0.0 ], [ 35.16684, 78.66872, 0.0 ], [ 32.378178, 76.19388, 0.0 ], [ 28.6778, 73.36192, 0.0 ], [ 24.427809, 70.45016, 0.0 ], [ 20.044415, 67.743454, 0.0 ], [ 15.956626, 65.50682, 0.0 ], [ 12.564571, 63.959183, 0.0 ], [ 10.200279, 63.252026, 0.0 ], [ 9.095196, 63.45454, 0.0 ], [ 9.357497, 64.54691, 0.0 ], [ 10.961514, 66.42238, 0.0 ], [ 13.7502165, 68.8971, 0.0 ], [ 17.450636, 71.72906, 0.0 ], [ 21.700523, 74.6408, 0.0 ], [ 26.08397, 77.3476, 0.0 ], [ 30.171646, 79.58422, 0.0 ], [ 33.563835, 81.13183, 0.0 ], [ 35.92817, 81.83913, 0.0 ]] 
boundary 1: [[ 37.03319, 46.363537, 0.0 ], [ 35.92816, 46.16091, 0.0 ], [ 33.56379, 46.86814, 0.0 ], [ 30.171652, 48.41578, 0.0 ], [ 26.083963, 50.652412, 0.0 ], [ 21.700523, 53.359135, 0.0 ], [ 17.45064, 56.270958, 0.0 ], [ 13.750191, 59.102818, 0.0 ], [ 10.961504, 61.57763, 0.0 ], [ 9.35749, 63.453007, 0.0 ], [ 9.095176, 64.54541, 0.0 ], [ 10.200266, 64.74811, 0.0 ], [ 12.564583, 64.04081, 0.0 ], [ 15.956626, 62.49318, 0.0 ], [ 20.044403, 60.256542, 0.0 ], [ 24.427834, 57.549866, 0.0 ], [ 28.677776, 54.638, 0.0 ], [ 32.37817, 51.806168, 0.0 ], [ 35.166862, 49.331314, 0.0 ], [ 36.770844, 47.45598, 0.0 ]] 
boundary 0: [[ 35.496777, 83.79789, 0.0 ], [ 35.324833, 82.68759, 0.0 ], [ 33.879913, 80.68719, 0.0 ], [ 31.303444, 77.99216, 0.0 ], [ 27.84757, 74.86649, 0.0 ], [ 23.850487, 71.616234, 0.0 ], [ 19.70364, 68.55943, 0.0 ], [ 15.812887, 65.99535, 0.0 ], [ 12.559067, 64.17495, 0.0 ], [ 10.260675, 63.276417, 0.0 ], [ 9.142714, 63.387695, 0.0 ], [ 9.314616, 64.49788, 0.0 ], [ 10.759549, 66.49849, 0.0 ], [ 13.336077, 69.19341, 0.0 ], [ 16.79198, 72.31907, 0.0 ], [ 20.788967, 75.5693, 0.0 ], [ 24.935854, 78.626205, 0.0 ], [ 28.826496, 81.19028, 0.0 ], [ 32.080452, 83.010666, 0.0 ], [ 34.378883, 83.90932, 0.0 ]] 
boundary 1: [[ 35.496788, 44.202095, 0.0 ], [ 34.378876, 44.090714, 0.0 ], [ 32.0804, 44.98933, 0.0 ], [ 28.826502, 46.809723, 0.0 ], [ 24.935852, 49.373806, 0.0 ], [ 20.788956, 52.430637, 0.0 ], [ 16.791985, 55.68093, 0.0 ], [ 13.336042, 58.806503, 0.0 ], [ 10.75954, 61.501526, 0.0 ], [ 9.314601, 63.502037, 0.0 ], [ 9.14269, 64.612274, 0.0 ], [ 10.260673, 64.723724, 0.0 ], [ 12.559076, 63.825047, 0.0 ], [ 15.812887, 62.004658, 0.0 ], [ 19.703629, 59.440567, 0.0 ], [ 23.850517, 56.383778, 0.0 ], [ 27.847544, 53.13344, 0.0 ], [ 31.303438, 50.007896, 0.0 ], [ 33.879936, 47.312843, 0.0 ], [ 35.32485, 45.31237, 0.0 ]] 
boundary 0: [[ 34.05558, 85.530495, 0.0 ], [ 33.9614, 84.410934, 0.0 ], [ 32.659332, 82.31473, 0.0 ], [ 30.276857, 79.44677, 0.0 ], [ 27.047106, 76.08797, 0.0 ], [ 23.28614, 72.567184, 0.0 ], [ 19.362305, 69.22894, 0.0 ], [ 15.659613, 66.400055, 0.0 ], [ 12.540502, 64.35743, 0.0 ], [ 10.310285, 63.300976, 0.0 ], [ 9.187287, 63.334106, 0.0 ], [ 9.281439, 64.45357, 0.0 ], [ 10.583501, 66.54997, 0.0 ], [ 12.966045, 69.41782, 0.0 ], [ 16.195824, 72.77662, 0.0 ], [ 19.956696, 76.29738, 0.0 ], [ 23.880566, 79.635735, 0.0 ], [ 27.58315, 82.464584, 0.0 ], [ 30.7024, 84.50722, 0.0 ], [ 32.932636, 85.56378, 0.0 ]] 
boundary 1: [[ 34.055595, 42.469482, 0.0 ], [ 32.93263, 42.43625, 0.0 ], [ 30.702345, 43.49278, 0.0 ], [ 27.583157, 45.535404, 0.0 ], [ 23.880566, 48.364285, 0.0 ], [ 19.95668, 51.702553, 0.0 ], [ 16.195827, 55.223373, 0.0 ], [ 12.966005, 58.582096, 0.0 ], [ 10.583492, 61.45005, 0.0 ], [ 9.281417, 63.54635, 0.0 ], [ 9.187261, 64.66586, 0.0 ], [ 10.310291, 64.699165, 0.0 ], [ 12.540511, 63.642567, 0.0 ], [ 15.659613, 61.59994, 0.0 ], [ 19.362293, 58.77106, 0.0 ], [ 23.286171, 55.43283, 0.0 ], [ 27.047071, 51.91196, 0.0 ], [ 30.276854, 48.553276, 0.0 ], [ 32.659355, 45.68531, 0.0 ], [ 33.96141, 43.589027, 0.0 ]] 
boundary 0: [[ 31.61045, 87.99059, 0.0 ], [ 31.636726, 86.86738, 0.0 ], [ 30.566702, 84.64377, 0.0 ], [ 28.505148, 81.53711, 0.0 ], [ 25.653774, 77.85163, 0.0 ], [ 22.2916, 73.94824, 0.0 ], [ 18.747927, 70.20889, 0.0 ], [ 15.369572, 66.99966, 0.0 ], [ 12.487212, 64.63464, 0.0 ], [ 10.382995, 63.34538, 0.0 ], [ 9.262909, 63.258022, 0.0 ], [ 9.236603, 64.38113, 0.0 ], [ 10.306605, 66.60496, 0.0 ], [ 12.368238, 69.71152, 0.0 ], [ 15.219637, 73.39696, 0.0 ], [ 18.581726, 77.30032, 0.0 ], [ 22.125412, 81.03981, 0.0 ], [ 25.503674, 84.24901, 0.0 ], [ 28.386168, 86.61401, 0.0 ], [ 30.490387, 87.903404, 0.0 ]] 
boundary 1: [[ 31.610455, 40.009384, 0.0 ], [ 30.490387, 40.096626, 0.0 ], [ 28.386112, 41.385994, 0.0 ], [ 25.503681, 43.750996, 0.0 ], [ 22.125418, 46.960213, 0.0 ], [ 18.581707, 50.6996, 0.0 ], [ 15.219641, 54.60303, 0.0 ], [ 12.368189, 58.288406, 0.0 ], [ 10.3066025, 61.39508, 0.0 ], [ 9.236572, 63.618793, 0.0 ], [ 9.262881, 64.74196, 0.0 ], [ 10.3830185, 64.65478, 0.0 ], [ 12.487222, 63.365337, 0.0 ], [ 15.369572, 61.00035, 0.0 ], [ 18.747915, 57.79112, 0.0 ], [ 22.29163, 54.051765, 0.0 ], [ 25.653732, 50.148293, 0.0 ], [ 28.505148, 46.462948, 0.0 ], [ 30.566725, 43.35627, 0.0 ], [ 31.636734, 41.132576, 0.0 ]] 
boundary 0: [[ 27.759516, 90.9754, 0.0 ], [ 27.954271, 89.8689, 0.0 ], [ 27.230516, 87.50975, 0.0 ], [ 25.659172, 84.12861, 0.0 ], [ 23.393948, 80.05652, 0.0 ], [ 20.656467, 75.69225, 0.0 ], [ 17.714905, 71.46288, 0.0 ], [ 14.857122, 67.78245, 0.0 ], [ 12.362856, 65.011185, 0.0 ], [ 10.476253, 63.420376, 0.0 ], [ 9.38201, 63.165714, 0.0 ], [ 9.187243, 64.27212, 0.0 ], [ 9.910947, 66.63147, 0.0 ], [ 11.482384, 70.012535, 0.0 ], [ 13.747635, 74.08459, 0.0 ], [ 16.485033, 78.44883, 0.0 ], [ 19.426594, 82.67832, 0.0 ], [ 22.284283, 86.35871, 0.0 ], [ 24.778687, 89.12998, 0.0 ], [ 26.665272, 90.72092, 0.0 ]] 
boundary 1: [[ 27.759518, 37.024567, 0.0 ], [ 26.665276, 37.279114, 0.0 ], [ 24.778637, 38.870033, 0.0 ], [ 22.28429, 41.641296, 0.0 ], [ 19.426605, 45.321693, 0.0 ], [ 16.485004, 49.551094, 0.0 ], [ 13.747636, 53.91539, 0.0 ], [ 11.482323, 57.98739, 0.0 ], [ 9.91095, 61.36857, 0.0 ], [ 9.187203, 63.727818, 0.0 ], [ 9.38198, 64.834274, 0.0 ], [ 10.476299, 64.57978, 0.0 ], [ 12.362862, 62.988796, 0.0 ], [ 14.857125, 60.21756, 0.0 ], [ 17.714893, 56.537136, 0.0 ], [ 20.656502, 52.307755, 0.0 ], [ 23.3939, 47.943413, 0.0 ], [ 25.65918, 43.871452, 0.0 ], [ 27.230541, 40.49028, 0.0 ], [ 27.954273, 38.131058, 0.0 ]] 
boundary 0: [[ 28.242159, 90.65018, 0.0 ], [ 28.416965, 89.540344, 0.0 ], [ 27.650867, 87.19461, 0.0 ], [ 26.01892, 83.8423, 0.0 ], [ 23.680767, 79.81164, 0.0 ], [ 20.86518, 75.49735, 0.0 ], [ 17.84797, 71.32161, 0.0 ], [ 14.924405, 67.693214, 0.0 ], [ 12.380663, 64.96729, 0.0 ], [ 10.465732, 63.410698, 0.0 ], [ 9.367084, 63.175774, 0.0 ], [ 9.192263, 64.2855, 0.0 ], [ 9.958314, 66.63145, 0.0 ], [ 11.590353, 69.98368, 0.0 ], [ 13.92853, 74.0143, 0.0 ], [ 16.744038, 78.32857, 0.0 ], [ 19.761246, 82.504425, 0.0 ], [ 22.684717, 86.13278, 0.0 ], [ 25.228596, 88.85871, 0.0 ], [ 27.143513, 90.41543, 0.0 ]] 
boundary 1: [[ 28.24216, 37.349792, 0.0 ], [ 27.143515, 37.584602, 0.0 ], [ 25.228546, 39.141304, 0.0 ], [ 22.684725, 41.867226, 0.0 ], [ 19.761257, 45.49559, 0.0 ], [ 16.744009, 49.67136, 0.0 ], [ 13.928531, 53.98568, 0.0 ], [ 11.590293, 58.016243, 0.0 ], [ 9.958317, 61.36859, 0.0 ], [ 9.192224, 63.71443, 0.0 ], [ 9.367053, 64.82422, 0.0 ], [ 10.4657755, 64.58946, 0.0 ], [ 12.380669, 63.03269, 0.0 ], [ 14.924408, 60.306797, 0.0 ], [ 17.847958, 56.678406, 0.0 ], [ 20.865213, 52.502655, 0.0 ], [ 23.680721, 48.188293, 0.0 ], [ 26.018927, 44.157764, 0.0 ], [ 27.650892, 40.80542, 0.0 ], [ 28.41697, 38.45961, 0.0 ]] 
boundary 0: [[ 32.58802, 87.06967, 0.0 ], [ 32.567635, 85.946335, 0.0 ], [ 31.406195, 83.76909, 0.0 ], [ 29.21741, 80.75073, 0.0 ], [ 26.215439, 77.186844, 0.0 ], [ 22.694065, 73.42646, 0.0 ], [ 18.998165, 69.83749, 0.0 ], [ 15.4894495, 66.77132, 0.0 ], [ 12.511366, 64.52804, 0.0 ], [ 10.35542, 63.32727, 0.0 ], [ 9.232676, 63.28651, 0.0 ], [ 9.25303, 64.40974, 0.0 ], [ 10.414461, 66.58722, 0.0 ], [ 12.603328, 69.60548, 0.0 ], [ 15.60531, 73.16932, 0.0 ], [ 19.126598, 76.929695, 0.0 ], [ 22.822517, 80.51878, 0.0 ], [ 26.331144, 83.58493, 0.0 ], [ 29.30936, 85.8282, 0.0 ], [ 31.465311, 87.02908, 0.0 ]] 
boundary 1: [[ 32.588036, 40.930298, 0.0 ], [ 31.465305, 40.970947, 0.0 ], [ 29.309303, 42.171814, 0.0 ], [ 26.331152, 44.415077, 0.0 ], [ 22.822529, 47.481228, 0.0 ], [ 19.126583, 51.070213, 0.0 ], [ 15.605317, 54.83066, 0.0 ], [ 12.60328, 58.394447, 0.0 ], [ 10.414458, 61.412823, 0.0 ], [ 9.253005, 63.590187, 0.0 ], [ 9.232647, 64.71347, 0.0 ], [ 10.355436, 64.672905, 0.0 ], [ 12.511374, 63.47194, 0.0 ], [ 15.489451, 61.228695, 0.0 ], [ 18.99815, 58.16253, 0.0 ], [ 22.694096, 54.57356, 0.0 ], [ 26.215406, 50.81308, 0.0 ], [ 29.21741, 47.24932, 0.0 ], [ 31.406216, 44.23094, 0.0 ], [ 32.567642, 42.053608, 0.0 ]] 
boundary 0: [[ 35.253193, 84.10843, 0.0 ], [ 35.09481, 82.996124, 0.0 ], [ 33.67443, 80.97824, 0.0 ], [ 31.131054, 78.25198, 0.0 ], [ 27.713577, 75.08433, 0.0 ], [ 23.756481, 71.785576, 0.0 ], [ 19.647259, 68.67837, 0.0 ], [ 15.788095, 66.06697, 0.0 ], [ 12.556734, 64.206985, 0.0 ], [ 10.269483, 63.28047, 0.0 ], [ 9.1502495, 63.378094, 0.0 ], [ 9.308585, 64.49029, 0.0 ], [ 10.72899, 66.508415, 0.0 ], [ 13.272432, 69.23458, 0.0 ], [ 16.689913, 72.40216, 0.0 ], [ 20.646927, 75.700935, 0.0 ], [ 24.756187, 78.80826, 0.0 ], [ 28.61526, 81.41963, 0.0 ], [ 31.846748, 83.27961, 0.0 ], [ 34.134018, 84.20624, 0.0 ]] 
boundary 1: [[ 35.25321, 43.89155, 0.0 ], [ 34.134003, 43.793797, 0.0 ], [ 31.846691, 44.720398, 0.0 ], [ 28.615267, 46.58039, 0.0 ], [ 24.756199, 49.191765, 0.0 ], [ 20.646927, 52.298965, 0.0 ], [ 16.689926, 55.59782, 0.0 ], [ 13.272393, 58.765354, 0.0 ], [ 10.728981, 61.49163, 0.0 ], [ 9.30857, 63.50963, 0.0 ], [ 9.150221, 64.6219, 0.0 ], [ 10.269475, 64.71971, 0.0 ], [ 12.556745, 63.793003, 0.0 ], [ 15.7880945, 61.933033, 0.0 ], [ 19.64724, 59.321648, 0.0 ], [ 23.756512, 56.214462, 0.0 ], [ 27.713558, 52.915585, 0.0 ], [ 31.13105, 49.74807, 0.0 ], [ 33.674446, 47.02179, 0.0 ], [ 35.094826, 45.003815, 0.0 ]] 
boundary 0: [[ 37.49375, 80.907616, 0.0 ], [ 37.202354, 79.822556, 0.0 ], [ 35.54895, 77.990715, 0.0 ], [ 32.69532, 75.59113, 0.0 ], [ 28.92072, 72.85881, 0.0 ], [ 24.594631, 70.061424, 0.0 ], [ 20.140625, 67.47256, 0.0 ], [ 15.994663, 65.3457, 0.0 ], [ 12.562546, 63.88904, 0.0 ], [ 10.180241, 63.245182, 0.0 ], [ 9.080955, 63.477085, 0.0 ], [ 9.372282, 64.56206, 0.0 ], [ 11.025738, 66.394135, 0.0 ], [ 13.879433, 68.79362, 0.0 ], [ 17.654024, 71.52586, 0.0 ], [ 21.980032, 74.32328, 0.0 ], [ 26.434086, 76.91226, 0.0 ], [ 30.579964, 79.039116, 0.0 ], [ 34.0122, 80.49573, 0.0 ], [ 36.39454, 81.1397, 0.0 ]] 
boundary 1: [[ 37.493767, 47.09236, 0.0 ], [ 36.394516, 46.860325, 0.0 ], [ 34.01214, 47.504265, 0.0 ], [ 30.579966, 48.960922, 0.0 ], [ 26.434097, 51.08776, 0.0 ], [ 21.98005, 53.676624, 0.0 ], [ 17.65404, 56.474125, 0.0 ], [ 13.8794, 59.206318, 0.0 ], [ 11.025723, 61.605907, 0.0 ], [ 9.372278, 63.437855, 0.0 ], [ 9.080926, 64.5229, 0.0 ], [ 10.180212, 64.755005, 0.0 ], [ 12.562559, 64.11093, 0.0 ], [ 15.994663, 62.65431, 0.0 ], [ 20.1406, 60.527466, 0.0 ], [ 24.594658, 57.938602, 0.0 ], [ 28.920708, 55.141106, 0.0 ], [ 32.695305, 52.40892, 0.0 ], [ 35.54896, 50.00932, 0.0 ], [ 37.202377, 48.1774, 0.0 ]] 
boundary 0: [[ 39.463287, 77.16914, 0.0 ], [ 39.032875, 76.13135, 0.0 ], [ 37.1547, 74.53078, 0.0 ], [ 34.012516, 72.52382, 0.0 ], [ 29.913834, 70.30705, 0.0 ], [ 25.259886, 68.09771, 0.0 ], [ 20.50631, 66.1118, 0.0 ], [ 16.118393, 64.54376, 0.0 ], [ 12.525625, 63.54712, 0.0 ], [ 10.079699, 63.219425, 0.0 ], [ 9.0200405, 63.592705, 0.0 ], [ 9.45037, 64.630424, 0.0 ], [ 11.328622, 66.23124, 0.0 ], [ 14.47086, 68.238075, 0.0 ], [ 18.569523, 70.45477, 0.0 ], [ 23.223392, 72.66415, 0.0 ], [ 27.977037, 74.65018, 0.0 ], [ 32.364872, 76.21822, 0.0 ], [ 35.957756, 77.21479, 0.0 ], [ 38.403732, 77.5426, 0.0 ]] 
boundary 1: [[ 39.463303, 50.830833, 0.0 ], [ 38.4037, 50.457424, 0.0 ], [ 35.957695, 50.785183, 0.0 ], [ 32.364864, 51.781822, 0.0 ], [ 27.977047, 53.34985, 0.0 ], [ 23.223425, 55.335762, 0.0 ], [ 18.569538, 57.545227, 0.0 ], [ 14.470837, 59.76185, 0.0 ], [ 11.328604, 61.768803, 0.0 ], [ 9.450377, 63.36949, 0.0 ], [ 9.020015, 64.40727, 0.0 ], [ 10.079645, 64.78074, 0.0 ], [ 12.525642, 64.45286, 0.0 ], [ 16.118393, 63.456238, 0.0 ], [ 20.506283, 61.888218, 0.0 ], [ 25.25991, 59.902306, 0.0 ], [ 29.913837, 57.692852, 0.0 ], [ 34.012493, 55.47623, 0.0 ], [ 37.154716, 53.469265, 0.0 ], [ 39.032906, 51.868607, 0.0 ]] 
boundary 0: [[ 40.693394, 73.963104, 0.0 ], [ 40.15535, 72.9768, 0.0 ], [ 38.11802, 71.58445, 0.0 ], [ 34.7807, 69.92205, 0.0 ], [ 30.470045, 68.152466, 0.0 ], [ 25.608028, 66.449165, 0.0 ], [ 20.670647, 64.97858, 0.0 ], [ 16.141184, 63.884743, 0.0 ], [ 12.462976, 63.274754, 0.0 ], [ 9.996089, 63.208305, 0.0 ], [ 8.981997, 63.69186, 0.0 ], [ 9.519953, 64.67808, 0.0 ], [ 11.5573845, 66.07069, 0.0 ], [ 14.894735, 67.73295, 0.0 ], [ 19.205376, 69.50247, 0.0 ], [ 24.067314, 71.205826, 0.0 ], [ 29.004774, 72.67649, 0.0 ], [ 33.534164, 73.770355, 0.0 ], [ 37.21248, 74.38028, 0.0 ], [ 39.67943, 74.44683, 0.0 ]] 
boundary 1: [[ 40.69341, 54.036884, 0.0 ], [ 39.679398, 53.5532, 0.0 ], [ 37.212425, 53.619698, 0.0 ], [ 33.53415, 54.22969, 0.0 ], [ 29.004782, 55.32352, 0.0 ], [ 24.067356, 56.794094, 0.0 ], [ 19.20539, 58.49753, 0.0 ], [ 14.89472, 60.26697, 0.0 ], [ 11.557365, 61.92936, 0.0 ], [ 9.51997, 63.321823, 0.0 ], [ 8.981974, 64.308105, 0.0 ], [ 9.996019, 64.791855, 0.0 ], [ 12.462995, 64.72523, 0.0 ], [ 16.141184, 64.11525, 0.0 ], [ 20.67062, 63.021442, 0.0 ], [ 25.608055, 61.550865, 0.0 ], [ 30.47006, 59.847443, 0.0 ], [ 34.780678, 58.077995, 0.0 ], [ 38.118027, 56.415596, 0.0 ], [ 40.155388, 55.023148, 0.0 ]] 
boundary 0: [[ 41.35328, 71.63101, 0.0 ], [ 40.74286, 70.68778, 0.0 ], [ 38.606964, 69.45195, 0.0 ], [ 35.154495, 68.044205, 0.0 ], [ 30.723398, 66.60249, 0.0 ], [ 25.74745, 65.26816, 0.0 ], [ 20.713787, 64.17154, 0.0 ], [ 16.11511, 63.420063, 0.0 ], [ 12.401545, 63.087307, 0.0 ], [ 9.93661, 63.205833, 0.0 ], [ 8.961588, 63.76398, 0.0 ], [ 9.571906, 64.70714, 0.0 ], [ 11.707928, 65.94321, 0.0 ], [ 15.160418, 67.35082, 0.0 ], [ 19.5915, 68.79248, 0.0 ], [ 24.567368, 70.12686, 0.0 ], [ 29.601116, 71.22356, 0.0 ], [ 34.199726, 71.97508, 0.0 ], [ 37.91339, 72.30775, 0.0 ], [ 40.378395, 72.18932, 0.0 ]] 
boundary 1: [[ 41.353294, 56.36898, 0.0 ], [ 40.378365, 55.810703, 0.0 ], [ 37.913345, 55.692223, 0.0 ], [ 34.199703, 56.02498, 0.0 ], [ 29.601124, 56.776455, 0.0 ], [ 24.56741, 57.87306, 0.0 ], [ 19.591515, 59.207523, 0.0 ], [ 15.16041, 60.649097, 0.0 ], [ 11.707905, 62.056824, 0.0 ], [ 9.571929, 63.292763, 0.0 ], [ 8.961567, 64.23598, 0.0 ], [ 9.93653, 64.79433, 0.0 ], [ 12.401566, 64.912674, 0.0 ], [ 16.11511, 64.57993, 0.0 ], [ 20.71376, 63.828476, 0.0 ], [ 25.747477, 62.731873, 0.0 ], [ 30.723423, 61.397423, 0.0 ], [ 35.154472, 59.955837, 0.0 ], [ 38.60697, 58.5481, 0.0 ], [ 40.742905, 57.312172, 0.0 ]] 
boundary 0: [[ 41.645294, 70.308525, 0.0 ], [ 40.99591, 69.391685, 0.0 ], [ 38.810135, 68.24638, 0.0 ], [ 35.301743, 66.98446, 0.0 ], [ 30.814144, 65.72957, 0.0 ], [ 25.786688, 64.604774, 0.0 ], [ 20.711512, 63.71992, 0.0 ], [ 16.085403, 63.161694, 0.0 ], [ 12.361158, 62.98475, 0.0 ], [ 9.90335, 63.20639, 0.0 ], [ 8.952557, 63.804882, 0.0 ], [ 9.601837, 64.72166, 0.0 ], [ 11.787748, 65.86719, 0.0 ], [ 15.296158, 67.12898, 0.0 ], [ 19.783726, 68.38381, 0.0 ], [ 24.811115, 69.50865, 0.0 ], [ 29.886375, 70.39357, 0.0 ], [ 34.51242, 70.95187, 0.0 ], [ 38.236755, 71.128716, 0.0 ], [ 40.69464, 70.90719, 0.0 ]] 
boundary 1: [[ 41.64531, 57.69147, 0.0 ], [ 40.69461, 57.092857, 0.0 ], [ 38.236717, 56.871246, 0.0 ], [ 34.51239, 57.048195, 0.0 ], [ 29.886381, 57.606438, 0.0 ], [ 24.811157, 58.491276, 0.0 ], [ 19.783741, 59.616188, 0.0 ], [ 15.296154, 60.870934, 0.0 ], [ 11.787723, 62.13284, 0.0 ], [ 9.601864, 63.27825, 0.0 ], [ 8.952538, 64.195076, 0.0 ], [ 9.903263, 64.79376, 0.0 ], [ 12.361179, 65.01524, 0.0 ], [ 16.085403, 64.83829, 0.0 ], [ 20.711485, 64.28008, 0.0 ], [ 25.786715, 63.395245, 0.0 ], [ 30.81417, 62.270348, 0.0 ], [ 35.301716, 61.015587, 0.0 ], [ 38.810135, 59.753666, 0.0 ], [ 40.995956, 58.60827, 0.0 ]] 
boundary 0: [[ 41.711445, 69.96635, 0.0 ], [ 41.052223, 69.05656, 0.0 ], [ 38.85421, 67.93488, 0.0 ], [ 35.332436, 66.710846, 0.0 ], [ 30.83157, 65.504395, 0.0 ], [ 25.792284, 64.43386, 0.0 ], [ 20.70786, 63.60376, 0.0 ], [ 16.076006, 63.095432, 0.0 ], [ 12.350075, 62.958637, 0.0 ], [ 9.894798, 63.20676, 0.0 ], [ 8.95051, 63.815468, 0.0 ], [ 9.609635, 64.72519, 0.0 ], [ 11.807766, 65.84709, 0.0 ], [ 15.329572, 67.071, 0.0 ], [ 19.830406, 68.27739, 0.0 ], [ 24.869633, 69.34796, 0.0 ], [ 29.954138, 70.17812, 0.0 ], [ 34.5859, 70.68654, 0.0 ], [ 38.31195, 70.82323, 0.0 ], [ 40.76732, 70.575226, 0.0 ]] 
boundary 1: [[ 41.71146, 58.033657, 0.0 ], [ 40.76729, 57.424828, 0.0 ], [ 38.311913, 57.17674, 0.0 ], [ 34.585873, 57.31353, 0.0 ], [ 29.954144, 57.821877, 0.0 ], [ 24.869675, 58.651962, 0.0 ], [ 19.830421, 59.72262, 0.0 ], [ 15.329568, 60.92892, 0.0 ], [ 11.807739, 62.152935, 0.0 ], [ 9.609663, 63.274715, 0.0 ], [ 8.950493, 64.18449, 0.0 ], [ 9.894708, 64.79339, 0.0 ], [ 12.350096, 65.04136, 0.0 ], [ 16.076006, 64.90456, 0.0 ], [ 20.707834, 64.39624, 0.0 ], [ 25.79231, 63.56616, 0.0 ], [ 30.831598, 62.495514, 0.0 ], [ 35.332413, 61.2892, 0.0 ], [ 38.85421, 60.065166, 0.0 ], [ 41.05227, 58.9434, 0.0 ]] 
boundary 0: [[ 41.62451, 70.412094, 0.0 ], [ 40.978127, 69.49313, 0.0 ], [ 38.79609, 68.3407, 0.0 ], [ 35.291862, 67.06732, 0.0 ], [ 30.808386, 65.79777, 0.0 ], [ 25.784626, 64.65656, 0.0 ], [ 20.71236, 63.755135, 0.0 ], [ 16.088106, 63.181797, 0.0 ], [ 12.364465, 62.992683, 0.0 ], [ 9.905945, 63.206303, 0.0 ], [ 8.953198, 63.801685, 0.0 ], [ 9.599483, 64.72057, 0.0 ], [ 11.781637, 65.87324, 0.0 ], [ 15.285905, 67.146484, 0.0 ], [ 19.769354, 68.41598, 0.0 ], [ 24.793041, 69.55722, 0.0 ], [ 29.86539, 70.45872, 0.0 ], [ 34.48953, 71.032135, 0.0 ], [ 38.2133, 71.221146, 0.0 ], [ 40.67193, 71.00766, 0.0 ]] 
boundary 1: [[ 41.624527, 57.587906, 0.0 ], [ 40.671898, 56.992393, 0.0 ], [ 38.21326, 56.778816, 0.0 ], [ 34.489506, 56.967934, 0.0 ], [ 29.865396, 57.541286, 0.0 ], [ 24.793083, 58.4427, 0.0 ], [ 19.76937, 59.584034, 0.0 ], [ 15.2859, 60.853424, 0.0 ], [ 11.7816105, 62.126793, 0.0 ], [ 9.599508, 63.279335, 0.0 ], [ 8.95318, 64.19826, 0.0 ], [ 9.905855, 64.79385, 0.0 ], [ 12.364486, 65.00731, 0.0 ], [ 16.088106, 64.81819, 0.0 ], [ 20.712334, 64.244865, 0.0 ], [ 25.784653, 63.343452, 0.0 ], [ 30.808413, 62.202133, 0.0 ], [ 35.29184, 60.93272, 0.0 ], [ 38.79609, 59.659344, 0.0 ], [ 40.978172, 58.50682, 0.0 ]] 
boundary 0: [[ 41.419357, 71.35364, 0.0 ], [ 40.80063, 70.41582, 0.0 ], [ 38.653915, 69.19887, 0.0 ], [ 35.189182, 67.82163, 0.0 ], [ 30.745544, 66.41902, 0.0 ], [ 25.758022, 65.12863, 0.0 ], [ 20.714867, 64.076454, 0.0 ], [ 16.109756, 63.36557, 0.0 ], [ 12.393404, 63.06558, 0.0 ], [ 9.92961, 63.205837, 0.0 ], [ 8.959544, 63.772564, 0.0 ], [ 9.578157, 64.71031, 0.0 ], [ 11.724995, 65.92747, 0.0 ], [ 15.189764, 67.304596, 0.0 ], [ 19.633389, 68.70713, 0.0 ], [ 24.620834, 69.99756, 0.0 ], [ 29.664072, 71.04982, 0.0 ], [ 34.269066, 71.76077, 0.0 ], [ 37.985542, 72.06066, 0.0 ], [ 40.44945, 71.92055, 0.0 ]] 
boundary 1: [[ 41.419373, 56.64637, 0.0 ], [ 40.44942, 56.07951, 0.0 ], [ 37.985504, 55.939293, 0.0 ], [ 34.269043, 56.239292, 0.0 ], [ 29.664078, 56.950184, 0.0 ], [ 24.620876, 58.00235, 0.0 ], [ 19.633404, 59.292885, 0.0 ], [ 15.189756, 60.69532, 0.0 ], [ 11.724968, 62.07254, 0.0 ], [ 9.578181, 63.2896, 0.0 ], [ 8.959524, 64.22738, 0.0 ], [ 9.929523, 64.79432, 0.0 ], [ 12.393425, 64.93442, 0.0 ], [ 16.109756, 64.634415, 0.0 ], [ 20.714838, 63.92354, 0.0 ], [ 25.75805, 62.87138, 0.0 ], [ 30.745565, 61.58086, 0.0 ], [ 35.18916, 60.17841, 0.0 ], [ 38.653915, 58.801178, 0.0 ], [ 40.800674, 57.58414, 0.0 ]] 
boundary 0: [[ 41.06818, 72.72165, 0.0 ], [ 40.491, 71.757706, 0.0 ], [ 38.399475, 70.448166, 0.0 ], [ 34.998207, 68.920944, 0.0 ], [ 30.620058, 67.3256, 0.0 ], [ 25.693645, 65.81865, 0.0 ], [ 20.70124, 64.54721, 0.0 ], [ 16.131573, 63.635906, 0.0 ], [ 12.431866, 63.17391, 0.0 ], [ 9.964296, 63.206432, 0.0 ], [ 8.970406, 63.730255, 0.0 ], [ 9.547476, 64.69412, 0.0 ], [ 11.6391115, 66.00387, 0.0 ], [ 15.040437, 67.53099, 0.0 ], [ 19.41857, 69.12625, 0.0 ], [ 24.344906, 70.63326, 0.0 ], [ 29.337383, 71.90475, 0.0 ], [ 33.906933, 72.81614, 0.0 ], [ 37.606773, 73.27803, 0.0 ], [ 40.07445, 73.24567, 0.0 ]] 
boundary 1: [[ 41.068195, 55.27836, 0.0 ], [ 40.07442, 54.754395, 0.0 ], [ 37.606735, 54.72191, 0.0 ], [ 33.90691, 55.18393, 0.0 ], [ 29.337389, 56.095238, 0.0 ], [ 24.344944, 57.366653, 0.0 ], [ 19.418585, 58.873764, 0.0 ], [ 15.040424, 60.468918, 0.0 ], [ 11.639085, 61.99614, 0.0 ], [ 9.547496, 63.30579, 0.0 ], [ 8.970383, 64.26969, 0.0 ], [ 9.964214, 64.793724, 0.0 ], [ 12.431887, 64.8261, 0.0 ], [ 16.131573, 64.364075, 0.0 ], [ 20.70121, 63.452763, 0.0 ], [ 25.693672, 62.18137, 0.0 ], [ 30.62007, 60.67427, 0.0 ], [ 34.998188, 59.079105, 0.0 ], [ 38.399475, 57.551872, 0.0 ], [ 40.491047, 56.242252, 0.0 ]] 
boundary 0: [[ 40.508327, 74.517426, 0.0 ], [ 39.98818, 73.52154, 0.0 ], [ 37.97634, 72.0926, 0.0 ], [ 34.66964, 70.37017, 0.0 ], [ 30.391666, 68.52293, 0.0 ], [ 25.561218, 66.732056, 0.0 ], [ 20.6512, 65.172455, 0.0 ], [ 16.142254, 63.99696, 0.0 ], [ 12.4756775, 63.320595, 0.0 ], [ 10.010389, 63.209576, 0.0 ], [ 8.987721, 63.674717, 0.0 ], [ 9.507766, 64.67051, 0.0 ], [ 11.519699, 66.09968, 0.0 ], [ 14.826465, 67.82201, 0.0 ], [ 19.104424, 69.66916, 0.0 ], [ 23.934788, 71.46008, 0.0 ], [ 28.844877, 73.01974, 0.0 ], [ 33.35369, 74.19532, 0.0 ], [ 37.020424, 74.87157, 0.0 ], [ 39.4858, 74.98276, 0.0 ]] 
boundary 1: [[ 40.508343, 53.482582, 0.0 ], [ 39.48577, 53.0173, 0.0 ], [ 37.020382, 53.12837, 0.0 ], [ 33.353676, 53.804756, 0.0 ], [ 28.844883, 54.980247, 0.0 ], [ 23.934822, 56.539825, 0.0 ], [ 19.104439, 58.33086, 0.0 ], [ 14.826446, 60.177906, 0.0 ], [ 11.519672, 61.90034, 0.0 ], [ 9.507779, 63.329403, 0.0 ], [ 8.987696, 64.325226, 0.0 ], [ 10.010317, 64.79058, 0.0 ], [ 12.475698, 64.6794, 0.0 ], [ 16.142254, 64.00304, 0.0 ], [ 20.651169, 62.827526, 0.0 ], [ 25.561245, 61.26797, 0.0 ], [ 30.391676, 59.47694, 0.0 ], [ 34.669624, 57.629883, 0.0 ], [ 37.97634, 55.90744, 0.0 ], [ 39.988216, 54.47841, 0.0 ]] 
boundary 0: [[ 39.562206, 76.94513, 0.0 ], [ 39.12394, 75.91062, 0.0 ], [ 37.233685, 74.32431, 0.0 ], [ 34.0764, 72.341225, 0.0 ], [ 29.961061, 70.15552, 0.0 ], [ 25.290497, 67.98153, 0.0 ], [ 20.521997, 66.03163, 0.0 ], [ 16.122341, 64.4969, 0.0 ], [ 12.522127, 63.5275, 0.0 ], [ 10.073783, 63.21834, 0.0 ], [ 9.016982, 63.599636, 0.0 ], [ 9.455159, 64.63406, 0.0 ], [ 11.345485, 66.2206, 0.0 ], [ 14.502832, 68.203575, 0.0 ], [ 18.618176, 70.38919, 0.0 ], [ 23.28865, 72.56323, 0.0 ], [ 28.057217, 74.5132, 0.0 ], [ 32.456734, 76.04801, 0.0 ], [ 36.057114, 77.01729, 0.0 ], [ 38.50554, 77.32662, 0.0 ]] 
boundary 1: [[ 39.56222, 51.05487, 0.0 ], [ 38.50551, 50.67344, 0.0 ], [ 36.057068, 50.982655, 0.0 ], [ 32.456726, 51.952084, 0.0 ], [ 28.057219, 53.486794, 0.0 ], [ 23.288673, 55.43666, 0.0 ], [ 18.61819, 57.610817, 0.0 ], [ 14.502808, 59.79633, 0.0 ], [ 11.345458, 61.77943, 0.0 ], [ 9.455164, 63.36584, 0.0 ], [ 9.016954, 64.40031, 0.0 ], [ 10.073723, 64.781815, 0.0 ], [ 12.522146, 64.47248, 0.0 ], [ 16.122341, 63.503094, 0.0 ], [ 20.521961, 61.96835, 0.0 ], [ 25.290524, 60.0185, 0.0 ], [ 29.961058, 57.84434, 0.0 ], [ 34.076385, 55.658836, 0.0 ], [ 37.23369, 53.675728, 0.0 ], [ 39.123962, 52.089336, 0.0 ]] 
boundary 0: [[ 38.411, 79.3124, 0.0 ], [ 38.058327, 78.245674, 0.0 ], [ 36.303383, 76.51085, 0.0 ], [ 33.317875, 74.2775, 0.0 ], [ 29.39397, 71.764275, 0.0 ], [ 24.915726, 69.21755, 0.0 ], [ 20.321648, 66.88624, 0.0 ], [ 16.061413, 64.9987, 0.0 ], [ 12.551984, 63.73966, 0.0 ], [ 10.136901, 63.23236, 0.0 ], [ 9.0525875, 63.52642, 0.0 ], [ 9.405166, 64.593056, 0.0 ], [ 11.160171, 66.3281, 0.0 ], [ 14.14575, 68.56135, 0.0 ], [ 18.069666, 71.07448, 0.0 ], [ 22.547813, 73.62124, 0.0 ], [ 27.141954, 75.95267, 0.0 ], [ 31.402039, 77.84024, 0.0 ], [ 34.911636, 79.0992, 0.0 ], [ 37.326794, 79.60667, 0.0 ]] 
boundary 1: [[ 38.411015, 48.6876, 0.0 ], [ 37.326763, 48.393394, 0.0 ], [ 34.91159, 48.90076, 0.0 ], [ 31.402044, 50.15984, 0.0 ], [ 27.141954, 52.04734, 0.0 ], [ 22.547832, 54.378654, 0.0 ], [ 18.069681, 56.925518, 0.0 ], [ 14.145716, 59.43856, 0.0 ], [ 11.160147, 61.67192, 0.0 ], [ 9.405163, 63.406837, 0.0 ], [ 9.052553, 64.473526, 0.0 ], [ 10.136855, 64.76781, 0.0 ], [ 12.552002, 64.26034, 0.0 ], [ 16.061413, 63.00129, 0.0 ], [ 20.32161, 61.11375, 0.0 ], [ 24.915756, 58.782463, 0.0 ], [ 29.393951, 56.235588, 0.0 ], [ 33.31786, 53.722565, 0.0 ], [ 36.30339, 51.48919, 0.0 ], [ 38.05835, 49.754295, 0.0 ]] 
boundary 0: [[ 37.03337, 81.636185, 0.0 ], [ 36.77098, 80.543724, 0.0 ], [ 35.166977, 78.66847, 0.0 ], [ 32.378326, 76.19367, 0.0 ], [ 28.677912, 73.36168, 0.0 ], [ 24.427887, 70.450005, 0.0 ], [ 20.044453, 67.74335, 0.0 ], [ 15.956654, 65.506775, 0.0 ], [ 12.564576, 63.959167, 0.0 ], [ 10.200269, 63.252033, 0.0 ], [ 9.095194, 63.454548, 0.0 ], [ 9.357503, 64.5469, 0.0 ], [ 10.961547, 66.42238, 0.0 ], [ 13.750279, 68.897064, 0.0 ], [ 17.450712, 71.72898, 0.0 ], [ 21.700634, 74.64067, 0.0 ], [ 26.084116, 77.34747, 0.0 ], [ 30.171764, 79.58407, 0.0 ], [ 33.564014, 81.1316, 0.0 ], [ 35.928383, 81.838905, 0.0 ]] 
boundary 1: [[ 37.033386, 46.363815, 0.0 ], [ 35.92836, 46.161156, 0.0 ], [ 33.56397, 46.868362, 0.0 ], [ 30.171776, 48.41601, 0.0 ], [ 26.084116, 50.652546, 0.0 ], [ 21.700642, 53.359222, 0.0 ], [ 17.450727, 56.27101, 0.0 ], [ 13.750238, 59.102848, 0.0 ], [ 10.961523, 61.577637, 0.0 ], [ 9.3574915, 63.453, 0.0 ], [ 9.095158, 64.545395, 0.0 ], [ 10.20024, 64.74815, 0.0 ], [ 12.564595, 64.040825, 0.0 ], [ 15.956652, 62.49323, 0.0 ], [ 20.04441, 60.25665, 0.0 ], [ 24.427917, 57.54999, 0.0 ], [ 28.677877, 54.638184, 0.0 ], [ 32.37831, 51.806374, 0.0 ], [ 35.166992, 49.331573, 0.0 ], [ 36.77099, 47.456238, 0.0 ]] 
boundary 0: [[ 35.49699, 83.79764, 0.0 ], [ 35.325005, 82.68735, 0.0 ], [ 33.880074, 80.68694, 0.0 ], [ 31.303604, 77.99196, 0.0 ], [ 27.847704, 74.86625, 0.0 ], [ 23.850574, 71.61608, 0.0 ], [ 19.703688, 68.559326, 0.0 ], [ 15.812917, 65.99531, 0.0 ], [ 12.559074, 64.174934, 0.0 ], [ 10.260665, 63.276424, 0.0 ], [ 9.142712, 63.3877, 0.0 ], [ 9.314623, 64.49786, 0.0 ], [ 10.759582, 66.49849, 0.0 ], [ 13.336142, 69.19338, 0.0 ], [ 16.792063, 72.319016, 0.0 ], [ 20.78909, 75.569176, 0.0 ], [ 24.936012, 78.62608, 0.0 ], [ 28.826624, 81.19015, 0.0 ], [ 32.080643, 83.010445, 0.0 ], [ 34.379112, 83.90912, 0.0 ]] 
boundary 1: [[ 35.497005, 44.202362, 0.0 ], [ 34.379093, 44.090942, 0.0 ], [ 32.080597, 44.989525, 0.0 ], [ 28.826645, 46.80995, 0.0 ], [ 24.936012, 49.37393, 0.0 ], [ 20.789085, 52.430717, 0.0 ], [ 16.792078, 55.68098, 0.0 ], [ 13.336094, 58.806534, 0.0 ], [ 10.759561, 61.50153, 0.0 ], [ 9.314603, 63.50203, 0.0 ], [ 9.142672, 64.61226, 0.0 ], [ 10.260652, 64.72377, 0.0 ], [ 12.5590925, 63.82506, 0.0 ], [ 15.812915, 62.004707, 0.0 ], [ 19.703646, 59.440674, 0.0 ], [ 23.850605, 56.383892, 0.0 ], [ 27.84766, 53.133602, 0.0 ], [ 31.303596, 50.008083, 0.0 ], [ 33.880093, 47.313095, 0.0 ], [ 35.325012, 45.312622, 0.0 ]] 
boundary 0: [[ 34.055817, 85.530266, 0.0 ], [ 33.961586, 84.410706, 0.0 ], [ 32.659508, 82.3145, 0.0 ], [ 30.27703, 79.44658, 0.0 ], [ 27.047255, 76.087746, 0.0 ], [ 23.28624, 72.56704, 0.0 ], [ 19.362356, 69.228836, 0.0 ], [ 15.659641, 66.40001, 0.0 ], [ 12.540511, 64.357414, 0.0 ], [ 10.310274, 63.30098, 0.0 ], [ 9.187285, 63.33411, 0.0 ], [ 9.281447, 64.45355, 0.0 ], [ 10.583533, 66.54997, 0.0 ], [ 12.966112, 69.41779, 0.0 ], [ 16.195913, 72.776566, 0.0 ], [ 19.95683, 76.29726, 0.0 ], [ 23.880733, 79.63561, 0.0 ], [ 27.583282, 82.46448, 0.0 ], [ 30.702606, 84.50701, 0.0 ], [ 32.93289, 85.563614, 0.0 ]] 
boundary 1: [[ 34.055832, 42.469734, 0.0 ], [ 32.93287, 42.436443, 0.0 ], [ 30.702557, 43.492966, 0.0 ], [ 27.583313, 45.53563, 0.0 ], [ 23.880733, 48.364395, 0.0 ], [ 19.956814, 51.70263, 0.0 ], [ 16.195927, 55.223427, 0.0 ], [ 12.966059, 58.582127, 0.0 ], [ 10.583514, 61.450054, 0.0 ], [ 9.281419, 63.54634, 0.0 ], [ 9.187242, 64.66585, 0.0 ], [ 10.310273, 64.69921, 0.0 ], [ 12.540528, 63.642582, 0.0 ], [ 15.659639, 61.59999, 0.0 ], [ 19.362314, 58.77116, 0.0 ], [ 23.28627, 55.43293, 0.0 ], [ 27.047203, 51.91211, 0.0 ], [ 30.277027, 48.553448, 0.0 ], [ 32.659523, 45.685535, 0.0 ], [ 33.961594, 43.58928, 0.0 ]] 
boundary 0: [[ 31.610714, 87.990395, 0.0 ], [ 31.63694, 86.86717, 0.0 ], [ 30.566896, 84.64354, 0.0 ], [ 28.505342, 81.53693, 0.0 ], [ 25.653948, 77.851425, 0.0 ], [ 22.29171, 73.94811, 0.0 ], [ 18.74799, 70.208786, 0.0 ], [ 15.369602, 66.99961, 0.0 ], [ 12.487225, 64.63463, 0.0 ], [ 10.382983, 63.345383, 0.0 ], [ 9.262907, 63.258022, 0.0 ], [ 9.236613, 64.38111, 0.0 ], [ 10.306638, 66.60496, 0.0 ], [ 12.368308, 69.7115, 0.0 ], [ 15.219736, 73.39691, 0.0 ], [ 18.581875, 77.300224, 0.0 ], [ 22.125595, 81.0397, 0.0 ], [ 25.503817, 84.2489, 0.0 ], [ 28.386396, 86.61383, 0.0 ], [ 30.490662, 87.90326, 0.0 ]] 
boundary 1: [[ 31.610725, 40.009605, 0.0 ], [ 30.490648, 40.096794, 0.0 ], [ 28.386345, 41.38616, 0.0 ], [ 25.503857, 43.751205, 0.0 ], [ 22.125597, 46.960308, 0.0 ], [ 18.581844, 50.699665, 0.0 ], [ 15.219745, 54.603073, 0.0 ], [ 12.368248, 58.288433, 0.0 ], [ 10.306624, 61.395084, 0.0 ], [ 9.236573, 63.618786, 0.0 ], [ 9.262861, 64.74194, 0.0 ], [ 10.383004, 64.65482, 0.0 ], [ 12.487241, 63.365353, 0.0 ], [ 15.3696, 61.000397, 0.0 ], [ 18.747948, 57.791218, 0.0 ], [ 22.291739, 54.051857, 0.0 ], [ 25.653877, 50.148426, 0.0 ], [ 28.50534, 46.463097, 0.0 ], [ 30.566914, 43.356483, 0.0 ], [ 31.636948, 41.132805, 0.0 ]] 
boundary 0: [[ 27.759811, 90.97526, 0.0 ], [ 27.954514, 89.86874, 0.0 ], [ 27.230743, 87.50957, 0.0 ], [ 25.65939, 84.12845, 0.0 ], [ 23.394157, 80.056335, 0.0 ], [ 20.656593, 75.69214, 0.0 ], [ 17.714981, 71.46278, 0.0 ], [ 14.857162, 67.78241, 0.0 ], [ 12.36287, 65.01118, 0.0 ], [ 10.47624, 63.420376, 0.0 ], [ 9.382009, 63.165714, 0.0 ], [ 9.187257, 64.2721, 0.0 ], [ 9.910978, 66.63148, 0.0 ], [ 11.482452, 70.012535, 0.0 ], [ 13.747739, 74.08456, 0.0 ], [ 16.485195, 78.448746, 0.0 ], [ 19.426788, 82.67827, 0.0 ], [ 22.284443, 86.35862, 0.0 ], [ 24.77894, 89.12984, 0.0 ], [ 26.665565, 90.72083, 0.0 ]] 
boundary 1: [[ 27.759823, 37.024742, 0.0 ], [ 26.665562, 37.279243, 0.0 ], [ 24.77889, 38.87017, 0.0 ], [ 22.284498, 41.64148, 0.0 ], [ 19.426792, 45.32176, 0.0 ], [ 16.48515, 49.551147, 0.0 ], [ 13.7477455, 53.91543, 0.0 ], [ 11.482384, 57.987408, 0.0 ], [ 9.910974, 61.36857, 0.0 ], [ 9.187202, 63.727806, 0.0 ], [ 9.381957, 64.83427, 0.0 ], [ 10.476294, 64.57983, 0.0 ], [ 12.3628845, 62.98881, 0.0 ], [ 14.857161, 60.217606, 0.0 ], [ 17.71494, 56.537224, 0.0 ], [ 20.656624, 52.30783, 0.0 ], [ 23.39406, 47.94353, 0.0 ], [ 25.659393, 43.871582, 0.0 ], [ 27.230762, 40.490456, 0.0 ], [ 27.954512, 38.13124, 0.0 ]] 
