boundary 0: [[ 30.864733, 88.643814, 0.0 ], [ 30.925463, 87.52207, 0.0 ], [ 29.924122, 85.26654, 0.0 ], [ 27.95875, 82.09815, 0.0 ], [ 25.221653, 78.32711, 0.0 ], [ 21.980803, 74.32242, 0.0 ], [ 18.553421, 70.476234, 0.0 ], [ 15.275066, 67.16489, 0.0 ], [ 12.46656, 64.71259, 0.0 ], [ 10.402863, 63.35944, 0.0 ], [ 9.285969, 63.237816, 0.0 ], [ 9.225205, 64.35968, 0.0 ], [ 10.226542, 66.61515, 0.0 ], [ 12.191967, 69.783485, 0.0 ], [ 14.929026, 73.55463, 0.0 ], [ 18.16991, 77.55923, 0.0 ], [ 21.59729, 81.40547, 0.0 ], [ 24.87565, 84.71677, 0.0 ], [ 27.684145, 87.16912, 0.0 ], [ 29.747866, 88.5222, 0.0 ]] 
boundary 1: [[ 30.864738, 39.35614, 0.0 ], [ 29.74786, 39.477776, 0.0 ], [ 27.684135, 40.830902, 0.0 ], [ 24.87565, 43.283203, 0.0 ], [ 21.597275, 46.5945, 0.0 ], [ 18.169891, 50.440727, 0.0 ], [ 14.929039, 54.44541, 0.0 ], [ 12.191973, 58.216522, 0.0 ], [ 10.226576, 61.384857, 0.0 ], [ 9.225241, 63.64035, 0.0 ], [ 9.285991, 64.76222, 0.0 ], [ 10.402873, 64.64059, 0.0 ], [ 12.466579, 63.28742, 0.0 ], [ 15.275057, 60.83511, 0.0 ], [ 18.553425, 57.523773, 0.0 ], [ 21.980814, 53.677578, 0.0 ], [ 25.221645, 49.672897, 0.0 ], [ 27.958738, 45.90181, 0.0 ], [ 29.924139, 42.733475, 0.0 ], [ 30.92548, 40.477966, 0.0 ]] 
boundary 0: [[ 31.92049, 87.70667, 0.0 ], [ 31.932198, 86.58334, 0.0 ], [ 30.833355, 84.37367, 0.0 ], [ 28.731556, 81.29408, 0.0 ], [ 25.832458, 77.646126, 0.0 ], [ 22.419895, 73.7867, 0.0 ], [ 18.827896, 70.09379, 0.0 ], [ 15.408123, 66.928696, 0.0 ], [ 12.495251, 64.60134, 0.0 ], [ 10.374454, 63.339554, 0.0 ], [ 9.253316, 63.2668, 0.0 ], [ 9.241582, 64.39024, 0.0 ], [ 10.340414, 66.59985, 0.0 ], [ 12.442263, 69.67938, 0.0 ], [ 15.341325, 73.32745, 0.0 ], [ 18.75392, 77.18677, 0.0 ], [ 22.34592, 80.879745, 0.0 ], [ 25.7657, 84.044785, 0.0 ], [ 28.678564, 86.37222, 0.0 ], [ 30.799377, 87.63391, 0.0 ]] 
boundary 1: [[ 31.920496, 40.29329, 0.0 ], [ 30.799372, 40.366055, 0.0 ], [ 28.678553, 41.627808, 0.0 ], [ 25.7657, 43.95518, 0.0 ], [ 22.34591, 47.12022, 0.0 ], [ 18.753906, 50.813183, 0.0 ], [ 15.341336, 54.67258, 0.0 ], [ 12.442268, 58.32063, 0.0 ], [ 10.340448, 61.40015, 0.0 ], [ 9.241615, 63.609787, 0.0 ], [ 9.253336, 64.73324, 0.0 ], [ 10.374463, 64.66047, 0.0 ], [ 12.49527, 63.398678, 0.0 ], [ 15.4081135, 61.071297, 0.0 ], [ 18.827896, 57.90621, 0.0 ], [ 22.419907, 54.213284, 0.0 ], [ 25.83245, 50.353893, 0.0 ], [ 28.731544, 46.70587, 0.0 ], [ 30.833372, 43.626343, 0.0 ], [ 31.932215, 41.416695, 0.0 ]] 
boundary 0: [[ 33.690178, 85.93292, 0.0 ], [ 33.614876, 84.81207, 0.0 ], [ 32.348225, 82.69412, 0.0 ], [ 30.014273, 79.78652, 0.0 ], [ 26.841404, 76.374016, 0.0 ], [ 23.140226, 72.79043, 0.0 ], [ 19.273056, 69.38675, 0.0 ], [ 15.618465, 66.49598, 0.0 ], [ 12.5341215, 64.40116, 0.0 ], [ 10.321988, 63.307384, 0.0 ], [ 9.198584, 63.321655, 0.0 ], [ 9.273877, 64.44265, 0.0 ], [ 10.54051, 66.560524, 0.0 ], [ 12.874507, 69.46805, 0.0 ], [ 16.047354, 72.88068, 0.0 ], [ 19.748545, 76.46416, 0.0 ], [ 23.615728, 79.867905, 0.0 ], [ 27.270323, 82.75863, 0.0 ], [ 30.35466, 84.85353, 0.0 ], [ 32.566807, 85.947205, 0.0 ]] 
boundary 1: [[ 33.690193, 42.06703, 0.0 ], [ 32.5668, 42.052765, 0.0 ], [ 30.354647, 43.146507, 0.0 ], [ 27.270323, 45.24134, 0.0 ], [ 23.615717, 48.132065, 0.0 ], [ 19.748535, 51.535797, 0.0 ], [ 16.047365, 55.119354, 0.0 ], [ 12.874513, 58.531963, 0.0 ], [ 10.5405445, 61.43948, 0.0 ], [ 9.273908, 63.5574, 0.0 ], [ 9.1986, 64.678375, 0.0 ], [ 10.321996, 64.69265, 0.0 ], [ 12.534141, 63.59887, 0.0 ], [ 15.618456, 61.50403, 0.0 ], [ 19.273056, 58.613255, 0.0 ], [ 23.140238, 55.20956, 0.0 ], [ 26.841393, 51.62601, 0.0 ], [ 30.014263, 48.213432, 0.0 ], [ 32.34824, 45.305897, 0.0 ], [ 33.61489, 43.18797, 0.0 ]] 
boundary 0: [[ 35.92163, 83.236664, 0.0 ], [ 35.725613, 82.13052, 0.0 ], [ 34.237457, 80.16188, 0.0 ], [ 31.602913, 77.52357, 0.0 ], [ 28.079796, 74.474014, 0.0 ], [ 24.01297, 71.311455, 0.0 ], [ 19.800568, 68.3457, 0.0 ], [ 15.854937, 65.86688, 0.0 ], [ 12.562245, 64.117714, 0.0 ], [ 10.244849, 63.269432, 0.0 ], [ 9.129568, 63.405045, 0.0 ], [ 9.325586, 64.511345, 0.0 ], [ 10.813709, 66.47989, 0.0 ], [ 13.44829, 69.11811, 0.0 ], [ 16.9714, 72.1678, 0.0 ], [ 21.03823, 75.330246, 0.0 ], [ 25.250654, 78.29607, 0.0 ], [ 29.196283, 80.77484, 0.0 ], [ 32.488983, 82.52412, 0.0 ], [ 34.806377, 83.37227, 0.0 ]] 
boundary 1: [[ 35.921646, 44.7633, 0.0 ], [ 34.80638, 44.627697, 0.0 ], [ 32.48896, 45.475925, 0.0 ], [ 29.196287, 47.22512, 0.0 ], [ 25.250652, 49.703888, 0.0 ], [ 21.03823, 52.669693, 0.0 ], [ 16.97141, 55.832222, 0.0 ], [ 13.448295, 58.881897, 0.0 ], [ 10.813745, 61.52011, 0.0 ], [ 9.325609, 63.488716, 0.0 ], [ 9.129582, 64.59498, 0.0 ], [ 10.244853, 64.7306, 0.0 ], [ 12.562259, 63.882336, 0.0 ], [ 15.854927, 62.13313, 0.0 ], [ 19.800568, 59.654297, 0.0 ], [ 24.012981, 56.688538, 0.0 ], [ 28.07978, 53.52602, 0.0 ], [ 31.602913, 50.47637, 0.0 ], [ 34.237473, 47.83815, 0.0 ], [ 35.725628, 45.869522, 0.0 ]] 
boundary 0: [[ 38.012466, 80.03131, 0.0 ], [ 37.68713, 78.95608, 0.0 ], [ 35.9768, 77.177055, 0.0 ], [ 33.04898, 74.868515, 0.0 ], [ 29.190224, 72.25659, 0.0 ], [ 24.778221, 69.596695, 0.0 ], [ 20.244913, 67.14942, 0.0 ], [ 16.034039, 65.15414, 0.0 ], [ 12.557739, 63.806274, 0.0 ], [ 10.156349, 63.237743, 0.0 ], [ 9.064903, 63.50418, 0.0 ], [ 9.390261, 64.579575, 0.0 ], [ 11.10055, 66.3585, 0.0 ], [ 14.028391, 68.66696, 0.0 ], [ 17.887156, 71.27902, 0.0 ], [ 22.299152, 73.9388, 0.0 ], [ 26.832489, 76.38614, 0.0 ], [ 31.043358, 78.38134, 0.0 ], [ 34.519676, 79.72933, 0.0 ], [ 36.921047, 80.29774, 0.0 ]] 
boundary 1: [[ 38.01249, 47.96865, 0.0 ], [ 36.921055, 47.702232, 0.0 ], [ 34.519646, 48.2707, 0.0 ], [ 31.043367, 49.618607, 0.0 ], [ 26.832499, 51.613815, 0.0 ], [ 22.29916, 54.06114, 0.0 ], [ 17.887161, 56.721004, 0.0 ], [ 14.028395, 59.333057, 0.0 ], [ 11.100585, 61.641506, 0.0 ], [ 9.390276, 63.420494, 0.0 ], [ 9.064913, 64.49585, 0.0 ], [ 10.156347, 64.76229, 0.0 ], [ 12.557747, 64.19378, 0.0 ], [ 16.034027, 62.845863, 0.0 ], [ 20.244913, 60.850586, 0.0 ], [ 24.778233, 58.403305, 0.0 ], [ 29.190208, 55.743446, 0.0 ], [ 33.04899, 53.13144, 0.0 ], [ 35.976814, 50.822975, 0.0 ], [ 37.687138, 49.043964, 0.0 ]] 
boundary 0: [[ 39.74187, 76.52563, 0.0 ], [ 39.289158, 75.49753, 0.0 ], [ 37.376644, 73.93791, 0.0 ], [ 34.19163, 71.999565, 0.0 ], [ 30.045872, 69.872375, 0.0 ], [ 25.345127, 67.76436, 0.0 ], [ 20.54962, 65.882034, 0.0 ], [ 16.12873, 64.409485, 0.0 ], [ 12.5151825, 63.490982, 0.0 ], [ 10.062732, 63.2164, 0.0 ], [ 9.011415, 63.612606, 0.0 ], [ 9.464173, 64.640884, 0.0 ], [ 11.3766365, 66.20042, 0.0 ], [ 14.561659, 68.13867, 0.0 ], [ 18.707436, 70.265976, 0.0 ], [ 23.408169, 72.3739, 0.0 ], [ 28.203716, 74.25628, 0.0 ], [ 32.62458, 75.72873, 0.0 ], [ 36.238163, 76.64737, 0.0 ], [ 38.690594, 76.921844, 0.0 ]] 
boundary 1: [[ 39.7419, 51.47433, 0.0 ], [ 38.6906, 51.07814, 0.0 ], [ 36.238132, 51.352657, 0.0 ], [ 32.624603, 52.271206, 0.0 ], [ 28.203728, 53.743675, 0.0 ], [ 23.408184, 55.62604, 0.0 ], [ 18.707443, 57.734043, 0.0 ], [ 14.561661, 59.861343, 0.0 ], [ 11.376672, 61.799606, 0.0 ], [ 9.464178, 63.35919, 0.0 ], [ 9.011422, 64.38743, 0.0 ], [ 10.062726, 64.78363, 0.0 ], [ 12.515184, 64.50906, 0.0 ], [ 16.128723, 63.59051, 0.0 ], [ 20.54962, 62.117973, 0.0 ], [ 25.345139, 60.235653, 0.0 ], [ 30.045855, 58.127655, 0.0 ], [ 34.191643, 56.000397, 0.0 ], [ 37.37665, 54.062126, 0.0 ], [ 39.289165, 52.502518, 0.0 ]] 
boundary 0: [[ 40.828705, 73.53504, 0.0 ], [ 40.27713, 72.55641, 0.0 ], [ 38.220573, 71.19233, 0.0 ], [ 34.86046, 69.576416, 0.0 ], [ 30.52569, 67.867035, 0.0 ], [ 25.640509, 66.23129, 0.0 ], [ 20.6832, 64.82943, 0.0 ], [ 16.13898, 63.798546, 0.0 ], [ 12.452648, 63.239674, 0.0 ], [ 9.985085, 63.207474, 0.0 ], [ 8.977802, 63.705097, 0.0 ], [ 9.529438, 64.6839, 0.0 ], [ 11.585932, 66.04789, 0.0 ], [ 14.946048, 67.66371, 0.0 ], [ 19.280846, 69.37321, 0.0 ], [ 24.166008, 71.00887, 0.0 ], [ 29.123356, 72.410774, 0.0 ], [ 33.66754, 73.44156, 0.0 ], [ 37.353935, 74.00057, 0.0 ], [ 39.821465, 74.03265, 0.0 ]] 
boundary 1: [[ 40.828743, 54.46493, 0.0 ], [ 39.821472, 53.96732, 0.0 ], [ 37.35389, 53.99945, 0.0 ], [ 33.667576, 54.558372, 0.0 ], [ 29.123373, 55.58917, 0.0 ], [ 24.166033, 56.99106, 0.0 ], [ 19.280851, 58.62681, 0.0 ], [ 14.946047, 60.336315, 0.0 ], [ 11.585963, 61.952133, 0.0 ], [ 9.529437, 63.316185, 0.0 ], [ 8.977804, 64.29494, 0.0 ], [ 9.985077, 64.79255, 0.0 ], [ 12.452645, 64.76038, 0.0 ], [ 16.138973, 64.20145, 0.0 ], [ 20.6832, 63.170586, 0.0 ], [ 25.640518, 61.76874, 0.0 ], [ 30.525673, 60.13299, 0.0 ], [ 34.86048, 58.42354, 0.0 ], [ 38.22058, 56.80771, 0.0 ], [ 40.27713, 55.443638, 0.0 ]] 
boundary 0: [[ 41.43464, 71.287605, 0.0 ], [ 40.814087, 70.3512, 0.0 ], [ 38.664726, 69.1386, 0.0 ], [ 35.19706, 67.76861, 0.0 ], [ 30.750546, 66.37552, 0.0 ], [ 25.760338, 65.09548, 0.0 ], [ 20.715025, 64.05389, 0.0 ], [ 16.108408, 63.352608, 0.0 ], [ 12.39142, 63.060394, 0.0 ], [ 9.927933, 63.205807, 0.0 ], [ 8.959062, 63.77461, 0.0 ], [ 9.579687, 64.71118, 0.0 ], [ 11.728983, 65.92369, 0.0 ], [ 15.19664, 67.293594, 0.0 ], [ 19.643192, 68.6868, 0.0 ], [ 24.633373, 69.96676, 0.0 ], [ 29.678738, 71.00837, 0.0 ], [ 34.285305, 71.709564, 0.0 ], [ 38.002365, 72.00192, 0.0 ], [ 40.465813, 71.856384, 0.0 ]] 
boundary 1: [[ 41.434677, 56.71237, 0.0 ], [ 40.465828, 56.143578, 0.0 ], [ 38.00232, 55.998096, 0.0 ], [ 34.285355, 56.290367, 0.0 ], [ 29.678757, 56.991566, 0.0 ], [ 24.633404, 58.033176, 0.0 ], [ 19.643196, 59.31323, 0.0 ], [ 15.196638, 60.706444, 0.0 ], [ 11.729014, 62.076336, 0.0 ], [ 9.579677, 63.288902, 0.0 ], [ 8.959063, 64.22543, 0.0 ], [ 9.927922, 64.79422, 0.0 ], [ 12.391414, 64.93966, 0.0 ], [ 16.1084, 64.64739, 0.0 ], [ 20.715025, 63.946117, 0.0 ], [ 25.760342, 62.904556, 0.0 ], [ 30.750525, 61.624504, 0.0 ], [ 35.197086, 60.23134, 0.0 ], [ 38.664734, 58.861443, 0.0 ], [ 40.81408, 57.64885, 0.0 ]] 
boundary 0: [[ 41.639854, 70.335434, 0.0 ], [ 40.99138, 69.41815, 0.0 ], [ 38.806473, 68.270836, 0.0 ], [ 35.299114, 67.00592, 0.0 ], [ 30.812656, 65.747406, 0.0 ], [ 25.786144, 64.618256, 0.0 ], [ 20.711754, 63.729107, 0.0 ], [ 16.086102, 63.1669, 0.0 ], [ 12.362001, 62.986782, 0.0 ], [ 9.904014, 63.206326, 0.0 ], [ 8.952714, 63.804054, 0.0 ], [ 9.60127, 64.72152, 0.0 ], [ 11.786113, 65.86874, 0.0 ], [ 15.29346, 67.13357, 0.0 ], [ 19.77996, 68.39221, 0.0 ], [ 24.80643, 69.52126, 0.0 ], [ 29.880882, 70.41042, 0.0 ], [ 34.506477, 70.97256, 0.0 ], [ 38.23066, 71.15281, 0.0 ], [ 40.688606, 70.933136, 0.0 ]] 
boundary 1: [[ 41.639893, 57.664547, 0.0 ], [ 40.68862, 57.066826, 0.0 ], [ 38.230614, 56.847206, 0.0 ], [ 34.506523, 57.02739, 0.0 ], [ 29.880903, 57.5895, 0.0 ], [ 24.806461, 58.47867, 0.0 ], [ 19.77996, 59.607834, 0.0 ], [ 15.293456, 60.866478, 0.0 ], [ 11.786144, 62.1313, 0.0 ], [ 9.601257, 63.27857, 0.0 ], [ 8.952713, 64.195984, 0.0 ], [ 9.904001, 64.7937, 0.0 ], [ 12.361994, 65.01328, 0.0 ], [ 16.086094, 64.83311, 0.0 ], [ 20.711754, 64.27089, 0.0 ], [ 25.786148, 63.38179, 0.0 ], [ 30.812634, 62.25263, 0.0 ], [ 35.299137, 60.994026, 0.0 ], [ 38.80648, 59.729202, 0.0 ], [ 40.99137, 58.58191, 0.0 ]] 
boundary 0: [[ 41.593605, 70.56263, 0.0 ], [ 40.95172, 69.64073, 0.0 ], [ 38.775093, 68.477776, 0.0 ], [ 35.276894, 67.187744, 0.0 ], [ 30.799593, 65.89707, 0.0 ], [ 25.781303, 64.73191, 0.0 ], [ 20.713423, 63.806408, 0.0 ], [ 16.091915, 63.211037, 0.0 ], [ 12.369206, 63.00422, 0.0 ], [ 9.909705, 63.206146, 0.0 ], [ 8.9541445, 63.79703, 0.0 ], [ 9.596105, 64.71914, 0.0 ], [ 11.772664, 65.88199, 0.0 ], [ 15.270851, 67.17192, 0.0 ], [ 19.74821, 68.46271, 0.0 ], [ 24.766453, 69.62777, 0.0 ], [ 29.834402, 70.5533, 0.0 ], [ 34.455826, 71.14859, 0.0 ], [ 38.178627, 71.355545, 0.0 ], [ 40.638092, 71.153496, 0.0 ]] 
boundary 1: [[ 41.593643, 57.437347, 0.0 ], [ 40.638107, 56.846462, 0.0 ], [ 38.17858, 56.64447, 0.0 ], [ 34.45587, 56.851357, 0.0 ], [ 29.834423, 57.44663, 0.0 ], [ 24.766483, 58.372154, 0.0 ], [ 19.74821, 59.53734, 0.0 ], [ 15.270847, 60.82812, 0.0 ], [ 11.7726965, 62.118065, 0.0 ], [ 9.596092, 63.28098, 0.0 ], [ 8.9541445, 64.203026, 0.0 ], [ 9.909694, 64.793915, 0.0 ], [ 12.369199, 64.99585, 0.0 ], [ 16.091908, 64.78897, 0.0 ], [ 20.713423, 64.19359, 0.0 ], [ 25.781307, 63.268135, 0.0 ], [ 30.79957, 62.10295, 0.0 ], [ 35.276917, 60.812202, 0.0 ], [ 38.7751, 59.522263, 0.0 ], [ 40.951714, 58.35933, 0.0 ]] 
boundary 0: [[ 41.364563, 71.58408, 0.0 ], [ 40.752857, 70.641884, 0.0 ], [ 38.61502, 69.40907, 0.0 ], [ 35.160423, 68.00647, 0.0 ], [ 30.727243, 66.57154, 0.0 ], [ 25.749306, 65.24454, 0.0 ], [ 20.714033, 64.15548, 0.0 ], [ 16.114227, 63.410812, 0.0 ], [ 12.400163, 63.08359, 0.0 ], [ 9.935416, 63.205795, 0.0 ], [ 8.961228, 63.76544, 0.0 ], [ 9.573003, 64.707855, 0.0 ], [ 11.710778, 65.940544, 0.0 ], [ 15.165373, 67.34304, 0.0 ], [ 19.598598, 68.77808, 0.0 ], [ 24.5765, 70.10499, 0.0 ], [ 29.611832, 71.1941, 0.0 ], [ 34.21157, 71.93866, 0.0 ], [ 37.92572, 72.26603, 0.0 ], [ 40.390423, 72.14371, 0.0 ]] 
boundary 1: [[ 41.3646, 56.415897, 0.0 ], [ 40.39043, 55.85626, 0.0 ], [ 37.925674, 55.733986, 0.0 ], [ 34.211613, 56.061275, 0.0 ], [ 29.611853, 56.805843, 0.0 ], [ 24.57653, 57.89494, 0.0 ], [ 19.598598, 59.221954, 0.0 ], [ 15.165371, 60.657, 0.0 ], [ 11.710813, 62.05951, 0.0 ], [ 9.572992, 63.292274, 0.0 ], [ 8.961229, 64.23462, 0.0 ], [ 9.935407, 64.79426, 0.0 ], [ 12.40016, 64.91647, 0.0 ], [ 16.11422, 64.589195, 0.0 ], [ 20.714033, 63.844513, 0.0 ], [ 25.74931, 62.755497, 0.0 ], [ 30.72722, 61.428474, 0.0 ], [ 35.160446, 59.993465, 0.0 ], [ 38.615032, 58.590965, 0.0 ], [ 40.752857, 57.35818, 0.0 ]] 
boundary 0: [[ 40.889923, 73.334335, 0.0 ], [ 40.33201, 72.35932, 0.0 ], [ 38.266644, 71.00859, 0.0 ], [ 34.896122, 69.41451, 0.0 ], [ 30.550365, 67.73329, 0.0 ], [ 25.654655, 66.12927, 0.0 ], [ 20.688362, 64.75965, 0.0 ], [ 16.137539, 63.758266, 0.0 ], [ 12.447662, 63.22333, 0.0 ], [ 9.979939, 63.20716, 0.0 ], [ 8.975907, 63.71131, 0.0 ], [ 9.533882, 64.68655, 0.0 ], [ 11.599187, 66.03714, 0.0 ], [ 14.969716, 67.63111, 0.0 ], [ 19.315517, 69.312454, 0.0 ], [ 24.211193, 70.91634, 0.0 ], [ 29.177544, 72.28606, 0.0 ], [ 33.728302, 73.28732, 0.0 ], [ 37.41826, 73.82241, 0.0 ], [ 39.88595, 73.838455, 0.0 ]] 
boundary 1: [[ 40.88996, 54.665646, 0.0 ], [ 39.88595, 54.161503, 0.0 ], [ 37.41822, 54.177605, 0.0 ], [ 33.72834, 54.712612, 0.0 ], [ 29.177563, 55.713882, 0.0 ], [ 24.211224, 57.083576, 0.0 ], [ 19.315517, 58.687588, 0.0 ], [ 14.969717, 60.368927, 0.0 ], [ 11.599224, 61.962917, 0.0 ], [ 9.53388, 63.313587, 0.0 ], [ 8.975913, 64.288765, 0.0 ], [ 9.979935, 64.79289, 0.0 ], [ 12.44766, 64.77673, 0.0 ], [ 16.137531, 64.24173, 0.0 ], [ 20.688362, 63.240345, 0.0 ], [ 25.65466, 61.87074, 0.0 ], [ 30.550343, 60.26672, 0.0 ], [ 34.896145, 58.585415, 0.0 ], [ 38.26666, 56.991447, 0.0 ], [ 40.33201, 55.640743, 0.0 ]] 
boundary 0: [[ 40.184624, 75.41488, 0.0 ], [ 39.6942, 74.404236, 0.0 ], [ 37.725327, 72.91637, 0.0 ], [ 34.470833, 71.0971, 0.0 ], [ 30.249266, 69.12467, 0.0 ], [ 25.473778, 67.1919, 0.0 ], [ 20.611952, 65.488205, 0.0 ], [ 16.139633, 64.180115, 0.0 ], [ 12.494597, 63.39586, 0.0 ], [ 10.0336685, 63.21216, 0.0 ], [ 8.997722, 63.64696, 0.0 ], [ 9.488185, 64.65784, 0.0 ], [ 11.457009, 66.14556, 0.0 ], [ 14.711521, 67.96472, 0.0 ], [ 18.93312, 69.93728, 0.0 ], [ 23.708582, 71.86991, 0.0 ], [ 28.570461, 73.5737, 0.0 ], [ 33.04273, 74.88167, 0.0 ], [ 36.68783, 75.66609, 0.0 ], [ 39.14873, 75.84966, 0.0 ]] 
boundary 1: [[ 40.18466, 52.58509, 0.0 ], [ 39.14873, 52.150295, 0.0 ], [ 36.687794, 52.333923, 0.0 ], [ 33.04275, 53.118256, 0.0 ], [ 28.570473, 54.426235, 0.0 ], [ 23.708607, 56.130005, 0.0 ], [ 18.933125, 58.062763, 0.0 ], [ 14.711523, 60.035313, 0.0 ], [ 11.457052, 61.854496, 0.0 ], [ 9.488193, 63.342297, 0.0 ], [ 8.99773, 64.35312, 0.0 ], [ 10.033668, 64.7879, 0.0 ], [ 12.494601, 64.60421, 0.0 ], [ 16.139626, 63.81987, 0.0 ], [ 20.611952, 62.511784, 0.0 ], [ 25.473782, 60.8081, 0.0 ], [ 30.249243, 58.87534, 0.0 ], [ 34.470856, 56.902824, 0.0 ], [ 37.72534, 55.083664, 0.0 ], [ 39.694206, 53.595825, 0.0 ]] 
boundary 0: [[ 39.06715, 78.02356, 0.0 ], [ 38.66724, 76.9738, 0.0 ], [ 36.83642, 75.31903, 0.0 ], [ 33.75399, 73.22138, 0.0 ], [ 29.721634, 70.886375, 0.0 ], [ 25.134026, 68.5423, 0.0 ], [ 20.440323, 66.41886, 0.0 ], [ 16.099934, 64.72363, 0.0 ], [ 12.537704, 63.622776, 0.0 ], [ 10.102365, 63.223995, 0.0 ], [ 9.032283, 63.56628, 0.0 ], [ 9.432217, 64.616264, 0.0 ], [ 11.263001, 66.270905, 0.0 ], [ 14.345459, 68.36843, 0.0 ], [ 18.377827, 70.70358, 0.0 ], [ 22.965424, 73.047516, 0.0 ], [ 27.659182, 75.17107, 0.0 ], [ 31.999529, 76.866135, 0.0 ], [ 35.561802, 77.96718, 0.0 ], [ 37.997124, 78.36583, 0.0 ]] 
boundary 1: [[ 39.06718, 49.976406, 0.0 ], [ 37.997124, 49.634125, 0.0 ], [ 35.561764, 50.03283, 0.0 ], [ 31.999542, 51.133778, 0.0 ], [ 27.659187, 52.828873, 0.0 ], [ 22.965443, 54.952408, 0.0 ], [ 18.377832, 57.296474, 0.0 ], [ 14.345467, 59.6316, 0.0 ], [ 11.263049, 61.72915, 0.0 ], [ 9.432235, 63.38386, 0.0 ], [ 9.032299, 64.4338, 0.0 ], [ 10.102371, 64.77606, 0.0 ], [ 12.537717, 64.3773, 0.0 ], [ 16.099922, 63.276352, 0.0 ], [ 20.440315, 61.581142, 0.0 ], [ 25.134026, 59.4577, 0.0 ], [ 29.721611, 57.11364, 0.0 ], [ 33.754005, 54.77854, 0.0 ], [ 36.836433, 52.681007, 0.0 ], [ 38.667248, 51.026257, 0.0 ]] 
boundary 0: [[ 37.81844, 80.36644, 0.0 ], [ 37.506004, 79.28742, 0.0 ], [ 35.817104, 77.488014, 0.0 ], [ 32.917152, 75.144554, 0.0 ], [ 29.08997, 72.4866, 0.0 ], [ 24.710133, 69.77407, 0.0 ], [ 20.206463, 67.272705, 0.0 ], [ 16.019783, 65.227104, 0.0 ], [ 12.5598755, 63.837715, 0.0 ], [ 10.165459, 63.24048, 0.0 ], [ 9.070903, 63.49382, 0.0 ], [ 9.3833475, 64.57307, 0.0 ], [ 11.072212, 66.37234, 0.0 ], [ 13.972197, 68.71568, 0.0 ], [ 17.799395, 71.37378, 0.0 ], [ 22.17923, 74.08618, 0.0 ], [ 26.682951, 76.58765, 0.0 ], [ 30.869604, 78.633095, 0.0 ], [ 34.329536, 80.022675, 0.0 ], [ 36.723946, 80.619774, 0.0 ]] 
boundary 1: [[ 37.81847, 47.633514, 0.0 ], [ 36.723938, 47.380184, 0.0 ], [ 34.3295, 47.977325, 0.0 ], [ 30.869608, 49.36682, 0.0 ], [ 26.682943, 51.41229, 0.0 ], [ 22.179241, 53.913742, 0.0 ], [ 17.7994, 56.626278, 0.0 ], [ 13.972208, 59.284355, 0.0 ], [ 11.072266, 61.627712, 0.0 ], [ 9.383375, 63.42705, 0.0 ], [ 9.070926, 64.50626, 0.0 ], [ 10.16547, 64.75958, 0.0 ], [ 12.559891, 64.16237, 0.0 ], [ 16.019766, 62.772873, 0.0 ], [ 20.206455, 60.727295, 0.0 ], [ 24.710133, 58.225937, 0.0 ], [ 29.089947, 55.513405, 0.0 ], [ 32.917168, 52.855354, 0.0 ], [ 35.817127, 50.51201, 0.0 ], [ 37.506012, 48.71264, 0.0 ]] 
boundary 0: [[ 36.221546, 82.824684, 0.0 ], [ 36.008118, 81.7218, 0.0 ], [ 34.489136, 79.77685, 0.0 ], [ 31.81334, 77.18037, 0.0 ], [ 28.242617, 74.18671, 0.0 ], [ 24.126457, 71.08865, 0.0 ], [ 19.867836, 68.18968, 0.0 ], [ 15.883629, 65.7733, 0.0 ], [ 12.56378, 64.07626, 0.0 ], [ 10.233295, 63.26462, 0.0 ], [ 9.120292, 63.417793, 0.0 ], [ 9.333707, 64.52089, 0.0 ], [ 10.852673, 66.46574, 0.0 ], [ 13.528505, 69.062096, 0.0 ], [ 17.099236, 72.05589, 0.0 ], [ 21.21541, 75.153824, 0.0 ], [ 25.474064, 78.0529, 0.0 ], [ 29.45826, 80.469124, 0.0 ], [ 32.778114, 82.16637, 0.0 ], [ 35.1086, 82.97786, 0.0 ]] 
boundary 1: [[ 36.221573, 45.175262, 0.0 ], [ 35.108593, 45.022102, 0.0 ], [ 32.77808, 45.83364, 0.0 ], [ 29.45826, 47.530785, 0.0 ], [ 25.474052, 49.947037, 0.0 ], [ 21.215412, 52.8461, 0.0 ], [ 17.099247, 55.94416, 0.0 ], [ 13.52852, 58.937946, 0.0 ], [ 10.852731, 61.534313, 0.0 ], [ 9.333746, 63.47922, 0.0 ], [ 9.120323, 64.5823, 0.0 ], [ 10.23331, 64.73544, 0.0 ], [ 12.5638, 63.92381, 0.0 ], [ 15.883613, 62.226673, 0.0 ], [ 19.867828, 59.81032, 0.0 ], [ 24.126457, 56.911346, 0.0 ], [ 28.242594, 53.8133, 0.0 ], [ 31.813354, 50.819546, 0.0 ], [ 34.48916, 48.22318, 0.0 ], [ 36.008125, 46.27825, 0.0 ]] 
boundary 0: [[ 34.512806, 85.00688, 0.0 ], [ 34.39462, 83.88977, 0.0 ], [ 33.047783, 81.82188, 0.0 ], [ 30.604176, 79.005775, 0.0 ], [ 27.302952, 75.717316, 0.0 ], [ 23.467236, 72.278114, 0.0 ], [ 19.472532, 69.02509, 0.0 ], [ 15.709903, 66.276375, 0.0 ], [ 12.5475855, 64.301254, 0.0 ], [ 10.295174, 63.29301, 0.0 ], [ 9.173141, 63.3503, 0.0 ], [ 9.291302, 64.46762, 0.0 ], [ 10.638126, 66.5354, 0.0 ], [ 13.081773, 69.351395, 0.0 ], [ 16.382994, 72.64, 0.0 ], [ 20.218735, 76.079056, 0.0 ], [ 24.213469, 79.33218, 0.0 ], [ 27.976097, 82.080765, 0.0 ], [ 31.1384, 84.05606, 0.0 ], [ 33.39083, 85.06418, 0.0 ]] 
boundary 1: [[ 34.51283, 42.993076, 0.0 ], [ 33.390816, 42.935787, 0.0 ], [ 31.138369, 43.94394, 0.0 ], [ 27.976091, 45.919147, 0.0 ], [ 24.213451, 48.667747, 0.0 ], [ 20.21873, 51.920864, 0.0 ], [ 16.383013, 55.360058, 0.0 ], [ 13.081794, 58.64865, 0.0 ], [ 10.63819, 61.464634, 0.0 ], [ 9.29135, 63.532486, 0.0 ], [ 9.173177, 64.64977, 0.0 ], [ 10.295192, 64.70705, 0.0 ], [ 12.547609, 63.69881, 0.0 ], [ 15.709884, 61.723602, 0.0 ], [ 19.472525, 58.97491, 0.0 ], [ 23.467236, 55.721878, 0.0 ], [ 27.302929, 52.282707, 0.0 ], [ 30.604185, 48.994137, 0.0 ], [ 33.047806, 46.17815, 0.0 ], [ 34.394638, 44.110283, 0.0 ]] 
boundary 0: [[ 32.978973, 86.679016, 0.0 ], [ 32.93943, 85.55637, 0.0 ], [ 31.740932, 83.39911, 0.0 ], [ 29.50085, 80.41856, 0.0 ], [ 26.438396, 76.90668, 0.0 ], [ 22.853329, 73.20691, 0.0 ], [ 19.09661, 69.68174, 0.0 ], [ 15.536027, 66.67592, 0.0 ], [ 12.520019, 64.48386, 0.0 ], [ 10.343867, 63.320126, 0.0 ], [ 9.220579, 63.29858, 0.0 ], [ 9.260087, 64.421425, 0.0 ], [ 10.458572, 66.57858, 0.0 ], [ 12.698703, 69.55902, 0.0 ], [ 15.76115, 73.07107, 0.0 ], [ 19.346252, 76.77067, 0.0 ], [ 23.102987, 80.29595, 0.0 ], [ 26.663582, 83.30165, 0.0 ], [ 29.679567, 85.49388, 0.0 ], [ 31.85575, 86.6575, 0.0 ]] 
boundary 1: [[ 32.978996, 41.320942, 0.0 ], [ 31.855734, 41.342476, 0.0 ], [ 29.679537, 42.506126, 0.0 ], [ 26.663572, 44.698254, 0.0 ], [ 23.102972, 47.70398, 0.0 ], [ 19.346245, 51.229248, 0.0 ], [ 15.761174, 54.92899, 0.0 ], [ 12.698727, 58.441013, 0.0 ], [ 10.458638, 61.42144, 0.0 ], [ 9.26014, 63.578655, 0.0 ], [ 9.22062, 64.70148, 0.0 ], [ 10.343889, 64.67993, 0.0 ], [ 12.520048, 63.5162, 0.0 ], [ 15.536006, 61.324074, 0.0 ], [ 19.096601, 58.318256, 0.0 ], [ 22.853325, 54.793076, 0.0 ], [ 26.438377, 51.09335, 0.0 ], [ 29.500853, 47.581352, 0.0 ], [ 31.740963, 44.60092, 0.0 ], [ 32.939465, 42.443684, 0.0 ]] 
boundary 0: [[ 31.703213, 87.906296, 0.0 ], [ 31.725166, 86.783195, 0.0 ], [ 30.64654, 84.56355, 0.0 ], [ 28.572939, 81.464874, 0.0 ], [ 25.707275, 77.79065, 0.0 ], [ 22.33007, 73.90022, 0.0 ], [ 18.771914, 70.17473, 0.0 ], [ 15.381178, 66.978546, 0.0 ], [ 12.489661, 64.62469, 0.0 ], [ 10.380463, 63.343613, 0.0 ], [ 9.260036, 63.26062, 0.0 ], [ 9.238032, 64.38395, 0.0 ], [ 10.316659, 66.603455, 0.0 ], [ 12.390316, 69.702034, 0.0 ], [ 15.2559595, 73.376434, 0.0 ], [ 18.63321, 77.26669, 0.0 ], [ 22.191376, 80.9923, 0.0 ], [ 25.58213, 84.18836, 0.0 ], [ 28.473618, 86.54236, 0.0 ], [ 30.582855, 87.82333, 0.0 ]] 
boundary 1: [[ 31.70323, 40.093647, 0.0 ], [ 30.582838, 40.176636, 0.0 ], [ 28.473587, 41.45765, 0.0 ], [ 25.582117, 43.811546, 0.0 ], [ 22.191357, 47.00764, 0.0 ], [ 18.633198, 50.733223, 0.0 ], [ 15.255984, 54.623634, 0.0 ], [ 12.39034, 58.298, 0.0 ], [ 10.316728, 61.396553, 0.0 ], [ 9.23809, 63.61613, 0.0 ], [ 9.260079, 64.73945, 0.0 ], [ 10.3804865, 64.65644, 0.0 ], [ 12.489693, 63.375355, 0.0 ], [ 15.381157, 61.02145, 0.0 ], [ 18.771906, 57.825275, 0.0 ], [ 22.330067, 54.099766, 0.0 ], [ 25.707256, 50.209377, 0.0 ], [ 28.572937, 46.53504, 0.0 ], [ 30.646572, 43.436478, 0.0 ], [ 31.725204, 41.216873, 0.0 ]] 
boundary 0: [[ 30.765308, 88.72786, 0.0 ], [ 30.830545, 87.606445, 0.0 ], [ 29.838305, 85.34687, 0.0 ], [ 27.885714, 82.17056, 0.0 ], [ 25.163841, 78.38856, 0.0 ], [ 21.939148, 74.37082, 0.0 ], [ 18.527271, 70.510925, 0.0 ], [ 15.262289, 67.18637, 0.0 ], [ 12.4636755, 64.72278, 0.0 ], [ 10.405437, 63.361343, 0.0 ], [ 9.289044, 63.235207, 0.0 ], [ 9.223746, 64.35686, 0.0 ], [ 10.215997, 66.616295, 0.0 ], [ 12.168645, 69.79252, 0.0 ], [ 14.89049, 73.574684, 0.0 ], [ 18.115238, 77.592255, 0.0 ], [ 21.527115, 81.45227, 0.0 ], [ 24.792126, 84.776695, 0.0 ], [ 27.590704, 87.24043, 0.0 ], [ 29.648985, 88.60178, 0.0 ]] 
boundary 1: [[ 30.765324, 39.27207, 0.0 ], [ 29.648968, 39.398193, 0.0 ], [ 27.590673, 40.759583, 0.0 ], [ 24.792107, 43.223213, 0.0 ], [ 21.527096, 46.547665, 0.0 ], [ 18.115227, 50.40766, 0.0 ], [ 14.890517, 54.425396, 0.0 ], [ 12.16867, 58.207504, 0.0 ], [ 10.216066, 61.38371, 0.0 ], [ 9.223806, 63.643223, 0.0 ], [ 9.289089, 64.764854, 0.0 ], [ 10.405461, 64.63871, 0.0 ], [ 12.46371, 63.27726, 0.0 ], [ 15.262268, 60.813618, 0.0 ], [ 18.527264, 57.489098, 0.0 ], [ 21.939144, 53.62917, 0.0 ], [ 25.163822, 49.611458, 0.0 ], [ 27.88571, 45.82936, 0.0 ], [ 29.838337, 42.65316, 0.0 ], [ 30.830587, 40.393623, 0.0 ]] 
boundary 0: [[ 30.864717, 88.64377, 0.0 ], [ 30.925438, 87.5221, 0.0 ], [ 29.924107, 85.26654, 0.0 ], [ 27.958742, 82.09812, 0.0 ], [ 25.22166, 78.32711, 0.0 ], [ 21.980814, 74.32239, 0.0 ], [ 18.553421, 70.476265, 0.0 ], [ 15.275078, 67.16489, 0.0 ], [ 12.466566, 64.712585, 0.0 ], [ 10.402862, 63.359447, 0.0 ], [ 9.28597, 63.23781, 0.0 ], [ 9.225189, 64.35971, 0.0 ], [ 10.22653, 66.615135, 0.0 ], [ 12.191954, 69.78347, 0.0 ], [ 14.929007, 73.55464, 0.0 ], [ 18.169907, 77.5592, 0.0 ], [ 21.597301, 81.40544, 0.0 ], [ 24.875673, 84.71669, 0.0 ], [ 27.68415, 87.169136, 0.0 ], [ 29.747896, 88.52219, 0.0 ]] 
boundary 1: [[ 30.864733, 39.356163, 0.0 ], [ 29.747879, 39.47779, 0.0 ], [ 27.68412, 40.83088, 0.0 ], [ 24.875654, 43.28322, 0.0 ], [ 21.597282, 46.594494, 0.0 ], [ 18.169895, 50.44072, 0.0 ], [ 14.929034, 54.445435, 0.0 ], [ 12.191978, 58.216553, 0.0 ], [ 10.2266, 61.38487, 0.0 ], [ 9.225248, 63.64037, 0.0 ], [ 9.286015, 64.76225, 0.0 ], [ 10.402885, 64.64061, 0.0 ], [ 12.466599, 63.287457, 0.0 ], [ 15.275057, 60.835102, 0.0 ], [ 18.553413, 57.523758, 0.0 ], [ 21.98081, 53.6776, 0.0 ], [ 25.221642, 49.672905, 0.0 ], [ 27.958738, 45.901802, 0.0 ], [ 29.924139, 42.73349, 0.0 ], [ 30.92548, 40.477966, 0.0 ]] 
boundary 0: [[ 31.920473, 87.70663, 0.0 ], [ 31.932173, 86.583374, 0.0 ], [ 30.83334, 84.37367, 0.0 ], [ 28.731548, 81.29405, 0.0 ], [ 25.832466, 77.646126, 0.0 ], [ 22.419907, 73.78667, 0.0 ], [ 18.827896, 70.09382, 0.0 ], [ 15.408134, 66.928696, 0.0 ], [ 12.495256, 64.601326, 0.0 ], [ 10.3744545, 63.33956, 0.0 ], [ 9.253317, 63.266792, 0.0 ], [ 9.241567, 64.390274, 0.0 ], [ 10.340401, 66.59984, 0.0 ], [ 12.442249, 69.67937, 0.0 ], [ 15.341306, 73.32747, 0.0 ], [ 18.753916, 77.186745, 0.0 ], [ 22.345932, 80.879715, 0.0 ], [ 25.765713, 84.04471, 0.0 ], [ 28.678572, 86.37224, 0.0 ], [ 30.799406, 87.633896, 0.0 ]] 
boundary 1: [[ 31.92049, 40.293312, 0.0 ], [ 30.79939, 40.36607, 0.0 ], [ 28.67854, 41.627777, 0.0 ], [ 25.765703, 43.955196, 0.0 ], [ 22.345917, 47.120213, 0.0 ], [ 18.75391, 50.813175, 0.0 ], [ 15.34133, 54.672604, 0.0 ], [ 12.442274, 58.32066, 0.0 ], [ 10.340471, 61.400166, 0.0 ], [ 9.241621, 63.609806, 0.0 ], [ 9.253359, 64.73328, 0.0 ], [ 10.374475, 64.66049, 0.0 ], [ 12.495287, 63.398716, 0.0 ], [ 15.4081135, 61.07129, 0.0 ], [ 18.827888, 57.906197, 0.0 ], [ 22.419903, 54.213306, 0.0 ], [ 25.832447, 50.3539, 0.0 ], [ 28.731544, 46.705864, 0.0 ], [ 30.833372, 43.626358, 0.0 ], [ 31.932215, 41.416695, 0.0 ]] 
boundary 0: [[ 33.690163, 85.93288, 0.0 ], [ 33.614845, 84.8121, 0.0 ], [ 32.34821, 82.69412, 0.0 ], [ 30.014261, 79.78649, 0.0 ], [ 26.841412, 76.374016, 0.0 ], [ 23.140238, 72.79039, 0.0 ], [ 19.273062, 69.38678, 0.0 ], [ 15.618477, 66.49598, 0.0 ], [ 12.534127, 64.401146, 0.0 ], [ 10.321989, 63.307392, 0.0 ], [ 9.198583, 63.321648, 0.0 ], [ 9.273866, 64.44268, 0.0 ], [ 10.540495, 66.56052, 0.0 ], [ 12.874494, 69.46803, 0.0 ], [ 16.047335, 72.88069, 0.0 ], [ 19.748537, 76.464134, 0.0 ], [ 23.615734, 79.867874, 0.0 ], [ 27.270323, 82.75855, 0.0 ], [ 30.354668, 84.853546, 0.0 ], [ 32.566837, 85.94719, 0.0 ]] 
boundary 1: [[ 33.690186, 42.067055, 0.0 ], [ 32.566822, 42.052784, 0.0 ], [ 30.354635, 43.146477, 0.0 ], [ 27.270327, 45.241356, 0.0 ], [ 23.615725, 48.132057, 0.0 ], [ 19.748539, 51.53579, 0.0 ], [ 16.047356, 55.11937, 0.0 ], [ 12.874517, 58.531994, 0.0 ], [ 10.5405655, 61.4395, 0.0 ], [ 9.2739105, 63.55742, 0.0 ], [ 9.19862, 64.67842, 0.0 ], [ 10.322006, 64.69267, 0.0 ], [ 12.534155, 63.59891, 0.0 ], [ 15.618456, 61.50402, 0.0 ], [ 19.273048, 58.61324, 0.0 ], [ 23.140234, 55.209583, 0.0 ], [ 26.841389, 51.62602, 0.0 ], [ 30.014263, 48.213425, 0.0 ], [ 32.348236, 45.305912, 0.0 ], [ 33.61489, 43.18797, 0.0 ]] 
boundary 0: [[ 35.921616, 83.23662, 0.0 ], [ 35.725594, 82.130554, 0.0 ], [ 34.237442, 80.16188, 0.0 ], [ 31.6029, 77.52354, 0.0 ], [ 28.079803, 74.474, 0.0 ], [ 24.012974, 71.311424, 0.0 ], [ 19.800575, 68.34573, 0.0 ], [ 15.854948, 65.86688, 0.0 ], [ 12.562248, 64.11769, 0.0 ], [ 10.244851, 63.26944, 0.0 ], [ 9.129567, 63.405037, 0.0 ], [ 9.325577, 64.511375, 0.0 ], [ 10.813691, 66.47988, 0.0 ], [ 13.448276, 69.118095, 0.0 ], [ 16.971386, 72.167816, 0.0 ], [ 21.038223, 75.33022, 0.0 ], [ 25.250658, 78.296036, 0.0 ], [ 29.196274, 80.774765, 0.0 ], [ 32.48899, 82.52412, 0.0 ], [ 34.8064, 83.37225, 0.0 ]] 
boundary 1: [[ 35.92164, 44.763325, 0.0 ], [ 34.806396, 44.627712, 0.0 ], [ 32.488953, 45.475895, 0.0 ], [ 29.196291, 47.225136, 0.0 ], [ 25.25066, 49.70388, 0.0 ], [ 21.038235, 52.669693, 0.0 ], [ 16.971401, 55.832233, 0.0 ], [ 13.4482975, 58.881927, 0.0 ], [ 10.813759, 61.520134, 0.0 ], [ 9.325611, 63.488735, 0.0 ], [ 9.129596, 64.595024, 0.0 ], [ 10.24486, 64.73062, 0.0 ], [ 12.562269, 63.882378, 0.0 ], [ 15.854929, 62.13312, 0.0 ], [ 19.80056, 59.65428, 0.0 ], [ 24.012974, 56.68856, 0.0 ], [ 28.079775, 53.526028, 0.0 ], [ 31.602913, 50.476364, 0.0 ], [ 34.237473, 47.838165, 0.0 ], [ 35.725628, 45.869522, 0.0 ]] 
boundary 0: [[ 38.01245, 80.031296, 0.0 ], [ 37.68711, 78.956116, 0.0 ], [ 35.976784, 77.177055, 0.0 ], [ 33.048958, 74.868484, 0.0 ], [ 29.190231, 72.25658, 0.0 ], [ 24.778221, 69.596664, 0.0 ], [ 20.244925, 67.14945, 0.0 ], [ 16.03405, 65.15414, 0.0 ], [ 12.557738, 63.80625, 0.0 ], [ 10.156352, 63.23775, 0.0 ], [ 9.064901, 63.504173, 0.0 ], [ 9.390257, 64.579605, 0.0 ], [ 11.100532, 66.35849, 0.0 ], [ 14.028376, 68.666954, 0.0 ], [ 17.887142, 71.279045, 0.0 ], [ 22.29914, 73.93878, 0.0 ], [ 26.83249, 76.38611, 0.0 ], [ 31.043337, 78.38126, 0.0 ], [ 34.519684, 79.72933, 0.0 ], [ 36.92107, 80.29772, 0.0 ]] 
boundary 1: [[ 38.012474, 47.968674, 0.0 ], [ 36.921062, 47.702248, 0.0 ], [ 34.519646, 48.270668, 0.0 ], [ 31.04337, 49.61862, 0.0 ], [ 26.832506, 51.613815, 0.0 ], [ 22.29916, 54.061146, 0.0 ], [ 17.887154, 56.721016, 0.0 ], [ 14.028393, 59.333088, 0.0 ], [ 11.100596, 61.64153, 0.0 ], [ 9.390275, 63.420513, 0.0 ], [ 9.064921, 64.495895, 0.0 ], [ 10.156352, 64.762314, 0.0 ], [ 12.557752, 64.19382, 0.0 ], [ 16.03403, 62.845856, 0.0 ], [ 20.244905, 60.85057, 0.0 ], [ 24.778225, 58.403328, 0.0 ], [ 29.190203, 55.743454, 0.0 ], [ 33.04899, 53.13143, 0.0 ], [ 35.976807, 50.82299, 0.0 ], [ 37.687138, 49.043964, 0.0 ]] 
boundary 0: [[ 39.741856, 76.52562, 0.0 ], [ 39.289158, 75.49757, 0.0 ], [ 37.37663, 73.93791, 0.0 ], [ 34.19161, 71.999535, 0.0 ], [ 30.04588, 69.87236, 0.0 ], [ 25.345123, 67.76433, 0.0 ], [ 20.549637, 65.882065, 0.0 ], [ 16.128742, 64.409485, 0.0 ], [ 12.515179, 63.49096, 0.0 ], [ 10.062735, 63.216408, 0.0 ], [ 9.011412, 63.6126, 0.0 ], [ 9.464171, 64.640915, 0.0 ], [ 11.376618, 66.20041, 0.0 ], [ 14.561644, 68.13867, 0.0 ], [ 18.70743, 70.26601, 0.0 ], [ 23.408152, 72.373886, 0.0 ], [ 28.203716, 74.25625, 0.0 ], [ 32.624557, 75.72866, 0.0 ], [ 36.23817, 76.64737, 0.0 ], [ 38.69061, 76.921814, 0.0 ]] 
boundary 1: [[ 39.74188, 51.474354, 0.0 ], [ 38.69061, 51.078156, 0.0 ], [ 36.238132, 51.352627, 0.0 ], [ 32.6246, 52.27122, 0.0 ], [ 28.203735, 53.743683, 0.0 ], [ 23.408184, 55.62605, 0.0 ], [ 18.707432, 57.734055, 0.0 ], [ 14.561653, 59.861374, 0.0 ], [ 11.37668, 61.79963, 0.0 ], [ 9.464172, 63.35921, 0.0 ], [ 9.011423, 64.387474, 0.0 ], [ 10.062729, 64.783646, 0.0 ], [ 12.5151825, 64.5091, 0.0 ], [ 16.128727, 63.590504, 0.0 ], [ 20.549618, 62.117958, 0.0 ], [ 25.345127, 60.235672, 0.0 ], [ 30.045849, 58.127663, 0.0 ], [ 34.191643, 56.00039, 0.0 ], [ 37.376644, 54.06214, 0.0 ], [ 39.289165, 52.502518, 0.0 ]] 
boundary 0: [[ 40.82869, 73.53503, 0.0 ], [ 40.27713, 72.55646, 0.0 ], [ 38.22056, 71.19233, 0.0 ], [ 34.860428, 69.57639, 0.0 ], [ 30.525698, 67.86702, 0.0 ], [ 25.6405, 66.23126, 0.0 ], [ 20.683216, 64.82946, 0.0 ], [ 16.138992, 63.798546, 0.0 ], [ 12.452642, 63.23965, 0.0 ], [ 9.985087, 63.20748, 0.0 ], [ 8.977798, 63.70509, 0.0 ], [ 9.529439, 64.68393, 0.0 ], [ 11.585911, 66.04789, 0.0 ], [ 14.946033, 67.66371, 0.0 ], [ 19.280842, 69.37324, 0.0 ], [ 24.165985, 71.00886, 0.0 ], [ 29.123356, 72.41074, 0.0 ], [ 33.66752, 73.4415, 0.0 ], [ 37.353943, 74.00057, 0.0 ], [ 39.821472, 74.03262, 0.0 ]] 
boundary 1: [[ 40.828712, 54.46495, 0.0 ], [ 39.82148, 53.967335, 0.0 ], [ 37.353905, 53.99942, 0.0 ], [ 33.667557, 54.558384, 0.0 ], [ 29.123379, 55.589176, 0.0 ], [ 24.166033, 56.991066, 0.0 ], [ 19.28084, 58.626816, 0.0 ], [ 14.946035, 60.33634, 0.0 ], [ 11.585971, 61.952156, 0.0 ], [ 9.529428, 63.316204, 0.0 ], [ 8.977801, 64.29498, 0.0 ], [ 9.985077, 64.792564, 0.0 ], [ 12.45264, 64.760414, 0.0 ], [ 16.138977, 64.20144, 0.0 ], [ 20.683197, 63.17057, 0.0 ], [ 25.640503, 61.76876, 0.0 ], [ 30.525667, 60.133, 0.0 ], [ 34.86048, 58.42353, 0.0 ], [ 38.220573, 56.807724, 0.0 ], [ 40.27713, 55.443638, 0.0 ]] 
boundary 0: [[ 41.434624, 71.28759, 0.0 ], [ 40.814087, 70.35124, 0.0 ], [ 38.66471, 69.1386, 0.0 ], [ 35.19703, 67.768585, 0.0 ], [ 30.75055, 66.3755, 0.0 ], [ 25.760323, 65.09545, 0.0 ], [ 20.71504, 64.05392, 0.0 ], [ 16.10842, 63.352608, 0.0 ], [ 12.391412, 63.06037, 0.0 ], [ 9.927936, 63.205814, 0.0 ], [ 8.959058, 63.7746, 0.0 ], [ 9.579688, 64.71121, 0.0 ], [ 11.728962, 65.923706, 0.0 ], [ 15.196625, 67.293594, 0.0 ], [ 19.643192, 68.68684, 0.0 ], [ 24.63335, 69.96674, 0.0 ], [ 29.678736, 71.00834, 0.0 ], [ 34.285282, 71.70951, 0.0 ], [ 38.002373, 72.00192, 0.0 ], [ 40.465813, 71.85635, 0.0 ]] 
boundary 1: [[ 41.434647, 56.712395, 0.0 ], [ 40.465836, 56.143593, 0.0 ], [ 38.002335, 55.998074, 0.0 ], [ 34.285324, 56.290382, 0.0 ], [ 29.678762, 56.991573, 0.0 ], [ 24.633404, 58.033184, 0.0 ], [ 19.643185, 59.313232, 0.0 ], [ 15.196625, 60.70647, 0.0 ], [ 11.729019, 62.076363, 0.0 ], [ 9.579667, 63.28892, 0.0 ], [ 8.959053, 64.22548, 0.0 ], [ 9.92792, 64.794235, 0.0 ], [ 12.391405, 64.93969, 0.0 ], [ 16.108404, 64.647385, 0.0 ], [ 20.715021, 63.946102, 0.0 ], [ 25.760326, 62.904575, 0.0 ], [ 30.750519, 61.62451, 0.0 ], [ 35.197086, 60.23133, 0.0 ], [ 38.664726, 58.861454, 0.0 ], [ 40.81408, 57.64885, 0.0 ]] 
boundary 0: [[ 41.63984, 70.33542, 0.0 ], [ 40.99138, 69.4182, 0.0 ], [ 38.806458, 68.270836, 0.0 ], [ 35.299084, 67.00589, 0.0 ], [ 30.81266, 65.74739, 0.0 ], [ 25.786129, 64.618225, 0.0 ], [ 20.711773, 63.729134, 0.0 ], [ 16.086113, 63.1669, 0.0 ], [ 12.361992, 62.98676, 0.0 ], [ 9.9040165, 63.206333, 0.0 ], [ 8.95271, 63.804047, 0.0 ], [ 9.601271, 64.72155, 0.0 ], [ 11.786092, 65.86875, 0.0 ], [ 15.293445, 67.13357, 0.0 ], [ 19.77996, 68.39225, 0.0 ], [ 24.806408, 69.52125, 0.0 ], [ 29.88088, 70.41039, 0.0 ], [ 34.506447, 70.97251, 0.0 ], [ 38.230667, 71.15281, 0.0 ], [ 40.688606, 70.933105, 0.0 ]] 
boundary 1: [[ 41.639862, 57.664566, 0.0 ], [ 40.68863, 57.06684, 0.0 ], [ 38.23063, 56.847183, 0.0 ], [ 34.506493, 57.027397, 0.0 ], [ 29.880909, 57.589508, 0.0 ], [ 24.806461, 58.478676, 0.0 ], [ 19.77995, 59.607838, 0.0 ], [ 15.293441, 60.866505, 0.0 ], [ 11.786145, 62.131325, 0.0 ], [ 9.601247, 63.278587, 0.0 ], [ 8.952703, 64.19603, 0.0 ], [ 9.903999, 64.79372, 0.0 ], [ 12.361986, 65.01331, 0.0 ], [ 16.086098, 64.8331, 0.0 ], [ 20.71175, 64.270874, 0.0 ], [ 25.786133, 63.38181, 0.0 ], [ 30.812626, 62.252636, 0.0 ], [ 35.299137, 60.99402, 0.0 ], [ 38.806473, 59.72921, 0.0 ], [ 40.99137, 58.58191, 0.0 ]] 
boundary 0: [[ 41.59359, 70.562614, 0.0 ], [ 40.95172, 69.64078, 0.0 ], [ 38.775078, 68.477776, 0.0 ], [ 35.276863, 67.18771, 0.0 ], [ 30.799597, 65.89706, 0.0 ], [ 25.781288, 64.73188, 0.0 ], [ 20.713442, 63.806435, 0.0 ], [ 16.091927, 63.211037, 0.0 ], [ 12.369197, 63.004196, 0.0 ], [ 9.909708, 63.206154, 0.0 ], [ 8.954141, 63.797024, 0.0 ], [ 9.596105, 64.71917, 0.0 ], [ 11.772643, 65.882, 0.0 ], [ 15.270836, 67.17192, 0.0 ], [ 19.74821, 68.462746, 0.0 ], [ 24.76643, 69.627754, 0.0 ], [ 29.8344, 70.55327, 0.0 ], [ 34.455795, 71.148544, 0.0 ], [ 38.178635, 71.355545, 0.0 ], [ 40.638092, 71.153465, 0.0 ]] 
boundary 1: [[ 41.593613, 57.437363, 0.0 ], [ 40.638115, 56.846478, 0.0 ], [ 38.178596, 56.644447, 0.0 ], [ 34.45584, 56.851364, 0.0 ], [ 29.834429, 57.446636, 0.0 ], [ 24.766483, 58.37216, 0.0 ], [ 19.7482, 59.537342, 0.0 ], [ 15.270832, 60.828148, 0.0 ], [ 11.7726965, 62.118088, 0.0 ], [ 9.596083, 63.280994, 0.0 ], [ 8.954135, 64.20307, 0.0 ], [ 9.909692, 64.79393, 0.0 ], [ 12.369192, 64.99588, 0.0 ], [ 16.091911, 64.78896, 0.0 ], [ 20.713419, 64.19357, 0.0 ], [ 25.781292, 63.268154, 0.0 ], [ 30.799562, 62.10296, 0.0 ], [ 35.276917, 60.812195, 0.0 ], [ 38.775093, 59.52227, 0.0 ], [ 40.951714, 58.35933, 0.0 ]] 
boundary 0: [[ 41.364548, 71.58407, 0.0 ], [ 40.752857, 70.64193, 0.0 ], [ 38.615005, 69.40907, 0.0 ], [ 35.160393, 68.00644, 0.0 ], [ 30.727247, 66.571526, 0.0 ], [ 25.74929, 65.24451, 0.0 ], [ 20.714052, 64.1555, 0.0 ], [ 16.114239, 63.410812, 0.0 ], [ 12.400155, 63.08357, 0.0 ], [ 9.935419, 63.205803, 0.0 ], [ 8.961225, 63.765434, 0.0 ], [ 9.573001, 64.707886, 0.0 ], [ 11.710757, 65.94056, 0.0 ], [ 15.1653595, 67.34303, 0.0 ], [ 19.598598, 68.77813, 0.0 ], [ 24.576477, 70.10497, 0.0 ], [ 29.61183, 71.19407, 0.0 ], [ 34.21154, 71.938614, 0.0 ], [ 37.925728, 72.26603, 0.0 ], [ 40.390423, 72.14368, 0.0 ]] 
boundary 1: [[ 41.36457, 56.41592, 0.0 ], [ 40.390446, 55.856274, 0.0 ], [ 37.92569, 55.733963, 0.0 ], [ 34.211582, 56.061283, 0.0 ], [ 29.611858, 56.80585, 0.0 ], [ 24.57653, 57.894947, 0.0 ], [ 19.59859, 59.221962, 0.0 ], [ 15.165356, 60.65703, 0.0 ], [ 11.710813, 62.059532, 0.0 ], [ 9.572985, 63.292294, 0.0 ], [ 8.961222, 64.234665, 0.0 ], [ 9.935405, 64.79427, 0.0 ], [ 12.400154, 64.916504, 0.0 ], [ 16.114223, 64.58919, 0.0 ], [ 20.71403, 63.844498, 0.0 ], [ 25.749296, 62.75552, 0.0 ], [ 30.727213, 61.428482, 0.0 ], [ 35.160446, 59.993458, 0.0 ], [ 38.615025, 58.590973, 0.0 ], [ 40.752857, 57.35818, 0.0 ]] 
boundary 0: [[ 40.889908, 73.33432, 0.0 ], [ 40.33201, 72.35937, 0.0 ], [ 38.26663, 71.00859, 0.0 ], [ 34.89609, 69.41448, 0.0 ], [ 30.55037, 67.73328, 0.0 ], [ 25.65464, 66.12924, 0.0 ], [ 20.688381, 64.759674, 0.0 ], [ 16.13755, 63.758266, 0.0 ], [ 12.447655, 63.223305, 0.0 ], [ 9.979941, 63.20717, 0.0 ], [ 8.9759035, 63.711304, 0.0 ], [ 9.53388, 64.68657, 0.0 ], [ 11.599165, 66.037155, 0.0 ], [ 14.969704, 67.6311, 0.0 ], [ 19.315512, 69.3125, 0.0 ], [ 24.21117, 70.91633, 0.0 ], [ 29.177544, 72.286026, 0.0 ], [ 33.72827, 73.28728, 0.0 ], [ 37.418266, 73.82241, 0.0 ], [ 39.88595, 73.838425, 0.0 ]] 
boundary 1: [[ 40.88993, 54.66567, 0.0 ], [ 39.88597, 54.16152, 0.0 ], [ 37.41823, 54.17758, 0.0 ], [ 33.72831, 54.71262, 0.0 ], [ 29.177568, 55.71389, 0.0 ], [ 24.211224, 57.083584, 0.0 ], [ 19.31551, 58.6876, 0.0 ], [ 14.969702, 60.368958, 0.0 ], [ 11.599226, 61.96294, 0.0 ], [ 9.5338745, 63.31361, 0.0 ], [ 8.975907, 64.28881, 0.0 ], [ 9.979934, 64.79291, 0.0 ], [ 12.447657, 64.776764, 0.0 ], [ 16.137535, 64.24172, 0.0 ], [ 20.688358, 63.24033, 0.0 ], [ 25.654648, 61.87076, 0.0 ], [ 30.550335, 60.266727, 0.0 ], [ 34.896145, 58.585407, 0.0 ], [ 38.26665, 56.991455, 0.0 ], [ 40.33201, 55.640743, 0.0 ]] 
boundary 0: [[ 40.18461, 75.41486, 0.0 ], [ 39.6942, 74.40428, 0.0 ], [ 37.72531, 72.91637, 0.0 ], [ 34.470802, 71.09706, 0.0 ], [ 30.24927, 69.12466, 0.0 ], [ 25.473766, 67.19187, 0.0 ], [ 20.61197, 65.48823, 0.0 ], [ 16.139645, 64.180115, 0.0 ], [ 12.494593, 63.395832, 0.0 ], [ 10.03367, 63.212166, 0.0 ], [ 8.997719, 63.646954, 0.0 ], [ 9.488181, 64.65786, 0.0 ], [ 11.456985, 66.14558, 0.0 ], [ 14.711508, 67.964714, 0.0 ], [ 18.933107, 69.937325, 0.0 ], [ 23.708559, 71.86989, 0.0 ], [ 28.570465, 73.57367, 0.0 ], [ 33.042698, 74.88162, 0.0 ], [ 36.68784, 75.66609, 0.0 ], [ 39.14874, 75.84963, 0.0 ]] 
boundary 1: [[ 40.18463, 52.585114, 0.0 ], [ 39.148754, 52.150307, 0.0 ], [ 36.6878, 52.3339, 0.0 ], [ 33.04272, 53.118263, 0.0 ], [ 28.570478, 54.426243, 0.0 ], [ 23.708607, 56.130013, 0.0 ], [ 18.933117, 58.06277, 0.0 ], [ 14.71151, 60.035343, 0.0 ], [ 11.457055, 61.85452, 0.0 ], [ 9.488188, 63.34232, 0.0 ], [ 8.997728, 64.353165, 0.0 ], [ 10.033669, 64.78792, 0.0 ], [ 12.494599, 64.60424, 0.0 ], [ 16.139626, 63.819862, 0.0 ], [ 20.611948, 62.51177, 0.0 ], [ 25.473774, 60.808125, 0.0 ], [ 30.249235, 58.875347, 0.0 ], [ 34.470856, 56.902817, 0.0 ], [ 37.725334, 55.08368, 0.0 ], [ 39.694206, 53.595825, 0.0 ]] 
boundary 0: [[ 39.067135, 78.023544, 0.0 ], [ 38.667225, 76.97385, 0.0 ], [ 36.836403, 75.31903, 0.0 ], [ 33.75396, 73.221344, 0.0 ], [ 29.721638, 70.88636, 0.0 ], [ 25.134014, 68.54227, 0.0 ], [ 20.440334, 66.418884, 0.0 ], [ 16.099945, 64.72363, 0.0 ], [ 12.537704, 63.62275, 0.0 ], [ 10.102366, 63.224003, 0.0 ], [ 9.032281, 63.566273, 0.0 ], [ 9.432209, 64.61629, 0.0 ], [ 11.262978, 66.27092, 0.0 ], [ 14.345446, 68.36843, 0.0 ], [ 18.377811, 70.70363, 0.0 ], [ 22.965406, 73.0475, 0.0 ], [ 27.659187, 75.171036, 0.0 ], [ 31.999506, 76.86608, 0.0 ], [ 35.56181, 77.96718, 0.0 ], [ 37.99713, 78.3658, 0.0 ]] 
boundary 1: [[ 39.067158, 49.97643, 0.0 ], [ 37.997147, 49.634132, 0.0 ], [ 35.56177, 50.032806, 0.0 ], [ 31.999512, 51.133785, 0.0 ], [ 27.659195, 52.82888, 0.0 ], [ 22.965443, 54.952415, 0.0 ], [ 18.377825, 57.296482, 0.0 ], [ 14.345453, 59.63163, 0.0 ], [ 11.263054, 61.72917, 0.0 ], [ 9.432233, 63.383884, 0.0 ], [ 9.0323, 64.433846, 0.0 ], [ 10.102373, 64.77608, 0.0 ], [ 12.537718, 64.37733, 0.0 ], [ 16.099922, 63.276344, 0.0 ], [ 20.440311, 61.581127, 0.0 ], [ 25.134022, 59.45772, 0.0 ], [ 29.721603, 57.113647, 0.0 ], [ 33.753998, 54.778534, 0.0 ], [ 36.836426, 52.681023, 0.0 ], [ 38.667248, 51.026257, 0.0 ]] 
boundary 0: [[ 37.818424, 80.366425, 0.0 ], [ 37.50599, 79.28747, 0.0 ], [ 35.81709, 77.488014, 0.0 ], [ 32.91713, 75.14452, 0.0 ], [ 29.089975, 72.48659, 0.0 ], [ 24.710125, 69.774025, 0.0 ], [ 20.206474, 67.27273, 0.0 ], [ 16.019794, 65.227104, 0.0 ], [ 12.5598755, 63.83769, 0.0 ], [ 10.16546, 63.240486, 0.0 ], [ 9.070901, 63.493813, 0.0 ], [ 9.38334, 64.57309, 0.0 ], [ 11.072187, 66.37235, 0.0 ], [ 13.972183, 68.71567, 0.0 ], [ 17.799376, 71.373825, 0.0 ], [ 22.179214, 74.08617, 0.0 ], [ 26.682957, 76.587616, 0.0 ], [ 30.869585, 78.63303, 0.0 ], [ 34.329544, 80.022675, 0.0 ], [ 36.723953, 80.61974, 0.0 ]] 
boundary 1: [[ 37.818447, 47.633537, 0.0 ], [ 36.72396, 47.38018, 0.0 ], [ 34.329506, 47.977303, 0.0 ], [ 30.86958, 49.36683, 0.0 ], [ 26.682951, 51.41229, 0.0 ], [ 22.179245, 53.913742, 0.0 ], [ 17.799393, 56.62629, 0.0 ], [ 13.972198, 59.284386, 0.0 ], [ 11.07227, 61.627735, 0.0 ], [ 9.383374, 63.427074, 0.0 ], [ 9.0709305, 64.50631, 0.0 ], [ 10.165472, 64.7596, 0.0 ], [ 12.5598955, 64.1624, 0.0 ], [ 16.019766, 62.772865, 0.0 ], [ 20.206451, 60.72728, 0.0 ], [ 24.710129, 58.22596, 0.0 ], [ 29.089941, 55.51342, 0.0 ], [ 32.91716, 52.855354, 0.0 ], [ 35.81712, 50.512028, 0.0 ], [ 37.506012, 48.71264, 0.0 ]] 
boundary 0: [[ 36.22153, 82.82467, 0.0 ], [ 36.008102, 81.72185, 0.0 ], [ 34.48912, 79.77685, 0.0 ], [ 31.813316, 77.180336, 0.0 ], [ 28.242622, 74.18669, 0.0 ], [ 24.12645, 71.08861, 0.0 ], [ 19.867847, 68.1897, 0.0 ], [ 15.88364, 65.7733, 0.0 ], [ 12.563781, 64.07624, 0.0 ], [ 10.233296, 63.26463, 0.0 ], [ 9.120291, 63.417786, 0.0 ], [ 9.333697, 64.52091, 0.0 ], [ 10.852645, 66.46575, 0.0 ], [ 13.528494, 69.06208, 0.0 ], [ 17.099209, 72.05594, 0.0 ], [ 21.215395, 75.15381, 0.0 ], [ 25.474073, 78.05287, 0.0 ], [ 29.45825, 80.46906, 0.0 ], [ 32.778122, 82.16637, 0.0 ], [ 35.10861, 82.97783, 0.0 ]] 
boundary 1: [[ 36.22155, 45.175285, 0.0 ], [ 35.108616, 45.02209, 0.0 ], [ 32.778084, 45.83362, 0.0 ], [ 29.458231, 47.530792, 0.0 ], [ 25.47406, 49.947037, 0.0 ], [ 21.215416, 52.8461, 0.0 ], [ 17.09924, 55.94418, 0.0 ], [ 13.528512, 58.937977, 0.0 ], [ 10.852736, 61.534336, 0.0 ], [ 9.333745, 63.479244, 0.0 ], [ 9.12033, 64.582344, 0.0 ], [ 10.233315, 64.73546, 0.0 ], [ 12.563808, 63.92384, 0.0 ], [ 15.883613, 62.226665, 0.0 ], [ 19.867825, 59.810307, 0.0 ], [ 24.126453, 56.91137, 0.0 ], [ 28.242588, 53.813316, 0.0 ], [ 31.813347, 50.819546, 0.0 ], [ 34.48916, 48.2232, 0.0 ], [ 36.008125, 46.27825, 0.0 ]] 
boundary 0: [[ 34.5128, 85.00685, 0.0 ], [ 34.394596, 83.88982, 0.0 ], [ 33.047768, 81.82188, 0.0 ], [ 30.604155, 79.005745, 0.0 ], [ 27.302958, 75.7173, 0.0 ], [ 23.467236, 72.27807, 0.0 ], [ 19.472544, 69.02511, 0.0 ], [ 15.709914, 66.276375, 0.0 ], [ 12.547588, 64.30123, 0.0 ], [ 10.295174, 63.29302, 0.0 ], [ 9.17314, 63.350292, 0.0 ], [ 9.291292, 64.46764, 0.0 ], [ 10.638098, 66.535416, 0.0 ], [ 13.081766, 69.35138, 0.0 ], [ 16.382963, 72.640045, 0.0 ], [ 20.218723, 76.07904, 0.0 ], [ 24.21348, 79.33216, 0.0 ], [ 27.976095, 82.08069, 0.0 ], [ 31.138407, 84.05606, 0.0 ], [ 33.39084, 85.06415, 0.0 ]] 
boundary 1: [[ 34.512806, 42.9931, 0.0 ], [ 33.39084, 42.935772, 0.0 ], [ 31.138367, 43.943916, 0.0 ], [ 27.976063, 45.919163, 0.0 ], [ 24.213459, 48.667747, 0.0 ], [ 20.218735, 51.920864, 0.0 ], [ 16.383005, 55.360077, 0.0 ], [ 13.081787, 58.64868, 0.0 ], [ 10.638197, 61.464657, 0.0 ], [ 9.291349, 63.53251, 0.0 ], [ 9.173189, 64.64982, 0.0 ], [ 10.2951975, 64.70706, 0.0 ], [ 12.547625, 63.69884, 0.0 ], [ 15.709882, 61.723595, 0.0 ], [ 19.47252, 58.974895, 0.0 ], [ 23.467236, 55.7219, 0.0 ], [ 27.302925, 52.282722, 0.0 ], [ 30.604177, 48.994137, 0.0 ], [ 33.047806, 46.178173, 0.0 ], [ 34.394638, 44.110283, 0.0 ]] 
boundary 0: [[ 32.978966, 86.678986, 0.0 ], [ 32.939407, 85.556404, 0.0 ], [ 31.740917, 83.39909, 0.0 ], [ 29.500834, 80.418526, 0.0 ], [ 26.438404, 76.90666, 0.0 ], [ 22.853333, 73.20686, 0.0 ], [ 19.096619, 69.681755, 0.0 ], [ 15.536038, 66.67592, 0.0 ], [ 12.520025, 64.48383, 0.0 ], [ 10.343867, 63.320133, 0.0 ], [ 9.220578, 63.298573, 0.0 ], [ 9.260075, 64.42145, 0.0 ], [ 10.458542, 66.5786, 0.0 ], [ 12.698695, 69.559006, 0.0 ], [ 15.761114, 73.07111, 0.0 ], [ 19.346241, 76.77065, 0.0 ], [ 23.103003, 80.29594, 0.0 ], [ 26.663588, 83.301575, 0.0 ], [ 29.679575, 85.49388, 0.0 ], [ 31.855757, 86.65747, 0.0 ]] 
boundary 1: [[ 32.978973, 41.32097, 0.0 ], [ 31.855757, 41.342453, 0.0 ], [ 29.679535, 42.506104, 0.0 ], [ 26.663544, 44.69827, 0.0 ], [ 23.10298, 47.70398, 0.0 ], [ 19.346249, 51.229248, 0.0 ], [ 15.761168, 54.929012, 0.0 ], [ 12.698722, 58.441044, 0.0 ], [ 10.458647, 61.421463, 0.0 ], [ 9.260143, 63.57868, 0.0 ], [ 9.220634, 64.70152, 0.0 ], [ 10.343897, 64.67995, 0.0 ], [ 12.520066, 63.51623, 0.0 ], [ 15.536004, 61.324066, 0.0 ], [ 19.096596, 58.31824, 0.0 ], [ 22.853333, 54.7931, 0.0 ], [ 26.438374, 51.093365, 0.0 ], [ 29.500845, 47.581352, 0.0 ], [ 31.740967, 44.600945, 0.0 ], [ 32.939465, 42.443684, 0.0 ]] 
boundary 0: [[ 31.703207, 87.906265, 0.0 ], [ 31.725143, 86.78321, 0.0 ], [ 30.646526, 84.56354, 0.0 ], [ 28.572924, 81.46484, 0.0 ], [ 25.707283, 77.790634, 0.0 ], [ 22.330078, 73.90018, 0.0 ], [ 18.771923, 70.17474, 0.0 ], [ 15.381189, 66.978546, 0.0 ], [ 12.489668, 64.624664, 0.0 ], [ 10.380461, 63.34362, 0.0 ], [ 9.2600355, 63.260612, 0.0 ], [ 9.238017, 64.38397, 0.0 ], [ 10.316628, 66.60347, 0.0 ], [ 12.390308, 69.70202, 0.0 ], [ 15.25592, 73.37648, 0.0 ], [ 18.633202, 77.26668, 0.0 ], [ 22.191391, 80.992294, 0.0 ], [ 25.582148, 84.188286, 0.0 ], [ 28.473625, 86.54236, 0.0 ], [ 30.582863, 87.82332, 0.0 ]] 
boundary 1: [[ 31.703213, 40.093685, 0.0 ], [ 30.582857, 40.176613, 0.0 ], [ 28.473581, 41.457626, 0.0 ], [ 25.58209, 43.81157, 0.0 ], [ 22.191364, 47.00764, 0.0 ], [ 18.633202, 50.733223, 0.0 ], [ 15.255981, 54.623657, 0.0 ], [ 12.390336, 58.29803, 0.0 ], [ 10.316736, 61.396576, 0.0 ], [ 9.238094, 63.616154, 0.0 ], [ 9.2600975, 64.739494, 0.0 ], [ 10.380495, 64.656456, 0.0 ], [ 12.489713, 63.37538, 0.0 ], [ 15.381153, 61.021442, 0.0 ], [ 18.7719, 57.82526, 0.0 ], [ 22.330074, 54.09979, 0.0 ], [ 25.707253, 50.209393, 0.0 ], [ 28.57293, 46.53504, 0.0 ], [ 30.64658, 43.436497, 0.0 ], [ 31.725204, 41.216873, 0.0 ]] 
boundary 0: [[ 30.765305, 88.72783, 0.0 ], [ 30.830523, 87.60646, 0.0 ], [ 29.838291, 85.346855, 0.0 ], [ 27.8857, 82.17053, 0.0 ], [ 25.163849, 78.38854, 0.0 ], [ 21.939157, 74.37077, 0.0 ], [ 18.52728, 70.51094, 0.0 ], [ 15.2623005, 67.18637, 0.0 ], [ 12.463683, 64.722755, 0.0 ], [ 10.405436, 63.36135, 0.0 ], [ 9.289044, 63.2352, 0.0 ], [ 9.22373, 64.35688, 0.0 ], [ 10.215965, 66.61631, 0.0 ], [ 12.168637, 69.7925, 0.0 ], [ 14.89045, 73.57473, 0.0 ], [ 18.11523, 77.59224, 0.0 ], [ 21.52713, 81.45227, 0.0 ], [ 24.792145, 84.77662, 0.0 ], [ 27.590712, 87.24043, 0.0 ], [ 29.648993, 88.60177, 0.0 ]] 
boundary 1: [[ 30.765308, 39.272118, 0.0 ], [ 29.648987, 39.39817, 0.0 ], [ 27.590668, 40.75956, 0.0 ], [ 24.79208, 43.223236, 0.0 ], [ 21.527103, 46.547665, 0.0 ], [ 18.11523, 50.40766, 0.0 ], [ 14.890515, 54.42542, 0.0 ], [ 12.168667, 58.207535, 0.0 ], [ 10.216075, 61.38373, 0.0 ], [ 9.223811, 63.643246, 0.0 ], [ 9.28911, 64.7649, 0.0 ], [ 10.405471, 64.638725, 0.0 ], [ 12.46373, 63.277283, 0.0 ], [ 15.262264, 60.81361, 0.0 ], [ 18.52726, 57.489082, 0.0 ], [ 21.939154, 53.629192, 0.0 ], [ 25.163818, 49.611473, 0.0 ], [ 27.885702, 45.82936, 0.0 ], [ 29.838345, 42.653183, 0.0 ], [ 30.830587, 40.393623, 0.0 ]] 
