boundary 0: [[ 28.088697, 90.75491, 0.0 ], [ 28.269852, 89.646164, 0.0 ], [ 27.517338, 87.29596, 0.0 ], [ 25.904598, 83.93432, 0.0 ], [ 23.58955, 79.890396, 0.0 ], [ 20.798952, 75.55992, 0.0 ], [ 17.805767, 71.36696, 0.0 ], [ 14.903122, 67.72177, 0.0 ], [ 12.375059, 64.981346, 0.0 ], [ 10.469095, 63.41375, 0.0 ], [ 9.3718195, 63.17256, 0.0 ], [ 9.190597, 64.281296, 0.0 ], [ 9.943168, 66.63156, 0.0 ], [ 11.555914, 69.99314, 0.0 ], [ 13.870899, 74.037094, 0.0 ], [ 16.661617, 78.36745, 0.0 ], [ 19.654736, 82.56047, 0.0 ], [ 22.557423, 86.20566, 0.0 ], [ 25.085415, 88.94617, 0.0 ], [ 26.991413, 90.51367, 0.0 ]] 
boundary 1: [[ 28.088713, 37.24511, 0.0 ], [ 26.99135, 37.486267, 0.0 ], [ 25.085472, 39.05385, 0.0 ], [ 22.557419, 41.79436, 0.0 ], [ 19.654747, 45.439507, 0.0 ], [ 16.661568, 49.632484, 0.0 ], [ 13.870913, 53.96294, 0.0 ], [ 11.555904, 58.006866, 0.0 ], [ 9.94319, 61.36848, 0.0 ], [ 9.190606, 63.718697, 0.0 ], [ 9.371865, 64.827515, 0.0 ], [ 10.4691105, 64.58625, 0.0 ], [ 12.375063, 63.018692, 0.0 ], [ 14.903103, 60.278217, 0.0 ], [ 17.80579, 56.63305, 0.0 ], [ 20.798923, 52.440033, 0.0 ], [ 23.589565, 48.109627, 0.0 ], [ 25.904583, 44.065674, 0.0 ], [ 27.517294, 40.704025, 0.0 ], [ 28.269901, 38.353886, 0.0 ]] 
boundary 0: [[ 31.275246, 88.2892, 0.0 ], [ 31.317095, 87.16653, 0.0 ], [ 30.27813, 84.92816, 0.0 ], [ 28.259827, 81.7932, 0.0 ], [ 25.45981, 78.06859, 0.0 ], [ 22.152298, 74.118805, 0.0 ], [ 18.660873, 70.330666, 0.0 ], [ 15.327412, 67.07478, 0.0 ], [ 12.478151, 64.67006, 0.0 ], [ 10.392023, 63.35167, 0.0 ], [ 9.273271, 63.24882, 0.0 ], [ 9.231346, 64.37147, 0.0 ], [ 10.270378, 66.60991, 0.0 ], [ 12.288683, 69.744804, 0.0 ], [ 15.08864, 73.46945, 0.0 ], [ 18.396257, 77.419106, 0.0 ], [ 21.887623, 81.20731, 0.0 ], [ 25.221127, 84.46318, 0.0 ], [ 28.070326, 86.86801, 0.0 ], [ 30.156473, 88.1863, 0.0 ]] 
boundary 1: [[ 31.275259, 39.710827, 0.0 ], [ 30.156424, 39.813633, 0.0 ], [ 28.070381, 41.13201, 0.0 ], [ 25.221119, 43.53683, 0.0 ], [ 21.887638, 46.792664, 0.0 ], [ 18.39622, 50.580833, 0.0 ], [ 15.088652, 54.530586, 0.0 ], [ 12.288673, 58.25519, 0.0 ], [ 10.270396, 61.39014, 0.0 ], [ 9.2313595, 63.62851, 0.0 ], [ 9.273307, 64.75125, 0.0 ], [ 10.392038, 64.64832, 0.0 ], [ 12.478151, 63.329994, 0.0 ], [ 15.327393, 60.92521, 0.0 ], [ 18.660896, 57.669342, 0.0 ], [ 22.152271, 53.881145, 0.0 ], [ 25.459826, 49.931427, 0.0 ], [ 28.259813, 46.20679, 0.0 ], [ 30.278088, 43.071823, 0.0 ], [ 31.31714, 40.833527, 0.0 ]] 
boundary 0: [[ 34.565823, 84.944786, 0.0 ], [ 34.444744, 83.82787, 0.0 ], [ 33.092773, 81.763435, 0.0 ], [ 30.64201, 78.953575, 0.0 ], [ 27.33243, 75.673416, 0.0 ], [ 23.488102, 72.24388, 0.0 ], [ 19.485195, 69.00093, 0.0 ], [ 15.715622, 66.26174, 0.0 ], [ 12.548335, 64.2947, 0.0 ], [ 10.293364, 63.292114, 0.0 ], [ 9.171505, 63.352257, 0.0 ], [ 9.292498, 64.469154, 0.0 ], [ 10.64455, 66.53366, 0.0 ], [ 13.0953045, 69.34345, 0.0 ], [ 16.40483, 72.62366, 0.0 ], [ 20.24924, 76.05304, 0.0 ], [ 24.252098, 79.296074, 0.0 ], [ 28.021711, 82.03521, 0.0 ], [ 31.188957, 84.002396, 0.0 ], [ 33.44393, 85.00488, 0.0 ]] 
boundary 1: [[ 34.565826, 43.055252, 0.0 ], [ 33.443886, 42.995056, 0.0 ], [ 31.189013, 43.997643, 0.0 ], [ 28.0217, 45.96479, 0.0 ], [ 24.252117, 48.703903, 0.0 ], [ 20.24921, 51.9469, 0.0 ], [ 16.40484, 55.376385, 0.0 ], [ 13.095294, 58.65655, 0.0 ], [ 10.644559, 61.4664, 0.0 ], [ 9.292514, 63.530827, 0.0 ], [ 9.171532, 64.647804, 0.0 ], [ 10.29338, 64.707886, 0.0 ], [ 12.548326, 63.70535, 0.0 ], [ 15.715607, 61.73823, 0.0 ], [ 19.485218, 58.99908, 0.0 ], [ 23.488083, 55.756065, 0.0 ], [ 27.33244, 52.326607, 0.0 ], [ 30.641996, 49.046413, 0.0 ], [ 33.092735, 46.23655, 0.0 ], [ 34.444786, 44.172184, 0.0 ]] 
boundary 0: [[ 37.6394, 80.667854, 0.0 ], [ 37.3386, 79.58541, 0.0 ], [ 35.669407, 77.76785, 0.0 ], [ 32.794975, 75.39316, 0.0 ], [ 28.996773, 72.69382, 0.0 ], [ 24.646666, 69.933914, 0.0 ], [ 20.170374, 67.38385, 0.0 ], [ 16.006104, 65.292984, 0.0 ], [ 12.561487, 63.86625, 0.0 ], [ 10.173663, 63.24306, 0.0 ], [ 9.076449, 63.48454, 0.0 ], [ 9.377167, 64.56698, 0.0 ], [ 11.0464525, 66.38458, 0.0 ], [ 13.920863, 68.75923, 0.0 ], [ 17.71902, 71.45861, 0.0 ], [ 22.069187, 74.21836, 0.0 ], [ 26.545448, 76.7685, 0.0 ], [ 30.709745, 78.859314, 0.0 ], [ 34.154343, 80.2862, 0.0 ], [ 36.542152, 80.9093, 0.0 ]] 
boundary 1: [[ 37.6394, 47.332184, 0.0 ], [ 36.54212, 47.090637, 0.0 ], [ 34.154396, 47.713844, 0.0 ], [ 30.709734, 49.140686, 0.0 ], [ 26.54547, 51.231476, 0.0 ], [ 22.069164, 53.781574, 0.0 ], [ 17.719023, 56.54143, 0.0 ], [ 13.920851, 59.240784, 0.0 ], [ 11.046451, 61.61548, 0.0 ], [ 9.377186, 63.433018, 0.0 ], [ 9.076467, 64.51554, 0.0 ], [ 10.173678, 64.75696, 0.0 ], [ 12.56147, 64.13379, 0.0 ], [ 16.00609, 62.706985, 0.0 ], [ 20.170397, 60.616165, 0.0 ], [ 24.646656, 58.06604, 0.0 ], [ 28.996782, 55.306194, 0.0 ], [ 32.79496, 52.606827, 0.0 ], [ 35.66937, 50.23213, 0.0 ], [ 37.33864, 48.414646, 0.0 ]] 
boundary 0: [[ 39.85766, 76.24656, 0.0 ], [ 39.39527, 75.22268, 0.0 ], [ 37.468353, 73.68099, 0.0 ], [ 34.265335, 71.77256, 0.0 ], [ 30.099823, 69.68418, 0.0 ], [ 25.379631, 67.62013, 0.0 ], [ 20.56674, 65.78271, 0.0 ], [ 16.132267, 64.35151, 0.0 ], [ 12.51033, 63.466923, 0.0 ], [ 10.055389, 63.21526, 0.0 ], [ 9.007851, 63.621277, 0.0 ], [ 9.4701605, 64.64518, 0.0 ], [ 11.397165, 66.186874, 0.0 ], [ 14.600163, 68.095276, 0.0 ], [ 18.765633, 70.183716, 0.0 ], [ 23.485857, 72.247604, 0.0 ], [ 28.298733, 74.08509, 0.0 ], [ 32.733223, 75.51623, 0.0 ], [ 36.355164, 76.400986, 0.0 ], [ 38.81008, 76.65257, 0.0 ]] 
boundary 1: [[ 39.857655, 51.753483, 0.0 ], [ 38.81006, 51.347366, 0.0 ], [ 36.355217, 51.59907, 0.0 ], [ 32.733215, 52.483772, 0.0 ], [ 28.298756, 53.914883, 0.0 ], [ 23.485844, 55.75234, 0.0 ], [ 18.765629, 57.81633, 0.0 ], [ 14.600148, 59.904724, 0.0 ], [ 11.397155, 61.813175, 0.0 ], [ 9.4701805, 63.354816, 0.0 ], [ 9.007854, 64.3788, 0.0 ], [ 10.055399, 64.78477, 0.0 ], [ 12.510305, 64.53312, 0.0 ], [ 16.13226, 63.648445, 0.0 ], [ 20.566763, 62.217308, 0.0 ], [ 25.379631, 60.37983, 0.0 ], [ 30.09983, 58.31583, 0.0 ], [ 34.26532, 56.227425, 0.0 ], [ 37.468315, 54.318974, 0.0 ], [ 39.3953, 52.77739, 0.0 ]] 
boundary 0: [[ 41.105644, 72.586624, 0.0 ], [ 40.524338, 71.62527, 0.0 ], [ 38.427155, 70.32464, 0.0 ], [ 35.01921, 68.81222, 0.0 ], [ 30.634182, 67.23605, 0.0 ], [ 25.701338, 65.75027, 0.0 ], [ 20.703514, 64.500534, 0.0 ], [ 16.129898, 63.60897, 0.0 ], [ 12.428263, 63.16309, 0.0 ], [ 9.960836, 63.206303, 0.0 ], [ 8.969255, 63.734467, 0.0 ], [ 9.550495, 64.69586, 0.0 ], [ 11.647764, 65.996475, 0.0 ], [ 15.055683, 67.50887, 0.0 ], [ 19.440678, 69.08508, 0.0 ], [ 24.373539, 70.570724, 0.0 ], [ 29.37135, 71.82051, 0.0 ], [ 33.944977, 72.71202, 0.0 ], [ 37.64663, 73.15807, 0.0 ], [ 40.114033, 73.114784, 0.0 ]] 
boundary 1: [[ 41.105637, 55.41341, 0.0 ], [ 40.114017, 54.885143, 0.0 ], [ 37.64668, 54.841984, 0.0 ], [ 33.94497, 55.287975, 0.0 ], [ 29.371374, 56.179462, 0.0 ], [ 24.373531, 57.42921, 0.0 ], [ 19.440672, 58.914944, 0.0 ], [ 15.055668, 60.49113, 0.0 ], [ 11.647749, 62.003567, 0.0 ], [ 9.550514, 63.30414, 0.0 ], [ 8.969251, 64.2656, 0.0 ], [ 9.96084, 64.793724, 0.0 ], [ 12.428232, 64.836945, 0.0 ], [ 16.129896, 64.39098, 0.0 ], [ 20.703537, 63.499474, 0.0 ], [ 25.701342, 62.2497, 0.0 ], [ 30.634188, 60.76395, 0.0 ], [ 35.019203, 59.187748, 0.0 ], [ 38.427116, 57.67532, 0.0 ], [ 40.52437, 56.374805, 0.0 ]] 
boundary 0: [[ 41.646057, 70.30448, 0.0 ], [ 40.996597, 69.38778, 0.0 ], [ 38.810654, 68.242584, 0.0 ], [ 35.302048, 66.98116, 0.0 ], [ 30.814295, 65.727005, 0.0 ], [ 25.786732, 64.60269, 0.0 ], [ 20.711464, 63.71853, 0.0 ], [ 16.085253, 63.160828, 0.0 ], [ 12.361034, 62.984444, 0.0 ], [ 9.903231, 63.206398, 0.0 ], [ 8.952545, 63.805054, 0.0 ], [ 9.601942, 64.72177, 0.0 ], [ 11.7879715, 65.86697, 0.0 ], [ 15.296554, 67.12834, 0.0 ], [ 19.784264, 68.38256, 0.0 ], [ 24.811848, 69.50672, 0.0 ], [ 29.8871, 70.39095, 0.0 ], [ 34.51332, 70.94858, 0.0 ], [ 38.23758, 71.12515, 0.0 ], [ 40.695335, 70.90311, 0.0 ]] 
boundary 1: [[ 41.64605, 57.695564, 0.0 ], [ 40.695328, 57.09681, 0.0 ], [ 38.237617, 56.874912, 0.0 ], [ 34.513313, 57.05141, 0.0 ], [ 29.887125, 57.60903, 0.0 ], [ 24.81184, 58.493217, 0.0 ], [ 19.78426, 59.617474, 0.0 ], [ 15.296538, 60.871662, 0.0 ], [ 11.787953, 62.133087, 0.0 ], [ 9.601961, 63.278217, 0.0 ], [ 8.952534, 64.195015, 0.0 ], [ 9.9032345, 64.79363, 0.0 ], [ 12.361002, 65.015594, 0.0 ], [ 16.085255, 64.83913, 0.0 ], [ 20.711487, 64.28148, 0.0 ], [ 25.78674, 63.397266, 0.0 ], [ 30.8143, 62.273, 0.0 ], [ 35.30204, 61.01879, 0.0 ], [ 38.810616, 59.757366, 0.0 ], [ 40.996628, 58.612297, 0.0 ]] 
boundary 0: [[ 41.80993, 69.41533, 0.0 ], [ 41.135086, 68.517136, 0.0 ], [ 38.918007, 67.4335, 0.0 ], [ 35.37548, 66.27069, 0.0 ], [ 30.85441, 65.1425, 0.0 ], [ 25.797386, 64.15919, 0.0 ], [ 20.699379, 63.417282, 0.0 ], [ 16.059385, 62.989143, 0.0 ], [ 12.33169, 62.91696, 0.0 ], [ 9.881053, 63.207558, 0.0 ], [ 8.947479, 63.83255, 0.0 ], [ 9.622252, 64.73076, 0.0 ], [ 11.839447, 65.814384, 0.0 ], [ 15.381926, 66.97716, 0.0 ], [ 19.902948, 68.105415, 0.0 ], [ 24.960003, 69.088554, 0.0 ], [ 30.057995, 69.830536, 0.0 ], [ 34.698, 70.25859, 0.0 ], [ 38.425735, 70.33097, 0.0 ], [ 40.87632, 70.04028, 0.0 ]] 
boundary 1: [[ 41.80992, 58.584736, 0.0 ], [ 40.87632, 57.95963, 0.0 ], [ 38.425774, 57.669094, 0.0 ], [ 34.697994, 57.74139, 0.0 ], [ 30.05802, 58.16944, 0.0 ], [ 24.959995, 58.91138, 0.0 ], [ 19.902945, 59.894623, 0.0 ], [ 15.38191, 61.022842, 0.0 ], [ 11.839427, 62.185673, 0.0 ], [ 9.622272, 63.269234, 0.0 ], [ 8.947464, 64.16752, 0.0 ], [ 9.881056, 64.79247, 0.0 ], [ 12.331657, 65.08307, 0.0 ], [ 16.059385, 65.0108, 0.0 ], [ 20.699402, 64.58273, 0.0 ], [ 25.797398, 63.84077, 0.0 ], [ 30.854416, 62.857513, 0.0 ], [ 35.375473, 61.72928, 0.0 ], [ 38.91797, 60.566444, 0.0 ], [ 41.13511, 59.482944, 0.0 ]] 
boundary 0: [[ 41.788795, 69.53833, 0.0 ], [ 41.117424, 68.63757, 0.0 ], [ 38.90454, 67.54533, 0.0 ], [ 35.36653, 66.36889, 0.0 ], [ 30.849846, 65.22326, 0.0 ], [ 25.796654, 64.22042, 0.0 ], [ 20.70155, 63.458843, 0.0 ], [ 16.06324, 63.012794, 0.0 ], [ 12.33585, 62.926243, 0.0 ], [ 9.8841095, 63.207363, 0.0 ], [ 8.948134, 63.828754, 0.0 ], [ 9.619438, 64.72957, 0.0 ], [ 11.83243, 65.82173, 0.0 ], [ 15.370394, 66.99818, 0.0 ], [ 19.887024, 68.1439, 0.0 ], [ 24.94025, 69.1465, 0.0 ], [ 30.03534, 69.90818, 0.0 ], [ 34.673668, 70.35412, 0.0 ], [ 38.401093, 70.440926, 0.0 ], [ 40.852783, 70.15965, 0.0 ]] 
boundary 1: [[ 41.788788, 58.46173, 0.0 ], [ 40.852783, 57.840225, 0.0 ], [ 38.40113, 57.559166, 0.0 ], [ 34.67366, 57.64584, 0.0 ], [ 30.035364, 58.091793, 0.0 ], [ 24.940243, 58.85341, 0.0 ], [ 19.88702, 59.856174, 0.0 ], [ 15.3703785, 61.001835, 0.0 ], [ 11.832411, 62.178326, 0.0 ], [ 9.619457, 63.270424, 0.0 ], [ 8.94812, 64.17135, 0.0 ], [ 9.884112, 64.79266, 0.0 ], [ 12.335817, 65.07379, 0.0 ], [ 16.06324, 64.98715, 0.0 ], [ 20.701572, 64.54119, 0.0 ], [ 25.796665, 63.77954, 0.0 ], [ 30.849852, 62.776752, 0.0 ], [ 35.366524, 61.63108, 0.0 ], [ 38.904503, 60.454582, 0.0 ], [ 41.117447, 59.362545, 0.0 ]] 
boundary 0: [[ 41.62906, 70.38938, 0.0 ], [ 40.982044, 69.470985, 0.0 ], [ 38.799213, 68.31986, 0.0 ], [ 35.293983, 67.0491, 0.0 ], [ 30.809587, 65.78293, 0.0 ], [ 25.785055, 64.64514, 0.0 ], [ 20.712181, 63.7474, 0.0 ], [ 16.08748, 63.177296, 0.0 ], [ 12.363742, 62.990967, 0.0 ], [ 9.905353, 63.20633, 0.0 ], [ 8.9530735, 63.802437, 0.0 ], [ 9.600014, 64.7209, 0.0 ], [ 11.782966, 65.87195, 0.0 ], [ 15.288156, 67.1427, 0.0 ], [ 19.772488, 68.40895, 0.0 ], [ 24.79705, 69.546524, 0.0 ], [ 29.869913, 70.44439, 0.0 ], [ 34.49464, 71.01436, 0.0 ], [ 38.21841, 71.20096, 0.0 ], [ 40.676758, 70.98543, 0.0 ]] 
boundary 1: [[ 41.62905, 57.610664, 0.0 ], [ 40.67675, 57.014446, 0.0 ], [ 38.218452, 56.799137, 0.0 ], [ 34.494633, 56.9856, 0.0 ], [ 29.869938, 57.555603, 0.0 ], [ 24.797039, 58.45339, 0.0 ], [ 19.772484, 59.591106, 0.0 ], [ 15.28814, 60.857304, 0.0 ], [ 11.782948, 62.128128, 0.0 ], [ 9.600033, 63.279095, 0.0 ], [ 8.953062, 64.19768, 0.0 ], [ 9.905356, 64.7937, 0.0 ], [ 12.363711, 65.00907, 0.0 ], [ 16.087479, 64.82265, 0.0 ], [ 20.712204, 64.25264, 0.0 ], [ 25.785067, 63.35482, 0.0 ], [ 30.809593, 62.21707, 0.0 ], [ 35.29397, 60.95086, 0.0 ], [ 38.799175, 59.680042, 0.0 ], [ 40.982075, 58.529133, 0.0 ]] 
boundary 0: [[ 41.30874, 71.81197, 0.0 ], [ 40.70379, 70.86533, 0.0 ], [ 38.575085, 69.616974, 0.0 ], [ 35.13072, 68.189445, 0.0 ], [ 30.70797, 66.72238, 0.0 ], [ 25.73985, 65.359215, 0.0 ], [ 20.71261, 64.23364, 0.0 ], [ 16.118313, 63.45561, 0.0 ], [ 12.406767, 63.101566, 0.0 ], [ 9.941167, 63.20588, 0.0 ], [ 8.962978, 63.758446, 0.0 ], [ 9.567847, 64.70514, 0.0 ], [ 11.696683, 65.95344, 0.0 ], [ 15.141013, 67.380936, 0.0 ], [ 19.563696, 68.8481, 0.0 ], [ 24.531853, 70.21107, 0.0 ], [ 29.559074, 71.33672, 0.0 ], [ 34.153397, 72.11463, 0.0 ], [ 37.864967, 72.46894, 0.0 ], [ 40.330532, 72.364456, 0.0 ]] 
boundary 1: [[ 41.30873, 56.188076, 0.0 ], [ 40.330524, 55.6354, 0.0 ], [ 37.865005, 55.53115, 0.0 ], [ 34.15339, 55.885323, 0.0 ], [ 29.5591, 56.66326, 0.0 ], [ 24.531841, 57.78886, 0.0 ], [ 19.563692, 59.15197, 0.0 ], [ 15.141, 60.619072, 0.0 ], [ 11.696668, 62.04664, 0.0 ], [ 9.567866, 63.294857, 0.0 ], [ 8.962973, 64.24168, 0.0 ], [ 9.941171, 64.79415, 0.0 ], [ 12.406736, 64.89847, 0.0 ], [ 16.118309, 64.54433, 0.0 ], [ 20.712633, 63.76638, 0.0 ], [ 25.739857, 62.640755, 0.0 ], [ 30.707975, 61.277626, 0.0 ], [ 35.130695, 59.81051, 0.0 ], [ 38.575047, 58.38294, 0.0 ], [ 40.703827, 57.13478, 0.0 ]] 
boundary 0: [[ 40.778164, 73.69737, 0.0 ], [ 40.231636, 72.71586, 0.0 ], [ 38.182426, 71.34089, 0.0 ], [ 34.83082, 69.70743, 0.0 ], [ 30.505013, 67.97527, 0.0 ], [ 25.628544, 66.31378, 0.0 ], [ 20.678684, 64.88589, 0.0 ], [ 16.139925, 63.83111, 0.0 ], [ 12.456628, 63.252983, 0.0 ], [ 9.989236, 63.207813, 0.0 ], [ 8.979384, 63.700134, 0.0 ], [ 9.525823, 64.68172, 0.0 ], [ 11.575169, 66.056625, 0.0 ], [ 14.926744, 67.690056, 0.0 ], [ 19.25248, 69.4223, 0.0 ], [ 24.12899, 71.083595, 0.0 ], [ 29.07883, 72.51158, 0.0 ], [ 33.617622, 73.566246, 0.0 ], [ 37.300926, 74.14464, 0.0 ], [ 39.768295, 74.18963, 0.0 ]] 
boundary 1: [[ 40.77816, 54.302666, 0.0 ], [ 39.76828, 53.810238, 0.0 ], [ 37.300976, 53.855453, 0.0 ], [ 33.617615, 54.43372, 0.0 ], [ 29.078856, 55.488407, 0.0 ], [ 24.128979, 56.916336, 0.0 ], [ 19.252476, 58.577763, 0.0 ], [ 14.926733, 60.309956, 0.0 ], [ 11.575159, 61.94345, 0.0 ], [ 9.525842, 63.318283, 0.0 ], [ 8.979386, 64.299995, 0.0 ], [ 9.989242, 64.79222, 0.0 ], [ 12.4566, 64.74706, 0.0 ], [ 16.139915, 64.168846, 0.0 ], [ 20.678707, 63.114132, 0.0 ], [ 25.628548, 61.686176, 0.0 ], [ 30.505018, 60.024734, 0.0 ], [ 34.830788, 58.292526, 0.0 ], [ 38.18239, 56.659027, 0.0 ], [ 40.23169, 55.284256, 0.0 ]] 
boundary 0: [[ 39.97145, 75.9647, 0.0 ], [ 39.49945, 74.94526, 0.0 ], [ 37.558174, 73.42168, 0.0 ], [ 34.337337, 71.54346, 0.0 ], [ 30.152359, 69.49435, 0.0 ], [ 25.41298, 67.474754, 0.0 ], [ 20.583033, 65.68266, 0.0 ], [ 16.1353, 64.293205, 0.0 ], [ 12.5052, 63.44273, 0.0 ], [ 10.048002, 63.21417, 0.0 ], [ 9.00433, 63.630016, 0.0 ], [ 9.476246, 64.64952, 0.0 ], [ 11.417652, 66.17305, 0.0 ], [ 14.638456, 68.05124, 0.0 ], [ 18.823364, 70.100426, 0.0 ], [ 23.562801, 72.11982, 0.0 ], [ 28.392727, 73.912025, 0.0 ], [ 32.840492, 75.30134, 0.0 ], [ 36.47058, 76.15209, 0.0 ], [ 38.927773, 76.38048, 0.0 ]] 
boundary 1: [[ 39.97145, 52.03535, 0.0 ], [ 38.92775, 51.619396, 0.0 ], [ 36.470634, 51.847996, 0.0 ], [ 32.840477, 52.69862, 0.0 ], [ 28.392752, 54.08798, 0.0 ], [ 23.562786, 55.880116, 0.0 ], [ 18.823364, 57.899647, 0.0 ], [ 14.638445, 59.948776, 0.0 ], [ 11.417649, 61.82703, 0.0 ], [ 9.476265, 63.35048, 0.0 ], [ 9.004343, 64.370125, 0.0 ], [ 10.04801, 64.785866, 0.0 ], [ 12.505175, 64.55731, 0.0 ], [ 16.135286, 63.706745, 0.0 ], [ 20.583055, 62.317368, 0.0 ], [ 25.41298, 60.525204, 0.0 ], [ 30.152365, 58.50566, 0.0 ], [ 34.337307, 56.456505, 0.0 ], [ 37.55813, 54.578247, 0.0 ], [ 39.499504, 53.054855, 0.0 ]] 
boundary 0: [[ 38.84571, 78.4747, 0.0 ], [ 38.462074, 77.418846, 0.0 ], [ 36.657326, 75.73575, 0.0 ], [ 33.607803, 73.590546, 0.0 ], [ 29.612144, 71.19312, 0.0 ], [ 25.061588, 68.77797, 0.0 ], [ 20.401455, 66.581825, 0.0 ], [ 16.087929, 64.819336, 0.0 ], [ 12.543261, 63.663364, 0.0 ], [ 10.114384, 63.226757, 0.0 ], [ 9.039141, 63.552387, 0.0 ], [ 9.4226885, 64.60832, 0.0 ], [ 11.227567, 66.29134, 0.0 ], [ 14.277063, 68.436516, 0.0 ], [ 18.272636, 70.83402, 0.0 ], [ 22.823265, 73.24897, 0.0 ], [ 27.483368, 75.445244, 0.0 ], [ 31.79694, 77.207596, 0.0 ], [ 35.34158, 78.36384, 0.0 ], [ 37.77047, 78.80026, 0.0 ]] 
boundary 1: [[ 38.84571, 49.525352, 0.0 ], [ 37.77043, 49.19962, 0.0 ], [ 35.34164, 49.636246, 0.0 ], [ 31.796925, 50.792362, 0.0 ], [ 27.483393, 52.554752, 0.0 ], [ 22.823246, 54.750965, 0.0 ], [ 18.272642, 57.166058, 0.0 ], [ 14.277052, 59.5635, 0.0 ], [ 11.227568, 61.708714, 0.0 ], [ 9.4227085, 63.39169, 0.0 ], [ 9.039166, 64.44776, 0.0 ], [ 10.114395, 64.77327, 0.0 ], [ 12.54324, 64.336685, 0.0 ], [ 16.087912, 63.180626, 0.0 ], [ 20.401482, 61.418205, 0.0 ], [ 25.061588, 59.221973, 0.0 ], [ 29.61215, 56.806877, 0.0 ], [ 33.607765, 54.40941, 0.0 ], [ 36.65728, 52.264175, 0.0 ], [ 38.462128, 50.581276, 0.0 ]] 
boundary 0: [[ 37.41385, 81.03711, 0.0 ], [ 37.12755, 79.950836, 0.0 ], [ 35.48288, 78.11099, 0.0 ], [ 32.64047, 75.69807, 0.0 ], [ 28.878704, 72.948166, 0.0 ], [ 24.565935, 70.13026, 0.0 ], [ 20.124168, 67.520546, 0.0 ], [ 15.988259, 65.37412, 0.0 ], [ 12.563035, 63.901443, 0.0 ], [ 10.1837635, 63.246365, 0.0 ], [ 9.083418, 63.473133, 0.0 ], [ 9.369623, 64.55951, 0.0 ], [ 11.014431, 66.39927, 0.0 ], [ 13.856814, 68.812164, 0.0 ], [ 17.618492, 71.56214, 0.0 ], [ 21.93135, 74.37985, 0.0 ], [ 26.373072, 76.98969, 0.0 ], [ 30.50904, 79.13599, 0.0 ], [ 33.934216, 80.60892, 0.0 ], [ 36.313522, 81.263824, 0.0 ]] 
boundary 1: [[ 37.413857, 46.96294, 0.0 ], [ 36.31347, 46.736057, 0.0 ], [ 33.93428, 47.391148, 0.0 ], [ 30.509024, 48.863976, 0.0 ], [ 26.373096, 51.0103, 0.0 ], [ 21.931332, 53.62009, 0.0 ], [ 17.6185, 56.437927, 0.0 ], [ 13.856806, 59.18785, 0.0 ], [ 11.014437, 61.60078, 0.0 ], [ 9.369645, 63.440506, 0.0 ], [ 9.08346, 64.52701, 0.0 ], [ 10.183777, 64.75366, 0.0 ], [ 12.563018, 64.098595, 0.0 ], [ 15.988237, 62.62585, 0.0 ], [ 20.124199, 60.479485, 0.0 ], [ 24.565926, 57.869675, 0.0 ], [ 28.87871, 55.05184, 0.0 ], [ 32.64043, 52.301895, 0.0 ], [ 35.482834, 49.888943, 0.0 ], [ 37.127617, 48.049297, 0.0 ]] 
boundary 0: [[ 35.712948, 83.515465, 0.0 ], [ 35.52875, 82.40731, 0.0 ], [ 34.06204, 80.422676, 0.0 ], [ 31.455994, 77.75621, 0.0 ], [ 27.96586, 74.668846, 0.0 ], [ 23.93341, 71.46262, 0.0 ], [ 19.753191, 68.451706, 0.0 ], [ 15.834484, 65.93048, 0.0 ], [ 12.560822, 64.14608, 0.0 ], [ 10.252666, 63.272877, 0.0 ], [ 9.136018, 63.39648, 0.0 ], [ 9.320102, 64.50473, 0.0 ], [ 10.786951, 66.48931, 0.0 ], [ 13.392979, 69.15572, 0.0 ], [ 16.883022, 72.24314, 0.0 ], [ 20.915577, 75.44919, 0.0 ], [ 25.095741, 78.46023, 0.0 ], [ 29.014515, 80.98134, 0.0 ], [ 32.28811, 82.766, 0.0 ], [ 34.596306, 83.63903, 0.0 ]] 
boundary 1: [[ 35.712955, 44.484596, 0.0 ], [ 34.59625, 44.360867, 0.0 ], [ 32.28817, 45.23407, 0.0 ], [ 29.014496, 47.018623, 0.0 ], [ 25.095766, 49.539757, 0.0 ], [ 20.915552, 52.55076, 0.0 ], [ 16.883036, 55.75692, 0.0 ], [ 13.39297, 58.8443, 0.0 ], [ 10.786961, 61.51075, 0.0 ], [ 9.320124, 63.495266, 0.0 ], [ 9.136072, 64.60365, 0.0 ], [ 10.252684, 64.72715, 0.0 ], [ 12.560809, 63.85396, 0.0 ], [ 15.834461, 62.0695, 0.0 ], [ 19.753225, 59.548317, 0.0 ], [ 23.933395, 56.537308, 0.0 ], [ 27.965866, 53.331154, 0.0 ], [ 31.455954, 50.243755, 0.0 ], [ 34.06199, 47.577263, 0.0 ], [ 35.528828, 45.592834, 0.0 ]] 
boundary 0: [[ 33.84236, 85.76695, 0.0 ], [ 33.75913, 84.64668, 0.0 ], [ 32.477913, 82.53753, 0.0 ], [ 30.123707, 79.64631, 0.0 ], [ 26.92709, 76.25595, 0.0 ], [ 23.201134, 72.69819, 0.0 ], [ 19.310345, 69.321556, 0.0 ], [ 15.635714, 66.45626, 0.0 ], [ 12.536842, 64.38312, 0.0 ], [ 10.317119, 63.304737, 0.0 ], [ 9.193867, 63.326847, 0.0 ], [ 9.276968, 64.44721, 0.0 ], [ 10.558325, 66.55631, 0.0 ], [ 12.912527, 69.44747, 0.0 ], [ 16.109047, 72.837875, 0.0 ], [ 19.835125, 76.395485, 0.0 ], [ 23.725842, 79.77223, 0.0 ], [ 27.400557, 82.637405, 0.0 ], [ 30.499327, 84.71082, 0.0 ], [ 32.71911, 85.789024, 0.0 ]] 
boundary 1: [[ 33.84237, 42.233112, 0.0 ], [ 32.719055, 42.210884, 0.0 ], [ 30.4994, 43.289246, 0.0 ], [ 27.400532, 45.362553, 0.0 ], [ 23.725868, 48.227753, 0.0 ], [ 19.835094, 51.604465, 0.0 ], [ 16.109066, 55.16218, 0.0 ], [ 12.912519, 58.55254, 0.0 ], [ 10.558339, 61.44375, 0.0 ], [ 9.27699, 63.552795, 0.0 ], [ 9.193934, 64.67329, 0.0 ], [ 10.317138, 64.69528, 0.0 ], [ 12.536835, 63.616932, 0.0 ], [ 15.635689, 61.543728, 0.0 ], [ 19.310383, 58.678463, 0.0 ], [ 23.201105, 55.301746, 0.0 ], [ 26.927095, 51.744045, 0.0 ], [ 30.123667, 48.35366, 0.0 ], [ 32.477867, 45.46241, 0.0 ], [ 33.759224, 43.353462, 0.0 ]] 
boundary 0: [[ 31.917896, 87.709076, 0.0 ], [ 31.929604, 86.58579, 0.0 ], [ 30.831161, 84.37594, 0.0 ], [ 28.729641, 81.29615, 0.0 ], [ 25.830887, 77.64785, 0.0 ], [ 22.41883, 73.788025, 0.0 ], [ 18.827227, 70.09475, 0.0 ], [ 15.407808, 66.929245, 0.0 ], [ 12.495166, 64.601715, 0.0 ], [ 10.374485, 63.339653, 0.0 ], [ 9.253382, 63.266773, 0.0 ], [ 9.241533, 64.39015, 0.0 ], [ 10.34012, 66.599976, 0.0 ], [ 12.441645, 69.679695, 0.0 ], [ 15.340299, 73.328026, 0.0 ], [ 18.752493, 77.18771, 0.0 ], [ 22.344007, 80.88111, 0.0 ], [ 25.763521, 84.0465, 0.0 ], [ 28.676043, 86.37429, 0.0 ], [ 30.796793, 87.636185, 0.0 ]] 
boundary 1: [[ 31.917906, 40.290985, 0.0 ], [ 30.796726, 40.363735, 0.0 ], [ 28.676117, 41.62577, 0.0 ], [ 25.763494, 43.95347, 0.0 ], [ 22.344034, 47.118874, 0.0 ], [ 18.752457, 50.812233, 0.0 ], [ 15.340321, 54.672016, 0.0 ], [ 12.441637, 58.32032, 0.0 ], [ 10.340141, 61.40008, 0.0 ], [ 9.241554, 63.609848, 0.0 ], [ 9.253461, 64.73335, 0.0 ], [ 10.374506, 64.66038, 0.0 ], [ 12.495163, 63.398346, 0.0 ], [ 15.4077835, 61.07074, 0.0 ], [ 18.827265, 57.90527, 0.0 ], [ 22.418797, 54.211918, 0.0 ], [ 25.83089, 50.35215, 0.0 ], [ 28.729597, 46.70382, 0.0 ], [ 30.831112, 43.62401, 0.0 ], [ 31.929716, 41.414337, 0.0 ]] 
boundary 0: [[ 29.8887, 89.440605, 0.0 ], [ 29.992964, 88.3221, 0.0 ], [ 29.080416, 86.02921, 0.0 ], [ 27.239925, 82.78668, 0.0 ], [ 24.651766, 78.911835, 0.0 ], [ 21.569496, 74.78389, 0.0 ], [ 18.29456, 70.80714, 0.0 ], [ 15.147713, 67.370544, 0.0 ], [ 12.436845, 64.81085, 0.0 ], [ 10.427418, 63.378265, 0.0 ], [ 9.316137, 63.213226, 0.0 ], [ 9.211728, 64.33179, 0.0 ], [ 10.124418, 66.62466, 0.0 ], [ 11.964926, 69.86713, 0.0 ], [ 14.552973, 73.74198, 0.0 ], [ 17.635393, 77.8698, 0.0 ], [ 20.910236, 81.84668, 0.0 ], [ 24.057186, 85.28318, 0.0 ], [ 26.767908, 87.843124, 0.0 ], [ 28.777422, 89.27554, 0.0 ]] 
boundary 1: [[ 29.888714, 38.559456, 0.0 ], [ 28.77735, 38.724384, 0.0 ], [ 26.767988, 40.15693, 0.0 ], [ 24.057152, 42.716797, 0.0 ], [ 20.910263, 46.1533, 0.0 ], [ 17.635351, 50.13015, 0.0 ], [ 14.552999, 54.258064, 0.0 ], [ 11.964918, 58.132885, 0.0 ], [ 10.124443, 61.375397, 0.0 ], [ 9.211749, 63.668194, 0.0 ], [ 9.316226, 64.7869, 0.0 ], [ 10.427442, 64.62176, 0.0 ], [ 12.43685, 63.189217, 0.0 ], [ 15.147688, 60.629444, 0.0 ], [ 18.294598, 57.192875, 0.0 ], [ 21.569458, 53.216038, 0.0 ], [ 24.65177, 49.088142, 0.0 ], [ 27.239878, 45.213287, 0.0 ], [ 29.080366, 41.970734, 0.0 ], [ 29.993084, 39.678024, 0.0 ]] 
boundary 0: [[ 27.759493, 90.97534, 0.0 ], [ 27.954134, 89.86897, 0.0 ], [ 27.230566, 87.50963, 0.0 ], [ 25.659138, 84.128494, 0.0 ], [ 23.393787, 80.0565, 0.0 ], [ 20.65649, 75.692154, 0.0 ], [ 17.714897, 71.46289, 0.0 ], [ 14.857151, 67.78238, 0.0 ], [ 12.362829, 65.01123, 0.0 ], [ 10.476218, 63.420383, 0.0 ], [ 9.381985, 63.16576, 0.0 ], [ 9.187196, 64.272156, 0.0 ], [ 9.910906, 66.63152, 0.0 ], [ 11.482357, 70.01257, 0.0 ], [ 13.747591, 74.08458, 0.0 ], [ 16.485054, 78.44881, 0.0 ], [ 19.426544, 82.67821, 0.0 ], [ 22.284397, 86.35863, 0.0 ], [ 24.778557, 89.12999, 0.0 ], [ 26.665272, 90.720695, 0.0 ]] 
boundary 1: [[ 27.75951, 37.02472, 0.0 ], [ 26.665192, 37.279243, 0.0 ], [ 24.778637, 38.87005, 0.0 ], [ 22.284363, 41.64135, 0.0 ], [ 19.42657, 45.321774, 0.0 ], [ 16.48501, 49.551147, 0.0 ], [ 13.747622, 53.915466, 0.0 ], [ 11.482351, 57.98743, 0.0 ], [ 9.910934, 61.36854, 0.0 ], [ 9.187215, 63.727818, 0.0 ], [ 9.382086, 64.834366, 0.0 ], [ 10.476243, 64.57963, 0.0 ], [ 12.36284, 62.988834, 0.0 ], [ 14.857126, 60.21762, 0.0 ], [ 17.714935, 56.537132, 0.0 ], [ 20.65644, 52.30778, 0.0 ], [ 23.393787, 47.943474, 0.0 ], [ 25.659092, 43.871468, 0.0 ], [ 27.230509, 40.49032, 0.0 ], [ 27.954266, 38.13114, 0.0 ]] 
boundary 0: [[ 28.08897, 90.7547, 0.0 ], [ 28.270027, 89.64603, 0.0 ], [ 27.51758, 87.29573, 0.0 ], [ 25.904804, 83.93413, 0.0 ], [ 23.589687, 79.89022, 0.0 ], [ 20.799072, 75.55977, 0.0 ], [ 17.805834, 71.3669, 0.0 ], [ 14.903166, 67.72171, 0.0 ], [ 12.375048, 64.98136, 0.0 ], [ 10.4690695, 63.41377, 0.0 ], [ 9.371796, 63.172585, 0.0 ], [ 9.19059, 64.28129, 0.0 ], [ 9.94318, 66.6316, 0.0 ], [ 11.555977, 69.993126, 0.0 ], [ 13.870978, 74.03705, 0.0 ], [ 16.661757, 78.36737, 0.0 ], [ 19.654894, 82.56038, 0.0 ], [ 22.557667, 86.205475, 0.0 ], [ 25.085627, 88.946045, 0.0 ], [ 26.991707, 90.51349, 0.0 ]] 
boundary 1: [[ 28.088985, 37.24536, 0.0 ], [ 26.991629, 37.48645, 0.0 ], [ 25.085705, 39.053997, 0.0 ], [ 22.557632, 41.794502, 0.0 ], [ 19.65492, 45.4396, 0.0 ], [ 16.661713, 49.632584, 0.0 ], [ 13.871008, 53.963, 0.0 ], [ 11.555971, 58.006878, 0.0 ], [ 9.943208, 61.368465, 0.0 ], [ 9.190609, 63.71869, 0.0 ], [ 9.371895, 64.827545, 0.0 ], [ 10.469093, 64.58624, 0.0 ], [ 12.375057, 63.018703, 0.0 ], [ 14.903141, 60.27829, 0.0 ], [ 17.805872, 56.633125, 0.0 ], [ 20.799023, 52.440166, 0.0 ], [ 23.589687, 48.109756, 0.0 ], [ 25.904758, 44.065838, 0.0 ], [ 27.517523, 40.704216, 0.0 ], [ 28.270157, 38.354088, 0.0 ]] 
boundary 0: [[ 31.27549, 88.288956, 0.0 ], [ 31.31725, 87.16637, 0.0 ], [ 30.278343, 84.927895, 0.0 ], [ 28.260006, 81.79298, 0.0 ], [ 25.459923, 78.068405, 0.0 ], [ 22.1524, 74.118645, 0.0 ], [ 18.66093, 70.3306, 0.0 ], [ 15.327452, 67.074715, 0.0 ], [ 12.478141, 64.670074, 0.0 ], [ 10.392001, 63.35169, 0.0 ], [ 9.27325, 63.248848, 0.0 ], [ 9.231339, 64.37147, 0.0 ], [ 10.270397, 66.60995, 0.0 ], [ 12.288745, 69.74479, 0.0 ], [ 15.088713, 73.4694, 0.0 ], [ 18.396389, 77.419, 0.0 ], [ 21.887774, 81.2072, 0.0 ], [ 25.221348, 84.462975, 0.0 ], [ 28.070526, 86.86788, 0.0 ], [ 30.156744, 88.18608, 0.0 ]] 
boundary 1: [[ 31.275494, 39.711113, 0.0 ], [ 30.156673, 39.81384, 0.0 ], [ 28.070595, 41.13218, 0.0 ], [ 25.221313, 43.537003, 0.0 ], [ 21.887802, 46.792778, 0.0 ], [ 18.396347, 50.580944, 0.0 ], [ 15.088737, 54.530663, 0.0 ], [ 12.288738, 58.25522, 0.0 ], [ 10.270416, 61.390125, 0.0 ], [ 9.231363, 63.6285, 0.0 ], [ 9.273334, 64.75129, 0.0 ], [ 10.392022, 64.648315, 0.0 ], [ 12.478142, 63.330006, 0.0 ], [ 15.327425, 60.925285, 0.0 ], [ 18.660967, 57.669437, 0.0 ], [ 22.152355, 53.881287, 0.0 ], [ 25.459927, 49.931576, 0.0 ], [ 28.259968, 46.206985, 0.0 ], [ 30.278294, 43.072037, 0.0 ], [ 31.317368, 40.833763, 0.0 ]] 
boundary 0: [[ 34.566017, 84.944496, 0.0 ], [ 34.444878, 83.82769, 0.0 ], [ 33.09294, 81.763145, 0.0 ], [ 30.642157, 78.953316, 0.0 ], [ 27.332514, 75.67321, 0.0 ], [ 23.488182, 72.24371, 0.0 ], [ 19.48524, 69.000854, 0.0 ], [ 15.715652, 66.26167, 0.0 ], [ 12.548325, 64.29472, 0.0 ], [ 10.293345, 63.292133, 0.0 ], [ 9.171489, 63.352283, 0.0 ], [ 9.292492, 64.469154, 0.0 ], [ 10.644572, 66.533676, 0.0 ], [ 13.095363, 69.34343, 0.0 ], [ 16.404898, 72.62359, 0.0 ], [ 20.24936, 76.05291, 0.0 ], [ 24.252228, 79.295944, 0.0 ], [ 28.021902, 82.03499, 0.0 ], [ 31.189138, 84.00223, 0.0 ], [ 33.444168, 85.00462, 0.0 ]] 
boundary 1: [[ 34.566025, 43.055573, 0.0 ], [ 33.444107, 42.995296, 0.0 ], [ 31.189196, 43.99784, 0.0 ], [ 28.02187, 45.96499, 0.0 ], [ 24.252264, 48.70404, 0.0 ], [ 20.249323, 51.94703, 0.0 ], [ 16.404911, 55.37647, 0.0 ], [ 13.095355, 58.656586, 0.0 ], [ 10.644582, 61.466385, 0.0 ], [ 9.292519, 63.53082, 0.0 ], [ 9.171554, 64.64786, 0.0 ], [ 10.2933655, 64.70787, 0.0 ], [ 12.548316, 63.705357, 0.0 ], [ 15.715626, 61.73831, 0.0 ], [ 19.48528, 58.99919, 0.0 ], [ 23.488148, 55.756214, 0.0 ], [ 27.332518, 52.32677, 0.0 ], [ 30.642124, 49.046635, 0.0 ], [ 33.092903, 46.23678, 0.0 ], [ 34.444973, 44.172455, 0.0 ]] 
boundary 0: [[ 37.63955, 80.66755, 0.0 ], [ 37.338703, 79.58522, 0.0 ], [ 35.66953, 77.767555, 0.0 ], [ 32.795082, 75.392876, 0.0 ], [ 28.99682, 72.69361, 0.0 ], [ 24.646717, 69.93373, 0.0 ], [ 20.170406, 67.38377, 0.0 ], [ 16.006123, 65.292915, 0.0 ], [ 12.5614805, 63.866272, 0.0 ], [ 10.173647, 63.24308, 0.0 ], [ 9.07644, 63.484566, 0.0 ], [ 9.377161, 64.56698, 0.0 ], [ 11.046476, 66.3846, 0.0 ], [ 13.920916, 68.7592, 0.0 ], [ 17.719074, 71.458534, 0.0 ], [ 22.069283, 74.218216, 0.0 ], [ 26.54555, 76.76836, 0.0 ], [ 30.709896, 78.859055, 0.0 ], [ 34.1545, 80.285995, 0.0 ], [ 36.542343, 80.909, 0.0 ]] 
boundary 1: [[ 37.63955, 47.33252, 0.0 ], [ 36.5423, 47.090908, 0.0 ], [ 34.15454, 47.714085, 0.0 ], [ 30.709873, 49.140915, 0.0 ], [ 26.54559, 51.231632, 0.0 ], [ 22.069252, 53.781723, 0.0 ], [ 17.71908, 56.541534, 0.0 ], [ 13.920904, 59.240826, 0.0 ], [ 11.046475, 61.615467, 0.0 ], [ 9.377191, 63.43301, 0.0 ], [ 9.076479, 64.515594, 0.0 ], [ 10.173665, 64.756935, 0.0 ], [ 12.5614605, 64.1338, 0.0 ], [ 16.0061, 62.707066, 0.0 ], [ 20.170433, 60.616287, 0.0 ], [ 24.646694, 58.066196, 0.0 ], [ 28.99683, 55.306374, 0.0 ], [ 32.79505, 52.607075, 0.0 ], [ 35.669506, 50.23237, 0.0 ], [ 37.338776, 48.41494, 0.0 ]] 
boundary 0: [[ 39.857758, 76.24625, 0.0 ], [ 39.395336, 75.22248, 0.0 ], [ 37.468437, 73.68069, 0.0 ], [ 34.26538, 71.77227, 0.0 ], [ 30.09984, 69.68397, 0.0 ], [ 25.379658, 67.61995, 0.0 ], [ 20.566765, 65.78262, 0.0 ], [ 16.132277, 64.35144, 0.0 ], [ 12.5103245, 63.466946, 0.0 ], [ 10.055375, 63.21528, 0.0 ], [ 9.007844, 63.621307, 0.0 ], [ 9.470156, 64.64519, 0.0 ], [ 11.397192, 66.18689, 0.0 ], [ 14.600208, 68.095245, 0.0 ], [ 18.765675, 70.18364, 0.0 ], [ 23.48593, 72.24744, 0.0 ], [ 28.298813, 74.08494, 0.0 ], [ 32.733337, 75.515945, 0.0 ], [ 36.355293, 76.40076, 0.0 ], [ 38.81022, 76.65224, 0.0 ]] 
boundary 1: [[ 39.857746, 51.753826, 0.0 ], [ 38.81019, 51.347668, 0.0 ], [ 36.355316, 51.59932, 0.0 ], [ 32.73332, 52.48402, 0.0 ], [ 28.298853, 53.915054, 0.0 ], [ 23.485912, 55.752495, 0.0 ], [ 18.765669, 57.816433, 0.0 ], [ 14.600197, 59.904774, 0.0 ], [ 11.3971815, 61.813168, 0.0 ], [ 9.470186, 63.35481, 0.0 ], [ 9.00786, 64.37885, 0.0 ], [ 10.055393, 64.78474, 0.0 ], [ 12.510296, 64.53313, 0.0 ], [ 16.132256, 63.648525, 0.0 ], [ 20.56678, 62.217434, 0.0 ], [ 25.379642, 60.37999, 0.0 ], [ 30.099854, 58.31602, 0.0 ], [ 34.26537, 56.22769, 0.0 ], [ 37.46843, 54.31923, 0.0 ], [ 39.39538, 52.777702, 0.0 ]] 
boundary 0: [[ 41.105713, 72.58631, 0.0 ], [ 40.524384, 71.62507, 0.0 ], [ 38.427204, 70.32433, 0.0 ], [ 35.019222, 68.81193, 0.0 ], [ 30.634174, 67.23584, 0.0 ], [ 25.701345, 65.750084, 0.0 ], [ 20.70353, 64.50045, 0.0 ], [ 16.129906, 63.608894, 0.0 ], [ 12.428259, 63.163113, 0.0 ], [ 9.960823, 63.20632, 0.0 ], [ 8.9692545, 63.734497, 0.0 ], [ 9.550491, 64.69587, 0.0 ], [ 11.647794, 65.99649, 0.0 ], [ 15.055725, 67.50884, 0.0 ], [ 19.440712, 69.08501, 0.0 ], [ 24.373585, 70.57054, 0.0 ], [ 29.37141, 71.82035, 0.0 ], [ 33.945057, 72.71174, 0.0 ], [ 37.646748, 73.15784, 0.0 ], [ 40.11413, 73.11444, 0.0 ]] 
boundary 1: [[ 41.10569, 55.413765, 0.0 ], [ 40.114105, 54.885456, 0.0 ], [ 37.64675, 54.842247, 0.0 ], [ 33.94504, 55.28823, 0.0 ], [ 29.37145, 56.179646, 0.0 ], [ 24.373577, 57.42938, 0.0 ], [ 19.440697, 58.915054, 0.0 ], [ 15.05571, 60.49118, 0.0 ], [ 11.647776, 62.003563, 0.0 ], [ 9.550522, 63.30413, 0.0 ], [ 8.969253, 64.265656, 0.0 ], [ 9.96084, 64.79369, 0.0 ], [ 12.428222, 64.83695, 0.0 ], [ 16.129883, 64.39106, 0.0 ], [ 20.70354, 63.4996, 0.0 ], [ 25.70134, 62.24986, 0.0 ], [ 30.634188, 60.76414, 0.0 ], [ 35.01921, 59.188023, 0.0 ], [ 38.42721, 57.675583, 0.0 ], [ 40.5244, 56.375122, 0.0 ]] 
boundary 0: [[ 41.646103, 70.30416, 0.0 ], [ 40.996628, 69.38758, 0.0 ], [ 38.810684, 68.24228, 0.0 ], [ 35.302032, 66.98087, 0.0 ], [ 30.814278, 65.72679, 0.0 ], [ 25.78672, 64.602516, 0.0 ], [ 20.711475, 63.718445, 0.0 ], [ 16.085255, 63.16075, 0.0 ], [ 12.361033, 62.984467, 0.0 ], [ 9.903219, 63.20642, 0.0 ], [ 8.952545, 63.805084, 0.0 ], [ 9.601939, 64.72178, 0.0 ], [ 11.788003, 65.866974, 0.0 ], [ 15.296594, 67.12831, 0.0 ], [ 19.784298, 68.382484, 0.0 ], [ 24.811876, 69.50654, 0.0 ], [ 29.887146, 70.39079, 0.0 ], [ 34.513382, 70.948296, 0.0 ], [ 38.23767, 71.12491, 0.0 ], [ 40.695404, 70.90276, 0.0 ]] 
boundary 1: [[ 41.646076, 57.695923, 0.0 ], [ 40.69539, 57.097126, 0.0 ], [ 38.23767, 56.875175, 0.0 ], [ 34.513367, 57.05167, 0.0 ], [ 29.887186, 57.609215, 0.0 ], [ 24.811869, 58.493393, 0.0 ], [ 19.784277, 59.617584, 0.0 ], [ 15.2965765, 60.87171, 0.0 ], [ 11.78798, 62.133087, 0.0 ], [ 9.60197, 63.27821, 0.0 ], [ 8.952533, 64.19507, 0.0 ], [ 9.9032345, 64.7936, 0.0 ], [ 12.360991, 65.0156, 0.0 ], [ 16.085238, 64.8392, 0.0 ], [ 20.711487, 64.28161, 0.0 ], [ 25.786724, 63.397427, 0.0 ], [ 30.814291, 62.273186, 0.0 ], [ 35.302017, 61.019066, 0.0 ], [ 38.810696, 59.75764, 0.0 ], [ 40.996628, 58.612617, 0.0 ]] 
boundary 0: [[ 41.809975, 69.41501, 0.0 ], [ 41.13511, 68.51694, 0.0 ], [ 38.918022, 67.4332, 0.0 ], [ 35.375465, 66.2704, 0.0 ], [ 30.85439, 65.14229, 0.0 ], [ 25.797367, 64.15901, 0.0 ], [ 20.69939, 63.417194, 0.0 ], [ 16.059383, 62.989067, 0.0 ], [ 12.331691, 62.916985, 0.0 ], [ 9.8810425, 63.20758, 0.0 ], [ 8.94748, 63.83258, 0.0 ], [ 9.62225, 64.73077, 0.0 ], [ 11.839479, 65.81439, 0.0 ], [ 15.381964, 66.97713, 0.0 ], [ 19.902983, 68.10532, 0.0 ], [ 24.960022, 69.08837, 0.0 ], [ 30.058037, 69.83037, 0.0 ], [ 34.69805, 70.25831, 0.0 ], [ 38.42582, 70.33073, 0.0 ], [ 40.876373, 70.03993, 0.0 ]] 
boundary 1: [[ 41.809937, 58.585094, 0.0 ], [ 40.876373, 57.95994, 0.0 ], [ 38.42581, 57.66936, 0.0 ], [ 34.698036, 57.74165, 0.0 ], [ 30.058077, 58.16963, 0.0 ], [ 24.960022, 58.911556, 0.0 ], [ 19.902958, 59.894737, 0.0 ], [ 15.381947, 61.022896, 0.0 ], [ 11.839454, 62.185673, 0.0 ], [ 9.62228, 63.269226, 0.0 ], [ 8.947462, 64.16757, 0.0 ], [ 9.881057, 64.79244, 0.0 ], [ 12.331646, 65.08308, 0.0 ], [ 16.05937, 65.01088, 0.0 ], [ 20.699402, 64.58286, 0.0 ], [ 25.797379, 63.840927, 0.0 ], [ 30.854403, 62.8577, 0.0 ], [ 35.37545, 61.729553, 0.0 ], [ 38.918037, 60.56672, 0.0 ], [ 41.135105, 59.483265, 0.0 ]] 
boundary 0: [[ 41.78884, 69.53801, 0.0 ], [ 41.117447, 68.637375, 0.0 ], [ 38.904556, 67.54502, 0.0 ], [ 35.366516, 66.3686, 0.0 ], [ 30.849825, 65.223045, 0.0 ], [ 25.796638, 64.220245, 0.0 ], [ 20.701561, 63.458755, 0.0 ], [ 16.063236, 63.01272, 0.0 ], [ 12.335852, 62.926266, 0.0 ], [ 9.884099, 63.207386, 0.0 ], [ 8.948135, 63.828785, 0.0 ], [ 9.619435, 64.729576, 0.0 ], [ 11.832462, 65.82174, 0.0 ], [ 15.370432, 66.998146, 0.0 ], [ 19.887058, 68.14381, 0.0 ], [ 24.94027, 69.14632, 0.0 ], [ 30.035383, 69.90801, 0.0 ], [ 34.673714, 70.353836, 0.0 ], [ 38.401176, 70.44068, 0.0 ], [ 40.852837, 70.1593, 0.0 ]] 
boundary 1: [[ 41.788803, 58.46209, 0.0 ], [ 40.852837, 57.840538, 0.0 ], [ 38.40117, 57.559433, 0.0 ], [ 34.6737, 57.6461, 0.0 ], [ 30.035423, 58.09198, 0.0 ], [ 24.94027, 58.853584, 0.0 ], [ 19.887035, 59.85629, 0.0 ], [ 15.370415, 61.00189, 0.0 ], [ 11.8324375, 62.178326, 0.0 ], [ 9.619466, 63.270416, 0.0 ], [ 8.948118, 64.1714, 0.0 ], [ 9.884113, 64.79263, 0.0 ], [ 12.335806, 65.0738, 0.0 ], [ 16.063225, 64.98723, 0.0 ], [ 20.701574, 64.54131, 0.0 ], [ 25.796646, 63.779697, 0.0 ], [ 30.849838, 62.77694, 0.0 ], [ 35.3665, 61.631355, 0.0 ], [ 38.90457, 60.454857, 0.0 ], [ 41.11744, 59.362865, 0.0 ]] 
boundary 0: [[ 41.629105, 70.38907, 0.0 ], [ 40.982075, 69.47079, 0.0 ], [ 38.79924, 68.31956, 0.0 ], [ 35.293972, 67.04881, 0.0 ], [ 30.809576, 65.782715, 0.0 ], [ 25.785046, 64.644966, 0.0 ], [ 20.712193, 63.74731, 0.0 ], [ 16.087477, 63.17722, 0.0 ], [ 12.363744, 62.99099, 0.0 ], [ 9.905341, 63.206352, 0.0 ], [ 8.9530735, 63.802467, 0.0 ], [ 9.600011, 64.72091, 0.0 ], [ 11.782998, 65.871956, 0.0 ], [ 15.288197, 67.14267, 0.0 ], [ 19.772526, 68.40887, 0.0 ], [ 24.797075, 69.54634, 0.0 ], [ 29.869963, 70.44422, 0.0 ], [ 34.494698, 71.01408, 0.0 ], [ 38.2185, 71.200714, 0.0 ], [ 40.67682, 70.985085, 0.0 ]] 
boundary 1: [[ 41.629074, 57.611023, 0.0 ], [ 40.67682, 57.01476, 0.0 ], [ 38.2185, 56.799404, 0.0 ], [ 34.494675, 56.98586, 0.0 ], [ 29.870003, 57.555786, 0.0 ], [ 24.797071, 58.45356, 0.0 ], [ 19.772505, 59.59122, 0.0 ], [ 15.288179, 60.857357, 0.0 ], [ 11.782974, 62.128128, 0.0 ], [ 9.600041, 63.279087, 0.0 ], [ 8.953061, 64.19773, 0.0 ], [ 9.905355, 64.79367, 0.0 ], [ 12.3637, 65.00908, 0.0 ], [ 16.087465, 64.82272, 0.0 ], [ 20.712208, 64.25276, 0.0 ], [ 25.785051, 63.354977, 0.0 ], [ 30.80959, 62.21726, 0.0 ], [ 35.293957, 60.951134, 0.0 ], [ 38.799248, 59.680313, 0.0 ], [ 40.982086, 58.529453, 0.0 ]] 
boundary 0: [[ 41.308804, 71.81166, 0.0 ], [ 40.703827, 70.865135, 0.0 ], [ 38.575127, 69.61667, 0.0 ], [ 35.130714, 68.189156, 0.0 ], [ 30.707964, 66.72217, 0.0 ], [ 25.739845, 65.35904, 0.0 ], [ 20.712627, 64.23356, 0.0 ], [ 16.118319, 63.455532, 0.0 ], [ 12.406767, 63.10159, 0.0 ], [ 9.9411545, 63.205902, 0.0 ], [ 8.962977, 63.758476, 0.0 ], [ 9.567844, 64.70515, 0.0 ], [ 11.696715, 65.953445, 0.0 ], [ 15.141055, 67.38091, 0.0 ], [ 19.563734, 68.848015, 0.0 ], [ 24.531883, 70.210884, 0.0 ], [ 29.559132, 71.33656, 0.0 ], [ 34.153477, 72.11435, 0.0 ], [ 37.865067, 72.468704, 0.0 ], [ 40.330612, 72.36413, 0.0 ]] 
boundary 1: [[ 41.30878, 56.188435, 0.0 ], [ 40.330612, 55.63571, 0.0 ], [ 37.865067, 55.53141, 0.0 ], [ 34.153454, 55.885582, 0.0 ], [ 29.559174, 56.66344, 0.0 ], [ 24.53188, 57.789032, 0.0 ], [ 19.563717, 59.15208, 0.0 ], [ 15.14104, 60.619118, 0.0 ], [ 11.696694, 62.04664, 0.0 ], [ 9.567875, 63.29485, 0.0 ], [ 8.962974, 64.24173, 0.0 ], [ 9.94117, 64.79412, 0.0 ], [ 12.406725, 64.898476, 0.0 ], [ 16.118301, 64.54441, 0.0 ], [ 20.712643, 63.766502, 0.0 ], [ 25.73985, 62.64091, 0.0 ], [ 30.707975, 61.27781, 0.0 ], [ 35.1307, 59.810783, 0.0 ], [ 38.575127, 58.38321, 0.0 ], [ 40.70385, 57.1351, 0.0 ]] 
boundary 0: [[ 40.778244, 73.69708, 0.0 ], [ 40.23169, 72.71567, 0.0 ], [ 38.182487, 71.34058, 0.0 ], [ 34.83083, 69.70714, 0.0 ], [ 30.505018, 67.97505, 0.0 ], [ 25.628551, 66.313614, 0.0 ], [ 20.678705, 64.8858, 0.0 ], [ 16.139936, 63.83103, 0.0 ], [ 12.456626, 63.253006, 0.0 ], [ 9.989223, 63.207832, 0.0 ], [ 8.979382, 63.700165, 0.0 ], [ 9.525819, 64.681725, 0.0 ], [ 11.575201, 66.05663, 0.0 ], [ 14.92679, 67.69003, 0.0 ], [ 19.252518, 69.422226, 0.0 ], [ 24.129036, 71.08341, 0.0 ], [ 29.0789, 72.51143, 0.0 ], [ 33.61772, 73.56596, 0.0 ], [ 37.30104, 74.1444, 0.0 ], [ 39.768402, 74.18931, 0.0 ]] 
boundary 1: [[ 40.778225, 54.303017, 0.0 ], [ 39.768383, 53.810535, 0.0 ], [ 37.30105, 53.855713, 0.0 ], [ 33.61769, 54.433975, 0.0 ], [ 29.078941, 55.488583, 0.0 ], [ 24.129019, 56.916508, 0.0 ], [ 19.252506, 58.577873, 0.0 ], [ 14.926776, 60.31, 0.0 ], [ 11.575186, 61.94345, 0.0 ], [ 9.525849, 63.318268, 0.0 ], [ 8.979391, 64.30005, 0.0 ], [ 9.989239, 64.79219, 0.0 ], [ 12.456589, 64.74707, 0.0 ], [ 16.139914, 64.16893, 0.0 ], [ 20.67872, 63.114254, 0.0 ], [ 25.628555, 61.686333, 0.0 ], [ 30.50503, 60.024918, 0.0 ], [ 34.830814, 58.2928, 0.0 ], [ 38.182472, 56.65929, 0.0 ], [ 40.23172, 55.28457, 0.0 ]] 
boundary 0: [[ 39.971554, 75.96442, 0.0 ], [ 39.49951, 74.94507, 0.0 ], [ 37.558254, 73.42139, 0.0 ], [ 34.33738, 71.54317, 0.0 ], [ 30.152382, 69.494125, 0.0 ], [ 25.412994, 67.47459, 0.0 ], [ 20.583061, 65.68258, 0.0 ], [ 16.135311, 64.29313, 0.0 ], [ 12.5051985, 63.442753, 0.0 ], [ 10.047989, 63.214184, 0.0 ], [ 9.004324, 63.630047, 0.0 ], [ 9.476241, 64.64953, 0.0 ], [ 11.417685, 66.17306, 0.0 ], [ 14.638502, 68.051216, 0.0 ], [ 18.823406, 70.10035, 0.0 ], [ 23.562866, 72.11964, 0.0 ], [ 28.392805, 73.91187, 0.0 ], [ 32.840622, 75.30107, 0.0 ], [ 36.470703, 76.15186, 0.0 ], [ 38.9279, 76.38017, 0.0 ]] 
boundary 1: [[ 39.971546, 52.035683, 0.0 ], [ 38.92787, 51.619682, 0.0 ], [ 36.47073, 51.84825, 0.0 ], [ 32.840576, 52.69888, 0.0 ], [ 28.392847, 54.088146, 0.0 ], [ 23.562838, 55.88028, 0.0 ], [ 18.823402, 57.899754, 0.0 ], [ 14.63849, 59.948822, 0.0 ], [ 11.417676, 61.82703, 0.0 ], [ 9.476272, 63.350464, 0.0 ], [ 9.004352, 64.37018, 0.0 ], [ 10.048005, 64.785835, 0.0 ], [ 12.505167, 64.55732, 0.0 ], [ 16.135288, 63.70683, 0.0 ], [ 20.583076, 62.31749, 0.0 ], [ 25.412998, 60.52536, 0.0 ], [ 30.152391, 58.50584, 0.0 ], [ 34.337357, 56.45678, 0.0 ], [ 37.55824, 54.578503, 0.0 ], [ 39.499565, 53.05517, 0.0 ]] 
boundary 0: [[ 38.84584, 78.47443, 0.0 ], [ 38.462154, 77.418655, 0.0 ], [ 36.65743, 75.735466, 0.0 ], [ 33.607864, 73.59027, 0.0 ], [ 29.612186, 71.1929, 0.0 ], [ 25.061626, 68.7778, 0.0 ], [ 20.401493, 66.58174, 0.0 ], [ 16.087948, 64.81926, 0.0 ], [ 12.543258, 63.663387, 0.0 ], [ 10.114369, 63.226772, 0.0 ], [ 9.039133, 63.552418, 0.0 ], [ 9.422684, 64.60833, 0.0 ], [ 11.227599, 66.29135, 0.0 ], [ 14.277111, 68.4365, 0.0 ], [ 18.272684, 70.83395, 0.0 ], [ 22.823353, 73.24879, 0.0 ], [ 27.483465, 75.44509, 0.0 ], [ 31.797096, 77.20735, 0.0 ], [ 35.34172, 78.36363, 0.0 ], [ 37.77061, 78.79997, 0.0 ]] 
boundary 1: [[ 38.84584, 49.525673, 0.0 ], [ 37.770576, 49.199883, 0.0 ], [ 35.34176, 49.63649, 0.0 ], [ 31.797039, 50.79261, 0.0 ], [ 27.483507, 52.554916, 0.0 ], [ 22.823315, 54.751133, 0.0 ], [ 18.27269, 57.166153, 0.0 ], [ 14.2771015, 59.563534, 0.0 ], [ 11.227594, 61.708714, 0.0 ], [ 9.422714, 63.391674, 0.0 ], [ 9.039181, 64.447815, 0.0 ], [ 10.1143875, 64.77324, 0.0 ], [ 12.543233, 64.33669, 0.0 ], [ 16.087923, 63.18071, 0.0 ], [ 20.401512, 61.418327, 0.0 ], [ 25.061619, 59.222126, 0.0 ], [ 29.612196, 56.80705, 0.0 ], [ 33.607838, 54.409683, 0.0 ], [ 36.65741, 52.26442, 0.0 ], [ 38.462234, 50.581573, 0.0 ]] 
boundary 0: [[ 37.414, 81.03686, 0.0 ], [ 37.127647, 79.95065, 0.0 ], [ 35.483006, 78.11071, 0.0 ], [ 32.64056, 75.69779, 0.0 ], [ 28.878765, 72.947945, 0.0 ], [ 24.565979, 70.13009, 0.0 ], [ 20.124218, 67.52046, 0.0 ], [ 15.988285, 65.37405, 0.0 ], [ 12.56303, 63.901466, 0.0 ], [ 10.183749, 63.24638, 0.0 ], [ 9.08341, 63.473164, 0.0 ], [ 9.369617, 64.55952, 0.0 ], [ 11.014463, 66.39928, 0.0 ], [ 13.856865, 68.81215, 0.0 ], [ 17.618542, 71.56208, 0.0 ], [ 21.931458, 74.37967, 0.0 ], [ 26.373186, 76.98955, 0.0 ], [ 30.50922, 79.13576, 0.0 ], [ 33.934364, 80.608734, 0.0 ], [ 36.313683, 81.26355, 0.0 ]] 
boundary 1: [[ 37.41401, 46.963234, 0.0 ], [ 36.31363, 46.73631, 0.0 ], [ 33.934425, 47.391388, 0.0 ], [ 30.50916, 48.864204, 0.0 ], [ 26.373228, 51.01045, 0.0 ], [ 21.931412, 53.620255, 0.0 ], [ 17.61856, 56.438015, 0.0 ], [ 13.856857, 59.18788, 0.0 ], [ 11.014463, 61.600777, 0.0 ], [ 9.369648, 63.440487, 0.0 ], [ 9.083477, 64.52706, 0.0 ], [ 10.183767, 64.75363, 0.0 ], [ 12.563013, 64.0986, 0.0 ], [ 15.98826, 62.625927, 0.0 ], [ 20.12424, 60.479607, 0.0 ], [ 24.565971, 57.869827, 0.0 ], [ 28.878769, 55.052017, 0.0 ], [ 32.640526, 52.302155, 0.0 ], [ 35.482975, 49.889168, 0.0 ], [ 37.127747, 48.049576, 0.0 ]] 
boundary 0: [[ 35.71312, 83.515236, 0.0 ], [ 35.528862, 82.40713, 0.0 ], [ 34.06221, 80.42239, 0.0 ], [ 31.456116, 77.755936, 0.0 ], [ 27.96594, 74.66865, 0.0 ], [ 23.933472, 71.462456, 0.0 ], [ 19.75325, 68.45162, 0.0 ], [ 15.834518, 65.930405, 0.0 ], [ 12.560816, 64.1461, 0.0 ], [ 10.252651, 63.27289, 0.0 ], [ 9.136007, 63.39651, 0.0 ], [ 9.320096, 64.50474, 0.0 ], [ 10.786983, 66.48932, 0.0 ], [ 13.39303, 69.15571, 0.0 ], [ 16.883076, 72.243095, 0.0 ], [ 20.915695, 75.44901, 0.0 ], [ 25.095867, 78.46008, 0.0 ], [ 29.014713, 80.98113, 0.0 ], [ 32.288273, 82.76582, 0.0 ], [ 34.5965, 83.63876, 0.0 ]] 
boundary 1: [[ 35.713146, 44.484863, 0.0 ], [ 34.596428, 44.3611, 0.0 ], [ 32.288345, 45.234295, 0.0 ], [ 29.01465, 47.018837, 0.0 ], [ 25.095905, 49.539894, 0.0 ], [ 20.915642, 52.55091, 0.0 ], [ 16.883106, 55.757008, 0.0 ], [ 13.393025, 58.844326, 0.0 ], [ 10.786986, 61.510742, 0.0 ], [ 9.320126, 63.495247, 0.0 ], [ 9.136096, 64.60371, 0.0 ], [ 10.25267, 64.72712, 0.0 ], [ 12.560805, 63.853966, 0.0 ], [ 15.834492, 62.069572, 0.0 ], [ 19.75328, 59.54844, 0.0 ], [ 23.933455, 56.537457, 0.0 ], [ 27.965942, 53.33132, 0.0 ], [ 31.456076, 50.244, 0.0 ], [ 34.062157, 47.577477, 0.0 ], [ 35.528976, 45.5931, 0.0 ]] 
boundary 0: [[ 33.842537, 85.76673, 0.0 ], [ 33.759262, 84.6465, 0.0 ], [ 32.47811, 82.53726, 0.0 ], [ 30.12385, 79.64604, 0.0 ], [ 26.927189, 76.25576, 0.0 ], [ 23.201206, 72.69803, 0.0 ], [ 19.31041, 69.32147, 0.0 ], [ 15.635753, 66.45619, 0.0 ], [ 12.536835, 64.38314, 0.0 ], [ 10.317102, 63.30475, 0.0 ], [ 9.193852, 63.326878, 0.0 ], [ 9.276962, 64.44722, 0.0 ], [ 10.558355, 66.55632, 0.0 ], [ 12.912579, 69.447464, 0.0 ], [ 16.109108, 72.83783, 0.0 ], [ 19.835262, 76.39531, 0.0 ], [ 23.72598, 79.7721, 0.0 ], [ 27.400772, 82.63722, 0.0 ], [ 30.49951, 84.71065, 0.0 ], [ 32.719326, 85.788765, 0.0 ]] 
boundary 1: [[ 33.842575, 42.233368, 0.0 ], [ 32.719242, 42.211098, 0.0 ], [ 30.499598, 43.28945, 0.0 ], [ 27.400707, 45.362747, 0.0 ], [ 23.726017, 48.22788, 0.0 ], [ 19.835197, 51.60461, 0.0 ], [ 16.109146, 55.162262, 0.0 ], [ 12.912575, 58.552563, 0.0 ], [ 10.558364, 61.44374, 0.0 ], [ 9.276988, 63.552776, 0.0 ], [ 9.193961, 64.673325, 0.0 ], [ 10.317122, 64.69525, 0.0 ], [ 12.536831, 63.61694, 0.0 ], [ 15.635726, 61.543797, 0.0 ], [ 19.310444, 58.67858, 0.0 ], [ 23.20118, 55.30189, 0.0 ], [ 26.927185, 51.744205, 0.0 ], [ 30.123808, 48.353897, 0.0 ], [ 32.478058, 45.462612, 0.0 ], [ 33.75939, 43.35372, 0.0 ]] 
boundary 0: [[ 31.918085, 87.70886, 0.0 ], [ 31.929754, 86.585625, 0.0 ], [ 30.831383, 84.37568, 0.0 ], [ 28.729805, 81.2959, 0.0 ], [ 25.831003, 77.64767, 0.0 ], [ 22.418915, 73.78787, 0.0 ], [ 18.827295, 70.094666, 0.0 ], [ 15.407852, 66.929184, 0.0 ], [ 12.495155, 64.60173, 0.0 ], [ 10.374469, 63.339664, 0.0 ], [ 9.253365, 63.266804, 0.0 ], [ 9.241526, 64.39016, 0.0 ], [ 10.340151, 66.59999, 0.0 ], [ 12.441696, 69.67969, 0.0 ], [ 15.340363, 73.32799, 0.0 ], [ 18.75264, 77.187546, 0.0 ], [ 22.344158, 80.880974, 0.0 ], [ 25.763752, 84.046326, 0.0 ], [ 28.676237, 86.37413, 0.0 ], [ 30.797028, 87.63595, 0.0 ]] 
boundary 1: [[ 31.918137, 40.291214, 0.0 ], [ 30.796934, 40.36393, 0.0 ], [ 28.676334, 41.62596, 0.0 ], [ 25.763683, 43.95365, 0.0 ], [ 22.344193, 47.119, 0.0 ], [ 18.752571, 50.812374, 0.0 ], [ 15.3404045, 54.672096, 0.0 ], [ 12.441695, 58.32034, 0.0 ], [ 10.340163, 61.400074, 0.0 ], [ 9.241551, 63.60983, 0.0 ], [ 9.253491, 64.73339, 0.0 ], [ 10.374489, 64.66035, 0.0 ], [ 12.495159, 63.398354, 0.0 ], [ 15.407825, 61.07081, 0.0 ], [ 18.827335, 57.90538, 0.0 ], [ 22.41888, 54.21206, 0.0 ], [ 25.830997, 50.352303, 0.0 ], [ 28.729757, 46.704033, 0.0 ], [ 30.831316, 43.6242, 0.0 ], [ 31.929905, 41.41458, 0.0 ]] 
boundary 0: [[ 29.888908, 89.4404, 0.0 ], [ 29.993126, 88.32195, 0.0 ], [ 29.080656, 86.02898, 0.0 ], [ 27.24011, 82.78645, 0.0 ], [ 24.651897, 78.9117, 0.0 ], [ 21.569592, 74.78375, 0.0 ], [ 18.294636, 70.80705, 0.0 ], [ 15.147761, 67.37048, 0.0 ], [ 12.436834, 64.81087, 0.0 ], [ 10.4274, 63.378273, 0.0 ], [ 9.316118, 63.213257, 0.0 ], [ 9.21172, 64.331795, 0.0 ], [ 10.124443, 66.62467, 0.0 ], [ 11.964977, 69.86712, 0.0 ], [ 14.5530405, 73.74195, 0.0 ], [ 17.635555, 77.869644, 0.0 ], [ 20.91039, 81.84656, 0.0 ], [ 24.057426, 85.28301, 0.0 ], [ 26.768114, 87.84299, 0.0 ], [ 28.777676, 89.275314, 0.0 ]] 
boundary 1: [[ 29.888964, 38.559666, 0.0 ], [ 28.777575, 38.724564, 0.0 ], [ 26.76822, 40.15711, 0.0 ], [ 24.057356, 42.716965, 0.0 ], [ 20.910425, 46.153404, 0.0 ], [ 17.635483, 50.130276, 0.0 ], [ 14.55309, 54.258137, 0.0 ], [ 11.964976, 58.132904, 0.0 ], [ 10.124464, 61.375385, 0.0 ], [ 9.211744, 63.668175, 0.0 ], [ 9.316258, 64.78694, 0.0 ], [ 10.427421, 64.62173, 0.0 ], [ 12.436847, 63.189224, 0.0 ], [ 15.147735, 60.62951, 0.0 ], [ 18.294674, 57.19298, 0.0 ], [ 21.569555, 53.216164, 0.0 ], [ 24.651886, 49.088287, 0.0 ], [ 27.240055, 45.21349, 0.0 ], [ 29.080582, 41.9709, 0.0 ], [ 29.993294, 39.67825, 0.0 ]] 
boundary 0: [[ 27.759718, 90.97515, 0.0 ], [ 27.954308, 89.86883, 0.0 ], [ 27.230825, 87.50941, 0.0 ], [ 25.659344, 84.12828, 0.0 ], [ 23.393932, 80.05637, 0.0 ], [ 20.656595, 75.692024, 0.0 ], [ 17.714973, 71.46281, 0.0 ], [ 14.857206, 67.78232, 0.0 ], [ 12.362817, 65.011246, 0.0 ], [ 10.4762, 63.42039, 0.0 ], [ 9.381964, 63.16579, 0.0 ], [ 9.187187, 64.27216, 0.0 ], [ 9.91093, 66.63154, 0.0 ], [ 11.4824095, 70.012566, 0.0 ], [ 13.747662, 74.08455, 0.0 ], [ 16.485224, 78.44866, 0.0 ], [ 19.426708, 82.6781, 0.0 ], [ 22.284649, 86.358475, 0.0 ], [ 24.778769, 89.129875, 0.0 ], [ 26.665543, 90.720474, 0.0 ]] 
boundary 1: [[ 27.759777, 37.024918, 0.0 ], [ 26.66543, 37.279408, 0.0 ], [ 24.778889, 38.87021, 0.0 ], [ 22.28458, 41.641502, 0.0 ], [ 19.426743, 45.32187, 0.0 ], [ 16.485146, 49.55126, 0.0 ], [ 13.747719, 53.915527, 0.0 ], [ 11.482409, 57.98745, 0.0 ], [ 9.910954, 61.36853, 0.0 ], [ 9.187209, 63.7278, 0.0 ], [ 9.382119, 64.834404, 0.0 ], [ 10.476221, 64.5796, 0.0 ], [ 12.362838, 62.988842, 0.0 ], [ 14.857177, 60.21768, 0.0 ], [ 17.715021, 56.53724, 0.0 ], [ 20.656551, 52.30789, 0.0 ], [ 23.393917, 47.943615, 0.0 ], [ 25.659285, 43.871662, 0.0 ], [ 27.23074, 40.49047, 0.0 ], [ 27.954493, 38.131348, 0.0 ]] 
