boundary 0: [[ 26.544199, 91.74027, 0.0 ], [ 26.787903, 90.64357, 0.0 ], [ 26.169683, 88.25452, 0.0 ], [ 24.749897, 84.80694, 0.0 ], [ 22.66763, 80.638435, 0.0 ], [ 20.12674, 76.15687, 0.0 ], [ 17.375896, 71.80102, 0.0 ], [ 14.684326, 67.9973, 0.0 ], [ 12.315572, 65.11803, 0.0 ], [ 10.501488, 63.444996, 0.0 ], [ 9.419598, 63.142056, 0.0 ], [ 9.175873, 64.23877, 0.0 ], [ 9.794114, 66.627884, 0.0 ], [ 11.213875, 70.075424, 0.0 ], [ 13.296106, 74.24402, 0.0 ], [ 15.837065, 78.72548, 0.0 ], [ 18.587856, 83.081375, 0.0 ], [ 21.2794, 86.88507, 0.0 ], [ 23.648205, 89.764366, 0.0 ], [ 25.462238, 91.43743, 0.0 ]] 
boundary 1: [[ 26.54415, 36.259697, 0.0 ], [ 25.462318, 36.56263, 0.0 ], [ 23.648195, 38.23562, 0.0 ], [ 21.279396, 41.11495, 0.0 ], [ 18.587875, 44.918686, 0.0 ], [ 15.836998, 49.274452, 0.0 ], [ 13.296086, 53.75602, 0.0 ], [ 11.213847, 57.924572, 0.0 ], [ 9.794108, 61.372128, 0.0 ], [ 9.175861, 63.76121, 0.0 ], [ 9.419599, 64.85793, 0.0 ], [ 10.501445, 64.55496, 0.0 ], [ 12.315581, 62.881966, 0.0 ], [ 14.684324, 60.002693, 0.0 ], [ 17.375904, 56.198963, 0.0 ], [ 20.126755, 51.84317, 0.0 ], [ 22.667656, 47.361618, 0.0 ], [ 24.749916, 43.193047, 0.0 ], [ 26.169645, 39.74545, 0.0 ], [ 26.787886, 37.3564, 0.0 ]] 
boundary 0: [[ 29.561182, 89.69418, 0.0 ], [ 29.679886, 88.57703, 0.0 ], [ 28.796673, 86.272736, 0.0 ], [ 26.997835, 83.0069, 0.0 ], [ 24.459581, 79.09926, 0.0 ], [ 21.43038, 74.9322, 0.0 ], [ 18.206707, 70.913666, 0.0 ], [ 15.104082, 67.437096, 0.0 ], [ 12.426282, 64.84276, 0.0 ], [ 10.435405, 63.384563, 0.0 ], [ 9.326288, 63.205334, 0.0 ], [ 9.207565, 64.322525, 0.0 ], [ 10.090803, 66.626854, 0.0 ], [ 11.88961, 69.89267, 0.0 ], [ 14.427839, 73.80038, 0.0 ], [ 17.4571, 77.96735, 0.0 ], [ 20.68073, 81.985916, 0.0 ], [ 23.783321, 85.46246, 0.0 ], [ 26.461178, 88.05682, 0.0 ], [ 28.452005, 89.51507, 0.0 ]] 
boundary 1: [[ 29.561134, 38.305782, 0.0 ], [ 28.452078, 38.485016, 0.0 ], [ 26.461166, 39.94316, 0.0 ], [ 23.783314, 42.53755, 0.0 ], [ 20.680737, 46.01415, 0.0 ], [ 17.457043, 50.032585, 0.0 ], [ 14.427818, 54.199646, 0.0 ], [ 11.889582, 58.107323, 0.0 ], [ 10.090796, 61.373158, 0.0 ], [ 9.207554, 63.677467, 0.0 ], [ 9.326293, 64.79465, 0.0 ], [ 10.435365, 64.61538, 0.0 ], [ 12.426291, 63.157227, 0.0 ], [ 15.10408, 60.56289, 0.0 ], [ 18.206718, 57.086308, 0.0 ], [ 21.430386, 53.06785, 0.0 ], [ 24.459608, 48.90078, 0.0 ], [ 26.997854, 44.9931, 0.0 ], [ 28.796638, 41.727226, 0.0 ], [ 29.67987, 39.422947, 0.0 ]] 
boundary 0: [[ 32.600826, 87.05707, 0.0 ], [ 32.57984, 85.93381, 0.0 ], [ 31.417238, 83.75708, 0.0 ], [ 29.22666, 80.73999, 0.0 ], [ 26.222668, 77.1779, 0.0 ], [ 22.699305, 73.4194, 0.0 ], [ 19.001427, 69.83243, 0.0 ], [ 15.490983, 66.76818, 0.0 ], [ 12.511658, 64.52657, 0.0 ], [ 10.355067, 63.32696, 0.0 ], [ 9.23228, 63.286896, 0.0 ], [ 9.253249, 64.41018, 0.0 ], [ 10.415883, 66.58694, 0.0 ], [ 12.606432, 69.604034, 0.0 ], [ 15.610408, 73.16618, 0.0 ], [ 19.133816, 76.9246, 0.0 ], [ 22.831656, 80.5116, 0.0 ], [ 26.342066, 83.57582, 0.0 ], [ 29.321442, 85.817444, 0.0 ], [ 31.477991, 87.01711, 0.0 ]] 
boundary 1: [[ 32.600784, 40.942894, 0.0 ], [ 31.478056, 40.982967, 0.0 ], [ 29.321432, 42.18252, 0.0 ], [ 26.342052, 44.424187, 0.0 ], [ 22.831654, 47.488464, 0.0 ], [ 19.133766, 51.07534, 0.0 ], [ 15.610382, 54.83384, 0.0 ], [ 12.606403, 58.39596, 0.0 ], [ 10.415875, 61.41306, 0.0 ], [ 9.253239, 63.5898, 0.0 ], [ 9.232285, 64.71309, 0.0 ], [ 10.355036, 64.67298, 0.0 ], [ 12.51167, 63.473423, 0.0 ], [ 15.490981, 61.231804, 0.0 ], [ 19.001442, 58.167553, 0.0 ], [ 22.699306, 54.580647, 0.0 ], [ 26.222687, 50.822136, 0.0 ], [ 29.226679, 47.26001, 0.0 ], [ 31.417208, 44.242874, 0.0 ], [ 32.579834, 42.066154, 0.0 ]] 
boundary 0: [[ 35.963634, 83.17987, 0.0 ], [ 35.765175, 82.07408, 0.0 ], [ 34.272785, 80.108734, 0.0 ], [ 31.632406, 77.47627, 0.0 ], [ 28.10262, 74.43438, 0.0 ], [ 24.02893, 71.28076, 0.0 ], [ 19.810062, 68.32409, 0.0 ], [ 15.858984, 65.853905, 0.0 ], [ 12.562495, 64.11196, 0.0 ], [ 10.243258, 63.268707, 0.0 ], [ 9.128276, 63.40681, 0.0 ], [ 9.32672, 64.51263, 0.0 ], [ 10.819141, 66.478, 0.0 ], [ 13.459496, 69.11047, 0.0 ], [ 16.989275, 72.15241, 0.0 ], [ 21.062992, 75.30596, 0.0 ], [ 25.28183, 78.26265, 0.0 ], [ 29.232872, 80.73281, 0.0 ], [ 32.52941, 82.47476, 0.0 ], [ 34.84862, 83.318085, 0.0 ]] 
boundary 1: [[ 35.96359, 44.820087, 0.0 ], [ 34.848675, 44.682, 0.0 ], [ 32.529404, 45.525208, 0.0 ], [ 29.232859, 47.26719, 0.0 ], [ 25.281813, 49.73741, 0.0 ], [ 21.062956, 52.69397, 0.0 ], [ 16.989244, 55.84761, 0.0 ], [ 13.459467, 58.88953, 0.0 ], [ 10.819133, 61.522003, 0.0 ], [ 9.326714, 63.48736, 0.0 ], [ 9.128284, 64.59318, 0.0 ], [ 10.243237, 64.73124, 0.0 ], [ 12.562511, 63.888027, 0.0 ], [ 15.858985, 62.14607, 0.0 ], [ 19.810081, 59.6759, 0.0 ], [ 24.028927, 56.719303, 0.0 ], [ 28.102634, 53.565655, 0.0 ], [ 31.632427, 50.523724, 0.0 ], [ 34.272762, 47.891216, 0.0 ], [ 35.765167, 45.925873, 0.0 ]] 
boundary 0: [[ 38.680244, 78.80064, 0.0 ], [ 38.308624, 77.74043, 0.0 ], [ 36.52294, 76.03715, 0.0 ], [ 33.497856, 73.85761, 0.0 ], [ 29.52962, 71.41518, 0.0 ], [ 25.006638, 68.94883, 0.0 ], [ 20.371609, 66.699974, 0.0 ], [ 16.078262, 64.88892, 0.0 ], [ 12.546889, 63.692825, 0.0 ], [ 10.123137, 63.22876, 0.0 ], [ 9.044258, 63.542244, 0.0 ], [ 9.415869, 64.602486, 0.0 ], [ 11.201587, 66.305786, 0.0 ], [ 14.2266445, 68.485344, 0.0 ], [ 18.194881, 70.92785, 0.0 ], [ 22.717884, 73.39411, 0.0 ], [ 27.352882, 75.64296, 0.0 ], [ 31.6462, 77.454025, 0.0 ], [ 35.17762, 78.65011, 0.0 ], [ 37.601353, 79.11426, 0.0 ]] 
boundary 1: [[ 38.680206, 49.19931, 0.0 ], [ 37.601395, 48.885845, 0.0 ], [ 35.17762, 49.349857, 0.0 ], [ 31.646187, 50.545975, 0.0 ], [ 27.352856, 52.357082, 0.0 ], [ 22.717855, 54.60582, 0.0 ], [ 18.194849, 57.072178, 0.0 ], [ 14.226615, 59.514668, 0.0 ], [ 11.201578, 61.69421, 0.0 ], [ 9.415866, 63.39749, 0.0 ], [ 9.044268, 64.45774, 0.0 ], [ 10.123125, 64.771194, 0.0 ], [ 12.546906, 64.30717, 0.0 ], [ 16.078268, 63.111065, 0.0 ], [ 20.371628, 61.300007, 0.0 ], [ 25.006626, 59.051243, 0.0 ], [ 29.529627, 56.58487, 0.0 ], [ 33.49787, 54.14238, 0.0 ], [ 36.522926, 51.962803, 0.0 ], [ 38.30863, 50.25952, 0.0 ]] 
boundary 0: [[ 40.47163, 74.62341, 0.0 ], [ 39.955, 73.62579, 0.0 ], [ 37.948128, 72.189735, 0.0 ], [ 34.64731, 70.455925, 0.0 ], [ 30.37579, 68.59405, 0.0 ], [ 25.551655, 66.78629, 0.0 ], [ 20.647076, 65.20961, 0.0 ], [ 16.142197, 64.01847, 0.0 ], [ 12.477993, 63.329372, 0.0 ], [ 10.013117, 63.20976, 0.0 ], [ 8.988854, 63.671432, 0.0 ], [ 9.505464, 64.66908, 0.0 ], [ 11.5123825, 66.10517, 0.0 ], [ 14.813176, 67.839005, 0.0 ], [ 19.084705, 69.70094, 0.0 ], [ 23.908846, 71.508606, 0.0 ], [ 28.813393, 73.085304, 0.0 ], [ 33.318245, 74.27644, 0.0 ], [ 36.982506, 74.96554, 0.0 ], [ 39.44737, 75.08523, 0.0 ]] 
boundary 1: [[ 40.471592, 53.376526, 0.0 ], [ 39.447388, 52.914883, 0.0 ], [ 36.982506, 53.03444, 0.0 ], [ 33.318237, 53.723545, 0.0 ], [ 28.81336, 54.914738, 0.0 ], [ 23.908829, 56.491325, 0.0 ], [ 19.084671, 58.29908, 0.0 ], [ 14.813146, 60.161, 0.0 ], [ 11.512374, 61.89483, 0.0 ], [ 9.505464, 63.330883, 0.0 ], [ 8.988866, 64.32854, 0.0 ], [ 10.01311, 64.790184, 0.0 ], [ 12.478014, 64.67061, 0.0 ], [ 16.142208, 63.98151, 0.0 ], [ 20.647095, 62.790375, 0.0 ], [ 25.551636, 61.21376, 0.0 ], [ 30.375793, 59.405983, 0.0 ], [ 34.64733, 57.54407, 0.0 ], [ 37.94812, 55.81021, 0.0 ], [ 39.955025, 54.37416, 0.0 ]] 
boundary 0: [[ 41.400436, 71.43411, 0.0 ], [ 40.78418, 70.494774, 0.0 ], [ 38.640553, 69.272194, 0.0 ], [ 35.179276, 67.8862, 0.0 ], [ 30.73926, 66.472404, 0.0 ], [ 25.755106, 65.16915, 0.0 ], [ 20.714645, 64.104, 0.0 ], [ 16.111328, 63.381344, 0.0 ], [ 12.395758, 63.071835, 0.0 ], [ 9.931616, 63.205738, 0.0 ], [ 8.960128, 63.770077, 0.0 ], [ 9.57637, 64.70946, 0.0 ], [ 11.720038, 65.932045, 0.0 ], [ 15.181308, 67.31807, 0.0 ], [ 19.621328, 68.731926, 0.0 ], [ 24.60548, 70.035095, 0.0 ], [ 29.645914, 71.10026, 0.0 ], [ 34.249203, 71.82292, 0.0 ], [ 37.964825, 72.13242, 0.0 ], [ 40.42896, 71.99858, 0.0 ]] 
boundary 1: [[ 41.400406, 56.565823, 0.0 ], [ 40.428978, 56.001526, 0.0 ], [ 37.964825, 55.867558, 0.0 ], [ 34.249203, 56.17707, 0.0 ], [ 29.645876, 56.899773, 0.0 ], [ 24.605469, 57.964836, 0.0 ], [ 19.621294, 59.268093, 0.0 ], [ 15.181277, 60.68193, 0.0 ], [ 11.720031, 62.067947, 0.0 ], [ 9.576372, 63.290512, 0.0 ], [ 8.960142, 64.229904, 0.0 ], [ 9.931618, 64.794174, 0.0 ], [ 12.3957815, 64.92816, 0.0 ], [ 16.11134, 64.61864, 0.0 ], [ 20.714664, 63.895996, 0.0 ], [ 25.755081, 62.830906, 0.0 ], [ 30.739262, 61.52763, 0.0 ], [ 35.1793, 60.113804, 0.0 ], [ 38.640553, 58.727753, 0.0 ], [ 40.78421, 57.505184, 0.0 ]] 
boundary 0: [[ 41.76368, 69.681046, 0.0 ], [ 41.09638, 68.77726, 0.0 ], [ 38.88837, 67.6752, 0.0 ], [ 35.355682, 66.48291, 0.0 ], [ 30.844217, 65.317024, 0.0 ], [ 25.795567, 64.29164, 0.0 ], [ 20.703876, 63.5071, 0.0 ], [ 16.067617, 63.040348, 0.0 ], [ 12.3406105, 62.936962, 0.0 ], [ 9.887656, 63.207047, 0.0 ], [ 8.948893, 63.824303, 0.0 ], [ 9.616184, 64.72813, 0.0 ], [ 11.824237, 65.8302, 0.0 ], [ 15.3569145, 67.022514, 0.0 ], [ 19.868385, 68.18845, 0.0 ], [ 24.917025, 69.21376, 0.0 ], [ 30.008694, 69.99831, 0.0 ], [ 34.64492, 70.46507, 0.0 ], [ 38.37198, 70.56845, 0.0 ], [ 40.824932, 70.29843, 0.0 ]] 
boundary 1: [[ 41.76365, 58.318874, 0.0 ], [ 40.824947, 57.701683, 0.0 ], [ 38.37198, 57.431526, 0.0 ], [ 34.64492, 57.534912, 0.0 ], [ 30.008656, 58.001713, 0.0 ], [ 24.917023, 58.78617, 0.0 ], [ 19.868351, 59.811558, 0.0 ], [ 15.356884, 60.97748, 0.0 ], [ 11.824229, 62.169796, 0.0 ], [ 9.616188, 63.271847, 0.0 ], [ 8.948908, 64.175705, 0.0 ], [ 9.887665, 64.79287, 0.0 ], [ 12.340633, 65.063034, 0.0 ], [ 16.067633, 64.95963, 0.0 ], [ 20.703896, 64.4929, 0.0 ], [ 25.795544, 63.70841, 0.0 ], [ 30.844217, 62.683, 0.0 ], [ 35.355705, 61.517094, 0.0 ], [ 38.88837, 60.324738, 0.0 ], [ 41.09641, 59.22269, 0.0 ]] 
boundary 0: [[ 41.822006, 69.34397, 0.0 ], [ 41.145172, 68.447296, 0.0 ], [ 38.925636, 67.36866, 0.0 ], [ 35.380505, 66.213806, 0.0 ], [ 30.856983, 65.09571, 0.0 ], [ 25.79776, 64.12379, 0.0 ], [ 20.69806, 63.393177, 0.0 ], [ 16.057121, 62.975506, 0.0 ], [ 12.329229, 62.911552, 0.0 ], [ 9.87927, 63.207573, 0.0 ], [ 8.947088, 63.834724, 0.0 ], [ 9.623905, 64.73144, 0.0 ], [ 11.843495, 65.81008, 0.0 ], [ 15.388584, 66.964966, 0.0 ], [ 19.91214, 68.08311, 0.0 ], [ 24.97135, 69.05494, 0.0 ], [ 30.071024, 69.785576, 0.0 ], [ 34.71194, 70.20328, 0.0 ], [ 38.43988, 70.267204, 0.0 ], [ 40.889847, 69.97125, 0.0 ]] 
boundary 1: [[ 41.821976, 58.655952, 0.0 ], [ 40.889862, 58.028866, 0.0 ], [ 38.43988, 57.73277, 0.0 ], [ 34.71194, 57.796722, 0.0 ], [ 30.070986, 58.214447, 0.0 ], [ 24.97135, 58.94499, 0.0 ], [ 19.912106, 59.916904, 0.0 ], [ 15.388554, 61.03503, 0.0 ], [ 11.843488, 62.189896, 0.0 ], [ 9.623909, 63.26853, 0.0 ], [ 8.947104, 64.16526, 0.0 ], [ 9.879279, 64.79234, 0.0 ], [ 12.329252, 65.08845, 0.0 ], [ 16.057135, 65.024475, 0.0 ], [ 20.698078, 64.60682, 0.0 ], [ 25.797737, 63.876247, 0.0 ], [ 30.856983, 62.90431, 0.0 ], [ 35.380527, 61.786198, 0.0 ], [ 38.925636, 60.63128, 0.0 ], [ 41.145203, 59.552654, 0.0 ]] 
boundary 0: [[ 41.679306, 70.13506, 0.0 ], [ 41.024982, 69.221825, 0.0 ], [ 38.83294, 68.08835, 0.0 ], [ 35.31761, 66.84573, 0.0 ], [ 30.823278, 65.61553, 0.0 ], [ 25.78978, 64.518135, 0.0 ], [ 20.709814, 63.66097, 0.0 ], [ 16.0807, 63.12806, 0.0 ], [ 12.355546, 62.97145, 0.0 ], [ 9.898986, 63.206467, 0.0 ], [ 8.951501, 63.810257, 0.0 ], [ 9.605817, 64.72352, 0.0 ], [ 11.797908, 65.857, 0.0 ], [ 15.31319, 67.09965, 0.0 ], [ 19.807554, 68.32991, 0.0 ], [ 24.84105, 69.427216, 0.0 ], [ 29.92097, 70.28441, 0.0 ], [ 34.55007, 70.81735, 0.0 ], [ 38.27529, 70.97392, 0.0 ], [ 40.731827, 70.73898, 0.0 ]] 
boundary 1: [[ 41.679276, 57.86487, 0.0 ], [ 40.731846, 57.261143, 0.0 ], [ 38.27529, 57.026047, 0.0 ], [ 34.55008, 57.182655, 0.0 ], [ 29.920933, 57.71563, 0.0 ], [ 24.841043, 58.572712, 0.0 ], [ 19.80752, 59.6701, 0.0 ], [ 15.31316, 60.90033, 0.0 ], [ 11.797899, 62.14297, 0.0 ], [ 9.605821, 63.276443, 0.0 ], [ 8.951515, 64.18973, 0.0 ], [ 9.898993, 64.79343, 0.0 ], [ 12.355569, 65.02855, 0.0 ], [ 16.080711, 64.87192, 0.0 ], [ 20.709833, 64.33903, 0.0 ], [ 25.789759, 63.481903, 0.0 ], [ 30.823278, 62.3845, 0.0 ], [ 35.317635, 61.154278, 0.0 ], [ 38.83294, 59.91159, 0.0 ], [ 41.025005, 58.778114, 0.0 ]] 
boundary 0: [[ 41.326675, 71.73976, 0.0 ], [ 40.719593, 70.79448, 0.0 ], [ 38.58795, 69.5511, 0.0 ], [ 35.14028, 68.13154, 0.0 ], [ 30.714249, 66.67462, 0.0 ], [ 25.74299, 65.322945, 0.0 ], [ 20.713127, 64.20883, 0.0 ], [ 16.117058, 63.441456, 0.0 ], [ 12.404669, 63.09583, 0.0 ], [ 9.939341, 63.205734, 0.0 ], [ 8.962407, 63.760628, 0.0 ], [ 9.569486, 64.70595, 0.0 ], [ 11.701168, 65.94933, 0.0 ], [ 15.14879, 67.368935, 0.0 ], [ 19.57486, 68.82591, 0.0 ], [ 24.546112, 70.17749, 0.0 ], [ 29.575932, 71.29163, 0.0 ], [ 34.17198, 72.059044, 0.0 ], [ 37.884445, 72.40465, 0.0 ], [ 40.349747, 72.29479, 0.0 ]] 
boundary 1: [[ 41.326645, 56.260155, 0.0 ], [ 40.34977, 55.705338, 0.0 ], [ 37.884445, 55.59533, 0.0 ], [ 34.17199, 55.940968, 0.0 ], [ 29.575895, 56.708416, 0.0 ], [ 24.546103, 57.822437, 0.0 ], [ 19.574825, 59.1741, 0.0 ], [ 15.148758, 60.631042, 0.0 ], [ 11.7011595, 62.050648, 0.0 ], [ 9.5694895, 63.294018, 0.0 ], [ 8.962421, 64.23936, 0.0 ], [ 9.939341, 64.79414, 0.0 ], [ 12.404692, 64.90417, 0.0 ], [ 16.117067, 64.55851, 0.0 ], [ 20.713146, 63.79116, 0.0 ], [ 25.74297, 62.6771, 0.0 ], [ 30.714249, 61.32541, 0.0 ], [ 35.140305, 59.868477, 0.0 ], [ 38.587944, 58.448814, 0.0 ], [ 40.719616, 57.205456, 0.0 ]] 
boundary 0: [[ 40.718025, 73.88678, 0.0 ], [ 40.17759, 72.90187, 0.0 ], [ 38.136787, 71.51441, 0.0 ], [ 34.79525, 69.86043, 0.0 ], [ 30.480259, 68.101685, 0.0 ], [ 25.614079, 66.410324, 0.0 ], [ 20.673046, 64.95191, 0.0 ], [ 16.140854, 63.86933, 0.0 ], [ 12.461152, 63.26845, 0.0 ], [ 9.994113, 63.20804, 0.0 ], [ 8.981232, 63.69422, 0.0 ], [ 9.521656, 64.67918, 0.0 ], [ 11.562494, 66.066635, 0.0 ], [ 14.903984, 67.720665, 0.0 ], [ 19.219015, 69.47948, 0.0 ], [ 24.08519, 71.17073, 0.0 ], [ 29.026176, 72.62917, 0.0 ], [ 33.558357, 73.711784, 0.0 ], [ 37.23813, 74.312645, 0.0 ], [ 39.70514, 74.37311, 0.0 ]] 
boundary 1: [[ 40.71798, 54.113132, 0.0 ], [ 39.705166, 53.62703, 0.0 ], [ 37.23813, 53.68734, 0.0 ], [ 33.558365, 54.288223, 0.0 ], [ 29.02615, 55.370872, 0.0 ], [ 24.085182, 56.829193, 0.0 ], [ 19.21898, 58.52054, 0.0 ], [ 14.903952, 60.279312, 0.0 ], [ 11.562486, 61.93335, 0.0 ], [ 9.521658, 63.320793, 0.0 ], [ 8.981244, 64.305756, 0.0 ], [ 9.994104, 64.79184, 0.0 ], [ 12.461174, 64.731544, 0.0 ], [ 16.140865, 64.13064, 0.0 ], [ 20.673065, 63.048084, 0.0 ], [ 25.614058, 61.589733, 0.0 ], [ 30.480263, 59.89835, 0.0 ], [ 34.79528, 58.139587, 0.0 ], [ 38.13678, 56.485497, 0.0 ], [ 40.177605, 55.098053, 0.0 ]] 
boundary 0: [[ 39.748314, 76.5105, 0.0 ], [ 39.29502, 75.48257, 0.0 ], [ 37.381775, 73.92391, 0.0 ], [ 34.195698, 71.987305, 0.0 ], [ 30.048857, 69.86219, 0.0 ], [ 25.347069, 67.756584, 0.0 ], [ 20.550587, 65.87657, 0.0 ], [ 16.128914, 64.40633, 0.0 ], [ 12.514919, 63.489666, 0.0 ], [ 10.062332, 63.216255, 0.0 ], [ 9.011224, 63.613075, 0.0 ], [ 9.464495, 64.64105, 0.0 ], [ 11.377778, 66.19969, 0.0 ], [ 14.563805, 68.13635, 0.0 ], [ 18.710674, 70.26153, 0.0 ], [ 23.412464, 72.367035, 0.0 ], [ 28.208904, 74.24708, 0.0 ], [ 32.630554, 75.71736, 0.0 ], [ 36.244625, 76.634, 0.0 ], [ 38.697174, 76.90748, 0.0 ]] 
boundary 1: [[ 39.74826, 51.489414, 0.0 ], [ 38.697224, 51.092667, 0.0 ], [ 36.244625, 51.36598, 0.0 ], [ 32.63056, 52.28266, 0.0 ], [ 28.20889, 53.75297, 0.0 ], [ 23.412449, 55.632885, 0.0 ], [ 18.71064, 57.738483, 0.0 ], [ 14.563772, 59.863625, 0.0 ], [ 11.377768, 61.800274, 0.0 ], [ 9.464494, 63.358913, 0.0 ], [ 9.011235, 64.38691, 0.0 ], [ 10.062314, 64.78362, 0.0 ], [ 12.514942, 64.51033, 0.0 ], [ 16.128925, 63.59363, 0.0 ], [ 20.550606, 62.12341, 0.0 ], [ 25.347052, 60.24347, 0.0 ], [ 30.048862, 58.13783, 0.0 ], [ 34.19573, 56.0127, 0.0 ], [ 37.381763, 54.076004, 0.0 ], [ 39.295036, 52.517357, 0.0 ]] 
boundary 0: [[ 38.407784, 79.31832, 0.0 ], [ 38.0554, 78.25157, 0.0 ], [ 36.300823, 76.51624, 0.0 ], [ 33.315636, 74.282364, 0.0 ], [ 29.39226, 71.768486, 0.0 ], [ 24.914629, 69.22072, 0.0 ], [ 20.321056, 66.88838, 0.0 ], [ 16.06117, 64.99996, 0.0 ], [ 12.552018, 63.74016, 0.0 ], [ 10.137067, 63.23228, 0.0 ], [ 9.052683, 63.52624, 0.0 ], [ 9.405048, 64.59302, 0.0 ], [ 11.159659, 66.32834, 0.0 ], [ 14.144793, 68.56227, 0.0 ], [ 18.068192, 71.076195, 0.0 ], [ 22.545841, 73.62387, 0.0 ], [ 27.139366, 75.95623, 0.0 ], [ 31.399221, 77.84471, 0.0 ], [ 34.908455, 79.10446, 0.0 ], [ 37.323364, 79.61241, 0.0 ]] 
boundary 1: [[ 38.407722, 48.681602, 0.0 ], [ 37.323425, 48.387722, 0.0 ], [ 34.908455, 48.895504, 0.0 ], [ 31.39923, 50.155315, 0.0 ], [ 27.139353, 52.04382, 0.0 ], [ 22.545818, 54.37605, 0.0 ], [ 18.068157, 56.923817, 0.0 ], [ 14.144758, 59.437706, 0.0 ], [ 11.159648, 61.671623, 0.0 ], [ 9.4050455, 63.406948, 0.0 ], [ 9.052693, 64.47375, 0.0 ], [ 10.137035, 64.76759, 0.0 ], [ 12.552039, 64.25983, 0.0 ], [ 16.061178, 63.00001, 0.0 ], [ 20.321075, 61.11159, 0.0 ], [ 24.914621, 58.779335, 0.0 ], [ 29.392265, 56.231518, 0.0 ], [ 33.31567, 53.717648, 0.0 ], [ 36.300804, 51.483673, 0.0 ], [ 38.055405, 49.748352, 0.0 ]] 
boundary 0: [[ 36.696556, 82.14318, 0.0 ], [ 36.45484, 81.046036, 0.0 ], [ 34.886444, 79.140755, 0.0 ], [ 32.144707, 76.61403, 0.0 ], [ 28.498253, 73.71303, 0.0 ], [ 24.30389, 70.72177, 0.0 ], [ 19.972212, 67.933, 0.0 ], [ 15.927189, 65.619865, 0.0 ], [ 12.564865, 64.00866, 0.0 ], [ 10.21432, 63.25707, 0.0 ], [ 9.105607, 63.438873, 0.0 ], [ 9.347311, 64.53602, 0.0 ], [ 10.915739, 66.4413, 0.0 ], [ 13.65741, 68.9681, 0.0 ], [ 17.30389, 71.86913, 0.0 ], [ 21.49828, 74.860306, 0.0 ], [ 25.829908, 77.649086, 0.0 ], [ 29.874884, 79.96229, 0.0 ], [ 33.2373, 81.573456, 0.0 ], [ 35.5878, 82.3251, 0.0 ]] 
boundary 1: [[ 36.696487, 45.856766, 0.0 ], [ 35.587868, 45.67502, 0.0 ], [ 33.2373, 46.426514, 0.0 ], [ 29.874893, 48.037743, 0.0 ], [ 25.829899, 50.35096, 0.0 ], [ 21.498245, 53.139618, 0.0 ], [ 17.303856, 56.13087, 0.0 ], [ 13.6573715, 59.03188, 0.0 ], [ 10.915726, 61.558678, 0.0 ], [ 9.347301, 63.46393, 0.0 ], [ 9.105616, 64.56112, 0.0 ], [ 10.214276, 64.742805, 0.0 ], [ 12.564882, 63.99132, 0.0 ], [ 15.9271965, 62.38011, 0.0 ], [ 19.972227, 60.06697, 0.0 ], [ 24.303886, 57.27829, 0.0 ], [ 28.498259, 54.286972, 0.0 ], [ 32.144737, 51.385986, 0.0 ], [ 34.886414, 48.859142, 0.0 ], [ 36.454826, 46.953884, 0.0 ]] 
boundary 0: [[ 34.703964, 84.781265, 0.0 ], [ 34.575554, 83.66517, 0.0 ], [ 33.209915, 81.609695, 0.0 ], [ 30.740524, 78.8162, 0.0 ], [ 27.409365, 75.55801, 0.0 ], [ 23.542381, 72.15408, 0.0 ], [ 19.51812, 68.93757, 0.0 ], [ 15.730445, 66.223465, 0.0 ], [ 12.550224, 64.27734, 0.0 ], [ 10.288714, 63.289646, 0.0 ], [ 9.1672325, 63.35729, 0.0 ], [ 9.29564, 64.47337, 0.0 ], [ 10.66131, 66.52887, 0.0 ], [ 13.130629, 69.3224, 0.0 ], [ 16.461811, 72.580635, 0.0 ], [ 20.32883, 75.98449, 0.0 ], [ 24.353039, 79.20102, 0.0 ], [ 28.140663, 81.91518, 0.0 ], [ 31.320982, 83.861275, 0.0 ], [ 33.582436, 84.849, 0.0 ]] 
boundary 1: [[ 34.703896, 43.218693, 0.0 ], [ 33.58251, 43.1511, 0.0 ], [ 31.320978, 44.138695, 0.0 ], [ 28.140675, 46.08485, 0.0 ], [ 24.353037, 48.799034, 0.0 ], [ 20.328785, 52.01544, 0.0 ], [ 16.461777, 55.419365, 0.0 ], [ 13.130587, 58.67757, 0.0 ], [ 10.661295, 61.471123, 0.0 ], [ 9.295622, 63.526573, 0.0 ], [ 9.16724, 64.642715, 0.0 ], [ 10.288659, 64.71025, 0.0 ], [ 12.5502405, 63.722652, 0.0 ], [ 15.730451, 61.776516, 0.0 ], [ 19.518131, 59.062412, 0.0 ], [ 23.542377, 55.845978, 0.0 ], [ 27.40937, 52.441994, 0.0 ], [ 30.740555, 49.18381, 0.0 ], [ 33.20987, 46.390205, 0.0 ], [ 34.57553, 44.334755, 0.0 ]] 
boundary 0: [[ 32.49873, 87.15705, 0.0 ], [ 32.48271, 86.03369, 0.0 ], [ 31.329744, 83.851814, 0.0 ], [ 29.152466, 80.8251, 0.0 ], [ 26.164278, 77.24975, 0.0 ], [ 22.657553, 73.475746, 0.0 ], [ 18.975574, 69.872444, 0.0 ], [ 15.478687, 66.79274, 0.0 ], [ 12.509305, 64.53797, 0.0 ], [ 10.358055, 63.328796, 0.0 ], [ 9.235434, 63.28381, 0.0 ], [ 9.251448, 64.40714, 0.0 ], [ 10.404444, 66.58905, 0.0 ], [ 12.581645, 69.61579, 0.0 ], [ 15.56985, 73.1912, 0.0 ], [ 19.07662, 76.96514, 0.0 ], [ 22.758549, 80.56843, 0.0 ], [ 26.255375, 83.64819, 0.0 ], [ 29.224857, 85.902954, 0.0 ], [ 31.376043, 87.11214, 0.0 ]] 
boundary 1: [[ 32.498653, 40.842922, 0.0 ], [ 31.376137, 40.887947, 0.0 ], [ 29.22485, 42.097015, 0.0 ], [ 26.255388, 44.35183, 0.0 ], [ 22.758549, 47.431625, 0.0 ], [ 19.076572, 51.034798, 0.0 ], [ 15.569818, 54.808807, 0.0 ], [ 12.581601, 58.384186, 0.0 ], [ 10.4044285, 61.41094, 0.0 ], [ 9.251423, 63.592804, 0.0 ], [ 9.23544, 64.71619, 0.0 ], [ 10.357987, 64.671104, 0.0 ], [ 12.509319, 63.462017, 0.0 ], [ 15.478689, 61.207245, 0.0 ], [ 18.975584, 58.12753, 0.0 ], [ 22.657553, 54.524323, 0.0 ], [ 26.164282, 50.750256, 0.0 ], [ 29.152496, 47.174904, 0.0 ], [ 31.32968, 44.148094, 0.0 ], [ 32.482674, 41.96623, 0.0 ]] 
boundary 0: [[ 30.38561, 89.04296, 0.0 ], [ 30.467962, 87.92251, 0.0 ], [ 29.510363, 85.64812, 0.0 ], [ 27.606314, 82.44247, 0.0 ], [ 24.942478, 78.61933, 0.0 ], [ 21.779484, 74.552925, 0.0 ], [ 18.426964, 70.64123, 0.0 ], [ 15.213012, 67.2673, 0.0 ], [ 12.452341, 64.76133, 0.0 ], [ 10.415165, 63.36854, 0.0 ], [ 9.300788, 63.225483, 0.0 ], [ 9.218435, 64.3459, 0.0 ], [ 10.176061, 66.62034, 0.0 ], [ 12.08003, 69.826004, 0.0 ], [ 14.7438755, 73.649216, 0.0 ], [ 17.906925, 77.715546, 0.0 ], [ 21.259392, 81.627235, 0.0 ], [ 24.473282, 85.001205, 0.0 ], [ 27.23405, 87.50718, 0.0 ], [ 29.271162, 88.89998, 0.0 ]] 
boundary 1: [[ 30.385534, 38.95701, 0.0 ], [ 29.27127, 39.1001, 0.0 ], [ 27.234043, 40.492798, 0.0 ], [ 24.473297, 42.998817, 0.0 ], [ 21.259394, 46.372818, 0.0 ], [ 17.906874, 50.28439, 0.0 ], [ 14.743845, 54.350807, 0.0 ], [ 12.079985, 58.173973, 0.0 ], [ 10.176044, 61.379646, 0.0 ], [ 9.218403, 63.654037, 0.0 ], [ 9.300794, 64.774506, 0.0 ], [ 10.415088, 64.631355, 0.0 ], [ 12.452356, 63.238647, 0.0 ], [ 15.213012, 60.73267, 0.0 ], [ 18.426975, 57.35875, 0.0 ], [ 21.779491, 53.44715, 0.0 ], [ 24.942486, 49.380676, 0.0 ], [ 27.606344, 45.55754, 0.0 ], [ 29.510294, 42.351814, 0.0 ], [ 30.467918, 40.077415, 0.0 ]] 
boundary 0: [[ 28.47878, 90.486084, 0.0 ], [ 28.643726, 89.37476, 0.0 ], [ 27.856836, 87.03582, 0.0 ], [ 26.194923, 83.69822, 0.0 ], [ 23.820936, 79.68866, 0.0 ], [ 20.967136, 75.3996, 0.0 ], [ 17.912891, 71.250824, 0.0 ], [ 14.95709, 67.648575, 0.0 ], [ 12.389184, 64.94542, 0.0 ], [ 10.460518, 63.40588, 0.0 ], [ 9.359762, 63.180855, 0.0 ], [ 9.194826, 64.29212, 0.0 ], [ 9.9817295, 66.63111, 0.0 ], [ 11.643567, 69.968735, 0.0 ], [ 14.017557, 73.97837, 0.0 ], [ 16.87142, 78.26735, 0.0 ], [ 19.925617, 82.416115, 0.0 ], [ 22.881348, 86.018394, 0.0 ], [ 25.449352, 88.72156, 0.0 ], [ 27.377949, 90.26111, 0.0 ]] 
boundary 1: [[ 28.478704, 37.51389, 0.0 ], [ 27.378067, 37.738968, 0.0 ], [ 25.44934, 39.27842, 0.0 ], [ 22.881363, 41.98163, 0.0 ], [ 19.92562, 45.58394, 0.0 ], [ 16.871368, 49.732582, 0.0 ], [ 14.01753, 54.02166, 0.0 ], [ 11.643521, 58.031246, 0.0 ], [ 9.981712, 61.368874, 0.0 ], [ 9.194788, 63.70783, 0.0 ], [ 9.359765, 64.81914, 0.0 ], [ 10.460433, 64.594025, 0.0 ], [ 12.389198, 63.05455, 0.0 ], [ 14.9570875, 60.3514, 0.0 ], [ 17.912899, 56.749165, 0.0 ], [ 20.967144, 52.60048, 0.0 ], [ 23.820944, 48.31135, 0.0 ], [ 26.194954, 44.30179, 0.0 ], [ 27.856762, 40.96412, 0.0 ], [ 28.643675, 38.62516, 0.0 ]] 
boundary 0: [[ 26.232996, 91.92431, 0.0 ], [ 26.488964, 90.83037, 0.0 ], [ 25.897497, 88.43454, 0.0 ], [ 24.516296, 84.97133, 0.0 ], [ 22.480804, 80.77977, 0.0 ], [ 19.99017, 76.2701, 0.0 ], [ 17.288214, 71.88374, 0.0 ], [ 14.639324, 68.05016, 0.0 ], [ 12.302919, 65.14459, 0.0 ], [ 10.507686, 63.451344, 0.0 ], [ 9.429219, 63.136375, 0.0 ], [ 9.173264, 64.23027, 0.0 ], [ 9.764735, 66.62617, 0.0 ], [ 11.145868, 70.08936, 0.0 ], [ 13.181353, 74.281006, 0.0 ], [ 15.672055, 78.79059, 0.0 ], [ 18.373964, 83.17693, 0.0 ], [ 21.022781, 87.01053, 0.0 ], [ 23.359285, 89.91612, 0.0 ], [ 25.15445, 91.609375, 0.0 ]] 
boundary 1: [[ 26.232918, 36.07567, 0.0 ], [ 25.154575, 36.39068, 0.0 ], [ 23.359272, 38.083847, 0.0 ], [ 21.022802, 40.989487, 0.0 ], [ 18.373974, 44.82312, 0.0 ], [ 15.672001, 49.20935, 0.0 ], [ 13.181329, 53.719032, 0.0 ], [ 11.145823, 57.91061, 0.0 ], [ 9.764719, 61.37384, 0.0 ], [ 9.1732235, 63.76968, 0.0 ], [ 9.429221, 64.86362, 0.0 ], [ 10.507592, 64.54856, 0.0 ], [ 12.302931, 62.855373, 0.0 ], [ 14.639318, 59.949802, 0.0 ], [ 17.288221, 56.116234, 0.0 ], [ 19.990185, 51.729958, 0.0 ], [ 22.480816, 47.22025, 0.0 ], [ 24.51633, 43.02868, 0.0 ], [ 25.897423, 39.565422, 0.0 ], [ 26.488903, 37.169563, 0.0 ]] 
boundary 0: [[ 26.544498, 91.740135, 0.0 ], [ 26.788206, 90.6434, 0.0 ], [ 26.169962, 88.25434, 0.0 ], [ 24.750088, 84.80681, 0.0 ], [ 22.667814, 80.63829, 0.0 ], [ 20.126863, 76.156784, 0.0 ], [ 17.375986, 71.800934, 0.0 ], [ 14.684359, 67.99724, 0.0 ], [ 12.31558, 65.118004, 0.0 ], [ 10.50151, 63.44495, 0.0 ], [ 9.419585, 63.14207, 0.0 ], [ 9.175888, 64.23876, 0.0 ], [ 9.794137, 66.62789, 0.0 ], [ 11.2139435, 70.07541, 0.0 ], [ 13.296212, 74.24401, 0.0 ], [ 15.837229, 78.72543, 0.0 ], [ 18.588058, 83.08127, 0.0 ], [ 21.279615, 86.88498, 0.0 ], [ 23.64849, 89.76424, 0.0 ], [ 25.462494, 91.437294, 0.0 ]] 
boundary 1: [[ 26.54442, 36.25984, 0.0 ], [ 25.46262, 36.56276, 0.0 ], [ 23.64848, 38.23573, 0.0 ], [ 21.279636, 41.11504, 0.0 ], [ 18.58807, 44.918785, 0.0 ], [ 15.837175, 49.274506, 0.0 ], [ 13.296187, 53.756027, 0.0 ], [ 11.213898, 57.92456, 0.0 ], [ 9.794121, 61.372116, 0.0 ], [ 9.175849, 63.76119, 0.0 ], [ 9.419587, 64.85792, 0.0 ], [ 10.501417, 64.554955, 0.0 ], [ 12.315593, 62.881966, 0.0 ], [ 14.684353, 60.002724, 0.0 ], [ 17.375994, 56.199043, 0.0 ], [ 20.126877, 51.84328, 0.0 ], [ 22.667824, 47.36173, 0.0 ], [ 24.750122, 43.193203, 0.0 ], [ 26.169888, 39.74562, 0.0 ], [ 26.788145, 37.35653, 0.0 ]] 
boundary 0: [[ 29.561462, 89.694, 0.0 ], [ 29.680168, 88.57681, 0.0 ], [ 28.79693, 86.27254, 0.0 ], [ 26.998013, 83.006744, 0.0 ], [ 24.459747, 79.0991, 0.0 ], [ 21.430492, 74.9321, 0.0 ], [ 18.206787, 70.913574, 0.0 ], [ 15.104109, 67.437035, 0.0 ], [ 12.426287, 64.842735, 0.0 ], [ 10.43542, 63.384518, 0.0 ], [ 9.326278, 63.20535, 0.0 ], [ 9.20758, 64.32251, 0.0 ], [ 10.090828, 66.626854, 0.0 ], [ 11.889677, 69.892654, 0.0 ], [ 14.427944, 73.80037, 0.0 ], [ 17.457258, 77.967285, 0.0 ], [ 20.680914, 81.985794, 0.0 ], [ 23.783524, 85.46235, 0.0 ], [ 26.461445, 88.056656, 0.0 ], [ 28.452244, 89.51489, 0.0 ]] 
boundary 1: [[ 29.561386, 38.30596, 0.0 ], [ 28.452362, 38.485176, 0.0 ], [ 26.461433, 39.943302, 0.0 ], [ 23.783546, 42.537674, 0.0 ], [ 20.680916, 46.014267, 0.0 ], [ 17.457212, 50.03265, 0.0 ], [ 14.427916, 54.19967, 0.0 ], [ 11.889634, 58.107323, 0.0 ], [ 10.09081, 61.373146, 0.0 ], [ 9.207544, 63.67744, 0.0 ], [ 9.326283, 64.794624, 0.0 ], [ 10.435338, 64.61537, 0.0 ], [ 12.426303, 63.157227, 0.0 ], [ 15.104106, 60.562923, 0.0 ], [ 18.206799, 57.086395, 0.0 ], [ 21.430498, 53.067966, 0.0 ], [ 24.459755, 48.90092, 0.0 ], [ 26.998043, 44.99327, 0.0 ], [ 28.796862, 41.72741, 0.0 ], [ 29.68011, 39.423107, 0.0 ]] 
boundary 0: [[ 32.601086, 87.056854, 0.0 ], [ 32.580097, 85.93357, 0.0 ], [ 31.417473, 83.75684, 0.0 ], [ 29.226814, 80.73981, 0.0 ], [ 26.222813, 77.17771, 0.0 ], [ 22.699404, 73.41929, 0.0 ], [ 19.001495, 69.83232, 0.0 ], [ 15.491001, 66.76812, 0.0 ], [ 12.5116625, 64.52655, 0.0 ], [ 10.355078, 63.326912, 0.0 ], [ 9.232269, 63.28691, 0.0 ], [ 9.253262, 64.410164, 0.0 ], [ 10.415908, 66.58694, 0.0 ], [ 12.606497, 69.60402, 0.0 ], [ 15.61051, 73.16617, 0.0 ], [ 19.133965, 76.92451, 0.0 ], [ 22.831821, 80.51145, 0.0 ], [ 26.342249, 83.57569, 0.0 ], [ 29.321688, 85.81726, 0.0 ], [ 31.478205, 87.01691, 0.0 ]] 
boundary 1: [[ 32.601013, 40.943108, 0.0 ], [ 31.478315, 40.98318, 0.0 ], [ 29.321682, 42.182693, 0.0 ], [ 26.342268, 44.42433, 0.0 ], [ 22.831818, 47.4886, 0.0 ], [ 19.133926, 51.075424, 0.0 ], [ 15.610476, 54.83387, 0.0 ], [ 12.606457, 58.395966, 0.0 ], [ 10.41589, 61.413048, 0.0 ], [ 9.253235, 63.589775, 0.0 ], [ 9.232277, 64.713066, 0.0 ], [ 10.35501, 64.67297, 0.0 ], [ 12.511682, 63.473423, 0.0 ], [ 15.491005, 61.23184, 0.0 ], [ 19.001514, 58.16765, 0.0 ], [ 22.699402, 54.58078, 0.0 ], [ 26.222816, 50.8223, 0.0 ], [ 29.226843, 47.2602, 0.0 ], [ 31.417406, 44.243088, 0.0 ], [ 32.580055, 42.066345, 0.0 ]] 
boundary 0: [[ 35.96386, 83.17961, 0.0 ], [ 35.765385, 82.07381, 0.0 ], [ 34.272984, 80.10846, 0.0 ], [ 31.63253, 77.47606, 0.0 ], [ 28.102736, 74.43417, 0.0 ], [ 24.029007, 71.28061, 0.0 ], [ 19.81012, 68.32397, 0.0 ], [ 15.858988, 65.85384, 0.0 ], [ 12.562497, 64.11194, 0.0 ], [ 10.24326, 63.268654, 0.0 ], [ 9.128269, 63.40683, 0.0 ], [ 9.32673, 64.51261, 0.0 ], [ 10.819164, 66.47799, 0.0 ], [ 13.459555, 69.11044, 0.0 ], [ 16.98937, 72.15237, 0.0 ], [ 21.063133, 75.30585, 0.0 ], [ 25.281967, 78.2625, 0.0 ], [ 29.233036, 80.73267, 0.0 ], [ 32.529617, 82.47455, 0.0 ], [ 34.848793, 83.31786, 0.0 ]] 
boundary 1: [[ 35.96379, 44.820335, 0.0 ], [ 34.848885, 44.68226, 0.0 ], [ 32.52963, 45.525406, 0.0 ], [ 29.23305, 47.267365, 0.0 ], [ 25.28196, 49.737568, 0.0 ], [ 21.063103, 52.694084, 0.0 ], [ 16.989334, 55.84765, 0.0 ], [ 13.45952, 58.88954, 0.0 ], [ 10.819149, 61.522, 0.0 ], [ 9.326714, 63.48733, 0.0 ], [ 9.128278, 64.593155, 0.0 ], [ 10.243212, 64.731224, 0.0 ], [ 12.562523, 63.888027, 0.0 ], [ 15.859001, 62.146107, 0.0 ], [ 19.810144, 59.676, 0.0 ], [ 24.028994, 56.719444, 0.0 ], [ 28.102736, 53.565834, 0.0 ], [ 31.632557, 50.523945, 0.0 ], [ 34.272926, 47.891457, 0.0 ], [ 35.765358, 45.92611, 0.0 ]] 
boundary 0: [[ 38.68042, 78.800354, 0.0 ], [ 38.308792, 77.740135, 0.0 ], [ 36.52309, 76.03686, 0.0 ], [ 33.497948, 73.85738, 0.0 ], [ 29.529703, 71.41495, 0.0 ], [ 25.006691, 68.948654, 0.0 ], [ 20.371647, 66.69985, 0.0 ], [ 16.078259, 64.88886, 0.0 ], [ 12.546886, 63.692802, 0.0 ], [ 10.12313, 63.228706, 0.0 ], [ 9.044252, 63.542263, 0.0 ], [ 9.415876, 64.60247, 0.0 ], [ 11.201608, 66.30577, 0.0 ], [ 14.226696, 68.48528, 0.0 ], [ 18.194971, 70.92778, 0.0 ], [ 22.718002, 73.39399, 0.0 ], [ 27.352995, 75.642784, 0.0 ], [ 31.646341, 77.45387, 0.0 ], [ 35.177788, 78.649864, 0.0 ], [ 37.601494, 79.114006, 0.0 ]] 
boundary 1: [[ 38.68037, 49.199585, 0.0 ], [ 37.601562, 48.886127, 0.0 ], [ 35.177803, 49.35009, 0.0 ], [ 31.646341, 50.546177, 0.0 ], [ 27.352982, 52.35726, 0.0 ], [ 22.717989, 54.605953, 0.0 ], [ 18.194927, 57.07223, 0.0 ], [ 14.226666, 59.51468, 0.0 ], [ 11.201595, 61.694206, 0.0 ], [ 9.415869, 63.397465, 0.0 ], [ 9.044264, 64.45772, 0.0 ], [ 10.1231, 64.77117, 0.0 ], [ 12.546917, 64.307175, 0.0 ], [ 16.078274, 63.111115, 0.0 ], [ 20.371681, 61.300117, 0.0 ], [ 25.00667, 59.05139, 0.0 ], [ 29.529701, 56.585064, 0.0 ], [ 33.49797, 54.142616, 0.0 ], [ 36.523056, 51.96306, 0.0 ], [ 38.30877, 50.259792, 0.0 ]] 
boundary 0: [[ 40.471756, 74.62312, 0.0 ], [ 39.95513, 73.62549, 0.0 ], [ 37.948235, 72.18942, 0.0 ], [ 34.64737, 70.45567, 0.0 ], [ 30.375841, 68.59382, 0.0 ], [ 25.551685, 66.78612, 0.0 ], [ 20.647099, 65.20948, 0.0 ], [ 16.142185, 64.01841, 0.0 ], [ 12.477987, 63.32935, 0.0 ], [ 10.013102, 63.20971, 0.0 ], [ 8.988851, 63.671455, 0.0 ], [ 9.505468, 64.66907, 0.0 ], [ 11.512402, 66.105156, 0.0 ], [ 14.813219, 67.838936, 0.0 ], [ 19.084782, 69.700874, 0.0 ], [ 23.90895, 71.50847, 0.0 ], [ 28.813478, 73.08512, 0.0 ], [ 33.318367, 74.276276, 0.0 ], [ 36.982628, 74.96527, 0.0 ], [ 39.44747, 75.08495, 0.0 ]] 
boundary 1: [[ 40.47171, 53.376816, 0.0 ], [ 39.447525, 52.915184, 0.0 ], [ 36.982655, 53.034695, 0.0 ], [ 33.318356, 53.72377, 0.0 ], [ 28.81346, 54.914932, 0.0 ], [ 23.908947, 56.491474, 0.0 ], [ 19.08474, 58.29915, 0.0 ], [ 14.813197, 60.16101, 0.0 ], [ 11.512391, 61.89483, 0.0 ], [ 9.505471, 63.330856, 0.0 ], [ 8.988865, 64.328514, 0.0 ], [ 10.013089, 64.79016, 0.0 ], [ 12.478021, 64.670616, 0.0 ], [ 16.142204, 63.98156, 0.0 ], [ 20.647135, 62.790485, 0.0 ], [ 25.551659, 61.213913, 0.0 ], [ 30.37584, 59.406193, 0.0 ], [ 34.647392, 57.544308, 0.0 ], [ 37.94822, 55.810482, 0.0 ], [ 39.955124, 54.374447, 0.0 ]] 
boundary 0: [[ 41.40053, 71.43382, 0.0 ], [ 40.78427, 70.49445, 0.0 ], [ 38.640633, 69.271866, 0.0 ], [ 35.1793, 67.88594, 0.0 ], [ 30.739288, 66.472176, 0.0 ], [ 25.755121, 65.16897, 0.0 ], [ 20.714651, 64.10387, 0.0 ], [ 16.11131, 63.381283, 0.0 ], [ 12.395751, 63.07181, 0.0 ], [ 9.931596, 63.20569, 0.0 ], [ 8.960127, 63.7701, 0.0 ], [ 9.576373, 64.709435, 0.0 ], [ 11.7200575, 65.93203, 0.0 ], [ 15.181339, 67.318, 0.0 ], [ 19.621395, 68.73185, 0.0 ], [ 24.605566, 70.03494, 0.0 ], [ 29.64598, 71.10007, 0.0 ], [ 34.249313, 71.82273, 0.0 ], [ 37.96492, 72.13214, 0.0 ], [ 40.42904, 71.99831, 0.0 ]] 
boundary 1: [[ 41.400486, 56.566116, 0.0 ], [ 40.429085, 56.001842, 0.0 ], [ 37.964943, 55.86782, 0.0 ], [ 34.24929, 56.17731, 0.0 ], [ 29.645952, 56.899982, 0.0 ], [ 24.605568, 57.965004, 0.0 ], [ 19.621353, 59.26817, 0.0 ], [ 15.181325, 60.681942, 0.0 ], [ 11.720048, 62.067947, 0.0 ], [ 9.576383, 63.290485, 0.0 ], [ 8.960144, 64.22988, 0.0 ], [ 9.931599, 64.79415, 0.0 ], [ 12.395786, 64.92817, 0.0 ], [ 16.111328, 64.61868, 0.0 ], [ 20.71469, 63.896107, 0.0 ], [ 25.755087, 62.83106, 0.0 ], [ 30.739285, 61.527843, 0.0 ], [ 35.17932, 60.114044, 0.0 ], [ 38.640625, 58.72803, 0.0 ], [ 40.78428, 57.50548, 0.0 ]] 
boundary 0: [[ 41.76376, 69.68075, 0.0 ], [ 41.09645, 68.77693, 0.0 ], [ 38.888428, 67.67487, 0.0 ], [ 35.35569, 66.48265, 0.0 ], [ 30.84423, 65.316795, 0.0 ], [ 25.795574, 64.29146, 0.0 ], [ 20.703873, 63.50697, 0.0 ], [ 16.067596, 63.04029, 0.0 ], [ 12.340603, 62.936943, 0.0 ], [ 9.887635, 63.206997, 0.0 ], [ 8.948893, 63.824326, 0.0 ], [ 9.616187, 64.7281, 0.0 ], [ 11.824254, 65.83018, 0.0 ], [ 15.356943, 67.022446, 0.0 ], [ 19.86845, 68.18838, 0.0 ], [ 24.917103, 69.2136, 0.0 ], [ 30.008747, 69.99812, 0.0 ], [ 34.645027, 70.46488, 0.0 ], [ 38.37206, 70.56816, 0.0 ], [ 40.82499, 70.29815, 0.0 ]] 
boundary 1: [[ 41.763714, 58.319176, 0.0 ], [ 40.825035, 57.702007, 0.0 ], [ 38.37209, 57.431797, 0.0 ], [ 34.644997, 57.535156, 0.0 ], [ 30.008717, 58.001934, 0.0 ], [ 24.917109, 58.78634, 0.0 ], [ 19.868408, 59.811638, 0.0 ], [ 15.356932, 60.977497, 0.0 ], [ 11.824246, 62.1698, 0.0 ], [ 9.6161995, 63.27182, 0.0 ], [ 8.948911, 64.17568, 0.0 ], [ 9.887647, 64.79285, 0.0 ], [ 12.340639, 65.06304, 0.0 ], [ 16.067616, 64.95968, 0.0 ], [ 20.703915, 64.49301, 0.0 ], [ 25.79554, 63.70856, 0.0 ], [ 30.844227, 62.683216, 0.0 ], [ 35.355713, 61.517334, 0.0 ], [ 38.888428, 60.32502, 0.0 ], [ 41.09646, 59.222992, 0.0 ]] 
boundary 0: [[ 41.822075, 69.34367, 0.0 ], [ 41.14524, 68.44697, 0.0 ], [ 38.925682, 67.36833, 0.0 ], [ 35.380516, 66.21355, 0.0 ], [ 30.856993, 65.09548, 0.0 ], [ 25.797768, 64.123604, 0.0 ], [ 20.698055, 63.393047, 0.0 ], [ 16.057098, 62.97545, 0.0 ], [ 12.329222, 62.91153, 0.0 ], [ 9.879248, 63.207523, 0.0 ], [ 8.94709, 63.834747, 0.0 ], [ 9.623908, 64.731415, 0.0 ], [ 11.843513, 65.81006, 0.0 ], [ 15.388611, 66.9649, 0.0 ], [ 19.912205, 68.08303, 0.0 ], [ 24.971426, 69.05478, 0.0 ], [ 30.071077, 69.78539, 0.0 ], [ 34.712044, 70.20309, 0.0 ], [ 38.439957, 70.266914, 0.0 ], [ 40.889908, 69.97096, 0.0 ]] 
boundary 1: [[ 41.82203, 58.656254, 0.0 ], [ 40.889954, 58.029186, 0.0 ], [ 38.439987, 57.733044, 0.0 ], [ 34.712013, 57.796967, 0.0 ], [ 30.071045, 58.214664, 0.0 ], [ 24.971434, 58.945156, 0.0 ], [ 19.912163, 59.916985, 0.0 ], [ 15.388601, 61.035046, 0.0 ], [ 11.843505, 62.1899, 0.0 ], [ 9.62392, 63.268505, 0.0 ], [ 8.947107, 64.16524, 0.0 ], [ 9.879261, 64.79232, 0.0 ], [ 12.329258, 65.088455, 0.0 ], [ 16.057117, 65.02452, 0.0 ], [ 20.698097, 64.60693, 0.0 ], [ 25.797733, 63.8764, 0.0 ], [ 30.856989, 62.904526, 0.0 ], [ 35.38054, 61.786438, 0.0 ], [ 38.925682, 60.63156, 0.0 ], [ 41.14525, 59.552956, 0.0 ]] 
boundary 0: [[ 41.67938, 70.13476, 0.0 ], [ 41.025055, 69.22149, 0.0 ], [ 38.832985, 68.08803, 0.0 ], [ 35.31762, 66.845474, 0.0 ], [ 30.82329, 65.6153, 0.0 ], [ 25.789795, 64.51795, 0.0 ], [ 20.709816, 63.66084, 0.0 ], [ 16.080677, 63.128002, 0.0 ], [ 12.355539, 62.971428, 0.0 ], [ 9.898965, 63.206417, 0.0 ], [ 8.951501, 63.81028, 0.0 ], [ 9.605822, 64.723495, 0.0 ], [ 11.797925, 65.85698, 0.0 ], [ 15.313217, 67.09958, 0.0 ], [ 19.80762, 68.32984, 0.0 ], [ 24.841125, 69.427055, 0.0 ], [ 29.921032, 70.284225, 0.0 ], [ 34.55019, 70.81716, 0.0 ], [ 38.275368, 70.97364, 0.0 ], [ 40.73189, 70.73869, 0.0 ]] 
boundary 1: [[ 41.67933, 57.86517, 0.0 ], [ 40.73195, 57.261463, 0.0 ], [ 38.2754, 57.02632, 0.0 ], [ 34.55016, 57.1829, 0.0 ], [ 29.921, 57.71584, 0.0 ], [ 24.841133, 58.57288, 0.0 ], [ 19.807577, 59.670177, 0.0 ], [ 15.313208, 60.900345, 0.0 ], [ 11.797916, 62.142975, 0.0 ], [ 9.605832, 63.276417, 0.0 ], [ 8.951518, 64.189705, 0.0 ], [ 9.898974, 64.7934, 0.0 ], [ 12.355576, 65.02856, 0.0 ], [ 16.080696, 64.87196, 0.0 ], [ 20.709858, 64.33914, 0.0 ], [ 25.78976, 63.482056, 0.0 ], [ 30.823288, 62.384716, 0.0 ], [ 35.317642, 61.154522, 0.0 ], [ 38.832985, 59.911873, 0.0 ], [ 41.02506, 58.77842, 0.0 ]] 
boundary 0: [[ 41.326767, 71.73946, 0.0 ], [ 40.71968, 70.79416, 0.0 ], [ 38.58801, 69.55079, 0.0 ], [ 35.140312, 68.13128, 0.0 ], [ 30.71427, 66.67439, 0.0 ], [ 25.743011, 65.32276, 0.0 ], [ 20.713139, 64.2087, 0.0 ], [ 16.117035, 63.4414, 0.0 ], [ 12.404661, 63.095806, 0.0 ], [ 9.9393215, 63.205685, 0.0 ], [ 8.962405, 63.76065, 0.0 ], [ 9.569492, 64.705925, 0.0 ], [ 11.701186, 65.94931, 0.0 ], [ 15.14882, 67.36887, 0.0 ], [ 19.574924, 68.82585, 0.0 ], [ 24.546198, 70.17733, 0.0 ], [ 29.576002, 71.29145, 0.0 ], [ 34.172108, 72.05885, 0.0 ], [ 37.884537, 72.40436, 0.0 ], [ 40.349815, 72.2945, 0.0 ]] 
boundary 1: [[ 41.326706, 56.260452, 0.0 ], [ 40.349884, 55.70565, 0.0 ], [ 37.884567, 55.5956, 0.0 ], [ 34.172077, 55.941208, 0.0 ], [ 29.57598, 56.70862, 0.0 ], [ 24.546206, 57.8226, 0.0 ], [ 19.574883, 59.17417, 0.0 ], [ 15.148806, 60.631058, 0.0 ], [ 11.701177, 62.05065, 0.0 ], [ 9.569499, 63.29399, 0.0 ], [ 8.962421, 64.239334, 0.0 ], [ 9.9393215, 64.79412, 0.0 ], [ 12.404697, 64.90418, 0.0 ], [ 16.117054, 64.558556, 0.0 ], [ 20.713177, 63.791275, 0.0 ], [ 25.742977, 62.677254, 0.0 ], [ 30.714268, 61.325626, 0.0 ], [ 35.140335, 59.868717, 0.0 ], [ 38.58801, 58.449097, 0.0 ], [ 40.719673, 57.20576, 0.0 ]] 
boundary 0: [[ 40.718143, 73.88649, 0.0 ], [ 40.177696, 72.90155, 0.0 ], [ 38.13688, 71.51412, 0.0 ], [ 34.7953, 69.86017, 0.0 ], [ 30.480295, 68.101456, 0.0 ], [ 25.614107, 66.41014, 0.0 ], [ 20.673065, 64.95178, 0.0 ], [ 16.140837, 63.86927, 0.0 ], [ 12.461145, 63.26843, 0.0 ], [ 9.994099, 63.20799, 0.0 ], [ 8.981228, 63.694244, 0.0 ], [ 9.521666, 64.67915, 0.0 ], [ 11.562515, 66.06662, 0.0 ], [ 14.904017, 67.720604, 0.0 ], [ 19.219082, 69.479416, 0.0 ], [ 24.085287, 71.17059, 0.0 ], [ 29.02626, 72.629005, 0.0 ], [ 33.55848, 73.7116, 0.0 ], [ 37.238247, 74.31236, 0.0 ], [ 39.705223, 74.37282, 0.0 ]] 
boundary 1: [[ 40.718063, 54.11343, 0.0 ], [ 39.705303, 53.62733, 0.0 ], [ 37.238277, 53.687595, 0.0 ], [ 33.558453, 54.288452, 0.0 ], [ 29.026243, 55.37107, 0.0 ], [ 24.085295, 56.82935, 0.0 ], [ 19.21904, 58.520607, 0.0 ], [ 14.903999, 60.279324, 0.0 ], [ 11.562503, 61.933353, 0.0 ], [ 9.5216675, 63.320766, 0.0 ], [ 8.981241, 64.30573, 0.0 ], [ 9.994084, 64.79182, 0.0 ], [ 12.461181, 64.73156, 0.0 ], [ 16.140854, 64.130684, 0.0 ], [ 20.673103, 63.0482, 0.0 ], [ 25.614073, 61.589886, 0.0 ], [ 30.480295, 59.898567, 0.0 ], [ 34.795322, 58.13983, 0.0 ], [ 38.13687, 56.485775, 0.0 ], [ 40.17769, 55.09835, 0.0 ]] 
boundary 0: [[ 39.74844, 76.51021, 0.0 ], [ 39.29515, 75.48226, 0.0 ], [ 37.381886, 73.92363, 0.0 ], [ 34.195763, 71.98707, 0.0 ], [ 30.048912, 69.86197, 0.0 ], [ 25.347115, 67.75641, 0.0 ], [ 20.550613, 65.87645, 0.0 ], [ 16.12891, 64.40626, 0.0 ], [ 12.514915, 63.489643, 0.0 ], [ 10.062327, 63.216206, 0.0 ], [ 9.011218, 63.6131, 0.0 ], [ 9.464506, 64.64103, 0.0 ], [ 11.3778, 66.199684, 0.0 ], [ 14.563843, 68.13631, 0.0 ], [ 18.710747, 70.26147, 0.0 ], [ 23.41257, 72.36692, 0.0 ], [ 28.209005, 74.24692, 0.0 ], [ 32.63069, 75.71718, 0.0 ], [ 36.244766, 76.633736, 0.0 ], [ 38.697292, 76.90719, 0.0 ]] 
boundary 1: [[ 39.74836, 51.489708, 0.0 ], [ 38.69738, 51.092964, 0.0 ], [ 36.244797, 51.36622, 0.0 ], [ 32.630672, 52.282887, 0.0 ], [ 28.208994, 53.753166, 0.0 ], [ 23.412575, 55.633034, 0.0 ], [ 18.710705, 57.73855, 0.0 ], [ 14.56382, 59.863636, 0.0 ], [ 11.377785, 61.800274, 0.0 ], [ 9.464503, 63.358887, 0.0 ], [ 9.011228, 64.38689, 0.0 ], [ 10.062294, 64.78361, 0.0 ], [ 12.51495, 64.510345, 0.0 ], [ 16.128914, 63.59368, 0.0 ], [ 20.55065, 62.123524, 0.0 ], [ 25.347084, 60.243618, 0.0 ], [ 30.048914, 58.138046, 0.0 ], [ 34.195786, 56.01294, 0.0 ], [ 37.38187, 54.076263, 0.0 ], [ 39.295143, 52.51765, 0.0 ]] 
boundary 0: [[ 38.40795, 79.31804, 0.0 ], [ 38.055557, 78.25127, 0.0 ], [ 36.300957, 76.515976, 0.0 ], [ 33.31572, 74.28213, 0.0 ], [ 29.392336, 71.76827, 0.0 ], [ 24.914692, 69.22054, 0.0 ], [ 20.321096, 66.88826, 0.0 ], [ 16.061174, 64.99989, 0.0 ], [ 12.552017, 63.74014, 0.0 ], [ 10.137066, 63.232235, 0.0 ], [ 9.052674, 63.526264, 0.0 ], [ 9.405063, 64.592995, 0.0 ], [ 11.159684, 66.32833, 0.0 ], [ 14.144834, 68.56223, 0.0 ], [ 18.068266, 71.07613, 0.0 ], [ 22.545952, 73.623764, 0.0 ], [ 27.139482, 75.95608, 0.0 ], [ 31.399378, 77.84454, 0.0 ], [ 34.908615, 79.10423, 0.0 ], [ 37.323505, 79.61214, 0.0 ]] 
boundary 1: [[ 38.407856, 48.681892, 0.0 ], [ 37.323616, 48.387993, 0.0 ], [ 34.908638, 48.89572, 0.0 ], [ 31.399366, 50.155525, 0.0 ], [ 27.139475, 52.044006, 0.0 ], [ 22.545956, 54.37619, 0.0 ], [ 18.068226, 56.92388, 0.0 ], [ 14.144806, 59.437714, 0.0 ], [ 11.159664, 61.671616, 0.0 ], [ 9.405051, 63.40692, 0.0 ], [ 9.052683, 64.473724, 0.0 ], [ 10.137015, 64.76758, 0.0 ], [ 12.552049, 64.25984, 0.0 ], [ 16.061172, 63.00006, 0.0 ], [ 20.321127, 61.111702, 0.0 ], [ 24.914667, 58.77948, 0.0 ], [ 29.392338, 56.23173, 0.0 ], [ 33.315742, 53.717876, 0.0 ], [ 36.30094, 51.48393, 0.0 ], [ 38.05555, 49.748634, 0.0 ]] 
boundary 0: [[ 36.69676, 82.142914, 0.0 ], [ 36.455017, 81.04575, 0.0 ], [ 34.88661, 79.140526, 0.0 ], [ 32.14482, 76.6138, 0.0 ], [ 28.49835, 73.712814, 0.0 ], [ 24.303967, 70.721596, 0.0 ], [ 19.97226, 67.93288, 0.0 ], [ 15.927202, 65.6198, 0.0 ], [ 12.564865, 64.00864, 0.0 ], [ 10.214325, 63.257023, 0.0 ], [ 9.105597, 63.438892, 0.0 ], [ 9.347326, 64.53601, 0.0 ], [ 10.915766, 66.44129, 0.0 ], [ 13.657454, 68.96808, 0.0 ], [ 17.303968, 71.86908, 0.0 ], [ 21.4984, 74.86022, 0.0 ], [ 25.83004, 77.64894, 0.0 ], [ 29.875057, 79.96214, 0.0 ], [ 33.237488, 81.57324, 0.0 ], [ 35.58796, 82.324844, 0.0 ]] 
boundary 1: [[ 36.69665, 45.857033, 0.0 ], [ 35.588093, 45.67527, 0.0 ], [ 33.237495, 46.426716, 0.0 ], [ 29.87505, 48.03794, 0.0 ], [ 25.83004, 50.35113, 0.0 ], [ 21.4984, 53.13974, 0.0 ], [ 17.303926, 56.130928, 0.0 ], [ 13.657419, 59.031887, 0.0 ], [ 10.915742, 61.558666, 0.0 ], [ 9.347306, 63.4639, 0.0 ], [ 9.105602, 64.5611, 0.0 ], [ 10.214256, 64.7428, 0.0 ], [ 12.564896, 63.991337, 0.0 ], [ 15.927198, 62.380157, 0.0 ], [ 19.972282, 60.06708, 0.0 ], [ 24.303944, 57.278416, 0.0 ], [ 28.498352, 54.287186, 0.0 ], [ 32.144844, 51.386204, 0.0 ], [ 34.88658, 48.859386, 0.0 ], [ 36.455006, 46.954155, 0.0 ]] 
boundary 0: [[ 34.7042, 84.78101, 0.0 ], [ 34.575756, 83.6649, 0.0 ], [ 33.2101, 81.60948, 0.0 ], [ 30.74066, 78.81598, 0.0 ], [ 27.409481, 75.557816, 0.0 ], [ 23.542469, 72.153915, 0.0 ], [ 19.518173, 68.937454, 0.0 ], [ 15.730465, 66.2234, 0.0 ], [ 12.550225, 64.27732, 0.0 ], [ 10.288727, 63.2896, 0.0 ], [ 9.167219, 63.357307, 0.0 ], [ 9.295655, 64.473366, 0.0 ], [ 10.661338, 66.52886, 0.0 ], [ 13.130674, 69.32239, 0.0 ], [ 16.46189, 72.5806, 0.0 ], [ 20.328957, 75.98442, 0.0 ], [ 24.353191, 79.200874, 0.0 ], [ 28.140848, 81.91505, 0.0 ], [ 31.321184, 83.86107, 0.0 ], [ 33.58262, 84.84877, 0.0 ]] 
boundary 1: [[ 34.704094, 43.218933, 0.0 ], [ 33.582767, 43.151337, 0.0 ], [ 31.321188, 44.13888, 0.0 ], [ 28.14085, 46.085037, 0.0 ], [ 24.353191, 48.79919, 0.0 ], [ 20.328957, 52.01555, 0.0 ], [ 16.461847, 55.419415, 0.0 ], [ 13.130634, 58.677574, 0.0 ], [ 10.661311, 61.47111, 0.0 ], [ 9.295626, 63.526546, 0.0 ], [ 9.167224, 64.64269, 0.0 ], [ 10.28864, 64.71025, 0.0 ], [ 12.550255, 63.722668, 0.0 ], [ 15.730457, 61.77656, 0.0 ], [ 19.518194, 59.06252, 0.0 ], [ 23.542454, 55.846104, 0.0 ], [ 27.409483, 52.442192, 0.0 ], [ 30.740683, 49.184017, 0.0 ], [ 33.210068, 46.390438, 0.0 ], [ 34.575737, 44.335007, 0.0 ]] 
boundary 0: [[ 32.498985, 87.156815, 0.0 ], [ 32.482944, 86.03346, 0.0 ], [ 31.32995, 83.85162, 0.0 ], [ 29.15262, 80.824905, 0.0 ], [ 26.164412, 77.24957, 0.0 ], [ 22.657658, 73.475586, 0.0 ], [ 18.975636, 69.87233, 0.0 ], [ 15.478711, 66.79268, 0.0 ], [ 12.509307, 64.53795, 0.0 ], [ 10.35807, 63.32875, 0.0 ], [ 9.235419, 63.28383, 0.0 ], [ 9.251463, 64.407135, 0.0 ], [ 10.404471, 66.58905, 0.0 ], [ 12.581693, 69.615776, 0.0 ], [ 15.569931, 73.19117, 0.0 ], [ 19.076752, 76.96508, 0.0 ], [ 22.758713, 80.5683, 0.0 ], [ 26.255573, 83.64809, 0.0 ], [ 29.22508, 85.902756, 0.0 ], [ 31.376251, 87.11192, 0.0 ]] 
boundary 1: [[ 32.49888, 40.84314, 0.0 ], [ 31.376415, 40.88816, 0.0 ], [ 29.225079, 42.097183, 0.0 ], [ 26.255583, 44.351997, 0.0 ], [ 22.758717, 47.43176, 0.0 ], [ 19.076752, 51.03489, 0.0 ], [ 15.569889, 54.808846, 0.0 ], [ 12.581649, 58.384186, 0.0 ], [ 10.404443, 61.410927, 0.0 ], [ 9.251424, 63.592777, 0.0 ], [ 9.235424, 64.71616, 0.0 ], [ 10.357968, 64.671104, 0.0 ], [ 12.5093355, 63.462032, 0.0 ], [ 15.478702, 61.207287, 0.0 ], [ 18.975653, 58.127625, 0.0 ], [ 22.657642, 54.524433, 0.0 ], [ 26.164413, 50.75043, 0.0 ], [ 29.152643, 47.17509, 0.0 ], [ 31.329908, 44.1483, 0.0 ], [ 32.482918, 41.966454, 0.0 ]] 
boundary 0: [[ 30.385893, 89.04276, 0.0 ], [ 30.468218, 87.92231, 0.0 ], [ 29.510588, 85.647934, 0.0 ], [ 27.606487, 82.44227, 0.0 ], [ 24.94263, 78.619156, 0.0 ], [ 21.779602, 74.55277, 0.0 ], [ 18.427034, 70.64112, 0.0 ], [ 15.213039, 67.26725, 0.0 ], [ 12.452347, 64.76131, 0.0 ], [ 10.415183, 63.368496, 0.0 ], [ 9.300772, 63.225502, 0.0 ], [ 9.218451, 64.345894, 0.0 ], [ 10.176088, 66.620346, 0.0 ], [ 12.080078, 69.826004, 0.0 ], [ 14.7439575, 73.649185, 0.0 ], [ 17.907063, 77.7155, 0.0 ], [ 21.259563, 81.62712, 0.0 ], [ 24.473488, 85.00112, 0.0 ], [ 27.234293, 87.506996, 0.0 ], [ 29.271387, 88.899765, 0.0 ]] 
boundary 1: [[ 30.385782, 38.957207, 0.0 ], [ 29.271568, 39.100296, 0.0 ], [ 27.234285, 40.492943, 0.0 ], [ 24.473503, 42.998966, 0.0 ], [ 21.259575, 46.372936, 0.0 ], [ 17.907063, 50.284466, 0.0 ], [ 14.743919, 54.350838, 0.0 ], [ 12.080032, 58.173973, 0.0 ], [ 10.176058, 61.379635, 0.0 ], [ 9.218403, 63.65401, 0.0 ], [ 9.3007765, 64.77448, 0.0 ], [ 10.415069, 64.631355, 0.0 ], [ 12.452372, 63.238663, 0.0 ], [ 15.213028, 60.732708, 0.0 ], [ 18.42705, 57.35884, 0.0 ], [ 21.779587, 53.44725, 0.0 ], [ 24.942635, 49.380836, 0.0 ], [ 27.606508, 45.5577, 0.0 ], [ 29.510538, 42.351997, 0.0 ], [ 30.468178, 40.077614, 0.0 ]] 
boundary 0: [[ 28.479074, 90.48589, 0.0 ], [ 28.643993, 89.37459, 0.0 ], [ 27.857075, 87.035645, 0.0 ], [ 26.195114, 83.69804, 0.0 ], [ 23.821102, 79.68849, 0.0 ], [ 20.967257, 75.39945, 0.0 ], [ 17.912964, 71.25072, 0.0 ], [ 14.957122, 67.64852, 0.0 ], [ 12.389191, 64.9454, 0.0 ], [ 10.460539, 63.405834, 0.0 ], [ 9.359743, 63.180874, 0.0 ], [ 9.194841, 64.292114, 0.0 ], [ 9.981757, 66.63112, 0.0 ], [ 11.643615, 69.968735, 0.0 ], [ 14.017643, 73.97834, 0.0 ], [ 16.871561, 78.26731, 0.0 ], [ 19.92579, 82.416016, 0.0 ], [ 22.881561, 86.01833, 0.0 ], [ 25.449604, 88.72138, 0.0 ], [ 27.378193, 90.26092, 0.0 ]] 
boundary 1: [[ 28.478964, 37.514076, 0.0 ], [ 27.378376, 37.739136, 0.0 ], [ 25.449593, 39.27855, 0.0 ], [ 22.881577, 41.981754, 0.0 ], [ 19.925808, 45.58404, 0.0 ], [ 16.87156, 49.732643, 0.0 ], [ 14.017605, 54.021683, 0.0 ], [ 11.643569, 58.031242, 0.0 ], [ 9.981726, 61.368866, 0.0 ], [ 9.194787, 63.7078, 0.0 ], [ 9.359746, 64.819115, 0.0 ], [ 10.460414, 64.594025, 0.0 ], [ 12.389214, 63.054565, 0.0 ], [ 14.957106, 60.351433, 0.0 ], [ 17.91298, 56.749252, 0.0 ], [ 20.967243, 52.60057, 0.0 ], [ 23.821106, 48.3115, 0.0 ], [ 26.195133, 44.30194, 0.0 ], [ 27.857021, 40.964287, 0.0 ], [ 28.643948, 38.625343, 0.0 ]] 
boundary 0: [[ 26.233305, 91.92415, 0.0 ], [ 26.489244, 90.830215, 0.0 ], [ 25.89775, 88.43437, 0.0 ], [ 24.516499, 84.97116, 0.0 ], [ 22.480982, 80.77961, 0.0 ], [ 19.990303, 76.26997, 0.0 ], [ 17.288298, 71.88365, 0.0 ], [ 14.63936, 68.05011, 0.0 ], [ 12.302927, 65.14457, 0.0 ], [ 10.507711, 63.451298, 0.0 ], [ 9.429198, 63.13639, 0.0 ], [ 9.173279, 64.23026, 0.0 ], [ 9.764763, 66.626175, 0.0 ], [ 11.145916, 70.08936, 0.0 ], [ 13.181441, 74.280975, 0.0 ], [ 15.672199, 78.79055, 0.0 ], [ 18.374146, 83.17685, 0.0 ], [ 21.023, 87.01049, 0.0 ], [ 23.35955, 89.91598, 0.0 ], [ 25.154709, 91.609215, 0.0 ]] 
boundary 1: [[ 26.233194, 36.075836, 0.0 ], [ 25.154892, 36.390823, 0.0 ], [ 23.359533, 38.08395, 0.0 ], [ 21.023018, 40.98959, 0.0 ], [ 18.374172, 44.823208, 0.0 ], [ 15.672193, 49.209396, 0.0 ], [ 13.181405, 53.71904, 0.0 ], [ 11.14587, 57.910603, 0.0 ], [ 9.764731, 61.373833, 0.0 ], [ 9.173219, 63.769653, 0.0 ], [ 9.4292, 64.863594, 0.0 ], [ 10.507573, 64.54857, 0.0 ], [ 12.302946, 62.85539, 0.0 ], [ 14.639339, 59.949837, 0.0 ], [ 17.288307, 56.116318, 0.0 ], [ 19.990288, 51.730045, 0.0 ], [ 22.480986, 47.220383, 0.0 ], [ 24.516514, 43.028816, 0.0 ], [ 25.897694, 39.56556, 0.0 ], [ 26.489191, 37.169724, 0.0 ]] 
