boundary 0: [[ 37.435963, 81.00139, 0.0 ], [ 37.148342, 79.915405, 0.0 ], [ 35.50119, 78.07778, 0.0 ], [ 32.655663, 75.66849, 0.0 ], [ 28.890358, 72.92348, 0.0 ], [ 24.573893, 70.111305, 0.0 ], [ 20.128727, 67.50732, 0.0 ], [ 15.990021, 65.366295, 0.0 ], [ 12.5629, 63.89797, 0.0 ], [ 10.182802, 63.245983, 0.0 ], [ 9.082745, 63.474186, 0.0 ], [ 9.370368, 64.56028, 0.0 ], [ 11.017545, 66.39784, 0.0 ], [ 13.863046, 68.80705, 0.0 ], [ 17.628355, 71.55208, 0.0 ], [ 21.944782, 74.36428, 0.0 ], [ 26.389954, 76.96834, 0.0 ], [ 30.528646, 79.10932, 0.0 ], [ 33.955727, 80.57768, 0.0 ], [ 36.335876, 81.22958, 0.0 ]] 
boundary 1: [[ 37.435955, 46.99864, 0.0 ], [ 36.335876, 46.77039, 0.0 ], [ 33.955734, 47.422348, 0.0 ], [ 30.528667, 48.89073, 0.0 ], [ 26.389948, 51.031662, 0.0 ], [ 21.944786, 53.6357, 0.0 ], [ 17.628332, 56.44787, 0.0 ], [ 13.863055, 59.192955, 0.0 ], [ 11.017557, 61.602226, 0.0 ], [ 9.370378, 63.439785, 0.0 ], [ 9.082754, 64.525856, 0.0 ], [ 10.182796, 64.75397, 0.0 ], [ 12.562894, 64.10206, 0.0 ], [ 15.990034, 62.63369, 0.0 ], [ 20.12873, 60.49268, 0.0 ], [ 24.573889, 57.888702, 0.0 ], [ 28.890362, 55.076527, 0.0 ], [ 32.655617, 52.331432, 0.0 ], [ 35.501152, 49.92218, 0.0 ], [ 37.148354, 48.084637, 0.0 ]] 
boundary 0: [[ 38.07106, 79.928246, 0.0 ], [ 37.741783, 78.854164, 0.0 ], [ 36.024994, 77.08143, 0.0 ], [ 33.08868, 74.78365, 0.0 ], [ 29.220337, 72.18586, 0.0 ], [ 24.798649, 69.54222, 0.0 ], [ 20.256382, 67.11159, 0.0 ], [ 16.0382, 65.13173, 0.0 ], [ 12.557007, 63.79665, 0.0 ], [ 10.1535425, 63.236923, 0.0 ], [ 9.063103, 63.507378, 0.0 ], [ 9.392391, 64.5816, 0.0 ], [ 11.109197, 66.354256, 0.0 ], [ 14.045481, 68.651955, 0.0 ], [ 17.913834, 71.24974, 0.0 ], [ 22.335491, 73.89342, 0.0 ], [ 26.877764, 76.32413, 0.0 ], [ 31.09593, 78.30393, 0.0 ], [ 34.57708, 79.63908, 0.0 ], [ 36.980606, 80.1987, 0.0 ]] 
boundary 1: [[ 38.071053, 48.071777, 0.0 ], [ 36.980606, 47.801285, 0.0 ], [ 34.577087, 48.36097, 0.0 ], [ 31.095951, 49.69612, 0.0 ], [ 26.877758, 51.675865, 0.0 ], [ 22.335495, 54.106567, 0.0 ], [ 17.913815, 56.7502, 0.0 ], [ 14.04549, 59.34806, 0.0 ], [ 11.109207, 61.645817, 0.0 ], [ 9.392398, 63.4185, 0.0 ], [ 9.063108, 64.49267, 0.0 ], [ 10.153537, 64.76303, 0.0 ], [ 12.557, 64.203384, 0.0 ], [ 16.038216, 62.86825, 0.0 ], [ 20.256386, 60.88842, 0.0 ], [ 24.798645, 58.457787, 0.0 ], [ 29.22034, 55.81414, 0.0 ], [ 33.088642, 53.21628, 0.0 ], [ 36.024956, 50.918533, 0.0 ], [ 37.74179, 49.145874, 0.0 ]] 
boundary 0: [[ 38.962524, 78.2389, 0.0 ], [ 38.570396, 77.186134, 0.0 ], [ 36.75193, 75.517876, 0.0 ], [ 33.685055, 73.39751, 0.0 ], [ 29.670057, 71.03267, 0.0 ], [ 25.099987, 68.65474, 0.0 ], [ 20.42211, 66.496574, 0.0 ], [ 16.094376, 64.76926, 0.0 ], [ 12.540421, 63.642082, 0.0 ], [ 10.108098, 63.22525, 0.0 ], [ 9.035533, 63.55963, 0.0 ], [ 9.427678, 64.612526, 0.0 ], [ 11.246163, 66.28071, 0.0 ], [ 14.313005, 68.40102, 0.0 ], [ 18.328007, 70.76583, 0.0 ], [ 22.898064, 73.14379, 0.0 ], [ 27.575941, 75.30205, 0.0 ], [ 31.903658, 77.02931, 0.0 ], [ 35.45757, 78.15657, 0.0 ], [ 37.88994, 78.573265, 0.0 ]] 
boundary 1: [[ 38.962517, 49.761127, 0.0 ], [ 37.889946, 49.42672, 0.0 ], [ 35.457577, 49.84349, 0.0 ], [ 31.903673, 50.970753, 0.0 ], [ 27.575935, 52.697956, 0.0 ], [ 22.898067, 54.85619, 0.0 ], [ 18.327991, 57.234104, 0.0 ], [ 14.313015, 59.599003, 0.0 ], [ 11.246172, 61.719364, 0.0 ], [ 9.42768, 63.387573, 0.0 ], [ 9.035533, 64.440414, 0.0 ], [ 10.108096, 64.7747, 0.0 ], [ 12.540411, 64.35796, 0.0 ], [ 16.094393, 63.23072, 0.0 ], [ 20.422113, 61.503433, 0.0 ], [ 25.099983, 59.345257, 0.0 ], [ 29.670061, 56.96733, 0.0 ], [ 33.68502, 54.60244, 0.0 ], [ 36.751892, 52.482094, 0.0 ], [ 38.570404, 50.813904, 0.0 ]] 
boundary 0: [[ 39.924202, 76.08253, 0.0 ], [ 39.456306, 75.06118, 0.0 ], [ 37.520943, 73.530075, 0.0 ], [ 34.307507, 71.63915, 0.0 ], [ 30.13064, 69.57362, 0.0 ], [ 25.399223, 67.53553, 0.0 ], [ 20.576328, 65.72448, 0.0 ], [ 16.134083, 64.317604, 0.0 ], [ 12.507349, 63.45279, 0.0 ], [ 10.051094, 63.21456, 0.0 ], [ 9.005792, 63.626328, 0.0 ], [ 9.473724, 64.64779, 0.0 ], [ 11.409097, 66.178825, 0.0 ], [ 14.622492, 68.06967, 0.0 ], [ 18.799362, 70.135185, 0.0 ], [ 23.530767, 72.17331, 0.0 ], [ 28.35367, 73.984436, 0.0 ], [ 32.79589, 75.39128, 0.0 ], [ 36.422585, 76.256195, 0.0 ], [ 38.878883, 76.49426, 0.0 ]] 
boundary 1: [[ 39.924194, 51.917503, 0.0 ], [ 38.87889, 51.50571, 0.0 ], [ 36.42259, 51.74387, 0.0 ], [ 32.795906, 52.60878, 0.0 ], [ 28.353664, 54.01556, 0.0 ], [ 23.530773, 55.82667, 0.0 ], [ 18.799349, 57.864742, 0.0 ], [ 14.622501, 59.93035, 0.0 ], [ 11.409102, 61.82125, 0.0 ], [ 9.4737215, 63.352306, 0.0 ], [ 9.005786, 64.37373, 0.0 ], [ 10.051098, 64.785385, 0.0 ], [ 12.507339, 64.547264, 0.0 ], [ 16.134104, 63.682373, 0.0 ], [ 20.576332, 62.27551, 0.0 ], [ 25.39922, 60.464455, 0.0 ], [ 30.130646, 58.42637, 0.0 ], [ 34.307487, 56.36078, 0.0 ], [ 37.520905, 54.469894, 0.0 ], [ 39.456306, 52.93885, 0.0 ]] 
boundary 0: [[ 40.7237, 73.86882, 0.0 ], [ 40.18274, 72.8842, 0.0 ], [ 38.14113, 71.49795, 0.0 ], [ 34.798645, 69.84578, 0.0 ], [ 30.482584, 68.08959, 0.0 ], [ 25.61544, 66.40109, 0.0 ], [ 20.67358, 64.94568, 0.0 ], [ 16.14076, 63.865685, 0.0 ], [ 12.460723, 63.266994, 0.0 ], [ 9.993645, 63.208076, 0.0 ], [ 8.981067, 63.694794, 0.0 ], [ 9.522066, 64.67951, 0.0 ], [ 11.563686, 66.0657, 0.0 ], [ 14.90612, 67.717766, 0.0 ], [ 19.22218, 69.47397, 0.0 ], [ 24.089315, 71.16249, 0.0 ], [ 29.031185, 72.61798, 0.0 ], [ 33.56398, 73.69795, 0.0 ], [ 37.243988, 74.29674, 0.0 ], [ 39.711098, 74.355484, 0.0 ]] 
boundary 1: [[ 40.723694, 54.131226, 0.0 ], [ 39.711105, 53.644478, 0.0 ], [ 37.243988, 53.703316, 0.0 ], [ 33.563995, 54.302113, 0.0 ], [ 29.03118, 55.38201, 0.0 ], [ 24.08932, 56.83748, 0.0 ], [ 19.222168, 58.52596, 0.0 ], [ 14.906128, 60.282246, 0.0 ], [ 11.563687, 61.934383, 0.0 ], [ 9.522057, 63.32058, 0.0 ], [ 8.981054, 64.305275, 0.0 ], [ 9.993652, 64.79187, 0.0 ], [ 12.460707, 64.73306, 0.0 ], [ 16.14078, 64.1343, 0.0 ], [ 20.673584, 63.054314, 0.0 ], [ 25.615437, 61.5989, 0.0 ], [ 30.48259, 59.910408, 0.0 ], [ 34.79863, 58.15413, 0.0 ], [ 38.14109, 56.502018, 0.0 ], [ 40.18274, 55.11583, 0.0 ]] 
boundary 0: [[ 41.237232, 72.09361, 0.0 ], [ 40.640896, 71.1415, 0.0 ], [ 38.523422, 69.87416, 0.0 ], [ 35.09201, 68.41564, 0.0 ], [ 30.682665, 66.90892, 0.0 ], [ 25.726997, 65.501236, 0.0 ], [ 20.710068, 64.33054, 0.0 ], [ 16.122948, 63.51126, 0.0 ], [ 12.414718, 63.123795, 0.0 ], [ 9.948303, 63.20592, 0.0 ], [ 8.965185, 63.749695, 0.0 ], [ 9.561559, 64.7019, 0.0 ], [ 11.679037, 65.969185, 0.0 ], [ 15.110397, 67.42759, 0.0 ], [ 19.519741, 68.93435, 0.0 ], [ 24.475395, 70.34204, 0.0 ], [ 29.492348, 71.512825, 0.0 ], [ 34.079426, 72.33207, 0.0 ], [ 37.787643, 72.71963, 0.0 ], [ 40.25409, 72.63734, 0.0 ]] 
boundary 1: [[ 41.237225, 55.906425, 0.0 ], [ 40.254097, 55.362625, 0.0 ], [ 37.787636, 55.280403, 0.0 ], [ 34.07944, 55.667995, 0.0 ], [ 29.492342, 56.487164, 0.0 ], [ 24.475399, 57.657925, 0.0 ], [ 19.519733, 59.065575, 0.0 ], [ 15.110403, 60.572414, 0.0 ], [ 11.679036, 62.0309, 0.0 ], [ 9.561544, 63.29819, 0.0 ], [ 8.965169, 64.25038, 0.0 ], [ 9.948315, 64.794014, 0.0 ], [ 12.4147, 64.87625, 0.0 ], [ 16.122967, 64.488716, 0.0 ], [ 20.710072, 63.669453, 0.0 ], [ 25.726994, 62.498753, 0.0 ], [ 30.68267, 61.091087, 0.0 ], [ 35.092003, 59.58425, 0.0 ], [ 38.52339, 58.125797, 0.0 ], [ 40.640896, 56.85852, 0.0 ]] 
boundary 0: [[ 41.50029, 70.99772, 0.0 ], [ 40.87112, 70.06696, 0.0 ], [ 38.710777, 68.87421, 0.0 ], [ 35.23062, 67.536156, 0.0 ], [ 30.771435, 66.18401, 0.0 ], [ 25.769718, 64.9499, 0.0 ], [ 20.715042, 63.954765, 0.0 ], [ 16.102154, 63.29584, 0.0 ], [ 12.382673, 63.03785, 0.0 ], [ 9.920619, 63.205883, 0.0 ], [ 8.957048, 63.78359, 0.0 ], [ 9.586247, 64.71443, 0.0 ], [ 11.746604, 65.90715, 0.0 ], [ 15.2267065, 67.2451, 0.0 ], [ 19.685883, 68.59725, 0.0 ], [ 24.687588, 69.8314, 0.0 ], [ 29.742294, 70.82661, 0.0 ], [ 34.35514, 71.4855, 0.0 ], [ 38.074615, 71.74359, 0.0 ], [ 40.53669, 71.575386, 0.0 ]] 
boundary 1: [[ 41.500282, 57.00231, 0.0 ], [ 40.536697, 56.424576, 0.0 ], [ 38.0746, 56.25645, 0.0 ], [ 34.355156, 56.51457, 0.0 ], [ 29.742289, 57.173378, 0.0 ], [ 24.687592, 58.168587, 0.0 ], [ 19.685879, 59.402668, 0.0 ], [ 15.226712, 60.75493, 0.0 ], [ 11.746601, 62.09294, 0.0 ], [ 9.586228, 63.285664, 0.0 ], [ 8.957032, 64.21649, 0.0 ], [ 9.920631, 64.79406, 0.0 ], [ 12.382654, 64.9622, 0.0 ], [ 16.102177, 64.70413, 0.0 ], [ 20.715046, 64.045235, 0.0 ], [ 25.769714, 63.050095, 0.0 ], [ 30.77144, 61.815994, 0.0 ], [ 35.230614, 60.463734, 0.0 ], [ 38.710747, 59.125755, 0.0 ], [ 40.87112, 57.93305, 0.0 ]] 
boundary 0: [[ 41.593178, 70.56467, 0.0 ], [ 40.951317, 69.64263, 0.0 ], [ 38.77484, 68.47956, 0.0 ], [ 35.27668, 67.189316, 0.0 ], [ 30.799397, 65.89837, 0.0 ], [ 25.781242, 64.73289, 0.0 ], [ 20.71341, 63.80709, 0.0 ], [ 16.091932, 63.211414, 0.0 ], [ 12.369265, 63.00439, 0.0 ], [ 9.909744, 63.206127, 0.0 ], [ 8.954176, 63.796978, 0.0 ], [ 9.596066, 64.719124, 0.0 ], [ 11.772556, 65.88214, 0.0 ], [ 15.27066, 67.17229, 0.0 ], [ 19.747942, 68.46324, 0.0 ], [ 24.766083, 69.62875, 0.0 ], [ 29.833952, 70.554634, 0.0 ], [ 34.455383, 71.150276, 0.0 ], [ 38.178024, 71.3574, 0.0 ], [ 40.63758, 71.15547, 0.0 ]] 
boundary 1: [[ 41.59317, 57.435364, 0.0 ], [ 40.63759, 56.844482, 0.0 ], [ 38.17801, 56.642647, 0.0 ], [ 34.4554, 56.84979, 0.0 ], [ 29.833946, 57.445354, 0.0 ], [ 24.766087, 58.37123, 0.0 ], [ 19.747942, 59.536682, 0.0 ], [ 15.270664, 60.82774, 0.0 ], [ 11.772553, 62.11796, 0.0 ], [ 9.596046, 63.280975, 0.0 ], [ 8.954159, 64.20311, 0.0 ], [ 9.909757, 64.79381, 0.0 ], [ 12.369246, 64.99565, 0.0 ], [ 16.091955, 64.78856, 0.0 ], [ 20.713413, 64.1929, 0.0 ], [ 25.781239, 63.267105, 0.0 ], [ 30.799402, 62.10163, 0.0 ], [ 35.276672, 60.810574, 0.0 ], [ 38.77481, 59.520393, 0.0 ], [ 40.951317, 58.357388, 0.0 ]] 
boundary 0: [[ 41.573944, 70.65676, 0.0 ], [ 40.93477, 69.73287, 0.0 ], [ 38.761692, 68.563446, 0.0 ], [ 35.267296, 67.26305, 0.0 ], [ 30.793785, 65.959076, 0.0 ], [ 25.779045, 64.77899, 0.0 ], [ 20.713928, 63.838467, 0.0 ], [ 16.0942, 63.229355, 0.0 ], [ 12.372152, 63.011475, 0.0 ], [ 9.912056, 63.206062, 0.0 ], [ 8.954772, 63.794113, 0.0 ], [ 9.593976, 64.718155, 0.0 ], [ 11.767071, 65.88748, 0.0 ], [ 15.261406, 67.18778, 0.0 ], [ 19.734913, 68.49176, 0.0 ], [ 24.749641, 69.671906, 0.0 ], [ 29.814795, 70.61251, 0.0 ], [ 34.43448, 71.22162, 0.0 ], [ 38.1565, 71.43958, 0.0 ], [ 40.616634, 71.244804, 0.0 ]] 
boundary 1: [[ 41.573936, 57.343273, 0.0 ], [ 40.616642, 56.755154, 0.0 ], [ 38.156487, 56.56049, 0.0 ], [ 34.434494, 56.778465, 0.0 ], [ 29.814789, 57.38747, 0.0 ], [ 24.749645, 58.328083, 0.0 ], [ 19.734913, 59.508133, 0.0 ], [ 15.26141, 60.812214, 0.0 ], [ 11.767068, 62.112617, 0.0 ], [ 9.593956, 63.281948, 0.0 ], [ 8.954756, 64.20597, 0.0 ], [ 9.912068, 64.79384, 0.0 ], [ 12.372133, 64.98854, 0.0 ], [ 16.094223, 64.77062, 0.0 ], [ 20.713932, 64.16152, 0.0 ], [ 25.779041, 63.22099, 0.0 ], [ 30.79379, 62.04092, 0.0 ], [ 35.26729, 60.736843, 0.0 ], [ 38.76166, 59.436474, 0.0 ], [ 40.93477, 58.26715, 0.0 ]] 
boundary 0: [[ 41.467278, 71.14491, 0.0 ], [ 40.842476, 70.211266, 0.0 ], [ 38.687733, 69.00839, 0.0 ], [ 35.213844, 67.65414, 0.0 ], [ 30.76101, 66.281204, 0.0 ], [ 25.765106, 65.02377, 0.0 ], [ 20.715141, 64.00509, 0.0 ], [ 16.105371, 63.32465, 0.0 ], [ 12.3871355, 63.049282, 0.0 ], [ 9.924328, 63.20583, 0.0 ], [ 8.958072, 63.77902, 0.0 ], [ 9.582919, 64.71283, 0.0 ], [ 11.737683, 65.9156, 0.0 ], [ 15.211505, 67.26974, 0.0 ], [ 19.664324, 68.64269, 0.0 ], [ 24.660221, 69.900185, 0.0 ], [ 29.710232, 70.91896, 0.0 ], [ 34.31993, 71.59939, 0.0 ], [ 38.038155, 71.87483, 0.0 ], [ 40.50101, 71.71808, 0.0 ]] 
boundary 1: [[ 41.46727, 56.855114, 0.0 ], [ 40.50102, 56.281857, 0.0 ], [ 38.03814, 56.125233, 0.0 ], [ 34.319946, 56.4007, 0.0 ], [ 29.710226, 57.08102, 0.0 ], [ 24.660223, 58.0998, 0.0 ], [ 19.664322, 59.357193, 0.0 ], [ 15.211509, 60.73026, 0.0 ], [ 11.73768, 62.084515, 0.0 ], [ 9.5829, 63.28728, 0.0 ], [ 8.9580555, 64.22107, 0.0 ], [ 9.92434, 64.794075, 0.0 ], [ 12.387116, 64.95074, 0.0 ], [ 16.105394, 64.67532, 0.0 ], [ 20.715145, 63.994896, 0.0 ], [ 25.765102, 62.976215, 0.0 ], [ 30.761015, 61.71879, 0.0 ], [ 35.213837, 60.345734, 0.0 ], [ 38.6877, 58.991524, 0.0 ], [ 40.842476, 57.788765, 0.0 ]] 
boundary 0: [[ 41.282143, 71.917816, 0.0 ], [ 40.68048, 70.969086, 0.0 ], [ 38.555946, 69.713615, 0.0 ], [ 35.116386, 68.274376, 0.0 ], [ 30.69865, 66.792435, 0.0 ], [ 25.73516, 65.41259, 0.0 ], [ 20.71176, 64.270096, 0.0 ], [ 16.120106, 63.476555, 0.0 ], [ 12.4097595, 63.109882, 0.0 ], [ 9.94385, 63.20585, 0.0 ], [ 8.963798, 63.755116, 0.0 ], [ 9.565506, 64.704, 0.0 ], [ 11.690056, 65.95937, 0.0 ], [ 15.129543, 67.39848, 0.0 ], [ 19.547268, 68.88045, 0.0 ], [ 24.510754, 70.26036, 0.0 ], [ 29.534193, 71.402954, 0.0 ], [ 34.125782, 72.19648, 0.0 ], [ 37.836113, 72.56322, 0.0 ], [ 40.302063, 72.46706, 0.0 ]] 
boundary 1: [[ 41.282135, 56.082214, 0.0 ], [ 40.30207, 55.532875, 0.0 ], [ 37.836098, 55.43684, 0.0 ], [ 34.125797, 55.803608, 0.0 ], [ 29.534187, 56.597023, 0.0 ], [ 24.510754, 57.73962, 0.0 ], [ 19.547268, 59.119423, 0.0 ], [ 15.129547, 60.60152, 0.0 ], [ 11.690055, 62.040745, 0.0 ], [ 9.565489, 63.296112, 0.0 ], [ 8.963784, 64.24498, 0.0 ], [ 9.943862, 64.79406, 0.0 ], [ 12.40974, 64.89014, 0.0 ], [ 16.120129, 64.52343, 0.0 ], [ 20.711763, 63.729897, 0.0 ], [ 25.735157, 62.587406, 0.0 ], [ 30.698656, 61.207565, 0.0 ], [ 35.11638, 59.72548, 0.0 ], [ 38.55591, 58.2863, 0.0 ], [ 40.68048, 57.030945, 0.0 ]] 
boundary 0: [[ 41.014526, 72.91063, 0.0 ], [ 40.443333, 71.94325, 0.0 ], [ 38.359795, 70.620865, 0.0 ], [ 34.967735, 69.07297, 0.0 ], [ 30.599356, 67.45132, 0.0 ], [ 25.682251, 65.91433, 0.0 ], [ 20.697723, 64.61268, 0.0 ], [ 16.133615, 63.67355, 0.0 ], [ 12.436811, 63.189075, 0.0 ], [ 9.969096, 63.206596, 0.0 ], [ 8.972074, 63.724415, 0.0 ], [ 9.543306, 64.69195, 0.0 ], [ 11.626865, 66.014244, 0.0 ], [ 15.018849, 67.562, 0.0 ], [ 19.387222, 69.18368, 0.0 ], [ 24.304314, 70.720726, 0.0 ], [ 29.288887, 72.022484, 0.0 ], [ 33.852917, 72.96161, 0.0 ], [ 37.54972, 73.44614, 0.0 ], [ 40.01748, 73.42843, 0.0 ]] 
boundary 1: [[ 41.01452, 55.0894, 0.0 ], [ 40.017487, 54.571503, 0.0 ], [ 37.549706, 54.55392, 0.0 ], [ 33.852936, 55.03849, 0.0 ], [ 29.288881, 55.9775, 0.0 ], [ 24.304314, 57.27926, 0.0 ], [ 19.387218, 58.816185, 0.0 ], [ 15.018853, 60.43801, 0.0 ], [ 11.626866, 61.985886, 0.0 ], [ 9.543292, 63.308163, 0.0 ], [ 8.972065, 64.27568, 0.0 ], [ 9.969106, 64.79331, 0.0 ], [ 12.436792, 64.81094, 0.0 ], [ 16.133638, 64.32645, 0.0 ], [ 20.697727, 63.387302, 0.0 ], [ 25.682247, 62.08566, 0.0 ], [ 30.599361, 60.54869, 0.0 ], [ 34.96772, 58.92688, 0.0 ], [ 38.35975, 57.37906, 0.0 ], [ 40.443333, 56.056786, 0.0 ]] 
boundary 0: [[ 40.64547, 74.1096, 0.0 ], [ 40.112232, 73.12079, 0.0 ], [ 38.081554, 71.71858, 0.0 ], [ 34.752106, 70.04025, 0.0 ], [ 30.449915, 68.250374, 0.0 ], [ 25.596132, 66.52382, 0.0 ], [ 20.665857, 65.02978, 0.0 ], [ 16.141617, 63.91431, 0.0 ], [ 12.466382, 63.286804, 0.0 ], [ 9.9998455, 63.208588, 0.0 ], [ 8.983488, 63.687332, 0.0 ], [ 9.516759, 64.67629, 0.0 ], [ 11.547454, 66.07844, 0.0 ], [ 14.876846, 67.75658, 0.0 ], [ 19.179026, 69.5465, 0.0 ], [ 24.03279, 71.27315, 0.0 ], [ 28.963112, 72.76729, 0.0 ], [ 33.487267, 73.88273, 0.0 ], [ 37.1625, 74.51029, 0.0 ], [ 39.62909, 74.58833, 0.0 ]] 
boundary 1: [[ 40.645462, 53.890434, 0.0 ], [ 39.629097, 53.411602, 0.0 ], [ 37.162483, 53.489758, 0.0 ], [ 33.48729, 54.117363, 0.0 ], [ 28.963106, 55.232716, 0.0 ], [ 24.03279, 56.726852, 0.0 ], [ 19.179014, 58.45336, 0.0 ], [ 14.87685, 60.24342, 0.0 ], [ 11.547461, 61.921703, 0.0 ], [ 9.516747, 63.32382, 0.0 ], [ 8.983483, 64.31276, 0.0 ], [ 9.999853, 64.791336, 0.0 ], [ 12.466366, 64.71323, 0.0 ], [ 16.14164, 64.085686, 0.0 ], [ 20.665861, 62.970196, 0.0 ], [ 25.596128, 61.47618, 0.0 ], [ 30.44992, 59.74963, 0.0 ], [ 34.752087, 57.959587, 0.0 ], [ 38.081505, 56.281345, 0.0 ], [ 40.112232, 54.87925, 0.0 ]] 
boundary 0: [[ 40.1884, 75.40482, 0.0 ], [ 39.69764, 74.39427, 0.0 ], [ 37.72835, 72.90708, 0.0 ], [ 34.47318, 71.08887, 0.0 ], [ 30.250889, 69.117874, 0.0 ], [ 25.474808, 67.186745, 0.0 ], [ 20.612442, 65.484665, 0.0 ], [ 16.139656, 64.17806, 0.0 ], [ 12.494387, 63.39503, 0.0 ], [ 10.033397, 63.212128, 0.0 ], [ 8.997623, 63.647274, 0.0 ], [ 9.488411, 64.65799, 0.0 ], [ 11.4577265, 66.14512, 0.0 ], [ 14.712843, 67.96315, 0.0 ], [ 18.935123, 69.934166, 0.0 ], [ 23.71117, 71.865395, 0.0 ], [ 28.573593, 73.56759, 0.0 ], [ 33.04629, 74.874146, 0.0 ], [ 36.69156, 75.65724, 0.0 ], [ 39.152603, 75.839966, 0.0 ]] 
boundary 1: [[ 40.188393, 52.595207, 0.0 ], [ 39.15261, 52.159973, 0.0 ], [ 36.691544, 52.342808, 0.0 ], [ 33.046314, 53.12594, 0.0 ], [ 28.573587, 54.432426, 0.0 ], [ 23.711174, 56.134613, 0.0 ], [ 18.935104, 58.065704, 0.0 ], [ 14.712847, 60.03686, 0.0 ], [ 11.457738, 61.855026, 0.0 ], [ 9.488406, 63.342125, 0.0 ], [ 8.997624, 64.35282, 0.0 ], [ 10.0334015, 64.78779, 0.0 ], [ 12.494371, 64.60501, 0.0 ], [ 16.139679, 63.821945, 0.0 ], [ 20.612442, 62.515316, 0.0 ], [ 25.474804, 60.81326, 0.0 ], [ 30.250895, 58.882122, 0.0 ], [ 34.47315, 56.91098, 0.0 ], [ 37.728287, 55.092857, 0.0 ], [ 39.69764, 53.605774, 0.0 ]] 
boundary 0: [[ 39.669785, 76.69577, 0.0 ], [ 39.222954, 75.66505, 0.0 ], [ 37.319458, 74.09452, 0.0 ], [ 34.145515, 72.137955, 0.0 ], [ 30.011923, 69.98715, 0.0 ], [ 25.323334, 67.85236, 0.0 ], [ 20.538689, 65.94269, 0.0 ], [ 16.126253, 64.44488, 0.0 ], [ 12.518042, 63.50576, 0.0 ], [ 10.067197, 63.217163, 0.0 ], [ 9.013664, 63.607346, 0.0 ], [ 9.460516, 64.638245, 0.0 ], [ 11.364037, 66.20871, 0.0 ], [ 14.537933, 68.16509, 0.0 ], [ 18.671516, 70.31592, 0.0 ], [ 23.36007, 72.45081, 0.0 ], [ 28.144762, 74.360596, 0.0 ], [ 32.557117, 75.858345, 0.0 ], [ 36.16533, 76.79753, 0.0 ], [ 38.61623, 77.08596, 0.0 ]] 
boundary 1: [[ 39.669777, 51.304268, 0.0 ], [ 38.616234, 50.913986, 0.0 ], [ 36.165318, 51.20252, 0.0 ], [ 32.55714, 52.141735, 0.0 ], [ 28.144758, 53.639423, 0.0 ], [ 23.360073, 55.549202, 0.0 ], [ 18.67149, 57.68396, 0.0 ], [ 14.537937, 59.834934, 0.0 ], [ 11.364055, 61.791435, 0.0 ], [ 9.460519, 63.361877, 0.0 ], [ 9.013668, 64.39274, 0.0 ], [ 10.0672, 64.78276, 0.0 ], [ 12.518027, 64.494286, 0.0 ], [ 16.126276, 63.555126, 0.0 ], [ 20.538689, 62.0573, 0.0 ], [ 25.323334, 60.147648, 0.0 ], [ 30.011929, 58.012844, 0.0 ], [ 34.145485, 55.861897, 0.0 ], [ 37.319397, 53.905426, 0.0 ], [ 39.222954, 52.335003, 0.0 ]] 
boundary 0: [[ 39.11393, 77.925964, 0.0 ], [ 38.71051, 76.87749, 0.0 ], [ 36.87423, 75.228874, 0.0 ], [ 33.78473, 73.141525, 0.0 ], [ 29.744514, 70.820045, 0.0 ], [ 25.149117, 68.49142, 0.0 ], [ 20.448359, 66.38369, 0.0 ], [ 16.10229, 64.702995, 0.0 ], [ 12.536419, 63.614086, 0.0 ], [ 10.099755, 63.22343, 0.0 ], [ 9.030856, 63.569298, 0.0 ], [ 9.434287, 64.61795, 0.0 ], [ 11.270596, 66.26651, 0.0 ], [ 14.36006, 68.35366, 0.0 ], [ 18.400265, 70.675156, 0.0 ], [ 22.995617, 73.00391, 0.0 ], [ 27.696423, 75.11174, 0.0 ], [ 32.04241, 76.79237, 0.0 ], [ 35.608276, 77.88136, 0.0 ], [ 38.045006, 78.27184, 0.0 ]] 
boundary 1: [[ 39.113922, 50.074074, 0.0 ], [ 38.045006, 49.72811, 0.0 ], [ 35.60827, 50.11869, 0.0 ], [ 32.042435, 51.207706, 0.0 ], [ 27.696419, 52.888275, 0.0 ], [ 22.99562, 54.996105, 0.0 ], [ 18.40023, 57.324715, 0.0 ], [ 14.360065, 59.646362, 0.0 ], [ 11.270618, 61.73364, 0.0 ], [ 9.434294, 63.382168, 0.0 ], [ 9.030864, 64.4308, 0.0 ], [ 10.099757, 64.77649, 0.0 ], [ 12.536409, 64.385994, 0.0 ], [ 16.102312, 63.297005, 0.0 ], [ 20.448359, 61.616302, 0.0 ], [ 25.14912, 59.508602, 0.0 ], [ 29.74452, 57.179947, 0.0 ], [ 33.784687, 54.85833, 0.0 ], [ 36.87417, 52.77108, 0.0 ], [ 38.71051, 51.122566, 0.0 ]] 
boundary 0: [[ 38.558178, 79.03522, 0.0 ], [ 38.19529, 77.97203, 0.0 ], [ 36.423615, 76.25419, 0.0 ], [ 33.41646, 74.04984, 0.0 ], [ 29.468283, 71.57508, 0.0 ], [ 24.965603, 69.07185, 0.0 ], [ 20.349165, 66.78533, 0.0 ], [ 16.070778, 64.939156, 0.0 ], [ 12.549308, 63.714237, 0.0 ], [ 10.129427, 63.23039, 0.0 ], [ 9.048043, 63.534992, 0.0 ], [ 9.410946, 64.59835, 0.0 ], [ 11.182658, 66.31614, 0.0 ], [ 14.189774, 68.520294, 0.0 ], [ 18.137943, 70.99507, 0.0 ], [ 22.64057, 73.49841, 0.0 ], [ 27.257048, 75.78504, 0.0 ], [ 31.535362, 77.631165, 0.0 ], [ 35.05683, 78.856155, 0.0 ], [ 37.47678, 79.33983, 0.0 ]] 
boundary 1: [[ 38.558174, 48.964825, 0.0 ], [ 37.47678, 48.660126, 0.0 ], [ 35.056824, 49.143894, 0.0 ], [ 31.535389, 50.36891, 0.0 ], [ 27.257044, 52.21498, 0.0 ], [ 22.640577, 54.5016, 0.0 ], [ 18.137905, 57.0048, 0.0 ], [ 14.189781, 59.47974, 0.0 ], [ 11.182684, 61.684002, 0.0 ], [ 9.410959, 63.401768, 0.0 ], [ 9.048056, 64.46511, 0.0 ], [ 10.129423, 64.76953, 0.0 ], [ 12.549301, 64.285835, 0.0 ], [ 16.0708, 63.060852, 0.0 ], [ 20.349163, 61.214653, 0.0 ], [ 24.965607, 58.928165, 0.0 ], [ 29.468288, 56.42492, 0.0 ], [ 33.416416, 53.950012, 0.0 ], [ 36.423553, 51.745773, 0.0 ], [ 38.19529, 50.028023, 0.0 ]] 
boundary 0: [[ 38.074722, 79.92174, 0.0 ], [ 37.74521, 78.84773, 0.0 ], [ 36.02804, 77.0754, 0.0 ], [ 33.091187, 74.77821, 0.0 ], [ 29.222214, 72.18139, 0.0 ], [ 24.799896, 69.53878, 0.0 ], [ 20.257105, 67.10922, 0.0 ], [ 16.038456, 65.13034, 0.0 ], [ 12.556957, 63.796062, 0.0 ], [ 10.153363, 63.23688, 0.0 ], [ 9.062995, 63.50758, 0.0 ], [ 9.392517, 64.58174, 0.0 ], [ 11.109725, 66.35402, 0.0 ], [ 14.046547, 68.651, 0.0 ], [ 17.915512, 71.247856, 0.0 ], [ 22.337776, 73.890564, 0.0 ], [ 26.880594, 76.320244, 0.0 ], [ 31.099176, 78.29905, 0.0 ], [ 34.58068, 79.633415, 0.0 ], [ 36.98435, 80.19241, 0.0 ]] 
boundary 1: [[ 38.074715, 48.07833, 0.0 ], [ 36.984344, 47.807537, 0.0 ], [ 34.580673, 48.36664, 0.0 ], [ 31.099207, 49.701015, 0.0 ], [ 26.880594, 51.679783, 0.0 ], [ 22.337784, 54.109436, 0.0 ], [ 17.91547, 56.75202, 0.0 ], [ 14.046555, 59.349033, 0.0 ], [ 11.109756, 61.64612, 0.0 ], [ 9.392532, 63.418373, 0.0 ], [ 9.06301, 64.49253, 0.0 ], [ 10.153356, 64.76301, 0.0 ], [ 12.556951, 64.20401, 0.0 ], [ 16.038479, 62.869663, 0.0 ], [ 20.257101, 60.890766, 0.0 ], [ 24.7999, 58.461243, 0.0 ], [ 29.22222, 55.81862, 0.0 ], [ 33.09115, 53.22163, 0.0 ], [ 36.02798, 50.924572, 0.0 ], [ 37.74521, 49.152332, 0.0 ]] 
boundary 0: [[ 37.677147, 80.60483, 0.0 ], [ 37.373985, 79.5231, 0.0 ], [ 35.70066, 77.70933, 0.0 ], [ 32.82082, 75.341034, 0.0 ], [ 29.016483, 72.650406, 0.0 ], [ 24.66008, 69.90049, 0.0 ], [ 20.17802, 67.360634, 0.0 ], [ 16.008999, 65.2792, 0.0 ], [ 12.561159, 63.86025, 0.0 ], [ 10.171951, 63.242485, 0.0 ], [ 9.075292, 63.48645, 0.0 ], [ 9.37846, 64.56836, 0.0 ], [ 11.051835, 66.38208, 0.0 ], [ 13.931639, 68.75016, 0.0 ], [ 17.735973, 71.44081, 0.0 ], [ 22.09232, 74.19081, 0.0 ], [ 26.574394, 76.730804, 0.0 ], [ 30.743353, 78.81211, 0.0 ], [ 34.191196, 80.231186, 0.0 ], [ 36.580482, 80.84876, 0.0 ]] 
boundary 1: [[ 37.67714, 47.39523, 0.0 ], [ 36.580482, 47.151176, 0.0 ], [ 34.19119, 47.768867, 0.0 ], [ 30.743383, 49.187935, 0.0 ], [ 26.574396, 51.26923, 0.0 ], [ 22.092327, 53.80919, 0.0 ], [ 17.735928, 56.559082, 0.0 ], [ 13.931646, 59.249886, 0.0 ], [ 11.05187, 61.61807, 0.0 ], [ 9.378477, 63.43177, 0.0 ], [ 9.075309, 64.51365, 0.0 ], [ 10.17194, 64.75741, 0.0 ], [ 12.561155, 64.139824, 0.0 ], [ 16.009022, 62.72077, 0.0 ], [ 20.178017, 60.639355, 0.0 ], [ 24.660084, 58.099518, 0.0 ], [ 29.016489, 55.3496, 0.0 ], [ 32.820774, 52.658813, 0.0 ], [ 35.7006, 50.29065, 0.0 ], [ 37.373985, 48.476974, 0.0 ]] 
boundary 0: [[ 37.373936, 81.10124, 0.0 ], [ 37.090286, 80.01425, 0.0 ], [ 35.449852, 78.17066, 0.0 ], [ 32.61309, 75.75095, 0.0 ], [ 28.85777, 72.99232, 0.0 ], [ 24.551544, 70.164474, 0.0 ], [ 20.115894, 67.544395, 0.0 ], [ 15.984999, 65.3883, 0.0 ], [ 12.563248, 63.907547, 0.0 ], [ 10.185538, 63.2469, 0.0 ], [ 9.084669, 63.471096, 0.0 ], [ 9.368325, 64.55828, 0.0 ], [ 11.0088005, 66.40181, 0.0 ], [ 13.845535, 68.82131, 0.0 ], [ 17.60085, 71.57998, 0.0 ], [ 21.90701, 74.4079, 0.0 ], [ 26.342665, 77.028114, 0.0 ], [ 30.47351, 79.18408, 0.0 ], [ 33.895256, 80.66496, 0.0 ], [ 36.273056, 81.32542, 0.0 ]] 
boundary 1: [[ 37.373928, 46.89882, 0.0 ], [ 36.273056, 46.674515, 0.0 ], [ 33.89525, 47.335102, 0.0 ], [ 30.473541, 48.81597, 0.0 ], [ 26.342669, 50.971924, 0.0 ], [ 21.907017, 53.5921, 0.0 ], [ 17.600803, 56.419914, 0.0 ], [ 13.845543, 59.178715, 0.0 ], [ 11.008838, 61.598335, 0.0 ], [ 9.368344, 63.441845, 0.0 ], [ 9.084689, 64.529, 0.0 ], [ 10.185527, 64.75299, 0.0 ], [ 12.563246, 64.092514, 0.0 ], [ 15.985022, 62.61168, 0.0 ], [ 20.11589, 60.455597, 0.0 ], [ 24.551548, 57.83554, 0.0 ], [ 28.857777, 55.007698, 0.0 ], [ 32.613045, 52.2489, 0.0 ], [ 35.44979, 49.829315, 0.0 ], [ 37.090286, 47.985836, 0.0 ]] 
boundary 0: [[ 37.436104, 81.00108, 0.0 ], [ 37.14849, 79.91513, 0.0 ], [ 35.50135, 78.07754, 0.0 ], [ 32.655785, 75.66818, 0.0 ], [ 28.89043, 72.923256, 0.0 ], [ 24.573921, 70.11114, 0.0 ], [ 20.12875, 67.50725, 0.0 ], [ 15.99002, 65.36623, 0.0 ], [ 12.562893, 63.89796, 0.0 ], [ 10.182791, 63.245983, 0.0 ], [ 9.0827465, 63.474194, 0.0 ], [ 9.370364, 64.56034, 0.0 ], [ 11.01755, 66.39787, 0.0 ], [ 13.863088, 68.807014, 0.0 ], [ 17.628435, 71.55197, 0.0 ], [ 21.944876, 74.364174, 0.0 ], [ 26.390057, 76.9682, 0.0 ], [ 30.528734, 79.10909, 0.0 ], [ 33.955856, 80.577484, 0.0 ], [ 36.33605, 81.22926, 0.0 ]] 
boundary 1: [[ 37.436096, 46.99898, 0.0 ], [ 36.336052, 46.770668, 0.0 ], [ 33.95585, 47.422577, 0.0 ], [ 30.528765, 48.89096, 0.0 ], [ 26.39006, 51.031837, 0.0 ], [ 21.944883, 53.635826, 0.0 ], [ 17.62839, 56.44792, 0.0 ], [ 13.863095, 59.193012, 0.0 ], [ 11.017587, 61.602272, 0.0 ], [ 9.370383, 63.43979, 0.0 ], [ 9.082766, 64.5259, 0.0 ], [ 10.182779, 64.75391, 0.0 ], [ 12.562891, 64.102104, 0.0 ], [ 15.990043, 62.63375, 0.0 ], [ 20.128746, 60.492744, 0.0 ], [ 24.573925, 57.888878, 0.0 ], [ 28.890436, 55.076756, 0.0 ], [ 32.65574, 52.33167, 0.0 ], [ 35.50129, 49.922443, 0.0 ], [ 37.14849, 48.084957, 0.0 ]] 
boundary 0: [[ 38.07119, 79.92794, 0.0 ], [ 37.74192, 78.85389, 0.0 ], [ 36.02515, 77.08118, 0.0 ], [ 33.08879, 74.78334, 0.0 ], [ 29.220404, 72.18564, 0.0 ], [ 24.798668, 69.54205, 0.0 ], [ 20.256401, 67.11152, 0.0 ], [ 16.038197, 65.13166, 0.0 ], [ 12.557001, 63.796642, 0.0 ], [ 10.153531, 63.236923, 0.0 ], [ 9.063107, 63.507385, 0.0 ], [ 9.39239, 64.58166, 0.0 ], [ 11.109204, 66.35429, 0.0 ], [ 14.045519, 68.65191, 0.0 ], [ 17.91391, 71.24963, 0.0 ], [ 22.335575, 73.8933, 0.0 ], [ 26.877855, 76.32399, 0.0 ], [ 31.096012, 78.3037, 0.0 ], [ 34.5772, 79.63886, 0.0 ], [ 36.980755, 80.19838, 0.0 ]] 
boundary 1: [[ 38.07118, 48.07212, 0.0 ], [ 36.980762, 47.80156, 0.0 ], [ 34.57719, 48.3612, 0.0 ], [ 31.09604, 49.69635, 0.0 ], [ 26.877857, 51.67605, 0.0 ], [ 22.335583, 54.10669, 0.0 ], [ 17.913868, 56.75025, 0.0 ], [ 14.045525, 59.348114, 0.0 ], [ 11.109234, 61.645866, 0.0 ], [ 9.392404, 63.418503, 0.0 ], [ 9.063119, 64.492714, 0.0 ], [ 10.153524, 64.76297, 0.0 ], [ 12.556997, 64.20343, 0.0 ], [ 16.03822, 62.868313, 0.0 ], [ 20.256397, 60.88849, 0.0 ], [ 24.798672, 58.457962, 0.0 ], [ 29.22041, 55.81437, 0.0 ], [ 33.088745, 53.21652, 0.0 ], [ 36.02509, 50.9188, 0.0 ], [ 37.74192, 49.146194, 0.0 ]] 
boundary 0: [[ 38.96264, 78.23858, 0.0 ], [ 38.57052, 77.18585, 0.0 ], [ 36.752068, 75.51762, 0.0 ], [ 33.68515, 73.39719, 0.0 ], [ 29.67011, 71.03245, 0.0 ], [ 25.09999, 68.65457, 0.0 ], [ 20.422123, 66.496506, 0.0 ], [ 16.094372, 64.76919, 0.0 ], [ 12.540413, 63.642075, 0.0 ], [ 10.108087, 63.225254, 0.0 ], [ 9.035537, 63.55964, 0.0 ], [ 9.427682, 64.61259, 0.0 ], [ 11.246175, 66.28074, 0.0 ], [ 14.313042, 68.40097, 0.0 ], [ 18.328075, 70.765724, 0.0 ], [ 22.89814, 73.14367, 0.0 ], [ 27.576027, 75.30191, 0.0 ], [ 31.90372, 77.02907, 0.0 ], [ 35.457687, 78.15634, 0.0 ], [ 37.89008, 78.57294, 0.0 ]] 
boundary 1: [[ 38.962624, 49.761475, 0.0 ], [ 37.890087, 49.426994, 0.0 ], [ 35.457657, 49.84372, 0.0 ], [ 31.90375, 50.970985, 0.0 ], [ 27.576023, 52.69814, 0.0 ], [ 22.898148, 54.856323, 0.0 ], [ 18.328045, 57.234158, 0.0 ], [ 14.313045, 59.59906, 0.0 ], [ 11.246195, 61.719418, 0.0 ], [ 9.427686, 63.387577, 0.0 ], [ 9.0355425, 64.44046, 0.0 ], [ 10.108087, 64.774635, 0.0 ], [ 12.540407, 64.35801, 0.0 ], [ 16.094395, 63.23078, 0.0 ], [ 20.42212, 61.503506, 0.0 ], [ 25.099995, 59.345432, 0.0 ], [ 29.670116, 56.967567, 0.0 ], [ 33.68511, 54.602684, 0.0 ], [ 36.752007, 52.48237, 0.0 ], [ 38.57052, 50.81423, 0.0 ]] 
boundary 0: [[ 39.9243, 76.08221, 0.0 ], [ 39.456406, 75.0609, 0.0 ], [ 37.521057, 73.5298, 0.0 ], [ 34.30757, 71.63883, 0.0 ], [ 30.13068, 69.5734, 0.0 ], [ 25.39922, 67.53536, 0.0 ], [ 20.57634, 65.72441, 0.0 ], [ 16.134075, 64.317535, 0.0 ], [ 12.50734, 63.45278, 0.0 ], [ 10.051083, 63.214565, 0.0 ], [ 9.0057955, 63.626335, 0.0 ], [ 9.473734, 64.64785, 0.0 ], [ 11.409111, 66.178856, 0.0 ], [ 14.622526, 68.069626, 0.0 ], [ 18.799421, 70.13506, 0.0 ], [ 23.530827, 72.17319, 0.0 ], [ 28.353739, 73.9843, 0.0 ], [ 32.795937, 75.39104, 0.0 ], [ 36.422688, 76.25596, 0.0 ], [ 38.878998, 76.49393, 0.0 ]] 
boundary 1: [[ 39.924286, 51.917847, 0.0 ], [ 38.879013, 51.50599, 0.0 ], [ 36.422653, 51.7441, 0.0 ], [ 32.795967, 52.609024, 0.0 ], [ 28.353735, 54.015755, 0.0 ], [ 23.530838, 55.826817, 0.0 ], [ 18.7994, 57.864796, 0.0 ], [ 14.622525, 59.930405, 0.0 ], [ 11.40912, 61.82131, 0.0 ], [ 9.473725, 63.35231, 0.0 ], [ 9.005793, 64.37378, 0.0 ], [ 10.05109, 64.785324, 0.0 ], [ 12.507329, 64.54731, 0.0 ], [ 16.1341, 63.682434, 0.0 ], [ 20.576336, 62.275585, 0.0 ], [ 25.399223, 60.46463, 0.0 ], [ 30.130684, 58.42661, 0.0 ], [ 34.30755, 56.361034, 0.0 ], [ 37.520996, 54.470177, 0.0 ], [ 39.45639, 52.939194, 0.0 ]] 
boundary 0: [[ 40.723774, 73.868484, 0.0 ], [ 40.182823, 72.883896, 0.0 ], [ 38.14122, 71.49767, 0.0 ], [ 34.798683, 69.84546, 0.0 ], [ 30.48261, 68.08936, 0.0 ], [ 25.615423, 66.400925, 0.0 ], [ 20.673588, 64.94561, 0.0 ], [ 16.140749, 63.865616, 0.0 ], [ 12.460713, 63.266987, 0.0 ], [ 9.993634, 63.20808, 0.0 ], [ 8.981072, 63.6948, 0.0 ], [ 9.522079, 64.67957, 0.0 ], [ 11.5637045, 66.06573, 0.0 ], [ 14.90615, 67.71772, 0.0 ], [ 19.222235, 69.47384, 0.0 ], [ 24.089363, 71.16236, 0.0 ], [ 29.031246, 72.617836, 0.0 ], [ 33.56402, 73.69769, 0.0 ], [ 37.244072, 74.29651, 0.0 ], [ 39.71119, 74.35515, 0.0 ]] 
boundary 1: [[ 40.72376, 54.13157, 0.0 ], [ 39.711205, 53.64476, 0.0 ], [ 37.244038, 53.703545, 0.0 ], [ 33.56404, 54.302364, 0.0 ], [ 29.031237, 55.38221, 0.0 ], [ 24.089375, 56.83763, 0.0 ], [ 19.222218, 58.52602, 0.0 ], [ 14.906147, 60.282307, 0.0 ], [ 11.5637, 61.93444, 0.0 ], [ 9.522059, 63.320587, 0.0 ], [ 8.981061, 64.30532, 0.0 ], [ 9.9936495, 64.79181, 0.0 ], [ 12.460696, 64.7331, 0.0 ], [ 16.140772, 64.13436, 0.0 ], [ 20.673584, 63.05439, 0.0 ], [ 25.615427, 61.599075, 0.0 ], [ 30.482615, 59.910652, 0.0 ], [ 34.79867, 58.15439, 0.0 ], [ 38.14116, 56.50232, 0.0 ], [ 40.182808, 55.116173, 0.0 ]] 
boundary 0: [[ 41.23728, 72.09328, 0.0 ], [ 40.64097, 71.1412, 0.0 ], [ 38.5235, 69.873886, 0.0 ], [ 35.092026, 68.41532, 0.0 ], [ 30.682674, 66.90869, 0.0 ], [ 25.726974, 65.50107, 0.0 ], [ 20.710072, 64.33047, 0.0 ], [ 16.122932, 63.511196, 0.0 ], [ 12.414708, 63.12379, 0.0 ], [ 9.948293, 63.205925, 0.0 ], [ 8.965191, 63.749702, 0.0 ], [ 9.561575, 64.70196, 0.0 ], [ 11.679057, 65.96921, 0.0 ], [ 15.110426, 67.42754, 0.0 ], [ 19.519789, 68.93422, 0.0 ], [ 24.475433, 70.34191, 0.0 ], [ 29.492401, 71.51268, 0.0 ], [ 34.079456, 72.33181, 0.0 ], [ 37.78772, 72.7194, 0.0 ], [ 40.254158, 72.637, 0.0 ]] 
boundary 1: [[ 41.23726, 55.90677, 0.0 ], [ 40.254173, 55.362907, 0.0 ], [ 37.78769, 55.280643, 0.0 ], [ 34.079475, 55.668247, 0.0 ], [ 29.492386, 56.487362, 0.0 ], [ 24.475449, 57.658077, 0.0 ], [ 19.519783, 59.06564, 0.0 ], [ 15.11042, 60.57248, 0.0 ], [ 11.679045, 62.030956, 0.0 ], [ 9.561546, 63.298203, 0.0 ], [ 8.965173, 64.25043, 0.0 ], [ 9.948314, 64.79395, 0.0 ], [ 12.414684, 64.87629, 0.0 ], [ 16.12296, 64.48878, 0.0 ], [ 20.710068, 63.66953, 0.0 ], [ 25.726982, 62.498924, 0.0 ], [ 30.682678, 61.09133, 0.0 ], [ 35.09202, 59.58452, 0.0 ], [ 38.523438, 58.12611, 0.0 ], [ 40.640938, 56.858864, 0.0 ]] 
boundary 0: [[ 41.50032, 70.99738, 0.0 ], [ 40.87119, 70.06666, 0.0 ], [ 38.71084, 68.87393, 0.0 ], [ 35.230618, 67.535835, 0.0 ], [ 30.771435, 66.183784, 0.0 ], [ 25.769688, 64.94973, 0.0 ], [ 20.715042, 63.95469, 0.0 ], [ 16.102137, 63.295776, 0.0 ], [ 12.382664, 63.037846, 0.0 ], [ 9.9206085, 63.205887, 0.0 ], [ 8.957054, 63.783596, 0.0 ], [ 9.586266, 64.714485, 0.0 ], [ 11.746626, 65.90717, 0.0 ], [ 15.226735, 67.245056, 0.0 ], [ 19.685928, 68.59712, 0.0 ], [ 24.687618, 69.83126, 0.0 ], [ 29.742344, 70.82646, 0.0 ], [ 34.355156, 71.48524, 0.0 ], [ 38.074677, 71.743355, 0.0 ], [ 40.53675, 71.57505, 0.0 ]] 
boundary 1: [[ 41.500298, 57.002655, 0.0 ], [ 40.536774, 56.42486, 0.0 ], [ 38.074646, 56.256687, 0.0 ], [ 34.35518, 56.514828, 0.0 ], [ 29.742329, 57.173576, 0.0 ], [ 24.687634, 58.168736, 0.0 ], [ 19.685925, 59.402737, 0.0 ], [ 15.226728, 60.754993, 0.0 ], [ 11.746607, 62.093, 0.0 ], [ 9.586229, 63.285675, 0.0 ], [ 8.957036, 64.21654, 0.0 ], [ 9.920635, 64.794, 0.0 ], [ 12.382637, 64.962234, 0.0 ], [ 16.102163, 64.70419, 0.0 ], [ 20.715038, 64.04531, 0.0 ], [ 25.769695, 63.050262, 0.0 ], [ 30.771437, 61.81624, 0.0 ], [ 35.23061, 60.464, 0.0 ], [ 38.710777, 59.12607, 0.0 ], [ 40.87116, 57.93339, 0.0 ]] 
boundary 0: [[ 41.5932, 70.56433, 0.0 ], [ 40.951385, 69.64232, 0.0 ], [ 38.774895, 68.47929, 0.0 ], [ 35.276665, 67.188995, 0.0 ], [ 30.799393, 65.89814, 0.0 ], [ 25.781208, 64.73272, 0.0 ], [ 20.71341, 63.807014, 0.0 ], [ 16.091913, 63.21135, 0.0 ], [ 12.369255, 63.004383, 0.0 ], [ 9.909734, 63.20613, 0.0 ], [ 8.954182, 63.796986, 0.0 ], [ 9.596085, 64.71917, 0.0 ], [ 11.772579, 65.88216, 0.0 ], [ 15.270687, 67.17224, 0.0 ], [ 19.747988, 68.4631, 0.0 ], [ 24.76611, 69.62862, 0.0 ], [ 29.833998, 70.55448, 0.0 ], [ 34.4554, 71.15002, 0.0 ], [ 38.17809, 71.35716, 0.0 ], [ 40.63764, 71.155136, 0.0 ]] 
boundary 1: [[ 41.593178, 57.435707, 0.0 ], [ 40.637665, 56.844765, 0.0 ], [ 38.17806, 56.642883, 0.0 ], [ 34.45542, 56.850048, 0.0 ], [ 29.833982, 57.445553, 0.0 ], [ 24.766125, 58.371384, 0.0 ], [ 19.747984, 59.53675, 0.0 ], [ 15.270681, 60.827805, 0.0 ], [ 11.772559, 62.11802, 0.0 ], [ 9.596047, 63.280987, 0.0 ], [ 8.954163, 64.203156, 0.0 ], [ 9.90976, 64.79375, 0.0 ], [ 12.369227, 64.99569, 0.0 ], [ 16.09194, 64.78862, 0.0 ], [ 20.713406, 64.19298, 0.0 ], [ 25.781216, 63.267273, 0.0 ], [ 30.799395, 62.101875, 0.0 ], [ 35.276665, 60.81084, 0.0 ], [ 38.774834, 59.520706, 0.0 ], [ 40.951355, 58.35773, 0.0 ]] 
boundary 0: [[ 41.57397, 70.656425, 0.0 ], [ 40.934837, 69.73257, 0.0 ], [ 38.761745, 68.56317, 0.0 ], [ 35.26728, 67.262726, 0.0 ], [ 30.793781, 65.95885, 0.0 ], [ 25.77901, 64.778824, 0.0 ], [ 20.713928, 63.83839, 0.0 ], [ 16.094181, 63.22929, 0.0 ], [ 12.372143, 63.011467, 0.0 ], [ 9.9120455, 63.206066, 0.0 ], [ 8.954778, 63.79412, 0.0 ], [ 9.593994, 64.7182, 0.0 ], [ 11.767094, 65.8875, 0.0 ], [ 15.261433, 67.18774, 0.0 ], [ 19.734959, 68.491615, 0.0 ], [ 24.749668, 69.67177, 0.0 ], [ 29.81484, 70.61236, 0.0 ], [ 34.434494, 71.22136, 0.0 ], [ 38.156563, 71.43935, 0.0 ], [ 40.616695, 71.24447, 0.0 ]] 
boundary 1: [[ 41.573948, 57.343616, 0.0 ], [ 40.61672, 56.755436, 0.0 ], [ 38.156532, 56.560726, 0.0 ], [ 34.434517, 56.778725, 0.0 ], [ 29.814825, 57.38767, 0.0 ], [ 24.749683, 58.328236, 0.0 ], [ 19.734955, 59.5082, 0.0 ], [ 15.261427, 60.812275, 0.0 ], [ 11.767074, 62.11268, 0.0 ], [ 9.593957, 63.28196, 0.0 ], [ 8.954761, 64.20602, 0.0 ], [ 9.912072, 64.79378, 0.0 ], [ 12.372116, 64.98858, 0.0 ], [ 16.094208, 64.77068, 0.0 ], [ 20.713924, 64.1616, 0.0 ], [ 25.779018, 63.221157, 0.0 ], [ 30.793783, 62.041164, 0.0 ], [ 35.26728, 60.73711, 0.0 ], [ 38.761684, 59.436787, 0.0 ], [ 40.934807, 58.267494, 0.0 ]] 
boundary 0: [[ 41.46731, 71.144585, 0.0 ], [ 40.842545, 70.21096, 0.0 ], [ 38.687794, 69.00812, 0.0 ], [ 35.21383, 67.65382, 0.0 ], [ 30.761015, 66.280975, 0.0 ], [ 25.765074, 65.023605, 0.0 ], [ 20.715141, 64.00501, 0.0 ], [ 16.105356, 63.324585, 0.0 ], [ 12.387126, 63.049274, 0.0 ], [ 9.924317, 63.205833, 0.0 ], [ 8.958077, 63.779026, 0.0 ], [ 9.582935, 64.712875, 0.0 ], [ 11.737706, 65.91562, 0.0 ], [ 15.211534, 67.26969, 0.0 ], [ 19.664377, 68.642555, 0.0 ], [ 24.660248, 69.900055, 0.0 ], [ 29.71028, 70.91881, 0.0 ], [ 34.319958, 71.59913, 0.0 ], [ 38.038216, 71.8746, 0.0 ], [ 40.501076, 71.71776, 0.0 ]] 
boundary 1: [[ 41.46729, 56.855457, 0.0 ], [ 40.5011, 56.28214, 0.0 ], [ 38.038193, 56.12547, 0.0 ], [ 34.31998, 56.40096, 0.0 ], [ 29.710266, 57.08122, 0.0 ], [ 24.660263, 58.099953, 0.0 ], [ 19.664364, 59.35726, 0.0 ], [ 15.211528, 60.73032, 0.0 ], [ 11.737687, 62.084576, 0.0 ], [ 9.582901, 63.287292, 0.0 ], [ 8.958061, 64.221115, 0.0 ], [ 9.924344, 64.794014, 0.0 ], [ 12.387099, 64.950775, 0.0 ], [ 16.105383, 64.675385, 0.0 ], [ 20.715137, 63.994972, 0.0 ], [ 25.765081, 62.976383, 0.0 ], [ 30.761017, 61.719032, 0.0 ], [ 35.21383, 60.346, 0.0 ], [ 38.687733, 58.991837, 0.0 ], [ 40.84252, 57.78911, 0.0 ]] 
boundary 0: [[ 41.282177, 71.91748, 0.0 ], [ 40.680553, 70.96878, 0.0 ], [ 38.55601, 69.71334, 0.0 ], [ 35.11638, 68.274055, 0.0 ], [ 30.69866, 66.792206, 0.0 ], [ 25.735136, 65.41242, 0.0 ], [ 20.711763, 64.27002, 0.0 ], [ 16.12009, 63.47649, 0.0 ], [ 12.40975, 63.10987, 0.0 ], [ 9.943839, 63.205853, 0.0 ], [ 8.963803, 63.755127, 0.0 ], [ 9.56552, 64.704056, 0.0 ], [ 11.690077, 65.95939, 0.0 ], [ 15.129574, 67.39844, 0.0 ], [ 19.547329, 68.880325, 0.0 ], [ 24.510784, 70.26024, 0.0 ], [ 29.534243, 71.4028, 0.0 ], [ 34.12582, 72.19622, 0.0 ], [ 37.836174, 72.56299, 0.0 ], [ 40.30213, 72.466736, 0.0 ]] 
boundary 1: [[ 41.282166, 56.082558, 0.0 ], [ 40.302155, 55.533157, 0.0 ], [ 37.836155, 55.437077, 0.0 ], [ 34.125843, 55.803864, 0.0 ], [ 29.53423, 56.59722, 0.0 ], [ 24.5108, 57.73977, 0.0 ], [ 19.54731, 59.119488, 0.0 ], [ 15.129568, 60.60158, 0.0 ], [ 11.690063, 62.040806, 0.0 ], [ 9.56549, 63.296124, 0.0 ], [ 8.963791, 64.245026, 0.0 ], [ 9.943866, 64.794, 0.0 ], [ 12.409726, 64.890175, 0.0 ], [ 16.120117, 64.52349, 0.0 ], [ 20.71176, 63.729973, 0.0 ], [ 25.735144, 62.587574, 0.0 ], [ 30.698662, 61.20781, 0.0 ], [ 35.11637, 59.725746, 0.0 ], [ 38.55595, 58.286613, 0.0 ], [ 40.68053, 57.03129, 0.0 ]] 
boundary 0: [[ 41.014572, 72.91029, 0.0 ], [ 40.443413, 71.94295, 0.0 ], [ 38.35987, 70.62059, 0.0 ], [ 34.967735, 69.07265, 0.0 ], [ 30.59938, 67.45109, 0.0 ], [ 25.682238, 65.914154, 0.0 ], [ 20.697727, 64.6126, 0.0 ], [ 16.133608, 63.67348, 0.0 ], [ 12.436802, 63.189064, 0.0 ], [ 9.969086, 63.2066, 0.0 ], [ 8.972079, 63.724426, 0.0 ], [ 9.54332, 64.692, 0.0 ], [ 11.626885, 66.01426, 0.0 ], [ 15.018883, 67.56195, 0.0 ], [ 19.38729, 69.183556, 0.0 ], [ 24.304354, 70.720604, 0.0 ], [ 29.288942, 72.02233, 0.0 ], [ 33.852966, 72.96135, 0.0 ], [ 37.549786, 73.44591, 0.0 ], [ 40.01755, 73.42811, 0.0 ]] 
boundary 1: [[ 41.014557, 55.089745, 0.0 ], [ 40.017574, 54.571785, 0.0 ], [ 37.549763, 54.554157, 0.0 ], [ 33.85299, 55.038742, 0.0 ], [ 29.288929, 55.9777, 0.0 ], [ 24.304369, 57.279408, 0.0 ], [ 19.38726, 58.816254, 0.0 ], [ 15.018877, 60.438072, 0.0 ], [ 11.626877, 61.985947, 0.0 ], [ 9.543294, 63.308178, 0.0 ], [ 8.972073, 64.27573, 0.0 ], [ 9.969108, 64.79325, 0.0 ], [ 12.436779, 64.81098, 0.0 ], [ 16.133633, 64.32651, 0.0 ], [ 20.697723, 63.38738, 0.0 ], [ 25.682245, 62.08583, 0.0 ], [ 30.599382, 60.548935, 0.0 ], [ 34.96772, 58.927147, 0.0 ], [ 38.35981, 57.379368, 0.0 ], [ 40.443398, 56.05713, 0.0 ]] 
boundary 0: [[ 40.64553, 74.10927, 0.0 ], [ 40.11233, 73.12048, 0.0 ], [ 38.081642, 71.71831, 0.0 ], [ 34.75212, 70.03994, 0.0 ], [ 30.449945, 68.250145, 0.0 ], [ 25.596127, 66.523636, 0.0 ], [ 20.665863, 65.02971, 0.0 ], [ 16.141613, 63.91424, 0.0 ], [ 12.4663725, 63.286793, 0.0 ], [ 9.999835, 63.20859, 0.0 ], [ 8.983493, 63.687344, 0.0 ], [ 9.516769, 64.676346, 0.0 ], [ 11.547473, 66.07845, 0.0 ], [ 14.876882, 67.75653, 0.0 ], [ 19.179092, 69.54639, 0.0 ], [ 24.032835, 71.273026, 0.0 ], [ 28.963171, 72.767136, 0.0 ], [ 33.487324, 73.88247, 0.0 ], [ 37.16256, 74.51007, 0.0 ], [ 39.629173, 74.58802, 0.0 ]] 
boundary 1: [[ 40.645515, 53.890778, 0.0 ], [ 39.629196, 53.411877, 0.0 ], [ 37.16255, 53.489994, 0.0 ], [ 33.487354, 54.117615, 0.0 ], [ 28.963163, 55.232914, 0.0 ], [ 24.03285, 56.726997, 0.0 ], [ 19.17906, 58.45343, 0.0 ], [ 14.876876, 60.24348, 0.0 ], [ 11.547473, 61.921764, 0.0 ], [ 9.51675, 63.323833, 0.0 ], [ 8.983491, 64.312805, 0.0 ], [ 9.999852, 64.791275, 0.0 ], [ 12.466354, 64.713264, 0.0 ], [ 16.141636, 64.08575, 0.0 ], [ 20.66586, 62.970272, 0.0 ], [ 25.596134, 61.476353, 0.0 ], [ 30.449947, 59.74987, 0.0 ], [ 34.752098, 57.959854, 0.0 ], [ 38.08158, 56.28165, 0.0 ], [ 40.11232, 54.879585, 0.0 ]] 
boundary 0: [[ 40.188484, 75.40451, 0.0 ], [ 39.697754, 74.39397, 0.0 ], [ 37.728443, 72.90681, 0.0 ], [ 34.473206, 71.08855, 0.0 ], [ 30.250927, 69.117645, 0.0 ], [ 25.474812, 67.18656, 0.0 ], [ 20.612446, 65.4846, 0.0 ], [ 16.139654, 64.17799, 0.0 ], [ 12.494377, 63.39502, 0.0 ], [ 10.033386, 63.21213, 0.0 ], [ 8.997627, 63.647285, 0.0 ], [ 9.48842, 64.65804, 0.0 ], [ 11.457744, 66.145134, 0.0 ], [ 14.712878, 67.963104, 0.0 ], [ 18.935196, 69.93406, 0.0 ], [ 23.711224, 71.86527, 0.0 ], [ 28.573656, 73.56744, 0.0 ], [ 33.04636, 74.873886, 0.0 ], [ 36.69162, 75.65703, 0.0 ], [ 39.152702, 75.83965, 0.0 ]] 
boundary 1: [[ 40.18847, 52.595543, 0.0 ], [ 39.152718, 52.160233, 0.0 ], [ 36.69162, 52.343044, 0.0 ], [ 33.046402, 53.126183, 0.0 ], [ 28.57365, 54.432625, 0.0 ], [ 23.711239, 56.13475, 0.0 ], [ 18.93515, 58.065765, 0.0 ], [ 14.712875, 60.036922, 0.0 ], [ 11.457753, 61.855087, 0.0 ], [ 9.48841, 63.34214, 0.0 ], [ 8.997633, 64.35287, 0.0 ], [ 10.033397, 64.78773, 0.0 ], [ 12.49436, 64.60505, 0.0 ], [ 16.139677, 63.822006, 0.0 ], [ 20.612442, 62.515392, 0.0 ], [ 25.47482, 60.81343, 0.0 ], [ 30.250929, 58.88236, 0.0 ], [ 34.473183, 56.911247, 0.0 ], [ 37.728382, 55.093155, 0.0 ], [ 39.697746, 53.60611, 0.0 ]] 
boundary 0: [[ 39.669884, 76.695465, 0.0 ], [ 39.223076, 75.66476, 0.0 ], [ 37.319557, 74.094246, 0.0 ], [ 34.145554, 72.13764, 0.0 ], [ 30.011972, 69.98693, 0.0 ], [ 25.323345, 67.85218, 0.0 ], [ 20.538692, 65.94262, 0.0 ], [ 16.126253, 64.44481, 0.0 ], [ 12.518032, 63.50575, 0.0 ], [ 10.067185, 63.217167, 0.0 ], [ 9.013667, 63.607357, 0.0 ], [ 9.460524, 64.6383, 0.0 ], [ 11.364053, 66.208725, 0.0 ], [ 14.537968, 68.165054, 0.0 ], [ 18.671597, 70.31581, 0.0 ], [ 23.360126, 72.45069, 0.0 ], [ 28.144836, 74.36044, 0.0 ], [ 32.5572, 75.85809, 0.0 ], [ 36.165394, 76.797325, 0.0 ], [ 38.61634, 77.08564, 0.0 ]] 
boundary 1: [[ 39.66987, 51.304596, 0.0 ], [ 38.616356, 50.914234, 0.0 ], [ 36.165394, 51.202747, 0.0 ], [ 32.55724, 52.141975, 0.0 ], [ 28.144833, 53.63962, 0.0 ], [ 23.360142, 55.549335, 0.0 ], [ 18.67154, 57.684017, 0.0 ], [ 14.537968, 59.834995, 0.0 ], [ 11.364072, 61.791496, 0.0 ], [ 9.460524, 63.361893, 0.0 ], [ 9.013678, 64.392784, 0.0 ], [ 10.067189, 64.7827, 0.0 ], [ 12.518019, 64.49432, 0.0 ], [ 16.126276, 63.555187, 0.0 ], [ 20.538689, 62.057377, 0.0 ], [ 25.323349, 60.14782, 0.0 ], [ 30.011974, 58.01308, 0.0 ], [ 34.14553, 55.86216, 0.0 ], [ 37.319496, 53.905724, 0.0 ], [ 39.22307, 52.335335, 0.0 ]] 
boundary 0: [[ 39.114037, 77.92566, 0.0 ], [ 38.71064, 76.8772, 0.0 ], [ 36.874344, 75.22861, 0.0 ], [ 33.784775, 73.14122, 0.0 ], [ 29.74457, 70.81983, 0.0 ], [ 25.149136, 68.491234, 0.0 ], [ 20.448364, 66.38362, 0.0 ], [ 16.102291, 64.70293, 0.0 ], [ 12.536409, 63.614075, 0.0 ], [ 10.099744, 63.223434, 0.0 ], [ 9.030859, 63.56931, 0.0 ], [ 9.434295, 64.618004, 0.0 ], [ 11.270609, 66.266525, 0.0 ], [ 14.360096, 68.35362, 0.0 ], [ 18.400345, 70.67505, 0.0 ], [ 22.995682, 73.0038, 0.0 ], [ 27.6965, 75.11159, 0.0 ], [ 32.042507, 76.79214, 0.0 ], [ 35.60835, 77.88115, 0.0 ], [ 38.045124, 78.27153, 0.0 ]] 
boundary 1: [[ 39.11402, 50.074394, 0.0 ], [ 38.045135, 49.728355, 0.0 ], [ 35.60836, 50.11892, 0.0 ], [ 32.042553, 51.207943, 0.0 ], [ 27.696503, 52.888474, 0.0 ], [ 22.995697, 54.996235, 0.0 ], [ 18.40028, 57.324768, 0.0 ], [ 14.360099, 59.64642, 0.0 ], [ 11.2706375, 61.7337, 0.0 ], [ 9.4343, 63.382183, 0.0 ], [ 9.030873, 64.43085, 0.0 ], [ 10.099745, 64.776436, 0.0 ], [ 12.536403, 64.38603, 0.0 ], [ 16.102314, 63.297066, 0.0 ], [ 20.44836, 61.61638, 0.0 ], [ 25.14914, 59.50877, 0.0 ], [ 29.744572, 57.180183, 0.0 ], [ 33.784744, 54.85859, 0.0 ], [ 36.874283, 52.77137, 0.0 ], [ 38.710632, 51.122894, 0.0 ]] 
boundary 0: [[ 38.558304, 79.03491, 0.0 ], [ 38.19543, 77.97175, 0.0 ], [ 36.42373, 76.25393, 0.0 ], [ 33.41652, 74.04954, 0.0 ], [ 29.468348, 71.57487, 0.0 ], [ 24.96563, 69.07167, 0.0 ], [ 20.349173, 66.78526, 0.0 ], [ 16.070782, 64.93909, 0.0 ], [ 12.549298, 63.714226, 0.0 ], [ 10.1294155, 63.23039, 0.0 ], [ 9.048046, 63.535004, 0.0 ], [ 9.410953, 64.598404, 0.0 ], [ 11.182671, 66.316154, 0.0 ], [ 14.189814, 68.52025, 0.0 ], [ 18.13803, 70.994965, 0.0 ], [ 22.640644, 73.49831, 0.0 ], [ 27.25713, 75.78489, 0.0 ], [ 31.535467, 77.63093, 0.0 ], [ 35.0569, 78.85594, 0.0 ], [ 37.476902, 79.33952, 0.0 ]] 
boundary 1: [[ 38.55829, 48.96514, 0.0 ], [ 37.476917, 48.66037, 0.0 ], [ 35.056915, 49.14412, 0.0 ], [ 31.535519, 50.36915, 0.0 ], [ 27.257133, 52.21518, 0.0 ], [ 22.64066, 54.501728, 0.0 ], [ 18.137959, 57.00485, 0.0 ], [ 14.1898155, 59.4798, 0.0 ], [ 11.18271, 61.684063, 0.0 ], [ 9.410966, 63.401783, 0.0 ], [ 9.048067, 64.46516, 0.0 ], [ 10.129409, 64.76948, 0.0 ], [ 12.549294, 64.28587, 0.0 ], [ 16.070805, 63.060913, 0.0 ], [ 20.349169, 61.21473, 0.0 ], [ 24.965633, 58.928333, 0.0 ], [ 29.46835, 56.425156, 0.0 ], [ 33.416473, 53.950268, 0.0 ], [ 36.423668, 51.746056, 0.0 ], [ 38.195423, 50.02835, 0.0 ]] 
boundary 0: [[ 38.074852, 79.92143, 0.0 ], [ 37.74536, 78.84745, 0.0 ], [ 36.02817, 77.07514, 0.0 ], [ 33.091255, 74.77791, 0.0 ], [ 29.222288, 72.181175, 0.0 ], [ 24.79993, 69.5386, 0.0 ], [ 20.257113, 67.109146, 0.0 ], [ 16.03846, 65.13027, 0.0 ], [ 12.556948, 63.796047, 0.0 ], [ 10.153352, 63.23688, 0.0 ], [ 9.062999, 63.50759, 0.0 ], [ 9.392523, 64.581795, 0.0 ], [ 11.109736, 66.354034, 0.0 ], [ 14.046587, 68.650955, 0.0 ], [ 17.9156, 71.24775, 0.0 ], [ 22.337856, 73.89046, 0.0 ], [ 26.880686, 76.32009, 0.0 ], [ 31.099293, 78.29883, 0.0 ], [ 34.58075, 79.6332, 0.0 ], [ 36.984474, 80.19212, 0.0 ]] 
boundary 1: [[ 38.074844, 48.078636, 0.0 ], [ 36.984486, 47.807774, 0.0 ], [ 34.580765, 48.36686, 0.0 ], [ 31.099344, 49.701252, 0.0 ], [ 26.88069, 51.67998, 0.0 ], [ 22.337872, 54.109566, 0.0 ], [ 17.915527, 56.752068, 0.0 ], [ 14.046589, 59.349094, 0.0 ], [ 11.109783, 61.64618, 0.0 ], [ 9.39254, 63.41839, 0.0 ], [ 9.063024, 64.49258, 0.0 ], [ 10.15334, 64.762955, 0.0 ], [ 12.556944, 64.20405, 0.0 ], [ 16.038483, 62.869724, 0.0 ], [ 20.257109, 60.890842, 0.0 ], [ 24.799934, 58.46141, 0.0 ], [ 29.22229, 55.81885, 0.0 ], [ 33.0912, 53.22188, 0.0 ], [ 36.02811, 50.924854, 0.0 ], [ 37.745354, 49.15266, 0.0 ]] 
boundary 0: [[ 37.677288, 80.60452, 0.0 ], [ 37.374146, 79.52282, 0.0 ], [ 35.70079, 77.70907, 0.0 ], [ 32.820896, 75.34073, 0.0 ], [ 29.016562, 72.65019, 0.0 ], [ 24.660118, 69.90032, 0.0 ], [ 20.178028, 67.36056, 0.0 ], [ 16.009007, 65.27913, 0.0 ], [ 12.56115, 63.860233, 0.0 ], [ 10.17194, 63.242485, 0.0 ], [ 9.075295, 63.48646, 0.0 ], [ 9.378463, 64.56841, 0.0 ], [ 11.0518465, 66.382095, 0.0 ], [ 13.931679, 68.750114, 0.0 ], [ 17.736061, 71.44071, 0.0 ], [ 22.0924, 74.190704, 0.0 ], [ 26.574493, 76.73065, 0.0 ], [ 30.743473, 78.81189, 0.0 ], [ 34.191265, 80.23097, 0.0 ], [ 36.580616, 80.84847, 0.0 ]] 
boundary 1: [[ 37.67728, 47.395535, 0.0 ], [ 36.580624, 47.151405, 0.0 ], [ 34.191288, 47.76909, 0.0 ], [ 30.743526, 49.188168, 0.0 ], [ 26.574497, 51.269417, 0.0 ], [ 22.092415, 53.80932, 0.0 ], [ 17.735987, 56.559128, 0.0 ], [ 13.931681, 59.249947, 0.0 ], [ 11.051898, 61.61813, 0.0 ], [ 9.378486, 63.431786, 0.0 ], [ 9.075324, 64.513695, 0.0 ], [ 10.171925, 64.757355, 0.0 ], [ 12.561148, 64.13986, 0.0 ], [ 16.00903, 62.720833, 0.0 ], [ 20.178024, 60.63943, 0.0 ], [ 24.660122, 58.099686, 0.0 ], [ 29.016563, 55.349823, 0.0 ], [ 32.820835, 52.659065, 0.0 ], [ 35.70073, 50.29093, 0.0 ], [ 37.374138, 48.4773, 0.0 ]] 
boundary 0: [[ 37.37409, 81.10094, 0.0 ], [ 37.090446, 80.01397, 0.0 ], [ 35.44999, 78.1704, 0.0 ], [ 32.613174, 75.75065, 0.0 ], [ 28.857853, 72.9921, 0.0 ], [ 24.551582, 70.16431, 0.0 ], [ 20.115906, 67.54432, 0.0 ], [ 15.985008, 65.38823, 0.0 ], [ 12.563239, 63.90753, 0.0 ], [ 10.185527, 63.2469, 0.0 ], [ 9.084673, 63.471107, 0.0 ], [ 9.368326, 64.558334, 0.0 ], [ 11.008812, 66.401825, 0.0 ], [ 13.845575, 68.821266, 0.0 ], [ 17.600937, 71.57989, 0.0 ], [ 21.907097, 74.40779, 0.0 ], [ 26.342768, 77.02796, 0.0 ], [ 30.473633, 79.18387, 0.0 ], [ 33.895325, 80.66475, 0.0 ], [ 36.273197, 81.32513, 0.0 ]] 
boundary 1: [[ 37.37408, 46.899124, 0.0 ], [ 36.2732, 46.674744, 0.0 ], [ 33.895348, 47.335316, 0.0 ], [ 30.473688, 48.816193, 0.0 ], [ 26.342773, 50.972107, 0.0 ], [ 21.907112, 53.592228, 0.0 ], [ 17.60086, 56.41996, 0.0 ], [ 13.845577, 59.178776, 0.0 ], [ 11.008866, 61.598396, 0.0 ], [ 9.368355, 63.44186, 0.0 ], [ 9.084704, 64.529045, 0.0 ], [ 10.185512, 64.75294, 0.0 ], [ 12.56324, 64.09255, 0.0 ], [ 15.985031, 62.61174, 0.0 ], [ 20.115902, 60.455673, 0.0 ], [ 24.551586, 57.83571, 0.0 ], [ 28.857857, 55.00792, 0.0 ], [ 32.613106, 52.24915, 0.0 ], [ 35.44993, 49.829594, 0.0 ], [ 37.090446, 47.986153, 0.0 ]] 
